Choice_1,Choice_2,Choice_3,Choice_4,Choice_5,Choice_6
Timur Ender,Steph Routh,Jamie Dunphy,Candace Avalos,Cayle Tern,Terrence Hayes
Loretta Smith,,,,,
Noah Ernst,Loretta Smith,Joe Allen,Candace Avalos,Doug Clove,Joe Furi
Timur Ender,Steph Routh,Candace Avalos,Jamie Dunphy,Cayle Tern,David Linn
Jamie Dunphy,,,,,
Candace Avalos,Steph Routh,Jamie Dunphy,,,
Steph Routh,,,,,
Jamie Dunphy,,,,,
Timur Ender,Candace Avalos,Jamie Dunphy,,,
Candace Avalos,Timur Ender,Steph Routh,Jamie Dunphy,Cayle Tern,David Linn
Candace Avalos,Steph Routh,Timur Ender,Jamie Dunphy,,
Timur Ender,,,,,
Jamie Dunphy,Candace Avalos,Steph Routh,,,
Noah Ernst,,,,,
Joe Allen,Peggy Sue Owens,Terrence Hayes,David Linn,Cayle Tern,Noah Ernst
Timur Ender,Cayle Tern,Candace Avalos,Terrence Hayes,Jamie Dunphy,Loretta Smith
Candace Avalos,,,,,
Candace Avalos,Steph Routh,Jamie Dunphy,Loretta Smith,Terrence Hayes,Noah Ernst
Deian Salazar,Terrence Hayes,Jamie Dunphy,Noah Ernst,Loretta Smith,
Candace Avalos,Timur Ender,Cayle Tern,Loretta Smith,Deian Salazar,
Timur Ender,Candace Avalos,Deian Salazar,,,
Candace Avalos,Terrence Hayes,Noah Ernst,Loretta Smith,,
,,,,,
Candace Avalos,Steph Routh,Jamie Dunphy,,,
Candace Avalos,Loretta Smith,Terrence Hayes,Steph Routh,Timur Ender,Jamie Dunphy
Timur Ender,,,,,
Doug Clove,Noah Ernst,Timur Ender,David Linn,Michael (Mike) Sands,Thomas Shervey
Candace Avalos,Timur Ender,Steph Routh,Jamie Dunphy,Cayle Tern,
Jamie Dunphy,Steph Routh,Candace Avalos,Loretta Smith,David Linn,Noah Ernst
Steph Routh,Loretta Smith,Deian Salazar,Timur Ender,Noah Ernst,Cayle Tern
Steph Routh,,,,,
Joe Allen,Deian Salazar,Doug Clove,Noah Ernst,Michael (Mike) Sands,Terrence Hayes
Terrence Hayes,,,,,
Timur Ender,Candace Avalos,Cayle Tern,Steph Routh,Michael (Mike) Sands,Jamie Dunphy
Candace Avalos,Cayle Tern,Timur Ender,,,
Loretta Smith,Terrence Hayes,Steph Routh,,,
Candace Avalos,Timur Ender,Jamie Dunphy,Cayle Tern,Steph Routh,David Linn
Steph Routh,Timur Ender,Loretta Smith,David Linn,,
Candace Avalos,Cayle Tern,Timur Ender,Terrence Hayes,Steph Routh,Jamie Dunphy
Candace Avalos,Steph Routh,Jamie Dunphy,Cayle Tern,David Linn,Timur Ender
Noah Ernst,,,,,
Doug Clove,,,,,
Noah Ernst,David Linn,Cayle Tern,Jamie Dunphy,Terrence Hayes,Steph Routh
Steph Routh,Jamie Dunphy,Candace Avalos,Loretta Smith,David Linn,Noah Ernst
Timur Ender,Steph Routh,,,,
Noah Ernst,Candace Avalos,Cayle Tern,Terrence Hayes,Steph Routh,Jamie Dunphy
Jamie Dunphy,Steph Routh,Timur Ender,Candace Avalos,,
Steph Routh,Jamie Dunphy,Candace Avalos,,,
Candace Avalos,Jamie Dunphy,Loretta Smith,Terrence Hayes,Noah Ernst,Steph Routh
Jamie Dunphy,Candace Avalos,Joe Furi,Deian Salazar,Terrence Hayes,Steph Routh
Terrence Hayes,Steph Routh,Timur Ender,Noah Ernst,Loretta Smith,Doug Clove
Cayle Tern,Candace Avalos,Michael (Mike) Sands,,,
David Linn,Noah Ernst,Joe Furi,,,
Doug Clove,Joe Furi,Steph Routh,Noah Ernst,Joe Allen,Candace Avalos
Thomas Shervey,,,,,
Candace Avalos,Timur Ender,Cayle Tern,Jamie Dunphy,Steph Routh,David Linn
Candace Avalos,Noah Ernst,Loretta Smith,Terrence Hayes,Jamie Dunphy,
Michael (Mike) Sands,Jamie Dunphy,Joe Allen,Candace Avalos,Deian Salazar,Doug Clove
Candace Avalos,Loretta Smith,Timur Ender,Steph Routh,Terrence Hayes,Jamie Dunphy
Noah Ernst,Terrence Hayes,,,,
Candace Avalos,Steph Routh,Timur Ender,Jamie Dunphy,,
Candace Avalos,Steph Routh,Jamie Dunphy,,,
Candace Avalos,Timur Ender,Cayle Tern,Joe Allen,Michael (Mike) Sands,Terrence Hayes
Noah Ernst,Terrence Hayes,Loretta Smith,Doug Clove,Timur Ender,Joe Allen
Timur Ender,Candace Avalos,Cayle Tern,,,
Terrence Hayes,,,,,
Candace Avalos,Steph Routh,Jamie Dunphy,Timur Ender,Cayle Tern,David Linn
Steph Routh,Timur Ender,Candace Avalos,Jamie Dunphy,,
Doug Clove,Thomas Shervey,Joe Furi,Jamie Dunphy,Timur Ender,Noah Ernst
Loretta Smith,,,,,
Peggy Sue Owens,Timur Ender,Noah Ernst,Candace Avalos,Doug Clove,Jamie Dunphy
Terrence Hayes,Noah Ernst,Joe Furi,Loretta Smith,Doug Clove,Write-in-120
Loretta Smith,David Linn,Candace Avalos,Deian Salazar,Peggy Sue Owens,Jamie Dunphy
Timur Ender,Candace Avalos,Steph Routh,Jamie Dunphy,Cayle Tern,David Linn
Doug Clove,,,,,
Terrence Hayes,Loretta Smith,Cayle Tern,Candace Avalos,Deian Salazar,Jamie Dunphy
Loretta Smith,Jamie Dunphy,Noah Ernst,,,
Noah Ernst,Terrence Hayes,Loretta Smith,,,
Noah Ernst,Terrence Hayes,Joe Furi,Loretta Smith,Doug Clove,
David Linn,Candace Avalos,Joe Furi,,,
Loretta Smith,Steph Routh,Terrence Hayes,Jamie Dunphy,Cayle Tern,David Linn
Candace Avalos,Jamie Dunphy,Terrence Hayes,David Linn,Timur Ender,Cayle Tern
Joe Furi,Jamie Dunphy,Cayle Tern,Peggy Sue Owens,Candace Avalos,Michael (Mike) Sands
Candace Avalos,Loretta Smith,Terrence Hayes,Cayle Tern,David Linn,
Steph Routh,Candace Avalos,Loretta Smith,Terrence Hayes,Jamie Dunphy,
Terrence Hayes,Noah Ernst,Candace Avalos,Loretta Smith,Steph Routh,Jamie Dunphy
Doug Clove,Joe Allen,Joe Furi,Deian Salazar,Cayle Tern,Steph Routh
Steph Routh,Candace Avalos,Doug Clove,,,
Candace Avalos,Steph Routh,Timur Ender,Jamie Dunphy,,
Candace Avalos,Cayle Tern,Timur Ender,Jamie Dunphy,,
Candace Avalos,Timur Ender,Michael (Mike) Sands,,,
Steph Routh,Jamie Dunphy,Timur Ender,Candace Avalos,,
Doug Clove,Thomas Shervey,Noah Ernst,Timur Ender,Steph Routh,Terrence Hayes
Loretta Smith,Michael (Mike) Sands,Terrence Hayes,David Linn,,
Timur Ender,Candace Avalos,Jamie Dunphy,Cayle Tern,Steph Routh,David Linn
Steph Routh,Jamie Dunphy,Candace Avalos,David Linn,,
Terrence Hayes,Noah Ernst,,,,
Jamie Dunphy,Steph Routh,Candace Avalos,Timur Ender,Terrence Hayes,
Noah Ernst,Peggy Sue Owens,David Linn,Deian Salazar,,
Candace Avalos,Cayle Tern,Timur Ender,Jamie Dunphy,,
Doug Clove,,,,,
Candace Avalos,Timur Ender,Steph Routh,,,
Doug Clove,David Linn,Noah Ernst,Michael (Mike) Sands,,
Thomas Shervey,Terrence Hayes,Candace Avalos,Joe Allen,David Linn,Doug Clove
Terrence Hayes,Noah Ernst,Joe Furi,Loretta Smith,Doug Clove,David Linn
Jamie Dunphy,Candace Avalos,Steph Routh,,,
Loretta Smith,Steph Routh,Terrence Hayes,,,
Terrence Hayes,Steph Routh,Doug Clove,,,
Terrence Hayes,Noah Ernst,Candace Avalos,,,
Noah Ernst,Terrence Hayes,Candace Avalos,Steph Routh,,
Jamie Dunphy,Candace Avalos,Steph Routh,,,
Candace Avalos,Cayle Tern,Timur Ender,,,
Candace Avalos,Peggy Sue Owens,Loretta Smith,Steph Routh,Jamie Dunphy,Cayle Tern
Candace Avalos,Cayle Tern,Timur Ender,Jamie Dunphy,Steph Routh,
Deian Salazar,Peggy Sue Owens,Timur Ender,Candace Avalos,Terrence Hayes,Cayle Tern
Jamie Dunphy,Candace Avalos,Steph Routh,Loretta Smith,David Linn,
Steph Routh,Candace Avalos,Doug Clove,Jamie Dunphy,Timur Ender,Terrence Hayes
Steph Routh,Timur Ender,Jamie Dunphy,Cayle Tern,Candace Avalos,Deian Salazar
Steph Routh,Noah Ernst,,,,
Terrence Hayes,Doug Clove,Steph Routh,Loretta Smith,Thomas Shervey,Michael (Mike) Sands
Candace Avalos,Timur Ender,Cayle Tern,Steph Routh,Terrence Hayes,
Candace Avalos,Cayle Tern,Timur Ender,Jamie Dunphy,David Linn,Steph Routh
Terrence Hayes,Steph Routh,Loretta Smith,Noah Ernst,Timur Ender,
Loretta Smith,Timur Ender,Jamie Dunphy,,,
Jamie Dunphy,Steph Routh,Timur Ender,Joe Furi,David Linn,
Steph Routh,Terrence Hayes,Thomas Shervey,Loretta Smith,Deian Salazar,Michael (Mike) Sands
Terrence Hayes,Noah Ernst,Steph Routh,Candace Avalos,,
Terrence Hayes,Noah Ernst,Doug Clove,,,
Candace Avalos,Jamie Dunphy,Steph Routh,David Linn,Noah Ernst,Cayle Tern
Steph Routh,Noah Ernst,Jamie Dunphy,Joe Allen,Timur Ender,
Timur Ender,Cayle Tern,Steph Routh,Jamie Dunphy,Candace Avalos,Michael (Mike) Sands
Steph Routh,Candace Avalos,Joe Allen,Timur Ender,Cayle Tern,David Linn
Cayle Tern,Timur Ender,David Linn,Doug Clove,Steph Routh,Jamie Dunphy
Timur Ender,David Linn,Jamie Dunphy,Steph Routh,,
Peggy Sue Owens,Candace Avalos,Loretta Smith,Thomas Shervey,Jamie Dunphy,Steph Routh
Loretta Smith,Steph Routh,Jamie Dunphy,Terrence Hayes,Doug Clove,Deian Salazar
Doug Clove,Thomas Shervey,Joe Furi,Jamie Dunphy,Timur Ender,Noah Ernst
Michael (Mike) Sands,Loretta Smith,,,,
Candace Avalos,Timur Ender,Steph Routh,Jamie Dunphy,Cayle Tern,
Terrence Hayes,Noah Ernst,,,,
Write-in-120,,,,,
Noah Ernst,Joe Furi,,,,
Timur Ender,Jamie Dunphy,Candace Avalos,,,
Candace Avalos,Timur Ender,Steph Routh,Jamie Dunphy,,
Terrence Hayes,Jamie Dunphy,Steph Routh,Thomas Shervey,Loretta Smith,
Terrence Hayes,Loretta Smith,Steph Routh,Jamie Dunphy,Timur Ender,Candace Avalos
Doug Clove,Deian Salazar,Loretta Smith,,,
Loretta Smith,,,,,
Steph Routh,Timur Ender,Candace Avalos,,,
Noah Ernst,Doug Clove,Steph Routh,Joe Allen,Thomas Shervey,Michael (Mike) Sands
,,,,,
,,,,,
Loretta Smith,Thomas Shervey,,,,
Steph Routh,,,,,
Candace Avalos,Jamie Dunphy,Timur Ender,David Linn,Steph Routh,Michael (Mike) Sands
Loretta Smith,Candace Avalos,David Linn,Michael (Mike) Sands,Terrence Hayes,Doug Clove
Loretta Smith,Steph Routh,Candace Avalos,Terrence Hayes,Thomas Shervey,Timur Ender
Write-in-120,Jamie Dunphy,Noah Ernst,Candace Avalos,David Linn,Terrence Hayes
Loretta Smith,Candace Avalos,Cayle Tern,,,
Timur Ender,Michael (Mike) Sands,Loretta Smith,,,
Noah Ernst,Steph Routh,Loretta Smith,Joe Furi,Candace Avalos,Jamie Dunphy
Terrence Hayes,Noah Ernst,Doug Clove,,,
Timur Ender,Jamie Dunphy,Candace Avalos,Steph Routh,Terrence Hayes,David Linn
Cayle Tern,Candace Avalos,Timur Ender,David Linn,Steph Routh,Jamie Dunphy
Timur Ender,Loretta Smith,Candace Avalos,,,
Steph Routh,Noah Ernst,Cayle Tern,Joe Furi,Loretta Smith,Terrence Hayes
Loretta Smith,Candace Avalos,Steph Routh,,,
Terrence Hayes,Steph Routh,Loretta Smith,Thomas Shervey,Jamie Dunphy,Michael (Mike) Sands
David Linn,Doug Clove,Loretta Smith,Terrence Hayes,Deian Salazar,Steph Routh
Loretta Smith,,,,,
Noah Ernst,Timur Ender,Thomas Shervey,,,
Peggy Sue Owens,Doug Clove,Noah Ernst,Steph Routh,Jamie Dunphy,Loretta Smith
Jamie Dunphy,Steph Routh,Candace Avalos,Terrence Hayes,,
Steph Routh,Candace Avalos,Joe Allen,Joe Furi,Jamie Dunphy,Loretta Smith
Michael (Mike) Sands,Peggy Sue Owens,,,,
Candace Avalos,Timur Ender,Cayle Tern,Steph Routh,Write-in-120,Joe Furi
Joe Allen,Jamie Dunphy,Thomas Shervey,,,
Steph Routh,,,,,
Timur Ender,Thomas Shervey,Candace Avalos,,,
Terrence Hayes,Noah Ernst,Doug Clove,,,
Candace Avalos,Timur Ender,David Linn,Steph Routh,Jamie Dunphy,Cayle Tern
Jamie Dunphy,Candace Avalos,Steph Routh,,,
Terrence Hayes,Loretta Smith,Noah Ernst,Doug Clove,Cayle Tern,
Candace Avalos,Terrence Hayes,Steph Routh,Timur Ender,Noah Ernst,Joe Allen
Noah Ernst,Write-in-120,Doug Clove,Thomas Shervey,Timur Ender,Write-in-122
Candace Avalos,Steph Routh,Jamie Dunphy,,,
Noah Ernst,Deian Salazar,Michael (Mike) Sands,,,
Candace Avalos,Steph Routh,Timur Ender,Jamie Dunphy,Cayle Tern,David Linn
Jamie Dunphy,Candace Avalos,Steph Routh,David Linn,Noah Ernst,Loretta Smith
Timur Ender,Candace Avalos,Joe Allen,Doug Clove,,
Timur Ender,Loretta Smith,Terrence Hayes,Steph Routh,,
Loretta Smith,Terrence Hayes,Candace Avalos,David Linn,Cayle Tern,Deian Salazar
Candace Avalos,Timur Ender,Steph Routh,,,
Timur Ender,Joe Allen,Loretta Smith,Thomas Shervey,,
Timur Ender,Michael (Mike) Sands,David Linn,,,
Loretta Smith,Steph Routh,Jamie Dunphy,Deian Salazar,David Linn,Terrence Hayes
Jamie Dunphy,Steph Routh,Loretta Smith,,,
Loretta Smith,,,,,
Jamie Dunphy,,,,,
Candace Avalos,Timur Ender,Steph Routh,Jamie Dunphy,Cayle Tern,David Linn
Noah Ernst,Doug Clove,David Linn,,,
Noah Ernst,Steph Routh,Terrence Hayes,,,
Doug Clove,,,,,
Candace Avalos,Cayle Tern,,,,
Deian Salazar,Noah Ernst,Terrence Hayes,David Linn,Joe Allen,Peggy Sue Owens
Noah Ernst,Terrence Hayes,Loretta Smith,,,
Jamie Dunphy,Candace Avalos,Steph Routh,Loretta Smith,,
Terrence Hayes,Loretta Smith,Noah Ernst,Peggy Sue Owens,David Linn,Cayle Tern
Noah Ernst,Thomas Shervey,Steph Routh,Joe Furi,David Linn,Joe Allen
Candace Avalos,Timur Ender,Steph Routh,Jamie Dunphy,Cayle Tern,
Write-in-120,Write-in-121,,,,
Candace Avalos,,,,,
Timur Ender,Candace Avalos,Terrence Hayes,Steph Routh,Noah Ernst,Loretta Smith
Terrence Hayes,Noah Ernst,Joe Furi,Deian Salazar,,
Candace Avalos,Doug Clove,Terrence Hayes,Steph Routh,Deian Salazar,Cayle Tern
Jamie Dunphy,Timur Ender,Terrence Hayes,,,
Timur Ender,Steph Routh,Jamie Dunphy,Loretta Smith,Candace Avalos,David Linn
Candace Avalos,Loretta Smith,Jamie Dunphy,,,
Noah Ernst,Candace Avalos,Steph Routh,Deian Salazar,,
David Linn,Doug Clove,Thomas Shervey,Terrence Hayes,Steph Routh,Jamie Dunphy
David Linn,Doug Clove,Timur Ender,,,
Timur Ender,Michael (Mike) Sands,,,,
Deian Salazar,Terrence Hayes,Loretta Smith,Joe Furi,Timur Ender,Thomas Shervey
Jamie Dunphy,Candace Avalos,Loretta Smith,,,
Candace Avalos,Jamie Dunphy,Steph Routh,,,
Candace Avalos,Steph Routh,Timur Ender,Jamie Dunphy,Cayle Tern,
Steph Routh,Doug Clove,Noah Ernst,Joe Furi,Joe Allen,David Linn
Steph Routh,,,,,
Thomas Shervey,Noah Ernst,,,,
Noah Ernst,,,,,
Deian Salazar,Joe Allen,Cayle Tern,Noah Ernst,Timur Ender,Doug Clove
Terrence Hayes,Loretta Smith,Cayle Tern,Deian Salazar,Joe Furi,Candace Avalos
Steph Routh,,,,,
Candace Avalos,Steph Routh,Timur Ender,Jamie Dunphy,,
Noah Ernst,,,,,
Loretta Smith,Jamie Dunphy,Timur Ender,,,
Doug Clove,Michael (Mike) Sands,Noah Ernst,Terrence Hayes,Timur Ender,Joe Allen
Candace Avalos,Loretta Smith,Doug Clove,Steph Routh,Jamie Dunphy,
Loretta Smith,Terrence Hayes,Deian Salazar,Candace Avalos,Cayle Tern,Joe Allen
Candace Avalos,Steph Routh,Loretta Smith,Deian Salazar,Joe Allen,Cayle Tern
Timur Ender,Noah Ernst,David Linn,,,
Timur Ender,Steph Routh,Terrence Hayes,,,
Jamie Dunphy,Timur Ender,Steph Routh,Loretta Smith,Cayle Tern,Candace Avalos
Timur Ender,Joe Allen,Cayle Tern,Deian Salazar,Loretta Smith,Steph Routh
Cayle Tern,Deian Salazar,Candace Avalos,Loretta Smith,,
Noah Ernst,,,,,
Terrence Hayes,,,,,
Timur Ender,Steph Routh,Terrence Hayes,Loretta Smith,Candace Avalos,
Candace Avalos,Timur Ender,Steph Routh,Jamie Dunphy,Cayle Tern,David Linn
,,,,,
Joe Allen,Loretta Smith,Doug Clove,Noah Ernst,,
Candace Avalos,Timur Ender,Steph Routh,David Linn,,
Noah Ernst,Loretta Smith,,,,
Jamie Dunphy,Candace Avalos,Steph Routh,,,
Candace Avalos,David Linn,Noah Ernst,Timur Ender,Michael (Mike) Sands,Cayle Tern
Noah Ernst,,,,,
Timur Ender,Candace Avalos,Cayle Tern,Joe Furi,Michael (Mike) Sands,Steph Routh
Candace Avalos,Cayle Tern,Timur Ender,,,
Terrence Hayes,Timur Ender,,,,
Steph Routh,Jamie Dunphy,David Linn,Candace Avalos,Deian Salazar,Terrence Hayes
Timur Ender,David Linn,Candace Avalos,Cayle Tern,,
Noah Ernst,,,,,
Steph Routh,Loretta Smith,Doug Clove,Joe Allen,Candace Avalos,Terrence Hayes
Candace Avalos,Jamie Dunphy,Loretta Smith,,,
Noah Ernst,Joe Allen,Doug Clove,Terrence Hayes,Deian Salazar,Joe Furi
Terrence Hayes,Candace Avalos,Noah Ernst,,,
Jamie Dunphy,Candace Avalos,Steph Routh,,,
Candace Avalos,Steph Routh,Jamie Dunphy,Terrence Hayes,,
Loretta Smith,,,,,
Candace Avalos,Loretta Smith,Noah Ernst,Michael (Mike) Sands,,
Noah Ernst,Deian Salazar,,,,
Candace Avalos,Timur Ender,Steph Routh,Jamie Dunphy,Cayle Tern,David Linn
Jamie Dunphy,Candace Avalos,Steph Routh,,,
Loretta Smith,Terrence Hayes,Steph Routh,,,
Doug Clove,Candace Avalos,Loretta Smith,Timur Ender,,
Noah Ernst,Terrence Hayes,Joe Furi,Loretta Smith,Doug Clove,
Noah Ernst,Timur Ender,Joe Furi,,,
Jamie Dunphy,Candace Avalos,Steph Routh,,,
Cayle Tern,Candace Avalos,Loretta Smith,Terrence Hayes,Steph Routh,Doug Clove
Jamie Dunphy,,,,,
Candace Avalos,Steph Routh,Terrence Hayes,Timur Ender,Loretta Smith,Jamie Dunphy
Candace Avalos,Loretta Smith,Cayle Tern,,,
Thomas Shervey,Jamie Dunphy,,,,
Timur Ender,Terrence Hayes,Candace Avalos,David Linn,Cayle Tern,Michael (Mike) Sands
Noah Ernst,Terrence Hayes,Doug Clove,Joe Allen,Cayle Tern,Timur Ender
David Linn,,,,,
Jamie Dunphy,Steph Routh,Candace Avalos,Timur Ender,David Linn,Cayle Tern
Loretta Smith,Thomas Shervey,David Linn,Candace Avalos,,
Joe Allen,Steph Routh,Noah Ernst,,,
Noah Ernst,Terrence Hayes,Joe Furi,,,
,,,,,
Terrence Hayes,Joe Allen,Doug Clove,Thomas Shervey,Timur Ender,David Linn
Timur Ender,Steph Routh,Cayle Tern,,,
Cayle Tern,Thomas Shervey,Terrence Hayes,Timur Ender,Jamie Dunphy,Steph Routh
Joe Allen,Noah Ernst,Loretta Smith,Jamie Dunphy,Terrence Hayes,Michael (Mike) Sands
Jamie Dunphy,Candace Avalos,Steph Routh,Noah Ernst,David Linn,Loretta Smith
Candace Avalos,Cayle Tern,Timur Ender,Jamie Dunphy,,
Michael (Mike) Sands,,,,,
Steph Routh,Loretta Smith,Peggy Sue Owens,Noah Ernst,Michael (Mike) Sands,Joe Allen
Steph Routh,Jamie Dunphy,Candace Avalos,Terrence Hayes,,
Candace Avalos,Timur Ender,Steph Routh,Jamie Dunphy,Cayle Tern,David Linn
Candace Avalos,Cayle Tern,Deian Salazar,Terrence Hayes,Loretta Smith,Jamie Dunphy
Loretta Smith,Michael (Mike) Sands,Deian Salazar,Jamie Dunphy,Joe Allen,David Linn
Thomas Shervey,Terrence Hayes,Loretta Smith,,,
Terrence Hayes,Candace Avalos,Noah Ernst,Joe Furi,Timur Ender,Cayle Tern
Peggy Sue Owens,Deian Salazar,,,,
Candace Avalos,Timur Ender,Steph Routh,Loretta Smith,David Linn,Cayle Tern
Candace Avalos,Steph Routh,Jamie Dunphy,Timur Ender,Terrence Hayes,
Terrence Hayes,,,,,
Thomas Shervey,,,,,
,,,,,
Noah Ernst,,,,,
Candace Avalos,Jamie Dunphy,Noah Ernst,David Linn,,
Candace Avalos,,,,,
Michael (Mike) Sands,Doug Clove,Joe Allen,Noah Ernst,Cayle Tern,
Steph Routh,Jamie Dunphy,Terrence Hayes,Deian Salazar,Candace Avalos,Timur Ender
Steph Routh,Loretta Smith,Jamie Dunphy,Candace Avalos,Cayle Tern,
Timur Ender,Candace Avalos,Cayle Tern,,,
Jamie Dunphy,Steph Routh,Candace Avalos,Terrence Hayes,David Linn,Timur Ender
Candace Avalos,Timur Ender,David Linn,Noah Ernst,,
Candace Avalos,Steph Routh,Timur Ender,Jamie Dunphy,Thomas Shervey,Michael (Mike) Sands
Michael (Mike) Sands,Thomas Shervey,Timur Ender,David Linn,Doug Clove,Noah Ernst
Loretta Smith,,,,,
Noah Ernst,Doug Clove,Peggy Sue Owens,Candace Avalos,,
Terrence Hayes,,,,,
Loretta Smith,Steph Routh,,,,
Steph Routh,Candace Avalos,Jamie Dunphy,,,
Cayle Tern,Candace Avalos,Terrence Hayes,Steph Routh,David Linn,Peggy Sue Owens
Jamie Dunphy,Candace Avalos,Steph Routh,,,
Jamie Dunphy,,,,,
Loretta Smith,Candace Avalos,Steph Routh,Peggy Sue Owens,Joe Allen,Terrence Hayes
Noah Ernst,Loretta Smith,Thomas Shervey,Terrence Hayes,Jamie Dunphy,Doug Clove
Jamie Dunphy,Candace Avalos,Loretta Smith,,,
Candace Avalos,Cayle Tern,Timur Ender,Steph Routh,David Linn,Jamie Dunphy
Candace Avalos,Steph Routh,Noah Ernst,Cayle Tern,Jamie Dunphy,Timur Ender
Loretta Smith,Steph Routh,Candace Avalos,David Linn,,
Jamie Dunphy,Peggy Sue Owens,Noah Ernst,,,
Jamie Dunphy,Candace Avalos,Steph Routh,Noah Ernst,David Linn,Terrence Hayes
Peggy Sue Owens,,,,,
,,,,,
Jamie Dunphy,Candace Avalos,Loretta Smith,Steph Routh,,
Candace Avalos,Jamie Dunphy,Noah Ernst,,,
Candace Avalos,Deian Salazar,Loretta Smith,Terrence Hayes,Steph Routh,Jamie Dunphy
Timur Ender,,,,,
Steph Routh,Loretta Smith,Cayle Tern,David Linn,Timur Ender,Doug Clove
Joe Allen,,,,,
Doug Clove,Terrence Hayes,Noah Ernst,David Linn,Cayle Tern,
Candace Avalos,Steph Routh,Timur Ender,,,
Jamie Dunphy,Steph Routh,Candace Avalos,David Linn,Timur Ender,
Terrence Hayes,Noah Ernst,Doug Clove,,,
Terrence Hayes,Deian Salazar,Candace Avalos,Jamie Dunphy,Thomas Shervey,David Linn
Steph Routh,Timur Ender,Candace Avalos,Jamie Dunphy,,
Steph Routh,,,,,
Jamie Dunphy,Terrence Hayes,David Linn,Steph Routh,Candace Avalos,Cayle Tern
Candace Avalos,Steph Routh,Jamie Dunphy,,,
Doug Clove,Loretta Smith,Terrence Hayes,Steph Routh,Michael (Mike) Sands,Jamie Dunphy
Noah Ernst,Jamie Dunphy,Candace Avalos,,,
Steph Routh,Jamie Dunphy,Candace Avalos,Timur Ender,,
Loretta Smith,Candace Avalos,Deian Salazar,Steph Routh,Jamie Dunphy,Timur Ender
Michael (Mike) Sands,,,,,
Deian Salazar,Candace Avalos,Peggy Sue Owens,Loretta Smith,Jamie Dunphy,Doug Clove
Noah Ernst,Terrence Hayes,,,,
Joe Furi,,,,,
Terrence Hayes,Loretta Smith,Jamie Dunphy,,,
Deian Salazar,Terrence Hayes,Doug Clove,Candace Avalos,Noah Ernst,Joe Allen
Timur Ender,Steph Routh,,,,
Jamie Dunphy,Candace Avalos,Steph Routh,,,
Loretta Smith,Timur Ender,Candace Avalos,Michael (Mike) Sands,Thomas Shervey,Jamie Dunphy
Candace Avalos,Steph Routh,Timur Ender,Jamie Dunphy,,
Loretta Smith,Steph Routh,Noah Ernst,Terrence Hayes,Candace Avalos,Michael (Mike) Sands
Terrence Hayes,,,,,
Thomas Shervey,Timur Ender,Noah Ernst,David Linn,Doug Clove,Joe Furi
Steph Routh,Peggy Sue Owens,Candace Avalos,Doug Clove,Michael (Mike) Sands,Loretta Smith
Joe Allen,Noah Ernst,Terrence Hayes,,,
Jamie Dunphy,Steph Routh,Timur Ender,Candace Avalos,Terrence Hayes,Cayle Tern
Doug Clove,,,,,
Peggy Sue Owens,Loretta Smith,,,,
Candace Avalos,Steph Routh,Timur Ender,Jamie Dunphy,Loretta Smith,David Linn
Steph Routh,Jamie Dunphy,Loretta Smith,Michael (Mike) Sands,Deian Salazar,
Terrence Hayes,Loretta Smith,,,,
Loretta Smith,,,,,
Noah Ernst,Thomas Shervey,Jamie Dunphy,Michael (Mike) Sands,Doug Clove,Joe Allen
Candace Avalos,Jamie Dunphy,Noah Ernst,Loretta Smith,Steph Routh,Timur Ender
Terrence Hayes,Noah Ernst,Candace Avalos,,,
Candace Avalos,Steph Routh,Timur Ender,Jamie Dunphy,,
Timur Ender,,,,,
Jamie Dunphy,Loretta Smith,Steph Routh,Cayle Tern,Timur Ender,Deian Salazar
Noah Ernst,Jamie Dunphy,,,,
Joe Allen,David Linn,Doug Clove,Michael (Mike) Sands,Joe Furi,Noah Ernst
David Linn,,,,,
Candace Avalos,Terrence Hayes,Thomas Shervey,Loretta Smith,Cayle Tern,
Steph Routh,Jamie Dunphy,Candace Avalos,Timur Ender,,
Candace Avalos,Steph Routh,Terrence Hayes,Joe Furi,Doug Clove,Loretta Smith
Terrence Hayes,Steph Routh,Jamie Dunphy,Candace Avalos,,
Steph Routh,Terrence Hayes,Loretta Smith,Deian Salazar,Joe Furi,Joe Allen
Doug Clove,Loretta Smith,Jamie Dunphy,Candace Avalos,Cayle Tern,Peggy Sue Owens
Joe Allen,,,,,
Terrence Hayes,Noah Ernst,Joe Furi,Loretta Smith,Doug Clove,Write-in-120
Loretta Smith,,,,,
Peggy Sue Owens,,,,,
,,,,,
Loretta Smith,Terrence Hayes,,,,
Timur Ender,Loretta Smith,Candace Avalos,David Linn,Terrence Hayes,Thomas Shervey
Terrence Hayes,Loretta Smith,Peggy Sue Owens,David Linn,Jamie Dunphy,Candace Avalos
Steph Routh,Candace Avalos,Timur Ender,Cayle Tern,Jamie Dunphy,
Loretta Smith,Deian Salazar,Candace Avalos,Jamie Dunphy,Terrence Hayes,Thomas Shervey
Loretta Smith,Steph Routh,Cayle Tern,David Linn,Timur Ender,Jamie Dunphy
Steph Routh,Timur Ender,Noah Ernst,Cayle Tern,Joe Furi,Terrence Hayes
Timur Ender,Joe Furi,,,,
Timur Ender,Loretta Smith,Terrence Hayes,David Linn,Michael (Mike) Sands,Candace Avalos
Candace Avalos,Jamie Dunphy,Steph Routh,Loretta Smith,Timur Ender,Terrence Hayes
Terrence Hayes,Loretta Smith,Deian Salazar,,,
Timur Ender,Terrence Hayes,Noah Ernst,Jamie Dunphy,Loretta Smith,Candace Avalos
Jamie Dunphy,Steph Routh,Timur Ender,Candace Avalos,David Linn,Loretta Smith
Jamie Dunphy,Candace Avalos,Terrence Hayes,Steph Routh,Loretta Smith,Cayle Tern
,,,,,
Steph Routh,Jamie Dunphy,,,,
Candace Avalos,Loretta Smith,Terrence Hayes,Steph Routh,,
Noah Ernst,,,,,
Steph Routh,Candace Avalos,Jamie Dunphy,,,
Candace Avalos,Cayle Tern,Timur Ender,,,
Candace Avalos,,,,,
Cayle Tern,Candace Avalos,Loretta Smith,Terrence Hayes,,
Peggy Sue Owens,Jamie Dunphy,,,,
Candace Avalos,Timur Ender,Steph Routh,Jamie Dunphy,Cayle Tern,David Linn
Joe Allen,Terrence Hayes,Jamie Dunphy,Candace Avalos,David Linn,Noah Ernst
Candace Avalos,Timur Ender,Steph Routh,Cayle Tern,Jamie Dunphy,
Candace Avalos,Cayle Tern,Timur Ender,,,
Peggy Sue Owens,Noah Ernst,Joe Allen,Doug Clove,Loretta Smith,Michael (Mike) Sands
Peggy Sue Owens,Noah Ernst,Doug Clove,Cayle Tern,David Linn,Joe Allen
Loretta Smith,Terrence Hayes,Noah Ernst,Steph Routh,,
Timur Ender,Steph Routh,Candace Avalos,Terrence Hayes,Jamie Dunphy,Cayle Tern
,,,,,
Noah Ernst,Loretta Smith,Doug Clove,,,
Candace Avalos,Steph Routh,Timur Ender,,,
Jamie Dunphy,Steph Routh,Candace Avalos,,,
Loretta Smith,Terrence Hayes,,,,
Doug Clove,Michael (Mike) Sands,Jamie Dunphy,Loretta Smith,Joe Allen,Peggy Sue Owens
Terrence Hayes,Doug Clove,Noah Ernst,,,
Candace Avalos,Steph Routh,Thomas Shervey,,,
Noah Ernst,Candace Avalos,Steph Routh,Deian Salazar,,
Noah Ernst,Cayle Tern,Joe Furi,Loretta Smith,Jamie Dunphy,Terrence Hayes
Candace Avalos,Cayle Tern,Timur Ender,Steph Routh,David Linn,
Peggy Sue Owens,Loretta Smith,Candace Avalos,,,
Deian Salazar,Terrence Hayes,Jamie Dunphy,Noah Ernst,,
Candace Avalos,,,,,
Timur Ender,Candace Avalos,Steph Routh,Jamie Dunphy,Terrence Hayes,Michael (Mike) Sands
Jamie Dunphy,Steph Routh,David Linn,Deian Salazar,Loretta Smith,Peggy Sue Owens
Peggy Sue Owens,Terrence Hayes,Michael (Mike) Sands,Loretta Smith,Joe Allen,
Loretta Smith,,,,,
Joe Allen,Noah Ernst,Thomas Shervey,,,
Cayle Tern,Candace Avalos,Terrence Hayes,Timur Ender,,
Peggy Sue Owens,Timur Ender,Noah Ernst,Candace Avalos,Joe Allen,David Linn
Steph Routh,Candace Avalos,,,,
Terrence Hayes,Jamie Dunphy,,,,
Jamie Dunphy,Steph Routh,Terrence Hayes,Doug Clove,Joe Furi,Thomas Shervey
Candace Avalos,Cayle Tern,Timur Ender,Steph Routh,David Linn,
Terrence Hayes,Noah Ernst,Doug Clove,,,
Doug Clove,Cayle Tern,Joe Furi,Noah Ernst,Deian Salazar,Thomas Shervey
Noah Ernst,Loretta Smith,Terrence Hayes,Steph Routh,Deian Salazar,Doug Clove
Candace Avalos,Cayle Tern,Jamie Dunphy,Steph Routh,Timur Ender,David Linn
Candace Avalos,Jamie Dunphy,Steph Routh,Timur Ender,,
David Linn,Candace Avalos,Loretta Smith,Terrence Hayes,,
Write-in-120,Jamie Dunphy,,,,
Candace Avalos,Jamie Dunphy,Timur Ender,Loretta Smith,Steph Routh,
Michael (Mike) Sands,Terrence Hayes,Noah Ernst,,,
Doug Clove,Deian Salazar,Steph Routh,,,
Loretta Smith,Candace Avalos,Steph Routh,Terrence Hayes,Timur Ender,David Linn
Loretta Smith,Candace Avalos,Terrence Hayes,Steph Routh,Jamie Dunphy,Deian Salazar
Timur Ender,Michael (Mike) Sands,Doug Clove,,,
Loretta Smith,,,,,
Jamie Dunphy,Candace Avalos,Noah Ernst,David Linn,Peggy Sue Owens,
Loretta Smith,Terrence Hayes,,,,
Timur Ender,Steph Routh,Loretta Smith,,,
Loretta Smith,Deian Salazar,Candace Avalos,Peggy Sue Owens,,
Joe Allen,Peggy Sue Owens,Loretta Smith,Cayle Tern,Jamie Dunphy,Noah Ernst
Deian Salazar,Michael (Mike) Sands,Timur Ender,Candace Avalos,David Linn,
Steph Routh,Candace Avalos,Doug Clove,,,
Candace Avalos,Steph Routh,Timur Ender,,,
Loretta Smith,Candace Avalos,Jamie Dunphy,Cayle Tern,Timur Ender,Noah Ernst
Noah Ernst,Terrence Hayes,David Linn,Doug Clove,,
Noah Ernst,Deian Salazar,Loretta Smith,Thomas Shervey,Terrence Hayes,Peggy Sue Owens
Doug Clove,Joe Allen,Noah Ernst,Steph Routh,Terrence Hayes,Thomas Shervey
Noah Ernst,Terrence Hayes,Candace Avalos,,,
Candace Avalos,Cayle Tern,Timur Ender,,,
Steph Routh,Terrence Hayes,Loretta Smith,Michael (Mike) Sands,Deian Salazar,David Linn
Terrence Hayes,Noah Ernst,Loretta Smith,,,
Candace Avalos,Cayle Tern,Timur Ender,,,
Steph Routh,Candace Avalos,Loretta Smith,Cayle Tern,Jamie Dunphy,Timur Ender
Terrence Hayes,Jamie Dunphy,Candace Avalos,,,
Timur Ender,Noah Ernst,Candace Avalos,,,
Joe Allen,,,,,
Jamie Dunphy,Candace Avalos,Steph Routh,Thomas Shervey,David Linn,Joe Allen
Timur Ender,Jamie Dunphy,Steph Routh,Candace Avalos,Cayle Tern,Terrence Hayes
Loretta Smith,Candace Avalos,Terrence Hayes,Joe Allen,Cayle Tern,Jamie Dunphy
Loretta Smith,David Linn,Terrence Hayes,,,
Candace Avalos,Steph Routh,Terrence Hayes,Timur Ender,Jamie Dunphy,
Jamie Dunphy,Loretta Smith,Doug Clove,,,
Steph Routh,,,,,
Candace Avalos,Steph Routh,Timur Ender,Loretta Smith,Jamie Dunphy,Cayle Tern
Noah Ernst,Terrence Hayes,Doug Clove,Steph Routh,Jamie Dunphy,Loretta Smith
Cayle Tern,Peggy Sue Owens,Timur Ender,Loretta Smith,Jamie Dunphy,Write-in-120
Joe Allen,David Linn,Doug Clove,Loretta Smith,Thomas Shervey,Steph Routh
Doug Clove,David Linn,Candace Avalos,Timur Ender,Noah Ernst,Cayle Tern
Steph Routh,,,,,
Doug Clove,,,,,
Candace Avalos,Timur Ender,David Linn,Jamie Dunphy,Steph Routh,
Candace Avalos,Timur Ender,Steph Routh,,,
Candace Avalos,Steph Routh,Michael (Mike) Sands,Cayle Tern,Thomas Shervey,Jamie Dunphy
Steph Routh,Terrence Hayes,Noah Ernst,,,
Timur Ender,Terrence Hayes,Jamie Dunphy,Loretta Smith,Cayle Tern,Candace Avalos
David Linn,Loretta Smith,Terrence Hayes,Steph Routh,,
Loretta Smith,,,,,
Candace Avalos,David Linn,Deian Salazar,,,
Jamie Dunphy,Candace Avalos,Steph Routh,,,
Joe Allen,,,,,
Timur Ender,Candace Avalos,Steph Routh,Jamie Dunphy,,
Doug Clove,,,,,
Terrence Hayes,Timur Ender,Steph Routh,Cayle Tern,Thomas Shervey,Noah Ernst
Candace Avalos,Loretta Smith,Steph Routh,Jamie Dunphy,Joe Furi,Timur Ender
Joe Furi,,,,,
Jamie Dunphy,Timur Ender,Loretta Smith,Deian Salazar,Steph Routh,Michael (Mike) Sands
Write-in-120,Candace Avalos,Steph Routh,Jamie Dunphy,Terrence Hayes,
Joe Furi,Michael (Mike) Sands,Terrence Hayes,Cayle Tern,Steph Routh,Jamie Dunphy
Terrence Hayes,,,,,
Noah Ernst,Deian Salazar,Loretta Smith,Doug Clove,Thomas Shervey,Michael (Mike) Sands
Timur Ender,Cayle Tern,Steph Routh,Candace Avalos,David Linn,Jamie Dunphy
Candace Avalos,,,,,
Steph Routh,Timur Ender,David Linn,Candace Avalos,Deian Salazar,Jamie Dunphy
Noah Ernst,Timur Ender,Deian Salazar,Terrence Hayes,Steph Routh,Jamie Dunphy
Candace Avalos,Terrence Hayes,Steph Routh,Loretta Smith,,
Loretta Smith,Terrence Hayes,Timur Ender,Deian Salazar,Steph Routh,David Linn
David Linn,Timur Ender,Cayle Tern,Loretta Smith,Noah Ernst,Deian Salazar
Jamie Dunphy,Steph Routh,Candace Avalos,Timur Ender,Loretta Smith,
Loretta Smith,Terrence Hayes,Candace Avalos,Jamie Dunphy,Deian Salazar,
Steph Routh,Loretta Smith,Jamie Dunphy,,,
Loretta Smith,Noah Ernst,David Linn,Michael (Mike) Sands,Terrence Hayes,Jamie Dunphy
Noah Ernst,Doug Clove,Loretta Smith,Terrence Hayes,,
Terrence Hayes,Jamie Dunphy,Candace Avalos,Loretta Smith,Timur Ender,Steph Routh
Steph Routh,Terrence Hayes,Thomas Shervey,Jamie Dunphy,Doug Clove,Michael (Mike) Sands
Noah Ernst,Thomas Shervey,David Linn,,,
Loretta Smith,,,,,
Peggy Sue Owens,,,,,
Candace Avalos,Timur Ender,,,,
Candace Avalos,Cayle Tern,Timur Ender,,,
Cayle Tern,Candace Avalos,,,,
Jamie Dunphy,Noah Ernst,Doug Clove,,,
Candace Avalos,Jamie Dunphy,Noah Ernst,Steph Routh,David Linn,
Cayle Tern,,,,,
Noah Ernst,Loretta Smith,,,,
Steph Routh,Jamie Dunphy,Candace Avalos,Loretta Smith,Terrence Hayes,Cayle Tern
Jamie Dunphy,Candace Avalos,Steph Routh,Joe Allen,Michael (Mike) Sands,Terrence Hayes
Steph Routh,Candace Avalos,Timur Ender,Noah Ernst,Terrence Hayes,Thomas Shervey
Jamie Dunphy,Cayle Tern,David Linn,Candace Avalos,Steph Routh,Loretta Smith
Peggy Sue Owens,Noah Ernst,Doug Clove,Deian Salazar,Jamie Dunphy,Loretta Smith
Loretta Smith,Terrence Hayes,Deian Salazar,Candace Avalos,David Linn,Timur Ender
Loretta Smith,,,,,
Steph Routh,Candace Avalos,Cayle Tern,Timur Ender,Terrence Hayes,Deian Salazar
Terrence Hayes,Loretta Smith,Michael (Mike) Sands,Candace Avalos,Timur Ender,Deian Salazar
Loretta Smith,Steph Routh,Jamie Dunphy,Timur Ender,,
Loretta Smith,,,,,
Jamie Dunphy,Candace Avalos,Steph Routh,,,
Joe Allen,Steph Routh,Jamie Dunphy,,,
Terrence Hayes,Noah Ernst,Jamie Dunphy,,,
Noah Ernst,Terrence Hayes,,,,
Loretta Smith,Steph Routh,Candace Avalos,Timur Ender,Cayle Tern,David Linn
Jamie Dunphy,Terrence Hayes,Loretta Smith,,,
Peggy Sue Owens,Candace Avalos,Loretta Smith,Steph Routh,,
Noah Ernst,Loretta Smith,Deian Salazar,Doug Clove,Michael (Mike) Sands,Joe Allen
Loretta Smith,Jamie Dunphy,Steph Routh,Timur Ender,Terrence Hayes,Michael (Mike) Sands
Loretta Smith,,,,,
Loretta Smith,Candace Avalos,Steph Routh,Terrence Hayes,Cayle Tern,Deian Salazar
Deian Salazar,Thomas Shervey,Noah Ernst,,,
Candace Avalos,Steph Routh,Jamie Dunphy,Loretta Smith,Timur Ender,
Noah Ernst,David Linn,Deian Salazar,Jamie Dunphy,Michael (Mike) Sands,Steph Routh
Noah Ernst,Terrence Hayes,Joe Furi,Loretta Smith,Doug Clove,
,,,,,
Candace Avalos,Steph Routh,Timur Ender,Jamie Dunphy,,
Peggy Sue Owens,Terrence Hayes,,,,
Jamie Dunphy,Candace Avalos,Cayle Tern,,,
Peggy Sue Owens,Noah Ernst,Joe Allen,Cayle Tern,Joe Furi,Deian Salazar
Timur Ender,Candace Avalos,Terrence Hayes,Jamie Dunphy,David Linn,Steph Routh
Joe Allen,Doug Clove,Terrence Hayes,Thomas Shervey,Joe Furi,Michael (Mike) Sands
Candace Avalos,Steph Routh,Timur Ender,David Linn,Terrence Hayes,Jamie Dunphy
Loretta Smith,Cayle Tern,Peggy Sue Owens,Joe Allen,Candace Avalos,Joe Furi
Candace Avalos,Steph Routh,Timur Ender,,,
Joe Allen,Terrence Hayes,Deian Salazar,Steph Routh,Noah Ernst,
Joe Allen,Noah Ernst,Candace Avalos,Joe Furi,Doug Clove,Thomas Shervey
Michael (Mike) Sands,Peggy Sue Owens,Candace Avalos,David Linn,Joe Furi,Timur Ender
Candace Avalos,Steph Routh,Loretta Smith,Timur Ender,,
Peggy Sue Owens,Timur Ender,Noah Ernst,Candace Avalos,Joe Allen,David Linn
Timur Ender,Cayle Tern,Candace Avalos,,,
Michael (Mike) Sands,Joe Furi,Doug Clove,Thomas Shervey,Loretta Smith,Deian Salazar
Terrence Hayes,,,,,
Candace Avalos,Steph Routh,Jamie Dunphy,Timur Ender,,
Jamie Dunphy,Steph Routh,Doug Clove,David Linn,,
Steph Routh,Terrence Hayes,,,,
Terrence Hayes,Loretta Smith,Deian Salazar,Candace Avalos,Jamie Dunphy,Peggy Sue Owens
Noah Ernst,Steph Routh,David Linn,Deian Salazar,Cayle Tern,Loretta Smith
Noah Ernst,Terrence Hayes,Deian Salazar,Joe Furi,Joe Allen,
Cayle Tern,Doug Clove,Noah Ernst,Joe Allen,Timur Ender,David Linn
Timur Ender,Candace Avalos,Cayle Tern,,,
Loretta Smith,Steph Routh,,,,
Jamie Dunphy,Candace Avalos,Steph Routh,Timur Ender,,
Noah Ernst,Peggy Sue Owens,Joe Allen,Doug Clove,Candace Avalos,David Linn
Peggy Sue Owens,Timur Ender,Noah Ernst,Candace Avalos,Joe Allen,
Jamie Dunphy,Candace Avalos,Steph Routh,,,
Terrence Hayes,,,,,
Doug Clove,Michael (Mike) Sands,Joe Furi,,,
Terrence Hayes,Noah Ernst,Joe Furi,Loretta Smith,Doug Clove,Write-in-120
Candace Avalos,Jamie Dunphy,Steph Routh,,,
Jamie Dunphy,Loretta Smith,Terrence Hayes,,,
Candace Avalos,Timur Ender,Steph Routh,Cayle Tern,Jamie Dunphy,David Linn
Jamie Dunphy,Candace Avalos,Steph Routh,Timur Ender,,
Jamie Dunphy,,,,,
Jamie Dunphy,Candace Avalos,Timur Ender,Steph Routh,,
Candace Avalos,,,,,
Loretta Smith,David Linn,Timur Ender,Candace Avalos,,
Peggy Sue Owens,Candace Avalos,David Linn,Loretta Smith,Michael (Mike) Sands,Doug Clove
Jamie Dunphy,Candace Avalos,Steph Routh,,,
Loretta Smith,Terrence Hayes,Steph Routh,,,
Steph Routh,Candace Avalos,Jamie Dunphy,,,
Jamie Dunphy,Noah Ernst,David Linn,Steph Routh,,
Jamie Dunphy,Noah Ernst,David Linn,Terrence Hayes,Cayle Tern,
Loretta Smith,Jamie Dunphy,Terrence Hayes,Doug Clove,Deian Salazar,Candace Avalos
Jamie Dunphy,Candace Avalos,Steph Routh,Noah Ernst,Timur Ender,
Candace Avalos,Steph Routh,Timur Ender,,,
Candace Avalos,Timur Ender,Steph Routh,Jamie Dunphy,Cayle Tern,David Linn
Loretta Smith,Terrence Hayes,Steph Routh,Candace Avalos,Jamie Dunphy,
Candace Avalos,,,,,
Candace Avalos,Terrence Hayes,Steph Routh,Timur Ender,Jamie Dunphy,Loretta Smith
Candace Avalos,Cayle Tern,Jamie Dunphy,Steph Routh,Deian Salazar,
Steph Routh,Joe Furi,Michael (Mike) Sands,Peggy Sue Owens,Candace Avalos,David Linn
Timur Ender,Loretta Smith,Joe Allen,David Linn,Peggy Sue Owens,Noah Ernst
Noah Ernst,Terrence Hayes,Loretta Smith,,,
Terrence Hayes,Loretta Smith,Jamie Dunphy,Candace Avalos,Deian Salazar,Joe Allen
Loretta Smith,Terrence Hayes,David Linn,Steph Routh,,
Noah Ernst,Jamie Dunphy,,,,
Joe Furi,Joe Allen,Noah Ernst,Terrence Hayes,Doug Clove,David Linn
Terrence Hayes,,,,,
Loretta Smith,,,,,
Terrence Hayes,Michael (Mike) Sands,Steph Routh,Candace Avalos,Jamie Dunphy,Timur Ender
Steph Routh,Terrence Hayes,Timur Ender,David Linn,Cayle Tern,Candace Avalos
Candace Avalos,Cayle Tern,Timur Ender,,,
Steph Routh,Loretta Smith,Candace Avalos,Jamie Dunphy,Noah Ernst,Thomas Shervey
Candace Avalos,Steph Routh,Jamie Dunphy,Timur Ender,Noah Ernst,Cayle Tern
Timur Ender,Steph Routh,Candace Avalos,,,
Doug Clove,,,,,
Loretta Smith,Candace Avalos,Terrence Hayes,Steph Routh,David Linn,Jamie Dunphy
Noah Ernst,Terrence Hayes,Joe Furi,Loretta Smith,Doug Clove,
Jamie Dunphy,Steph Routh,Candace Avalos,,,
Steph Routh,Loretta Smith,Thomas Shervey,Michael (Mike) Sands,Candace Avalos,Noah Ernst
Candace Avalos,Steph Routh,Loretta Smith,,,
Candace Avalos,Cayle Tern,Loretta Smith,Terrence Hayes,Deian Salazar,
Steph Routh,Jamie Dunphy,Candace Avalos,Timur Ender,Cayle Tern,Doug Clove
David Linn,Candace Avalos,Deian Salazar,,,
Loretta Smith,,,,,
Steph Routh,Noah Ernst,Thomas Shervey,Joe Allen,Candace Avalos,Timur Ender
Loretta Smith,Terrence Hayes,Jamie Dunphy,Candace Avalos,Steph Routh,
Candace Avalos,Jamie Dunphy,Steph Routh,Timur Ender,David Linn,Loretta Smith
Noah Ernst,Terrence Hayes,,,,
Timur Ender,,,,,
Steph Routh,Jamie Dunphy,,,,
Jamie Dunphy,Steph Routh,Candace Avalos,,,
Thomas Shervey,Deian Salazar,,,,
Loretta Smith,Candace Avalos,Timur Ender,Cayle Tern,David Linn,
Cayle Tern,Terrence Hayes,Noah Ernst,,,
Steph Routh,Candace Avalos,Timur Ender,Jamie Dunphy,Loretta Smith,Terrence Hayes
Terrence Hayes,Noah Ernst,Doug Clove,,,
Steph Routh,Jamie Dunphy,Deian Salazar,Terrence Hayes,Loretta Smith,Candace Avalos
Noah Ernst,Joe Allen,David Linn,,,
Noah Ernst,Terrence Hayes,Joe Furi,Loretta Smith,Doug Clove,
Candace Avalos,Steph Routh,Jamie Dunphy,,,
Candace Avalos,Steph Routh,Timur Ender,Deian Salazar,David Linn,Terrence Hayes
Candace Avalos,Cayle Tern,Peggy Sue Owens,Steph Routh,Michael (Mike) Sands,Jamie Dunphy
Candace Avalos,Steph Routh,Jamie Dunphy,David Linn,Noah Ernst,Timur Ender
Terrence Hayes,,,,,
Cayle Tern,Loretta Smith,Steph Routh,Timur Ender,Deian Salazar,Peggy Sue Owens
Steph Routh,Candace Avalos,Doug Clove,Loretta Smith,Cayle Tern,Terrence Hayes
,,,,,
Thomas Shervey,Jamie Dunphy,Timur Ender,Terrence Hayes,Noah Ernst,
Doug Clove,,,,,
Terrence Hayes,,,,,
Jamie Dunphy,Candace Avalos,Steph Routh,David Linn,Doug Clove,Loretta Smith
Loretta Smith,Doug Clove,David Linn,Noah Ernst,Jamie Dunphy,Steph Routh
Timur Ender,Candace Avalos,David Linn,Deian Salazar,,
Terrence Hayes,Loretta Smith,Noah Ernst,Michael (Mike) Sands,Deian Salazar,Candace Avalos
Jamie Dunphy,Candace Avalos,Steph Routh,,,
Candace Avalos,Cayle Tern,Jamie Dunphy,Noah Ernst,,
Jamie Dunphy,Candace Avalos,Steph Routh,Noah Ernst,David Linn,Loretta Smith
Loretta Smith,Terrence Hayes,,,,
,,,,,
Candace Avalos,Timur Ender,Terrence Hayes,,,
Steph Routh,Candace Avalos,Timur Ender,,,
Terrence Hayes,Loretta Smith,Michael (Mike) Sands,Candace Avalos,Peggy Sue Owens,Joe Allen
Thomas Shervey,Candace Avalos,Steph Routh,Jamie Dunphy,Loretta Smith,David Linn
Terrence Hayes,,,,,
Loretta Smith,Timur Ender,Terrence Hayes,Steph Routh,Candace Avalos,Cayle Tern
Jamie Dunphy,Timur Ender,,,,
Peggy Sue Owens,,,,,
Candace Avalos,Loretta Smith,Timur Ender,Steph Routh,,
Steph Routh,,,,,
Terrence Hayes,Loretta Smith,Candace Avalos,,,
Cayle Tern,Joe Furi,Doug Clove,Terrence Hayes,Jamie Dunphy,Steph Routh
Doug Clove,Noah Ernst,Steph Routh,Joe Allen,,
Doug Clove,Candace Avalos,Noah Ernst,Joe Furi,Deian Salazar,Jamie Dunphy
Loretta Smith,Terrence Hayes,Candace Avalos,Timur Ender,Steph Routh,
Candace Avalos,Jamie Dunphy,Timur Ender,Steph Routh,Terrence Hayes,
Steph Routh,Candace Avalos,Timur Ender,Terrence Hayes,,
Steph Routh,Terrence Hayes,Loretta Smith,Doug Clove,Joe Furi,Noah Ernst
Candace Avalos,Jamie Dunphy,,,,
Candace Avalos,Cayle Tern,Timur Ender,Steph Routh,Deian Salazar,Jamie Dunphy
Timur Ender,Jamie Dunphy,Steph Routh,Candace Avalos,Loretta Smith,Terrence Hayes
Loretta Smith,,,,,
David Linn,Jamie Dunphy,Steph Routh,,,
Noah Ernst,Loretta Smith,,,,
Peggy Sue Owens,Timur Ender,Candace Avalos,Joe Allen,David Linn,Cayle Tern
Jamie Dunphy,Steph Routh,Terrence Hayes,Candace Avalos,Loretta Smith,
Michael (Mike) Sands,Cayle Tern,,,,
Candace Avalos,Joe Furi,Doug Clove,Terrence Hayes,Steph Routh,Jamie Dunphy
Candace Avalos,Timur Ender,Steph Routh,,,
Loretta Smith,Deian Salazar,Steph Routh,David Linn,Joe Furi,Candace Avalos
Candace Avalos,Loretta Smith,Jamie Dunphy,Timur Ender,Steph Routh,
Steph Routh,Loretta Smith,Timur Ender,Jamie Dunphy,Candace Avalos,Michael (Mike) Sands
Candace Avalos,Timur Ender,,,,
Steph Routh,,,,,
Loretta Smith,,,,,
Thomas Shervey,,,,,
Loretta Smith,Terrence Hayes,,,,
Michael (Mike) Sands,Terrence Hayes,Jamie Dunphy,Doug Clove,Joe Allen,Peggy Sue Owens
Jamie Dunphy,Candace Avalos,Steph Routh,Noah Ernst,David Linn,Loretta Smith
Candace Avalos,Terrence Hayes,Deian Salazar,Loretta Smith,Timur Ender,Jamie Dunphy
Terrence Hayes,David Linn,Timur Ender,Thomas Shervey,Joe Furi,
Loretta Smith,,,,,
Loretta Smith,Candace Avalos,Noah Ernst,Terrence Hayes,Timur Ender,Jamie Dunphy
Candace Avalos,Jamie Dunphy,Timur Ender,Steph Routh,,
Noah Ernst,Terrence Hayes,Joe Furi,Loretta Smith,Doug Clove,
Terrence Hayes,Steph Routh,Doug Clove,David Linn,Timur Ender,Noah Ernst
Candace Avalos,Steph Routh,Cayle Tern,David Linn,Terrence Hayes,
Terrence Hayes,Noah Ernst,Candace Avalos,Loretta Smith,,
Candace Avalos,Deian Salazar,Timur Ender,Terrence Hayes,Steph Routh,Loretta Smith
Peggy Sue Owens,Michael (Mike) Sands,Candace Avalos,Loretta Smith,Steph Routh,Jamie Dunphy
Candace Avalos,Cayle Tern,Timur Ender,Steph Routh,Jamie Dunphy,David Linn
Thomas Shervey,Jamie Dunphy,Doug Clove,Joe Furi,Joe Allen,Noah Ernst
Terrence Hayes,Noah Ernst,Cayle Tern,Peggy Sue Owens,Candace Avalos,Loretta Smith
Terrence Hayes,Steph Routh,Noah Ernst,Loretta Smith,Doug Clove,
Jamie Dunphy,,,,,
Terrence Hayes,Noah Ernst,David Linn,,,
Candace Avalos,David Linn,Joe Allen,Terrence Hayes,Doug Clove,Deian Salazar
Noah Ernst,Terrence Hayes,Loretta Smith,,,
Candace Avalos,Jamie Dunphy,Timur Ender,Steph Routh,,
Candace Avalos,Cayle Tern,Steph Routh,David Linn,Jamie Dunphy,Loretta Smith
Noah Ernst,Joe Allen,Deian Salazar,Michael (Mike) Sands,Loretta Smith,Steph Routh
Timur Ender,Cayle Tern,Doug Clove,Terrence Hayes,Loretta Smith,
Candace Avalos,Cayle Tern,Loretta Smith,Terrence Hayes,Deian Salazar,
Steph Routh,,,,,
Steph Routh,David Linn,Michael (Mike) Sands,Candace Avalos,Peggy Sue Owens,Cayle Tern
Candace Avalos,Timur Ender,David Linn,Noah Ernst,,
Jamie Dunphy,Candace Avalos,Peggy Sue Owens,,,
Loretta Smith,Peggy Sue Owens,Jamie Dunphy,,,
Steph Routh,Loretta Smith,Jamie Dunphy,,,
Noah Ernst,Jamie Dunphy,Candace Avalos,,,
Timur Ender,Jamie Dunphy,Candace Avalos,Loretta Smith,Cayle Tern,Terrence Hayes
Loretta Smith,Noah Ernst,Jamie Dunphy,Terrence Hayes,Doug Clove,
Steph Routh,Timur Ender,Candace Avalos,,,
Timur Ender,Steph Routh,Candace Avalos,Jamie Dunphy,Cayle Tern,David Linn
Steph Routh,Candace Avalos,Timur Ender,Terrence Hayes,Thomas Shervey,Jamie Dunphy
Terrence Hayes,Noah Ernst,Loretta Smith,,,
Jamie Dunphy,Steph Routh,Timur Ender,Candace Avalos,,
Joe Furi,Doug Clove,David Linn,Noah Ernst,Timur Ender,Joe Allen
Candace Avalos,Jamie Dunphy,Steph Routh,Cayle Tern,Timur Ender,Noah Ernst
Noah Ernst,Joe Furi,Loretta Smith,Steph Routh,Doug Clove,Candace Avalos
Candace Avalos,Cayle Tern,Michael (Mike) Sands,Deian Salazar,Loretta Smith,Jamie Dunphy
Timur Ender,Loretta Smith,Terrence Hayes,Steph Routh,,
Michael (Mike) Sands,Deian Salazar,Timur Ender,Candace Avalos,Cayle Tern,Joe Allen
,,,,,
Terrence Hayes,,,,,
Timur Ender,Candace Avalos,Deian Salazar,Terrence Hayes,Loretta Smith,Jamie Dunphy
Loretta Smith,,,,,
Loretta Smith,Jamie Dunphy,Timur Ender,Terrence Hayes,Candace Avalos,Cayle Tern
Terrence Hayes,Loretta Smith,Jamie Dunphy,Deian Salazar,Candace Avalos,
Noah Ernst,,,,,
Candace Avalos,Loretta Smith,Jamie Dunphy,Cayle Tern,Peggy Sue Owens,
Noah Ernst,Terrence Hayes,Joe Furi,Loretta Smith,Doug Clove,
Timur Ender,Noah Ernst,Joe Allen,Joe Furi,Deian Salazar,Steph Routh
Doug Clove,Noah Ernst,,,,
Deian Salazar,Michael (Mike) Sands,Noah Ernst,,,
Loretta Smith,Terrence Hayes,Candace Avalos,Steph Routh,Cayle Tern,
Noah Ernst,Joe Allen,Doug Clove,Michael (Mike) Sands,Thomas Shervey,
Doug Clove,Loretta Smith,Terrence Hayes,Deian Salazar,,
Steph Routh,Timur Ender,Loretta Smith,Terrence Hayes,Cayle Tern,Jamie Dunphy
Candace Avalos,Noah Ernst,Cayle Tern,,,
Deian Salazar,Steph Routh,Terrence Hayes,David Linn,Joe Furi,
Loretta Smith,Steph Routh,Peggy Sue Owens,Cayle Tern,Joe Furi,Jamie Dunphy
Terrence Hayes,Noah Ernst,Timur Ender,Steph Routh,Jamie Dunphy,David Linn
Timur Ender,Doug Clove,Cayle Tern,Michael (Mike) Sands,Joe Furi,Peggy Sue Owens
Timur Ender,Jamie Dunphy,David Linn,Michael (Mike) Sands,Loretta Smith,Doug Clove
Loretta Smith,,,,,
Loretta Smith,Terrence Hayes,Noah Ernst,Thomas Shervey,Steph Routh,Jamie Dunphy
Joe Furi,Joe Allen,Cayle Tern,Doug Clove,Steph Routh,
Loretta Smith,Terrence Hayes,Candace Avalos,Timur Ender,,
Noah Ernst,Timur Ender,,,,
Michael (Mike) Sands,Joe Allen,Noah Ernst,David Linn,Doug Clove,Deian Salazar
Loretta Smith,Candace Avalos,Jamie Dunphy,Steph Routh,Terrence Hayes,Peggy Sue Owens
Terrence Hayes,Loretta Smith,Candace Avalos,Timur Ender,,
Noah Ernst,Joe Allen,David Linn,,,
Joe Allen,Cayle Tern,Doug Clove,,,
Candace Avalos,Timur Ender,Joe Furi,Terrence Hayes,Loretta Smith,
Timur Ender,Doug Clove,Michael (Mike) Sands,Deian Salazar,Thomas Shervey,Terrence Hayes
Doug Clove,Loretta Smith,Joe Furi,Joe Allen,Noah Ernst,Candace Avalos
Noah Ernst,Candace Avalos,Deian Salazar,,,
Loretta Smith,Steph Routh,,,,
Candace Avalos,Timur Ender,Steph Routh,Loretta Smith,Terrence Hayes,Jamie Dunphy
Candace Avalos,Steph Routh,Timur Ender,Jamie Dunphy,Loretta Smith,Cayle Tern
Candace Avalos,Cayle Tern,Timur Ender,Terrence Hayes,Michael (Mike) Sands,Deian Salazar
Steph Routh,Candace Avalos,,,,
Candace Avalos,Joe Furi,Cayle Tern,Loretta Smith,Jamie Dunphy,Peggy Sue Owens
Doug Clove,,,,,
Timur Ender,Noah Ernst,David Linn,Doug Clove,Jamie Dunphy,
Terrence Hayes,Loretta Smith,Candace Avalos,,,
Steph Routh,Write-in-120,Candace Avalos,Timur Ender,,
Candace Avalos,Steph Routh,,,,
Candace Avalos,Steph Routh,Timur Ender,,,
Joe Allen,David Linn,Noah Ernst,Doug Clove,Joe Furi,Deian Salazar
Jamie Dunphy,Steph Routh,Loretta Smith,,,
Loretta Smith,Candace Avalos,Jamie Dunphy,Steph Routh,Terrence Hayes,Peggy Sue Owens
Candace Avalos,,,,,
Candace Avalos,Terrence Hayes,Doug Clove,Deian Salazar,Michael (Mike) Sands,
Peggy Sue Owens,Timur Ender,Noah Ernst,,,
Noah Ernst,Timur Ender,Doug Clove,Deian Salazar,,
Candace Avalos,Michael (Mike) Sands,Cayle Tern,Thomas Shervey,Steph Routh,Timur Ender
Noah Ernst,Terrence Hayes,Doug Clove,Michael (Mike) Sands,Loretta Smith,Thomas Shervey
Timur Ender,Terrence Hayes,Steph Routh,Loretta Smith,Jamie Dunphy,David Linn
Jamie Dunphy,Candace Avalos,Steph Routh,Timur Ender,David Linn,Loretta Smith
David Linn,Cayle Tern,Steph Routh,Deian Salazar,Thomas Shervey,Michael (Mike) Sands
Steph Routh,Jamie Dunphy,David Linn,Terrence Hayes,,
Joe Allen,Joe Furi,,,,
Loretta Smith,Candace Avalos,Terrence Hayes,Michael (Mike) Sands,,
Candace Avalos,,,,,
Candace Avalos,Jamie Dunphy,Timur Ender,Loretta Smith,Steph Routh,
Loretta Smith,Terrence Hayes,Candace Avalos,,,
Candace Avalos,Steph Routh,Loretta Smith,Jamie Dunphy,,
Cayle Tern,Michael (Mike) Sands,Terrence Hayes,Steph Routh,Jamie Dunphy,Deian Salazar
Terrence Hayes,Joe Allen,Steph Routh,,,
Terrence Hayes,,,,,
Jamie Dunphy,David Linn,Peggy Sue Owens,Doug Clove,Candace Avalos,Loretta Smith
Steph Routh,Jamie Dunphy,Terrence Hayes,Candace Avalos,Timur Ender,David Linn
Terrence Hayes,Candace Avalos,Loretta Smith,Timur Ender,Noah Ernst,
Jamie Dunphy,Loretta Smith,David Linn,Noah Ernst,Candace Avalos,Steph Routh
Jamie Dunphy,Loretta Smith,Michael (Mike) Sands,Steph Routh,David Linn,Noah Ernst
Candace Avalos,Timur Ender,Steph Routh,Jamie Dunphy,Cayle Tern,David Linn
Candace Avalos,Timur Ender,Steph Routh,Jamie Dunphy,,
Jamie Dunphy,,,,,
Terrence Hayes,Loretta Smith,Candace Avalos,Steph Routh,,
,,,,,
Jamie Dunphy,Candace Avalos,Steph Routh,David Linn,Noah Ernst,Loretta Smith
Michael (Mike) Sands,,,,,
David Linn,,,,,
Joe Allen,Loretta Smith,Jamie Dunphy,Thomas Shervey,Doug Clove,Steph Routh
David Linn,Timur Ender,Jamie Dunphy,Terrence Hayes,Steph Routh,Candace Avalos
Peggy Sue Owens,Loretta Smith,,,,
Loretta Smith,Terrence Hayes,,,,
Noah Ernst,Terrence Hayes,Doug Clove,Joe Furi,Thomas Shervey,Loretta Smith
Noah Ernst,,,,,
Candace Avalos,Steph Routh,Jamie Dunphy,Loretta Smith,Timur Ender,Terrence Hayes
Candace Avalos,Jamie Dunphy,Steph Routh,,,
Candace Avalos,Cayle Tern,Loretta Smith,Jamie Dunphy,Terrence Hayes,Steph Routh
Candace Avalos,Joe Furi,Steph Routh,,,
Write-in-120,Write-in-121,Peggy Sue Owens,,,
Jamie Dunphy,Candace Avalos,Timur Ender,Steph Routh,David Linn,Terrence Hayes
Timur Ender,Candace Avalos,Michael (Mike) Sands,Loretta Smith,Terrence Hayes,Write-in-120
Timur Ender,Candace Avalos,Cayle Tern,Doug Clove,Steph Routh,Jamie Dunphy
Steph Routh,Terrence Hayes,Jamie Dunphy,Noah Ernst,Joe Furi,
Timur Ender,,,,,
Noah Ernst,Steph Routh,Jamie Dunphy,,,
,,,,,
Cayle Tern,,,,,
Jamie Dunphy,Candace Avalos,Steph Routh,Noah Ernst,David Linn,Loretta Smith
Loretta Smith,Candace Avalos,Terrence Hayes,Joe Allen,Cayle Tern,Jamie Dunphy
Timur Ender,Steph Routh,Candace Avalos,Cayle Tern,Jamie Dunphy,Terrence Hayes
Noah Ernst,Thomas Shervey,Terrence Hayes,,,
Noah Ernst,Loretta Smith,Deian Salazar,,,
Jamie Dunphy,Steph Routh,Timur Ender,Candace Avalos,Noah Ernst,Loretta Smith
Timur Ender,Joe Furi,Doug Clove,Terrence Hayes,Jamie Dunphy,Noah Ernst
Jamie Dunphy,David Linn,Timur Ender,Steph Routh,,
Cayle Tern,Joe Furi,Loretta Smith,Terrence Hayes,Peggy Sue Owens,Jamie Dunphy
Candace Avalos,Timur Ender,Cayle Tern,,,
Candace Avalos,Cayle Tern,Jamie Dunphy,Steph Routh,Timur Ender,Deian Salazar
Loretta Smith,Terrence Hayes,Jamie Dunphy,,,
Loretta Smith,Joe Allen,Joe Furi,Timur Ender,Steph Routh,Jamie Dunphy
Candace Avalos,Timur Ender,Michael (Mike) Sands,,,
Cayle Tern,Candace Avalos,Terrence Hayes,Loretta Smith,Doug Clove,Joe Allen
Terrence Hayes,Loretta Smith,,,,
Candace Avalos,Cayle Tern,Timur Ender,,,
Loretta Smith,Joe Furi,,,,
Candace Avalos,Loretta Smith,Terrence Hayes,Steph Routh,Cayle Tern,Jamie Dunphy
Loretta Smith,Jamie Dunphy,Candace Avalos,Terrence Hayes,Timur Ender,Steph Routh
Jamie Dunphy,Loretta Smith,Cayle Tern,Terrence Hayes,Michael (Mike) Sands,Noah Ernst
Loretta Smith,Candace Avalos,Timur Ender,Steph Routh,,
Timur Ender,Candace Avalos,David Linn,Cayle Tern,Steph Routh,
Noah Ernst,Loretta Smith,,,,
Noah Ernst,,,,,
Jamie Dunphy,Steph Routh,,,,
Candace Avalos,Doug Clove,,,,
Michael (Mike) Sands,Cayle Tern,Peggy Sue Owens,Candace Avalos,Timur Ender,Noah Ernst
Candace Avalos,Terrence Hayes,Noah Ernst,,,
Jamie Dunphy,Candace Avalos,Timur Ender,,,
Jamie Dunphy,Candace Avalos,Terrence Hayes,,,
Loretta Smith,Terrence Hayes,Candace Avalos,Timur Ender,Steph Routh,Jamie Dunphy
Jamie Dunphy,,,,,
Steph Routh,,,,,
Peggy Sue Owens,Candace Avalos,Michael (Mike) Sands,Loretta Smith,Terrence Hayes,Jamie Dunphy
Candace Avalos,Loretta Smith,Jamie Dunphy,Terrence Hayes,Steph Routh,Timur Ender
Timur Ender,Candace Avalos,Deian Salazar,,,
Candace Avalos,Thomas Shervey,Cayle Tern,Deian Salazar,Steph Routh,Terrence Hayes
Candace Avalos,Steph Routh,Timur Ender,Jamie Dunphy,,
Loretta Smith,Timur Ender,Terrence Hayes,Candace Avalos,,
Steph Routh,Candace Avalos,Timur Ender,Cayle Tern,,
Noah Ernst,,,,,
Deian Salazar,,,,,
Jamie Dunphy,Steph Routh,,,,
Michael (Mike) Sands,David Linn,Doug Clove,Steph Routh,Noah Ernst,Thomas Shervey
Terrence Hayes,Candace Avalos,,,,
Candace Avalos,Michael (Mike) Sands,Cayle Tern,David Linn,,
Steph Routh,Loretta Smith,Jamie Dunphy,Timur Ender,Terrence Hayes,Candace Avalos
Jamie Dunphy,Steph Routh,Candace Avalos,Timur Ender,Loretta Smith,
Candace Avalos,Steph Routh,Noah Ernst,Jamie Dunphy,Loretta Smith,Doug Clove
Steph Routh,Joe Furi,Candace Avalos,Thomas Shervey,Michael (Mike) Sands,Noah Ernst
Steph Routh,Timur Ender,Jamie Dunphy,,,
Timur Ender,Michael (Mike) Sands,Joe Allen,,,
Deian Salazar,Loretta Smith,Thomas Shervey,Steph Routh,Joe Furi,Cayle Tern
Cayle Tern,Candace Avalos,Michael (Mike) Sands,,,
Loretta Smith,Deian Salazar,Terrence Hayes,Thomas Shervey,Candace Avalos,Cayle Tern
Jamie Dunphy,Candace Avalos,Steph Routh,,,
Terrence Hayes,Noah Ernst,Steph Routh,Jamie Dunphy,,
Peggy Sue Owens,Timur Ender,Noah Ernst,Candace Avalos,Joe Allen,David Linn
Timur Ender,Doug Clove,Terrence Hayes,Jamie Dunphy,,
Candace Avalos,Steph Routh,Cayle Tern,Timur Ender,,
Candace Avalos,Timur Ender,Steph Routh,Jamie Dunphy,Cayle Tern,
Cayle Tern,Steph Routh,David Linn,Michael (Mike) Sands,Peggy Sue Owens,Candace Avalos
Candace Avalos,Timur Ender,Cayle Tern,Steph Routh,Jamie Dunphy,David Linn
Candace Avalos,Steph Routh,Timur Ender,Jamie Dunphy,,
Steph Routh,Candace Avalos,David Linn,Timur Ender,Jamie Dunphy,Thomas Shervey
Candace Avalos,Cayle Tern,Timur Ender,Steph Routh,David Linn,Jamie Dunphy
Candace Avalos,Timur Ender,Steph Routh,Cayle Tern,,
Steph Routh,Candace Avalos,Jamie Dunphy,Timur Ender,Cayle Tern,Terrence Hayes
Noah Ernst,Terrence Hayes,Deian Salazar,,,
Joe Allen,Doug Clove,Terrence Hayes,Timur Ender,,
Candace Avalos,Steph Routh,Timur Ender,,,
Noah Ernst,Doug Clove,Joe Furi,Deian Salazar,Jamie Dunphy,Loretta Smith
Terrence Hayes,Jamie Dunphy,Loretta Smith,Candace Avalos,Noah Ernst,Timur Ender
Noah Ernst,,,,,
Steph Routh,Timur Ender,Candace Avalos,Jamie Dunphy,Terrence Hayes,
Candace Avalos,Terrence Hayes,Loretta Smith,Noah Ernst,Doug Clove,Steph Routh
Jamie Dunphy,Candace Avalos,David Linn,Steph Routh,Terrence Hayes,Loretta Smith
Terrence Hayes,Thomas Shervey,Peggy Sue Owens,Cayle Tern,Loretta Smith,Steph Routh
Terrence Hayes,Noah Ernst,Jamie Dunphy,,,
Noah Ernst,,,,,
Timur Ender,Loretta Smith,Steph Routh,,,
Candace Avalos,Cayle Tern,Timur Ender,,,
David Linn,Deian Salazar,Steph Routh,Loretta Smith,Thomas Shervey,Doug Clove
Terrence Hayes,Timur Ender,Noah Ernst,,,
Terrence Hayes,Candace Avalos,Steph Routh,Cayle Tern,Jamie Dunphy,Joe Furi
Joe Allen,Loretta Smith,Jamie Dunphy,Joe Furi,,
Candace Avalos,Timur Ender,Steph Routh,Jamie Dunphy,Cayle Tern,David Linn
Peggy Sue Owens,Timur Ender,Noah Ernst,Candace Avalos,Joe Allen,David Linn
Terrence Hayes,Joe Furi,Joe Allen,Peggy Sue Owens,Michael (Mike) Sands,Doug Clove
Terrence Hayes,Noah Ernst,Loretta Smith,Jamie Dunphy,,
Steph Routh,Jamie Dunphy,Candace Avalos,Noah Ernst,Loretta Smith,
Candace Avalos,Steph Routh,Terrence Hayes,,,
Cayle Tern,Timur Ender,Candace Avalos,Jamie Dunphy,Loretta Smith,Steph Routh
David Linn,,,,,
Candace Avalos,Steph Routh,Jamie Dunphy,,,
Loretta Smith,Peggy Sue Owens,Deian Salazar,Joe Furi,Cayle Tern,Candace Avalos
Peggy Sue Owens,Joe Allen,Doug Clove,Michael (Mike) Sands,Terrence Hayes,
Candace Avalos,Noah Ernst,,,,
Candace Avalos,Terrence Hayes,Steph Routh,,,
Noah Ernst,Joe Furi,Deian Salazar,,,
Peggy Sue Owens,Timur Ender,Noah Ernst,Candace Avalos,Joe Allen,David Linn
Loretta Smith,David Linn,Steph Routh,,,
Jamie Dunphy,Timur Ender,Candace Avalos,Steph Routh,Cayle Tern,
Noah Ernst,Terrence Hayes,Jamie Dunphy,,,
Cayle Tern,Candace Avalos,Steph Routh,Timur Ender,,
Jamie Dunphy,,,,,
Jamie Dunphy,,,,,
Jamie Dunphy,Noah Ernst,Doug Clove,Loretta Smith,Terrence Hayes,Deian Salazar
Candace Avalos,,,,,
Doug Clove,,,,,
Noah Ernst,Loretta Smith,,,,
Thomas Shervey,Joe Allen,Jamie Dunphy,,,
Steph Routh,Jamie Dunphy,,,,
David Linn,Steph Routh,Loretta Smith,Candace Avalos,Jamie Dunphy,Timur Ender
Cayle Tern,Candace Avalos,Steph Routh,,,
Terrence Hayes,Loretta Smith,Deian Salazar,Michael (Mike) Sands,Doug Clove,Cayle Tern
Steph Routh,Jamie Dunphy,Candace Avalos,,,
Candace Avalos,Steph Routh,Timur Ender,Jamie Dunphy,,
Terrence Hayes,Noah Ernst,Loretta Smith,,,
Loretta Smith,Terrence Hayes,Candace Avalos,Write-in-120,,
Noah Ernst,Steph Routh,Jamie Dunphy,Candace Avalos,Timur Ender,Cayle Tern
David Linn,Doug Clove,Cayle Tern,Terrence Hayes,Joe Allen,Steph Routh
Jamie Dunphy,Steph Routh,Candace Avalos,,,
Jamie Dunphy,Candace Avalos,Steph Routh,Noah Ernst,David Linn,Loretta Smith
David Linn,,,,,
Noah Ernst,Timur Ender,Loretta Smith,Steph Routh,,
Loretta Smith,,,,,
Peggy Sue Owens,Candace Avalos,Cayle Tern,Doug Clove,Loretta Smith,
Candace Avalos,Joe Allen,Cayle Tern,Jamie Dunphy,David Linn,Steph Routh
Loretta Smith,Terrence Hayes,Thomas Shervey,Steph Routh,,
Timur Ender,Candace Avalos,Loretta Smith,Terrence Hayes,David Linn,Steph Routh
Timur Ender,Cayle Tern,Candace Avalos,Michael (Mike) Sands,Loretta Smith,Jamie Dunphy
Candace Avalos,Steph Routh,Jamie Dunphy,,,
Doug Clove,,,,,
Jamie Dunphy,Steph Routh,Terrence Hayes,Loretta Smith,,
Timur Ender,Candace Avalos,Loretta Smith,Terrence Hayes,Steph Routh,Michael (Mike) Sands
Noah Ernst,,,,,
Terrence Hayes,Loretta Smith,Noah Ernst,,,
Terrence Hayes,Loretta Smith,Candace Avalos,Doug Clove,Cayle Tern,Timur Ender
Terrence Hayes,Noah Ernst,Joe Furi,Loretta Smith,Doug Clove,Write-in-120
Steph Routh,Loretta Smith,Timur Ender,Terrence Hayes,,
Joe Furi,Michael (Mike) Sands,,,,
Joe Furi,,,,,
Timur Ender,Candace Avalos,Steph Routh,Jamie Dunphy,,
Timur Ender,Terrence Hayes,Steph Routh,Deian Salazar,Michael (Mike) Sands,David Linn
Loretta Smith,,,,,
Terrence Hayes,Steph Routh,Jamie Dunphy,Loretta Smith,Candace Avalos,Joe Allen
Timur Ender,Noah Ernst,Doug Clove,Terrence Hayes,,
Jamie Dunphy,Candace Avalos,Loretta Smith,Noah Ernst,Timur Ender,David Linn
Jamie Dunphy,,,,,
Candace Avalos,Steph Routh,Terrence Hayes,Loretta Smith,Noah Ernst,Timur Ender
Terrence Hayes,Loretta Smith,Deian Salazar,Steph Routh,Jamie Dunphy,
Loretta Smith,Terrence Hayes,Candace Avalos,,,
Peggy Sue Owens,Doug Clove,Michael (Mike) Sands,Jamie Dunphy,Terrence Hayes,Candace Avalos
Doug Clove,Noah Ernst,,,,
Steph Routh,Jamie Dunphy,Terrence Hayes,Cayle Tern,Michael (Mike) Sands,Timur Ender
Steph Routh,Candace Avalos,Loretta Smith,,,
Candace Avalos,Steph Routh,Jamie Dunphy,Timur Ender,,
Noah Ernst,,,,,
Loretta Smith,Joe Allen,,,,
Jamie Dunphy,Terrence Hayes,Loretta Smith,Candace Avalos,Noah Ernst,Steph Routh
Loretta Smith,,,,,
Timur Ender,Noah Ernst,Terrence Hayes,Steph Routh,,
Loretta Smith,Candace Avalos,,,,
Loretta Smith,,,,,
Terrence Hayes,Steph Routh,,,,
Terrence Hayes,Noah Ernst,Joe Furi,Loretta Smith,Doug Clove,
Candace Avalos,Timur Ender,Steph Routh,Jamie Dunphy,Cayle Tern,David Linn
Candace Avalos,Timur Ender,Steph Routh,Terrence Hayes,Noah Ernst,
Steph Routh,Timur Ender,Candace Avalos,,,
Candace Avalos,Timur Ender,,,,
Joe Allen,Doug Clove,Noah Ernst,David Linn,Peggy Sue Owens,Michael (Mike) Sands
Candace Avalos,Steph Routh,Timur Ender,Jamie Dunphy,Thomas Shervey,Michael (Mike) Sands
Cayle Tern,Timur Ender,Loretta Smith,Candace Avalos,Terrence Hayes,Steph Routh
Doug Clove,,,,,
Timur Ender,Candace Avalos,Doug Clove,Loretta Smith,Terrence Hayes,Steph Routh
Terrence Hayes,Noah Ernst,David Linn,,,
Loretta Smith,,,,,
Candace Avalos,Cayle Tern,Timur Ender,,,
Steph Routh,Candace Avalos,Timur Ender,Cayle Tern,David Linn,Terrence Hayes
Loretta Smith,Peggy Sue Owens,Terrence Hayes,Deian Salazar,Doug Clove,Joe Allen
Terrence Hayes,Noah Ernst,Joe Furi,Loretta Smith,Doug Clove,Write-in-120
Loretta Smith,Steph Routh,Timur Ender,Terrence Hayes,Noah Ernst,Jamie Dunphy
,,,,,
Loretta Smith,,,,,
Timur Ender,Candace Avalos,Terrence Hayes,Steph Routh,Loretta Smith,Deian Salazar
Noah Ernst,Michael (Mike) Sands,Loretta Smith,Terrence Hayes,Jamie Dunphy,Steph Routh
Loretta Smith,Candace Avalos,David Linn,Steph Routh,Terrence Hayes,Timur Ender
Timur Ender,Jamie Dunphy,Loretta Smith,Candace Avalos,Cayle Tern,David Linn
Joe Furi,David Linn,Doug Clove,,,
Candace Avalos,Jamie Dunphy,Timur Ender,Terrence Hayes,Steph Routh,Loretta Smith
Timur Ender,David Linn,Noah Ernst,Steph Routh,Candace Avalos,Terrence Hayes
Doug Clove,Deian Salazar,Steph Routh,David Linn,Cayle Tern,Joe Furi
Doug Clove,Terrence Hayes,Noah Ernst,Loretta Smith,Deian Salazar,Joe Allen
Terrence Hayes,Steph Routh,,,,
Steph Routh,Noah Ernst,Jamie Dunphy,Loretta Smith,Candace Avalos,Terrence Hayes
Candace Avalos,Steph Routh,Timur Ender,Thomas Shervey,Doug Clove,
Joe Furi,,,,,
Timur Ender,Doug Clove,Loretta Smith,Terrence Hayes,Jamie Dunphy,
Noah Ernst,Steph Routh,David Linn,Jamie Dunphy,Doug Clove,Timur Ender
Candace Avalos,Timur Ender,Loretta Smith,Michael (Mike) Sands,Jamie Dunphy,
Candace Avalos,Steph Routh,Timur Ender,Jamie Dunphy,,
Candace Avalos,Cayle Tern,Timur Ender,Jamie Dunphy,Steph Routh,David Linn
Candace Avalos,Timur Ender,Steph Routh,Jamie Dunphy,Cayle Tern,David Linn
Jamie Dunphy,Steph Routh,Timur Ender,Candace Avalos,Terrence Hayes,Loretta Smith
Candace Avalos,Jamie Dunphy,Timur Ender,Steph Routh,Cayle Tern,Loretta Smith
Loretta Smith,Candace Avalos,Timur Ender,Steph Routh,Jamie Dunphy,
Jamie Dunphy,Timur Ender,Candace Avalos,Steph Routh,,
Steph Routh,Jamie Dunphy,Noah Ernst,Terrence Hayes,,
Michael (Mike) Sands,Cayle Tern,Joe Allen,Loretta Smith,Steph Routh,Jamie Dunphy
Candace Avalos,Timur Ender,Jamie Dunphy,Steph Routh,Cayle Tern,
Loretta Smith,,,,,
Loretta Smith,David Linn,Michael (Mike) Sands,Candace Avalos,Noah Ernst,
Timur Ender,Steph Routh,Terrence Hayes,,,
Timur Ender,Candace Avalos,Steph Routh,,,
Doug Clove,,,,,
Michael (Mike) Sands,,,,,
Noah Ernst,Peggy Sue Owens,Candace Avalos,Terrence Hayes,Loretta Smith,Michael (Mike) Sands
Candace Avalos,Terrence Hayes,Loretta Smith,,,
Doug Clove,,,,,
Loretta Smith,Steph Routh,Timur Ender,Candace Avalos,Cayle Tern,Deian Salazar
Loretta Smith,David Linn,Terrence Hayes,Deian Salazar,Doug Clove,Peggy Sue Owens
Timur Ender,Jamie Dunphy,Steph Routh,Candace Avalos,Michael (Mike) Sands,
Candace Avalos,Cayle Tern,Timur Ender,,,
Timur Ender,Jamie Dunphy,Candace Avalos,Steph Routh,Terrence Hayes,Cayle Tern
Michael (Mike) Sands,Noah Ernst,David Linn,,,
Candace Avalos,,,,,
Timur Ender,Candace Avalos,,,,
Candace Avalos,Cayle Tern,Timur Ender,,,
David Linn,,,,,
Candace Avalos,Cayle Tern,Timur Ender,Noah Ernst,,
Steph Routh,Candace Avalos,Timur Ender,Jamie Dunphy,Cayle Tern,Deian Salazar
Noah Ernst,Deian Salazar,Terrence Hayes,Doug Clove,David Linn,
Loretta Smith,Michael (Mike) Sands,,,,
Steph Routh,Joe Furi,Michael (Mike) Sands,,,
Thomas Shervey,David Linn,Cayle Tern,Timur Ender,Candace Avalos,Loretta Smith
Peggy Sue Owens,Doug Clove,David Linn,Thomas Shervey,Joe Furi,Candace Avalos
Doug Clove,Jamie Dunphy,Timur Ender,Noah Ernst,Terrence Hayes,David Linn
Candace Avalos,Steph Routh,Jamie Dunphy,Thomas Shervey,Peggy Sue Owens,Joe Furi
Loretta Smith,Terrence Hayes,Steph Routh,Candace Avalos,Michael (Mike) Sands,
Candace Avalos,Cayle Tern,Timur Ender,,,
Doug Clove,Candace Avalos,Joe Furi,Thomas Shervey,Cayle Tern,Steph Routh
Steph Routh,Jamie Dunphy,Thomas Shervey,Candace Avalos,Deian Salazar,Loretta Smith
Terrence Hayes,Jamie Dunphy,Steph Routh,Deian Salazar,,
Loretta Smith,Terrence Hayes,Noah Ernst,,,
Terrence Hayes,Steph Routh,Jamie Dunphy,Noah Ernst,Loretta Smith,David Linn
Terrence Hayes,Noah Ernst,Doug Clove,Joe Furi,Loretta Smith,Steph Routh
Steph Routh,Jamie Dunphy,Terrence Hayes,,,
Candace Avalos,Jamie Dunphy,Steph Routh,,,
Timur Ender,,,,,
Jamie Dunphy,Steph Routh,Candace Avalos,Noah Ernst,Cayle Tern,
Doug Clove,Terrence Hayes,Loretta Smith,Jamie Dunphy,Joe Allen,Candace Avalos
Jamie Dunphy,,,,,
Noah Ernst,Terrence Hayes,Joe Furi,Doug Clove,,
Timur Ender,Steph Routh,Candace Avalos,Jamie Dunphy,Cayle Tern,David Linn
Noah Ernst,Joe Allen,David Linn,,,
Noah Ernst,Terrence Hayes,Candace Avalos,Timur Ender,,
Joe Furi,,,,,
Peggy Sue Owens,Candace Avalos,Loretta Smith,Deian Salazar,Timur Ender,Terrence Hayes
Timur Ender,Steph Routh,Terrence Hayes,Deian Salazar,Loretta Smith,Jamie Dunphy
Noah Ernst,,,,,
,,,,,
Noah Ernst,Terrence Hayes,Joe Furi,Loretta Smith,Doug Clove,
Jamie Dunphy,Steph Routh,Candace Avalos,Loretta Smith,Terrence Hayes,
,,,,,
Candace Avalos,Steph Routh,Jamie Dunphy,Timur Ender,,
David Linn,Doug Clove,Joe Allen,Timur Ender,Loretta Smith,Peggy Sue Owens
Steph Routh,Loretta Smith,Candace Avalos,,,
,,,,,
Terrence Hayes,Noah Ernst,Candace Avalos,,,
Loretta Smith,Jamie Dunphy,Steph Routh,,,
Candace Avalos,Steph Routh,Timur Ender,Jamie Dunphy,Noah Ernst,Loretta Smith
Loretta Smith,Timur Ender,Deian Salazar,Steph Routh,,
Timur Ender,Candace Avalos,Cayle Tern,Steph Routh,Jamie Dunphy,
Jamie Dunphy,Steph Routh,Terrence Hayes,David Linn,Loretta Smith,Timur Ender
Loretta Smith,Deian Salazar,Steph Routh,David Linn,Joe Furi,Candace Avalos
Loretta Smith,Peggy Sue Owens,,,,
Loretta Smith,Terrence Hayes,Candace Avalos,,,
Candace Avalos,Steph Routh,Timur Ender,Jamie Dunphy,David Linn,Deian Salazar
Jamie Dunphy,Steph Routh,Peggy Sue Owens,,,
Terrence Hayes,Deian Salazar,Steph Routh,Doug Clove,Noah Ernst,Michael (Mike) Sands
Terrence Hayes,Loretta Smith,Noah Ernst,,,
Terrence Hayes,Noah Ernst,Deian Salazar,Timur Ender,Loretta Smith,
Candace Avalos,Noah Ernst,Terrence Hayes,David Linn,Peggy Sue Owens,Steph Routh
Candace Avalos,Steph Routh,Timur Ender,Jamie Dunphy,,
Terrence Hayes,Loretta Smith,Jamie Dunphy,Steph Routh,,
Loretta Smith,Timur Ender,,,,
Noah Ernst,Loretta Smith,Jamie Dunphy,Terrence Hayes,Doug Clove,
Doug Clove,Noah Ernst,Terrence Hayes,Joe Furi,Thomas Shervey,
Terrence Hayes,Loretta Smith,Doug Clove,Joe Allen,Thomas Shervey,Steph Routh
Candace Avalos,Doug Clove,Terrence Hayes,Noah Ernst,,
Loretta Smith,David Linn,Joe Furi,Joe Allen,Peggy Sue Owens,Michael (Mike) Sands
Noah Ernst,Doug Clove,Joe Furi,Deian Salazar,Jamie Dunphy,Loretta Smith
Michael (Mike) Sands,Noah Ernst,Doug Clove,Joe Allen,,
Timur Ender,Steph Routh,Michael (Mike) Sands,Cayle Tern,Candace Avalos,
Timur Ender,Candace Avalos,Jamie Dunphy,,,
Timur Ender,Loretta Smith,Noah Ernst,,,
Candace Avalos,Doug Clove,Jamie Dunphy,Noah Ernst,Timur Ender,Terrence Hayes
Jamie Dunphy,Candace Avalos,Steph Routh,,,
Timur Ender,Steph Routh,Jamie Dunphy,David Linn,Loretta Smith,Candace Avalos
Jamie Dunphy,Candace Avalos,Steph Routh,David Linn,Loretta Smith,
Jamie Dunphy,Steph Routh,Candace Avalos,,,
Michael (Mike) Sands,Doug Clove,Terrence Hayes,Steph Routh,Joe Allen,Loretta Smith
Jamie Dunphy,Terrence Hayes,David Linn,,,
Doug Clove,,,,,
Peggy Sue Owens,,,,,
Loretta Smith,Candace Avalos,Noah Ernst,Deian Salazar,,
Loretta Smith,,,,,
Terrence Hayes,Loretta Smith,,,,
Noah Ernst,David Linn,Joe Furi,Peggy Sue Owens,Joe Allen,Terrence Hayes
Steph Routh,Candace Avalos,Joe Allen,,,
Peggy Sue Owens,Loretta Smith,David Linn,Doug Clove,Jamie Dunphy,
Joe Allen,Loretta Smith,,,,
Candace Avalos,Loretta Smith,Peggy Sue Owens,Jamie Dunphy,Deian Salazar,Cayle Tern
Noah Ernst,Doug Clove,Terrence Hayes,Loretta Smith,,
Loretta Smith,Jamie Dunphy,Terrence Hayes,Steph Routh,Deian Salazar,Thomas Shervey
Noah Ernst,Doug Clove,Loretta Smith,Deian Salazar,Terrence Hayes,Thomas Shervey
Candace Avalos,Joe Allen,,,,
Jamie Dunphy,David Linn,Steph Routh,Candace Avalos,Timur Ender,Loretta Smith
Candace Avalos,Steph Routh,Deian Salazar,Cayle Tern,Timur Ender,
Loretta Smith,Terrence Hayes,Steph Routh,Joe Furi,Cayle Tern,Candace Avalos
Doug Clove,Noah Ernst,Terrence Hayes,Candace Avalos,Cayle Tern,Timur Ender
Noah Ernst,Joe Furi,Terrence Hayes,Doug Clove,Jamie Dunphy,Loretta Smith
Timur Ender,Steph Routh,Jamie Dunphy,,,
Michael (Mike) Sands,Steph Routh,,,,
Deian Salazar,Candace Avalos,Timur Ender,,,
Candace Avalos,,,,,
Terrence Hayes,Steph Routh,Jamie Dunphy,Candace Avalos,,
Noah Ernst,Candace Avalos,Peggy Sue Owens,Cayle Tern,Terrence Hayes,Joe Allen
David Linn,Peggy Sue Owens,Michael (Mike) Sands,Terrence Hayes,Doug Clove,Deian Salazar
Noah Ernst,David Linn,Loretta Smith,,,
Loretta Smith,Peggy Sue Owens,Candace Avalos,Deian Salazar,Jamie Dunphy,Doug Clove
Loretta Smith,,,,,
Candace Avalos,David Linn,Steph Routh,Jamie Dunphy,Cayle Tern,Michael (Mike) Sands
Loretta Smith,,,,,
Timur Ender,Joe Allen,Joe Furi,Steph Routh,Terrence Hayes,Deian Salazar
Terrence Hayes,Noah Ernst,Doug Clove,,,
Jamie Dunphy,Candace Avalos,Timur Ender,Steph Routh,David Linn,Noah Ernst
Jamie Dunphy,Candace Avalos,Steph Routh,Noah Ernst,David Linn,Loretta Smith
Candace Avalos,Steph Routh,Jamie Dunphy,Timur Ender,David Linn,Doug Clove
David Linn,Joe Allen,Thomas Shervey,Joe Furi,Noah Ernst,Jamie Dunphy
Jamie Dunphy,Candace Avalos,Steph Routh,Noah Ernst,David Linn,Loretta Smith
Jamie Dunphy,Deian Salazar,Peggy Sue Owens,Joe Allen,Loretta Smith,Terrence Hayes
Joe Allen,Timur Ender,Doug Clove,Loretta Smith,Noah Ernst,Steph Routh
Candace Avalos,Cayle Tern,Timur Ender,,,
Loretta Smith,Terrence Hayes,Noah Ernst,Candace Avalos,Jamie Dunphy,Steph Routh
Jamie Dunphy,David Linn,Deian Salazar,Steph Routh,Candace Avalos,
David Linn,,,,,
Steph Routh,Timur Ender,Jamie Dunphy,Candace Avalos,Terrence Hayes,Loretta Smith
Terrence Hayes,Candace Avalos,Steph Routh,Loretta Smith,,
Candace Avalos,Timur Ender,Cayle Tern,,,
Terrence Hayes,Timur Ender,Steph Routh,Candace Avalos,Jamie Dunphy,Loretta Smith
Noah Ernst,Doug Clove,Joe Allen,,,
Steph Routh,Timur Ender,Candace Avalos,Jamie Dunphy,Cayle Tern,David Linn
Jamie Dunphy,Candace Avalos,Steph Routh,Noah Ernst,David Linn,Loretta Smith
Steph Routh,Terrence Hayes,Jamie Dunphy,David Linn,Loretta Smith,Timur Ender
Terrence Hayes,Timur Ender,Cayle Tern,Loretta Smith,Candace Avalos,
Jamie Dunphy,Steph Routh,Loretta Smith,,,
Terrence Hayes,Loretta Smith,Jamie Dunphy,Noah Ernst,Timur Ender,David Linn
Timur Ender,Loretta Smith,Deian Salazar,Terrence Hayes,David Linn,Candace Avalos
Steph Routh,Timur Ender,,,,
Steph Routh,Candace Avalos,Timur Ender,Jamie Dunphy,Cayle Tern,
Timur Ender,,,,,
Noah Ernst,Terrence Hayes,Doug Clove,Loretta Smith,Steph Routh,
Steph Routh,Candace Avalos,Jamie Dunphy,Loretta Smith,Timur Ender,Terrence Hayes
Terrence Hayes,Doug Clove,Joe Allen,Timur Ender,,
Steph Routh,,,,,
Joe Allen,Peggy Sue Owens,Joe Furi,Thomas Shervey,Jamie Dunphy,David Linn
Doug Clove,Loretta Smith,,,,
Terrence Hayes,Noah Ernst,Candace Avalos,,,
Steph Routh,Jamie Dunphy,Loretta Smith,Terrence Hayes,Candace Avalos,
Candace Avalos,Steph Routh,Timur Ender,Jamie Dunphy,,
Jamie Dunphy,Candace Avalos,Steph Routh,Noah Ernst,David Linn,Loretta Smith
Loretta Smith,,,,,
Jamie Dunphy,Candace Avalos,Steph Routh,Noah Ernst,David Linn,Loretta Smith
Peggy Sue Owens,Noah Ernst,Joe Allen,,,
Peggy Sue Owens,David Linn,Terrence Hayes,,,
Jamie Dunphy,,,,,
Loretta Smith,Cayle Tern,Michael (Mike) Sands,Deian Salazar,Candace Avalos,Peggy Sue Owens
Candace Avalos,Jamie Dunphy,Loretta Smith,,,
Terrence Hayes,Noah Ernst,Joe Furi,Loretta Smith,Doug Clove,Write-in-120
Terrence Hayes,,,,,
Deian Salazar,,,,,
Thomas Shervey,Michael (Mike) Sands,Joe Allen,Noah Ernst,Joe Furi,Terrence Hayes
David Linn,Michael (Mike) Sands,Loretta Smith,Thomas Shervey,Joe Allen,Noah Ernst
Cayle Tern,,,,,
Loretta Smith,Steph Routh,Terrence Hayes,,,
Steph Routh,,,,,
Steph Routh,Candace Avalos,Jamie Dunphy,Timur Ender,,
Steph Routh,Jamie Dunphy,,,,
Noah Ernst,Joe Allen,David Linn,Doug Clove,Cayle Tern,Deian Salazar
Candace Avalos,Cayle Tern,David Linn,Steph Routh,Jamie Dunphy,
Jamie Dunphy,,,,,
Loretta Smith,Steph Routh,Terrence Hayes,Jamie Dunphy,David Linn,Cayle Tern
Candace Avalos,Timur Ender,Steph Routh,David Linn,Cayle Tern,Jamie Dunphy
Loretta Smith,,,,,
David Linn,Loretta Smith,Jamie Dunphy,Candace Avalos,Timur Ender,Joe Allen
Joe Allen,Candace Avalos,Cayle Tern,Joe Furi,Jamie Dunphy,
Candace Avalos,Deian Salazar,Peggy Sue Owens,Loretta Smith,Noah Ernst,Terrence Hayes
Noah Ernst,Joe Allen,Cayle Tern,Doug Clove,Deian Salazar,Steph Routh
Deian Salazar,Joe Allen,Timur Ender,Terrence Hayes,Loretta Smith,Doug Clove
Timur Ender,Doug Clove,Steph Routh,David Linn,Candace Avalos,Cayle Tern
Steph Routh,Terrence Hayes,Jamie Dunphy,Candace Avalos,Timur Ender,Loretta Smith
Candace Avalos,Terrence Hayes,Joe Furi,Michael (Mike) Sands,Steph Routh,Jamie Dunphy
Joe Allen,Thomas Shervey,Joe Furi,Jamie Dunphy,Michael (Mike) Sands,David Linn
Joe Furi,Thomas Shervey,Candace Avalos,Michael (Mike) Sands,Steph Routh,David Linn
Candace Avalos,Jamie Dunphy,Timur Ender,Noah Ernst,Steph Routh,Terrence Hayes
Noah Ernst,Terrence Hayes,Joe Furi,Doug Clove,,
Noah Ernst,David Linn,Terrence Hayes,Loretta Smith,Cayle Tern,Deian Salazar
Loretta Smith,,,,,
Loretta Smith,Terrence Hayes,Steph Routh,Michael (Mike) Sands,Deian Salazar,Timur Ender
Peggy Sue Owens,Timur Ender,,,,
Steph Routh,Thomas Shervey,Cayle Tern,Noah Ernst,,
Loretta Smith,Timur Ender,Steph Routh,Noah Ernst,Terrence Hayes,Candace Avalos
Steph Routh,,,,,
Candace Avalos,Jamie Dunphy,Michael (Mike) Sands,Terrence Hayes,Cayle Tern,Timur Ender
Steph Routh,Jamie Dunphy,Candace Avalos,Loretta Smith,Timur Ender,Terrence Hayes
Loretta Smith,,,,,
Terrence Hayes,Noah Ernst,Doug Clove,,,
Loretta Smith,,,,,
Candace Avalos,Michael (Mike) Sands,Loretta Smith,Steph Routh,Terrence Hayes,Cayle Tern
Loretta Smith,Terrence Hayes,,,,
Loretta Smith,Thomas Shervey,,,,
Jamie Dunphy,Steph Routh,Michael (Mike) Sands,Joe Furi,David Linn,Cayle Tern
Noah Ernst,Terrence Hayes,Joe Allen,Doug Clove,,
Doug Clove,Joe Furi,Steph Routh,Noah Ernst,Joe Allen,Candace Avalos
Deian Salazar,Noah Ernst,Doug Clove,Joe Allen,,
Candace Avalos,Steph Routh,Jamie Dunphy,Timur Ender,,
Jamie Dunphy,Candace Avalos,Steph Routh,Noah Ernst,David Linn,
Candace Avalos,Jamie Dunphy,Timur Ender,Loretta Smith,Steph Routh,Cayle Tern
Steph Routh,Jamie Dunphy,Thomas Shervey,,,
Loretta Smith,Timur Ender,Cayle Tern,David Linn,Jamie Dunphy,Candace Avalos
Candace Avalos,David Linn,Doug Clove,Loretta Smith,Deian Salazar,Terrence Hayes
Timur Ender,Steph Routh,Candace Avalos,Cayle Tern,Jamie Dunphy,Thomas Shervey
Jamie Dunphy,Thomas Shervey,Joe Furi,,,
Terrence Hayes,Jamie Dunphy,Noah Ernst,Deian Salazar,David Linn,Joe Furi
Loretta Smith,Jamie Dunphy,,,,
Jamie Dunphy,Candace Avalos,Steph Routh,,,
Steph Routh,Jamie Dunphy,Peggy Sue Owens,,,
Noah Ernst,Terrence Hayes,,,,
Terrence Hayes,,,,,
Jamie Dunphy,,,,,
Noah Ernst,Terrence Hayes,Joe Furi,Loretta Smith,Doug Clove,
Candace Avalos,Jamie Dunphy,Steph Routh,Timur Ender,Loretta Smith,Noah Ernst
Timur Ender,Candace Avalos,Jamie Dunphy,Cayle Tern,Steph Routh,David Linn
Michael (Mike) Sands,Cayle Tern,Deian Salazar,Steph Routh,Jamie Dunphy,
Candace Avalos,Jamie Dunphy,Loretta Smith,,,
Terrence Hayes,Timur Ender,Cayle Tern,Loretta Smith,Candace Avalos,
Noah Ernst,Terrence Hayes,Joe Furi,Loretta Smith,Doug Clove,
Cayle Tern,,,,,
Candace Avalos,Cayle Tern,Timur Ender,,,
Joe Furi,Steph Routh,Cayle Tern,,,
Noah Ernst,Michael (Mike) Sands,David Linn,Terrence Hayes,Loretta Smith,Peggy Sue Owens
Noah Ernst,Peggy Sue Owens,Joe Allen,Loretta Smith,Terrence Hayes,David Linn
Candace Avalos,Steph Routh,Jamie Dunphy,Timur Ender,,
Michael (Mike) Sands,Terrence Hayes,,,,
Candace Avalos,Cayle Tern,Loretta Smith,Jamie Dunphy,Timur Ender,Michael (Mike) Sands
Steph Routh,Jamie Dunphy,Loretta Smith,David Linn,Terrence Hayes,
Noah Ernst,Thomas Shervey,Loretta Smith,,,
Jamie Dunphy,Terrence Hayes,Loretta Smith,Timur Ender,Candace Avalos,
Terrence Hayes,Noah Ernst,,,,
Loretta Smith,,,,,
Noah Ernst,Doug Clove,Steph Routh,Cayle Tern,Candace Avalos,Terrence Hayes
Steph Routh,Candace Avalos,,,,
Jamie Dunphy,Noah Ernst,Terrence Hayes,Candace Avalos,Steph Routh,
Noah Ernst,David Linn,Michael (Mike) Sands,Joe Furi,Deian Salazar,Loretta Smith
,,,,,
Loretta Smith,Steph Routh,Jamie Dunphy,Terrence Hayes,Candace Avalos,
Jamie Dunphy,Steph Routh,Noah Ernst,,,
Terrence Hayes,Candace Avalos,David Linn,Cayle Tern,Doug Clove,Joe Furi
Loretta Smith,Candace Avalos,Timur Ender,Terrence Hayes,,
Noah Ernst,Terrence Hayes,,,,
Candace Avalos,Timur Ender,Steph Routh,Cayle Tern,,
Doug Clove,,,,,
Joe Furi,Michael (Mike) Sands,Loretta Smith,Terrence Hayes,Steph Routh,Jamie Dunphy
Jamie Dunphy,Loretta Smith,Candace Avalos,,,
Jamie Dunphy,Steph Routh,,,,
,,,,,
David Linn,Michael (Mike) Sands,Candace Avalos,Timur Ender,Joe Furi,Loretta Smith
Cayle Tern,Loretta Smith,Steph Routh,Doug Clove,Deian Salazar,Candace Avalos
Steph Routh,Timur Ender,Candace Avalos,Noah Ernst,,
Candace Avalos,Cayle Tern,Timur Ender,,,
Noah Ernst,Doug Clove,David Linn,,,
Loretta Smith,Deian Salazar,Doug Clove,,,
Loretta Smith,Steph Routh,Jamie Dunphy,Candace Avalos,Terrence Hayes,Timur Ender
Doug Clove,Noah Ernst,Loretta Smith,,,
Candace Avalos,Cayle Tern,Timur Ender,,,
Terrence Hayes,Noah Ernst,Joe Furi,Loretta Smith,Doug Clove,Write-in-120
Michael (Mike) Sands,Noah Ernst,Jamie Dunphy,,,
David Linn,Doug Clove,Terrence Hayes,Jamie Dunphy,Steph Routh,Joe Furi
Joe Furi,Timur Ender,Steph Routh,,,
Steph Routh,Joe Allen,Terrence Hayes,Noah Ernst,Jamie Dunphy,Cayle Tern
Michael (Mike) Sands,Loretta Smith,Steph Routh,Jamie Dunphy,Peggy Sue Owens,David Linn
Steph Routh,Candace Avalos,Jamie Dunphy,Timur Ender,,
Jamie Dunphy,David Linn,Cayle Tern,Timur Ender,Steph Routh,Candace Avalos
Jamie Dunphy,Joe Allen,Noah Ernst,Cayle Tern,,
Jamie Dunphy,Steph Routh,Timur Ender,,,
Noah Ernst,Terrence Hayes,Loretta Smith,,,
Cayle Tern,Candace Avalos,Timur Ender,,,
Loretta Smith,Thomas Shervey,,,,
Steph Routh,Thomas Shervey,Michael (Mike) Sands,Doug Clove,Terrence Hayes,Loretta Smith
Noah Ernst,David Linn,Terrence Hayes,Michael (Mike) Sands,Jamie Dunphy,Peggy Sue Owens
Terrence Hayes,Noah Ernst,Candace Avalos,,,
Cayle Tern,Candace Avalos,Timur Ender,Terrence Hayes,Steph Routh,Loretta Smith
Jamie Dunphy,Candace Avalos,Steph Routh,Timur Ender,Loretta Smith,
Michael (Mike) Sands,Terrence Hayes,,,,
Terrence Hayes,Steph Routh,Noah Ernst,Cayle Tern,Peggy Sue Owens,Loretta Smith
Noah Ernst,Steph Routh,Loretta Smith,Deian Salazar,Cayle Tern,Timur Ender
Terrence Hayes,Steph Routh,Timur Ender,Candace Avalos,Jamie Dunphy,Michael (Mike) Sands
Thomas Shervey,David Linn,Candace Avalos,Timur Ender,Terrence Hayes,Noah Ernst
Terrence Hayes,,,,,
Loretta Smith,Candace Avalos,Terrence Hayes,Cayle Tern,,
Timur Ender,Jamie Dunphy,David Linn,,,
David Linn,Deian Salazar,,,,
Peggy Sue Owens,Candace Avalos,Cayle Tern,Deian Salazar,Jamie Dunphy,Joe Furi
Noah Ernst,Doug Clove,Deian Salazar,Steph Routh,Loretta Smith,Joe Allen
Terrence Hayes,Steph Routh,Deian Salazar,Loretta Smith,Candace Avalos,Timur Ender
Candace Avalos,Steph Routh,Timur Ender,Jamie Dunphy,Loretta Smith,Noah Ernst
David Linn,Michael (Mike) Sands,Timur Ender,Thomas Shervey,Loretta Smith,Jamie Dunphy
Steph Routh,Timur Ender,Candace Avalos,Jamie Dunphy,Noah Ernst,Terrence Hayes
Candace Avalos,Cayle Tern,Timur Ender,,,
Candace Avalos,Steph Routh,Timur Ender,Jamie Dunphy,Loretta Smith,Cayle Tern
Deian Salazar,Doug Clove,Michael (Mike) Sands,Terrence Hayes,Steph Routh,Joe Allen
Candace Avalos,Cayle Tern,Timur Ender,,,
Steph Routh,David Linn,Timur Ender,Candace Avalos,,
Noah Ernst,Joe Furi,Doug Clove,,,
Timur Ender,,,,,
Candace Avalos,Timur Ender,Terrence Hayes,Loretta Smith,Steph Routh,Michael (Mike) Sands
Timur Ender,Candace Avalos,Loretta Smith,Steph Routh,David Linn,Joe Allen
Noah Ernst,Terrence Hayes,Joe Furi,Loretta Smith,Doug Clove,Write-in-120
Loretta Smith,Terrence Hayes,Michael (Mike) Sands,,,
Timur Ender,Candace Avalos,Terrence Hayes,Loretta Smith,,
Timur Ender,Deian Salazar,Terrence Hayes,,,
Terrence Hayes,Steph Routh,Loretta Smith,,,
Timur Ender,David Linn,Michael (Mike) Sands,Loretta Smith,Terrence Hayes,Candace Avalos
Loretta Smith,Doug Clove,Terrence Hayes,Noah Ernst,,
Candace Avalos,Steph Routh,Jamie Dunphy,Timur Ender,Cayle Tern,David Linn
Steph Routh,Timur Ender,Candace Avalos,Loretta Smith,Terrence Hayes,Jamie Dunphy
David Linn,Joe Allen,Candace Avalos,,,
Candace Avalos,Timur Ender,Joe Allen,,,
Deian Salazar,Candace Avalos,Timur Ender,Steph Routh,,
Candace Avalos,Steph Routh,Timur Ender,Jamie Dunphy,Loretta Smith,Peggy Sue Owens
Candace Avalos,Cayle Tern,Jamie Dunphy,Steph Routh,,
Jamie Dunphy,Cayle Tern,Candace Avalos,Timur Ender,Deian Salazar,Terrence Hayes
Jamie Dunphy,Steph Routh,Doug Clove,Joe Furi,Michael (Mike) Sands,Terrence Hayes
Timur Ender,,,,,
Jamie Dunphy,Terrence Hayes,Steph Routh,Deian Salazar,Candace Avalos,Loretta Smith
Terrence Hayes,Noah Ernst,Doug Clove,,,
Steph Routh,Jamie Dunphy,Candace Avalos,David Linn,,
Terrence Hayes,Loretta Smith,Jamie Dunphy,Candace Avalos,Cayle Tern,
Jamie Dunphy,Candace Avalos,Steph Routh,,,
Candace Avalos,Noah Ernst,Joe Allen,David Linn,Cayle Tern,Timur Ender
Jamie Dunphy,Steph Routh,Candace Avalos,Timur Ender,Loretta Smith,
Noah Ernst,Doug Clove,,,,
Jamie Dunphy,Candace Avalos,,,,
Loretta Smith,Candace Avalos,Cayle Tern,Terrence Hayes,Timur Ender,
Joe Allen,,,,,
Timur Ender,,,,,
Michael (Mike) Sands,,,,,
Noah Ernst,Terrence Hayes,Doug Clove,,,
Peggy Sue Owens,Joe Allen,David Linn,Doug Clove,Michael (Mike) Sands,Thomas Shervey
Steph Routh,Timur Ender,Candace Avalos,,,
Candace Avalos,Steph Routh,Terrence Hayes,Jamie Dunphy,Timur Ender,
Cayle Tern,Candace Avalos,Noah Ernst,Thomas Shervey,Deian Salazar,Steph Routh
,,,,,
Jamie Dunphy,Candace Avalos,Steph Routh,,,
Candace Avalos,Cayle Tern,Timur Ender,Steph Routh,Jamie Dunphy,David Linn
Terrence Hayes,Steph Routh,,,,
Cayle Tern,Timur Ender,Jamie Dunphy,Candace Avalos,Steph Routh,David Linn
Jamie Dunphy,Candace Avalos,Timur Ender,Noah Ernst,Steph Routh,
Noah Ernst,Joe Furi,Deian Salazar,Thomas Shervey,,
Timur Ender,Candace Avalos,Deian Salazar,Loretta Smith,Steph Routh,Jamie Dunphy
Noah Ernst,,,,,
Candace Avalos,Steph Routh,Jamie Dunphy,Timur Ender,,
Deian Salazar,,,,,
Jamie Dunphy,Timur Ender,Steph Routh,Terrence Hayes,Candace Avalos,Loretta Smith
Loretta Smith,Candace Avalos,David Linn,Peggy Sue Owens,,
Peggy Sue Owens,,,,,
Timur Ender,Joe Allen,Joe Furi,Noah Ernst,Loretta Smith,Steph Routh
Noah Ernst,,,,,
Jamie Dunphy,Steph Routh,Loretta Smith,Timur Ender,Joe Allen,Candace Avalos
Noah Ernst,,,,,
Steph Routh,,,,,
,,,,,
Peggy Sue Owens,Michael (Mike) Sands,,,,
Loretta Smith,Terrence Hayes,Jamie Dunphy,Noah Ernst,Doug Clove,
Terrence Hayes,Timur Ender,David Linn,Doug Clove,Thomas Shervey,Steph Routh
,,,,,
Candace Avalos,Timur Ender,Steph Routh,Jamie Dunphy,Terrence Hayes,Cayle Tern
Loretta Smith,Doug Clove,Candace Avalos,,,
Doug Clove,Loretta Smith,Terrence Hayes,Deian Salazar,,
Jamie Dunphy,Loretta Smith,Candace Avalos,Timur Ender,Steph Routh,Thomas Shervey
Timur Ender,Thomas Shervey,,,,
Noah Ernst,Terrence Hayes,Joe Furi,Loretta Smith,Doug Clove,Write-in-120
Steph Routh,Loretta Smith,Candace Avalos,,,
Candace Avalos,Loretta Smith,Noah Ernst,,,
Doug Clove,,,,,
Jamie Dunphy,Deian Salazar,Joe Furi,Noah Ernst,Timur Ender,Michael (Mike) Sands
David Linn,Thomas Shervey,Doug Clove,,,
Steph Routh,,,,,
Jamie Dunphy,Michael (Mike) Sands,Candace Avalos,Noah Ernst,,
Noah Ernst,Doug Clove,Thomas Shervey,,,
Candace Avalos,Timur Ender,David Linn,Michael (Mike) Sands,Loretta Smith,Terrence Hayes
Candace Avalos,Doug Clove,Timur Ender,,,
Timur Ender,Candace Avalos,Steph Routh,Jamie Dunphy,,
Candace Avalos,Jamie Dunphy,Steph Routh,Terrence Hayes,,
Loretta Smith,,,,,
Thomas Shervey,Doug Clove,David Linn,Jamie Dunphy,,
Terrence Hayes,David Linn,Steph Routh,Candace Avalos,,
Candace Avalos,Peggy Sue Owens,Cayle Tern,Loretta Smith,Michael (Mike) Sands,Noah Ernst
Loretta Smith,Jamie Dunphy,Noah Ernst,,,
Timur Ender,Candace Avalos,Jamie Dunphy,Loretta Smith,Steph Routh,Terrence Hayes
Cayle Tern,,,,,
Terrence Hayes,Noah Ernst,Candace Avalos,,,
Jamie Dunphy,Terrence Hayes,Timur Ender,Loretta Smith,Candace Avalos,Steph Routh
Loretta Smith,Candace Avalos,Timur Ender,Peggy Sue Owens,David Linn,Steph Routh
Candace Avalos,Jamie Dunphy,Steph Routh,,,
Loretta Smith,,,,,
,,,,,
Loretta Smith,,,,,
Candace Avalos,,,,,
Candace Avalos,Steph Routh,Jamie Dunphy,Timur Ender,,
Joe Allen,Cayle Tern,Deian Salazar,Jamie Dunphy,Thomas Shervey,Candace Avalos
Terrence Hayes,Loretta Smith,Noah Ernst,,,
Candace Avalos,Loretta Smith,Terrence Hayes,,,
Steph Routh,Jamie Dunphy,Timur Ender,,,
Jamie Dunphy,Candace Avalos,Steph Routh,Noah Ernst,David Linn,
Loretta Smith,,,,,
Terrence Hayes,Candace Avalos,Jamie Dunphy,Timur Ender,David Linn,Noah Ernst
Steph Routh,Loretta Smith,Timur Ender,Jamie Dunphy,Candace Avalos,
Doug Clove,Terrence Hayes,Michael (Mike) Sands,David Linn,Joe Allen,Timur Ender
Steph Routh,Candace Avalos,Loretta Smith,Terrence Hayes,Timur Ender,Jamie Dunphy
Timur Ender,,,,,
Candace Avalos,Terrence Hayes,Loretta Smith,Cayle Tern,Jamie Dunphy,Deian Salazar
Loretta Smith,,,,,
Candace Avalos,Loretta Smith,Terrence Hayes,Timur Ender,David Linn,Cayle Tern
Candace Avalos,Loretta Smith,Terrence Hayes,Joe Allen,Steph Routh,Peggy Sue Owens
Loretta Smith,Candace Avalos,David Linn,Steph Routh,Peggy Sue Owens,Terrence Hayes
Terrence Hayes,Doug Clove,Loretta Smith,David Linn,Noah Ernst,Steph Routh
Doug Clove,Noah Ernst,Terrence Hayes,Thomas Shervey,,
Cayle Tern,Noah Ernst,Doug Clove,Steph Routh,Deian Salazar,Thomas Shervey
Thomas Shervey,Jamie Dunphy,Loretta Smith,Doug Clove,David Linn,Timur Ender
Steph Routh,Noah Ernst,Terrence Hayes,Jamie Dunphy,Candace Avalos,Loretta Smith
Terrence Hayes,Jamie Dunphy,Loretta Smith,Candace Avalos,Cayle Tern,Steph Routh
Cayle Tern,Loretta Smith,Terrence Hayes,Jamie Dunphy,,
Noah Ernst,,,,,
Timur Ender,Candace Avalos,,,,
Jamie Dunphy,Timur Ender,Cayle Tern,Steph Routh,Thomas Shervey,Michael (Mike) Sands
Timur Ender,Noah Ernst,Terrence Hayes,,,
Steph Routh,Candace Avalos,Terrence Hayes,Timur Ender,Peggy Sue Owens,David Linn
Loretta Smith,Joe Allen,Noah Ernst,Jamie Dunphy,,
Steph Routh,Jamie Dunphy,Candace Avalos,,,
Timur Ender,David Linn,Steph Routh,Loretta Smith,,
Jamie Dunphy,Steph Routh,Peggy Sue Owens,Candace Avalos,,
Noah Ernst,Terrence Hayes,Loretta Smith,,,
Timur Ender,Candace Avalos,Loretta Smith,Terrence Hayes,Steph Routh,Jamie Dunphy
Candace Avalos,Cayle Tern,Loretta Smith,Steph Routh,,
Terrence Hayes,Loretta Smith,Joe Allen,Doug Clove,Peggy Sue Owens,
Terrence Hayes,,,,,
Loretta Smith,Steph Routh,Terrence Hayes,Deian Salazar,,
Candace Avalos,Steph Routh,Timur Ender,Jamie Dunphy,Cayle Tern,Loretta Smith
Timur Ender,Candace Avalos,Cayle Tern,Steph Routh,Jamie Dunphy,David Linn
Timur Ender,Jamie Dunphy,Michael (Mike) Sands,Steph Routh,Terrence Hayes,Loretta Smith
Timur Ender,Cayle Tern,Jamie Dunphy,Loretta Smith,Terrence Hayes,Candace Avalos
Candace Avalos,Timur Ender,Steph Routh,Cayle Tern,David Linn,
Loretta Smith,Candace Avalos,,,,
Steph Routh,Loretta Smith,Terrence Hayes,,,
Noah Ernst,Terrence Hayes,Joe Furi,Loretta Smith,Doug Clove,
Loretta Smith,,,,,
Terrence Hayes,Noah Ernst,Joe Furi,Loretta Smith,Doug Clove,Write-in-120
Candace Avalos,Jamie Dunphy,Steph Routh,Timur Ender,Noah Ernst,David Linn
Steph Routh,Timur Ender,Candace Avalos,Jamie Dunphy,David Linn,Michael (Mike) Sands
Michael (Mike) Sands,,,,,
Joe Allen,,,,,
David Linn,Deian Salazar,,,,
Jamie Dunphy,Candace Avalos,Steph Routh,Noah Ernst,David Linn,Loretta Smith
Michael (Mike) Sands,Candace Avalos,,,,
Noah Ernst,Deian Salazar,Thomas Shervey,,,
Timur Ender,Jamie Dunphy,Steph Routh,Terrence Hayes,,
Doug Clove,,,,,
Loretta Smith,Terrence Hayes,,,,
David Linn,Loretta Smith,Jamie Dunphy,Joe Furi,Candace Avalos,Peggy Sue Owens
Steph Routh,Jamie Dunphy,Terrence Hayes,,,
Jamie Dunphy,Candace Avalos,Steph Routh,,,
Candace Avalos,Loretta Smith,Terrence Hayes,Deian Salazar,Thomas Shervey,Jamie Dunphy
Loretta Smith,Terrence Hayes,Timur Ender,Candace Avalos,,
Jamie Dunphy,Candace Avalos,Steph Routh,,,
Peggy Sue Owens,Terrence Hayes,Noah Ernst,,,
Candace Avalos,Timur Ender,Steph Routh,Terrence Hayes,Cayle Tern,Noah Ernst
Terrence Hayes,Jamie Dunphy,Cayle Tern,Michael (Mike) Sands,David Linn,Loretta Smith
Jamie Dunphy,Candace Avalos,Timur Ender,Steph Routh,Thomas Shervey,Doug Clove
Loretta Smith,Terrence Hayes,Thomas Shervey,,,
Candace Avalos,Timur Ender,Joe Allen,Terrence Hayes,Jamie Dunphy,Steph Routh
Noah Ernst,Joe Allen,Candace Avalos,Joe Furi,Loretta Smith,Terrence Hayes
Steph Routh,Jamie Dunphy,Candace Avalos,,,
Terrence Hayes,Steph Routh,Timur Ender,Thomas Shervey,Candace Avalos,Deian Salazar
Candace Avalos,Terrence Hayes,Steph Routh,Loretta Smith,Cayle Tern,Doug Clove
Timur Ender,Loretta Smith,,,,
Steph Routh,Candace Avalos,Jamie Dunphy,Joe Furi,David Linn,Cayle Tern
Jamie Dunphy,David Linn,Candace Avalos,Steph Routh,,
Steph Routh,,,,,
Terrence Hayes,Noah Ernst,Candace Avalos,Loretta Smith,Timur Ender,Joe Allen
Candace Avalos,Jamie Dunphy,Thomas Shervey,,,
Timur Ender,Candace Avalos,Steph Routh,Jamie Dunphy,Michael (Mike) Sands,Cayle Tern
Terrence Hayes,Steph Routh,Timur Ender,Candace Avalos,Jamie Dunphy,Michael (Mike) Sands
Noah Ernst,Terrence Hayes,Joe Furi,Loretta Smith,Doug Clove,
Loretta Smith,Thomas Shervey,Timur Ender,Terrence Hayes,Steph Routh,Jamie Dunphy
Noah Ernst,Terrence Hayes,Doug Clove,Deian Salazar,Steph Routh,Loretta Smith
Deian Salazar,Doug Clove,Terrence Hayes,Candace Avalos,,
Candace Avalos,Cayle Tern,Timur Ender,,,
Doug Clove,,,,,
Candace Avalos,,,,,
Loretta Smith,Peggy Sue Owens,Candace Avalos,Deian Salazar,Steph Routh,
Loretta Smith,Cayle Tern,Joe Allen,Candace Avalos,Deian Salazar,Jamie Dunphy
Candace Avalos,Timur Ender,Steph Routh,Jamie Dunphy,Noah Ernst,Loretta Smith
Candace Avalos,Terrence Hayes,Noah Ernst,Timur Ender,,
Candace Avalos,Jamie Dunphy,Steph Routh,Thomas Shervey,,
Noah Ernst,Terrence Hayes,Joe Furi,Loretta Smith,Doug Clove,
Loretta Smith,Steph Routh,Candace Avalos,Timur Ender,Terrence Hayes,Jamie Dunphy
Timur Ender,Candace Avalos,Jamie Dunphy,Michael (Mike) Sands,Thomas Shervey,Steph Routh
Terrence Hayes,Loretta Smith,David Linn,,,
Loretta Smith,Jamie Dunphy,David Linn,Terrence Hayes,Steph Routh,Michael (Mike) Sands
Candace Avalos,Jamie Dunphy,Steph Routh,,,
Doug Clove,Thomas Shervey,David Linn,Noah Ernst,Joe Allen,
Candace Avalos,Timur Ender,Jamie Dunphy,Cayle Tern,Steph Routh,
,,,,,
Noah Ernst,Loretta Smith,Terrence Hayes,,,
Deian Salazar,Terrence Hayes,Timur Ender,Candace Avalos,Cayle Tern,Jamie Dunphy
Candace Avalos,Cayle Tern,David Linn,Joe Furi,Joe Allen,Jamie Dunphy
Jamie Dunphy,Steph Routh,Candace Avalos,,,
Write-in-120,,,,,
Candace Avalos,Steph Routh,Jamie Dunphy,Timur Ender,Cayle Tern,
Steph Routh,David Linn,Timur Ender,Jamie Dunphy,Candace Avalos,Cayle Tern
Steph Routh,Jamie Dunphy,Cayle Tern,,,
Noah Ernst,Jamie Dunphy,,,,
Noah Ernst,David Linn,Doug Clove,Thomas Shervey,Timur Ender,Joe Allen
Joe Allen,Noah Ernst,,,,
Noah Ernst,Deian Salazar,David Linn,Write-in-120,Thomas Shervey,
Loretta Smith,Michael (Mike) Sands,Noah Ernst,Timur Ender,David Linn,Terrence Hayes
Loretta Smith,Peggy Sue Owens,Deian Salazar,Cayle Tern,Write-in-121,Steph Routh
Terrence Hayes,Steph Routh,,,,
Cayle Tern,Loretta Smith,Candace Avalos,Deian Salazar,Timur Ender,Jamie Dunphy
Deian Salazar,Terrence Hayes,Doug Clove,Noah Ernst,Michael (Mike) Sands,
Loretta Smith,Deian Salazar,Candace Avalos,Terrence Hayes,Noah Ernst,
Jamie Dunphy,Timur Ender,Loretta Smith,Candace Avalos,Cayle Tern,Doug Clove
Loretta Smith,Candace Avalos,Timur Ender,Steph Routh,Terrence Hayes,Jamie Dunphy
Candace Avalos,Noah Ernst,Jamie Dunphy,,,
Thomas Shervey,Michael (Mike) Sands,Jamie Dunphy,David Linn,Steph Routh,
Candace Avalos,Timur Ender,Cayle Tern,Steph Routh,Jamie Dunphy,David Linn
Terrence Hayes,Loretta Smith,Candace Avalos,,,
Michael (Mike) Sands,Steph Routh,Candace Avalos,Noah Ernst,Timur Ender,
Candace Avalos,Timur Ender,Steph Routh,Jamie Dunphy,Cayle Tern,David Linn
Candace Avalos,Noah Ernst,Terrence Hayes,Jamie Dunphy,,
Joe Allen,Michael (Mike) Sands,Peggy Sue Owens,Thomas Shervey,David Linn,Timur Ender
Timur Ender,Candace Avalos,Doug Clove,Loretta Smith,Jamie Dunphy,
Timur Ender,David Linn,Deian Salazar,Steph Routh,,
Candace Avalos,,,,,
Noah Ernst,,,,,
Noah Ernst,Cayle Tern,Doug Clove,Terrence Hayes,Loretta Smith,Deian Salazar
Timur Ender,Candace Avalos,Michael (Mike) Sands,Loretta Smith,Jamie Dunphy,Thomas Shervey
Jamie Dunphy,Steph Routh,Candace Avalos,Terrence Hayes,David Linn,Timur Ender
Jamie Dunphy,Candace Avalos,Timur Ender,David Linn,Cayle Tern,Michael (Mike) Sands
Loretta Smith,Steph Routh,Joe Furi,Candace Avalos,Cayle Tern,Jamie Dunphy
Noah Ernst,Doug Clove,Terrence Hayes,,,
Candace Avalos,Steph Routh,Timur Ender,Thomas Shervey,David Linn,Loretta Smith
David Linn,Timur Ender,Steph Routh,,,
Noah Ernst,,,,,
Peggy Sue Owens,Candace Avalos,Joe Allen,Doug Clove,Steph Routh,
Candace Avalos,Loretta Smith,Terrence Hayes,Timur Ender,Steph Routh,Jamie Dunphy
Noah Ernst,David Linn,Thomas Shervey,Steph Routh,Jamie Dunphy,Joe Furi
Candace Avalos,Steph Routh,Loretta Smith,Doug Clove,Peggy Sue Owens,Terrence Hayes
Jamie Dunphy,Loretta Smith,Candace Avalos,Steph Routh,Terrence Hayes,Timur Ender
Thomas Shervey,Joe Allen,Loretta Smith,,,
Doug Clove,,,,,
Timur Ender,Candace Avalos,Steph Routh,Loretta Smith,Terrence Hayes,
Jamie Dunphy,,,,,
Timur Ender,Noah Ernst,Peggy Sue Owens,Terrence Hayes,Loretta Smith,Joe Allen
Candace Avalos,Steph Routh,Terrence Hayes,,,
Noah Ernst,Joe Allen,Doug Clove,Steph Routh,Michael (Mike) Sands,Cayle Tern
David Linn,Michael (Mike) Sands,Loretta Smith,Thomas Shervey,Joe Allen,Noah Ernst
Timur Ender,Candace Avalos,Steph Routh,Cayle Tern,Jamie Dunphy,Deian Salazar
Loretta Smith,,,,,
Noah Ernst,Loretta Smith,David Linn,Timur Ender,Peggy Sue Owens,Joe Allen
Doug Clove,Noah Ernst,David Linn,Cayle Tern,,
Doug Clove,Joe Furi,Noah Ernst,Joe Allen,,
Candace Avalos,,,,,
Loretta Smith,,,,,
Candace Avalos,Cayle Tern,Timur Ender,Jamie Dunphy,Steph Routh,David Linn
Steph Routh,Jamie Dunphy,Timur Ender,,,
Loretta Smith,Timur Ender,Terrence Hayes,,,
Noah Ernst,David Linn,,,,
Terrence Hayes,Candace Avalos,Jamie Dunphy,Steph Routh,Loretta Smith,Joe Allen
Noah Ernst,Terrence Hayes,Candace Avalos,Joe Allen,Cayle Tern,Thomas Shervey
Doug Clove,,,,,
Loretta Smith,Terrence Hayes,Steph Routh,Jamie Dunphy,,
Steph Routh,Jamie Dunphy,Terrence Hayes,,,
Candace Avalos,,,,,
Deian Salazar,Jamie Dunphy,Candace Avalos,Timur Ender,Loretta Smith,Terrence Hayes
Deian Salazar,Jamie Dunphy,Joe Furi,Joe Allen,,
Noah Ernst,,,,,
Timur Ender,Jamie Dunphy,Candace Avalos,,,
Jamie Dunphy,Candace Avalos,Steph Routh,Noah Ernst,David Linn,Loretta Smith
Candace Avalos,Cayle Tern,Timur Ender,Steph Routh,Loretta Smith,Jamie Dunphy
Loretta Smith,Terrence Hayes,Noah Ernst,Steph Routh,Timur Ender,
Noah Ernst,Loretta Smith,Terrence Hayes,Candace Avalos,Jamie Dunphy,Timur Ender
Noah Ernst,Joe Allen,David Linn,Doug Clove,Michael (Mike) Sands,Jamie Dunphy
Steph Routh,Candace Avalos,Jamie Dunphy,,,
Noah Ernst,David Linn,Deian Salazar,Terrence Hayes,Loretta Smith,Candace Avalos
Candace Avalos,Steph Routh,Timur Ender,,,
Loretta Smith,Steph Routh,Jamie Dunphy,Terrence Hayes,Timur Ender,Candace Avalos
Joe Allen,David Linn,Michael (Mike) Sands,Noah Ernst,Joe Furi,
Loretta Smith,Terrence Hayes,Deian Salazar,David Linn,Candace Avalos,Cayle Tern
Terrence Hayes,Deian Salazar,David Linn,,,
Timur Ender,Candace Avalos,Loretta Smith,Jamie Dunphy,,
Jamie Dunphy,David Linn,Candace Avalos,Steph Routh,Timur Ender,Terrence Hayes
Jamie Dunphy,,,,,
Doug Clove,Joe Allen,Candace Avalos,,,
Noah Ernst,,,,,
Loretta Smith,Peggy Sue Owens,,,,
Steph Routh,Terrence Hayes,Loretta Smith,Candace Avalos,Cayle Tern,Timur Ender
Doug Clove,Cayle Tern,Loretta Smith,,,
Candace Avalos,Timur Ender,Cayle Tern,Joe Allen,Michael (Mike) Sands,Terrence Hayes
Candace Avalos,Steph Routh,Thomas Shervey,,,
Jamie Dunphy,Candace Avalos,Steph Routh,Noah Ernst,David Linn,Loretta Smith
Jamie Dunphy,David Linn,Noah Ernst,Terrence Hayes,Joe Furi,
Jamie Dunphy,Steph Routh,Candace Avalos,,,
Loretta Smith,Terrence Hayes,Steph Routh,Jamie Dunphy,David Linn,Candace Avalos
Jamie Dunphy,Terrence Hayes,Michael (Mike) Sands,David Linn,Doug Clove,Steph Routh
Peggy Sue Owens,Noah Ernst,,,,
Deian Salazar,Steph Routh,Terrence Hayes,David Linn,Joe Furi,
Candace Avalos,Jamie Dunphy,Steph Routh,,,
Steph Routh,Candace Avalos,Cayle Tern,Timur Ender,,
Noah Ernst,Timur Ender,,,,
Terrence Hayes,Loretta Smith,,,,
Timur Ender,Steph Routh,Doug Clove,David Linn,Candace Avalos,Joe Furi
Loretta Smith,Joe Allen,Joe Furi,Jamie Dunphy,Michael (Mike) Sands,Timur Ender
Steph Routh,Loretta Smith,Noah Ernst,Terrence Hayes,,
David Linn,,,,,
Noah Ernst,Joe Allen,Cayle Tern,Doug Clove,Deian Salazar,Jamie Dunphy
Jamie Dunphy,,,,,
Noah Ernst,,,,,
Noah Ernst,Doug Clove,Joe Allen,Jamie Dunphy,Terrence Hayes,Deian Salazar
Loretta Smith,Candace Avalos,Steph Routh,Terrence Hayes,Jamie Dunphy,Deian Salazar
Jamie Dunphy,Steph Routh,Terrence Hayes,Timur Ender,Noah Ernst,David Linn
Loretta Smith,Jamie Dunphy,Steph Routh,Candace Avalos,,
Loretta Smith,,,,,
Steph Routh,Noah Ernst,,,,
Candace Avalos,Terrence Hayes,Thomas Shervey,Jamie Dunphy,Steph Routh,Doug Clove
Terrence Hayes,Noah Ernst,Doug Clove,,,
Noah Ernst,Jamie Dunphy,,,,
Timur Ender,Candace Avalos,Jamie Dunphy,Cayle Tern,Michael (Mike) Sands,Thomas Shervey
Jamie Dunphy,Noah Ernst,Steph Routh,Loretta Smith,David Linn,Candace Avalos
Jamie Dunphy,Candace Avalos,Steph Routh,,,
Candace Avalos,Steph Routh,Jamie Dunphy,Timur Ender,Cayle Tern,
Noah Ernst,Cayle Tern,Joe Allen,Loretta Smith,Terrence Hayes,Thomas Shervey
Jamie Dunphy,Steph Routh,Loretta Smith,Terrence Hayes,Michael (Mike) Sands,Joe Furi
Noah Ernst,Doug Clove,Loretta Smith,,,
Steph Routh,Noah Ernst,Jamie Dunphy,Loretta Smith,Candace Avalos,Terrence Hayes
Timur Ender,Doug Clove,Deian Salazar,Thomas Shervey,Terrence Hayes,
Terrence Hayes,Candace Avalos,Timur Ender,Loretta Smith,,
Timur Ender,Candace Avalos,Steph Routh,Cayle Tern,David Linn,Jamie Dunphy
Peggy Sue Owens,Michael (Mike) Sands,Jamie Dunphy,Terrence Hayes,Candace Avalos,Noah Ernst
Timur Ender,Deian Salazar,Cayle Tern,Loretta Smith,Candace Avalos,Joe Furi
Steph Routh,Jamie Dunphy,Candace Avalos,,,
Loretta Smith,Deian Salazar,Jamie Dunphy,Joe Allen,Candace Avalos,Peggy Sue Owens
Steph Routh,Jamie Dunphy,Terrence Hayes,Candace Avalos,Thomas Shervey,David Linn
Noah Ernst,,,,,
David Linn,Candace Avalos,Doug Clove,Michael (Mike) Sands,Timur Ender,Peggy Sue Owens
Loretta Smith,,,,,
Steph Routh,Candace Avalos,Timur Ender,Cayle Tern,Jamie Dunphy,
Timur Ender,Doug Clove,Joe Furi,,,
Steph Routh,Jamie Dunphy,Loretta Smith,Joe Furi,Cayle Tern,Candace Avalos
Steph Routh,Candace Avalos,Loretta Smith,Jamie Dunphy,Noah Ernst,David Linn
Terrence Hayes,Noah Ernst,Joe Furi,Loretta Smith,Doug Clove,Write-in-120
Jamie Dunphy,Noah Ernst,Joe Allen,Thomas Shervey,Terrence Hayes,Timur Ender
Candace Avalos,Timur Ender,Loretta Smith,Steph Routh,Terrence Hayes,Joe Furi
Candace Avalos,Steph Routh,Jamie Dunphy,Timur Ender,Noah Ernst,David Linn
Timur Ender,Terrence Hayes,Joe Allen,Steph Routh,Candace Avalos,Noah Ernst
Jamie Dunphy,Cayle Tern,Candace Avalos,Timur Ender,,
Jamie Dunphy,Steph Routh,Candace Avalos,Doug Clove,Timur Ender,
Steph Routh,Loretta Smith,Michael (Mike) Sands,Candace Avalos,Timur Ender,Terrence Hayes
Candace Avalos,Steph Routh,Timur Ender,Jamie Dunphy,,
Jamie Dunphy,Timur Ender,Steph Routh,Candace Avalos,Cayle Tern,
Candace Avalos,Timur Ender,Joe Allen,,,
Doug Clove,Terrence Hayes,,,,
Michael (Mike) Sands,,,,,
Jamie Dunphy,Timur Ender,Cayle Tern,Doug Clove,David Linn,Thomas Shervey
Candace Avalos,Timur Ender,Steph Routh,Jamie Dunphy,David Linn,Terrence Hayes
Terrence Hayes,Jamie Dunphy,Deian Salazar,,,
Doug Clove,Loretta Smith,Jamie Dunphy,Steph Routh,Candace Avalos,Joe Furi
Terrence Hayes,Loretta Smith,Noah Ernst,,,
Candace Avalos,Terrence Hayes,Steph Routh,Michael (Mike) Sands,David Linn,Doug Clove
Candace Avalos,Jamie Dunphy,Timur Ender,Steph Routh,,
Steph Routh,Loretta Smith,Terrence Hayes,Doug Clove,Peggy Sue Owens,Michael (Mike) Sands
Loretta Smith,David Linn,Joe Furi,Joe Allen,Peggy Sue Owens,Michael (Mike) Sands
Steph Routh,Candace Avalos,Cayle Tern,Timur Ender,,
Candace Avalos,Cayle Tern,Timur Ender,,,
Timur Ender,Cayle Tern,Candace Avalos,David Linn,Michael (Mike) Sands,Steph Routh
Peggy Sue Owens,Thomas Shervey,Noah Ernst,David Linn,,
Candace Avalos,Terrence Hayes,Deian Salazar,,,
Cayle Tern,,,,,
Peggy Sue Owens,Loretta Smith,,,,
Noah Ernst,Michael (Mike) Sands,Joe Furi,,,
Jamie Dunphy,Candace Avalos,Cayle Tern,Timur Ender,Steph Routh,
Jamie Dunphy,Michael (Mike) Sands,Steph Routh,David Linn,Thomas Shervey,Noah Ernst
Timur Ender,,,,,
Jamie Dunphy,,,,,
Peggy Sue Owens,Candace Avalos,Jamie Dunphy,Steph Routh,Cayle Tern,Deian Salazar
Jamie Dunphy,Doug Clove,,,,
,,,,,
Jamie Dunphy,,,,,
Write-in-120,Write-in-121,Write-in-122,,,
Loretta Smith,Terrence Hayes,Candace Avalos,,,
Candace Avalos,Steph Routh,Deian Salazar,,,
Candace Avalos,Jamie Dunphy,Noah Ernst,Terrence Hayes,Steph Routh,
Noah Ernst,,,,,
Jamie Dunphy,Joe Allen,,,,
Timur Ender,Steph Routh,Jamie Dunphy,Candace Avalos,Cayle Tern,David Linn
Jamie Dunphy,Loretta Smith,Steph Routh,Terrence Hayes,Timur Ender,
Steph Routh,Timur Ender,Jamie Dunphy,Candace Avalos,Loretta Smith,Noah Ernst
Michael (Mike) Sands,Doug Clove,Terrence Hayes,Steph Routh,Joe Allen,Loretta Smith
Candace Avalos,Terrence Hayes,Noah Ernst,Timur Ender,,
Terrence Hayes,Noah Ernst,Joe Furi,Loretta Smith,Doug Clove,Write-in-120
Loretta Smith,Candace Avalos,,,,
Steph Routh,Candace Avalos,Terrence Hayes,Timur Ender,Loretta Smith,
Loretta Smith,,,,,
Doug Clove,Joe Furi,Timur Ender,,,
Loretta Smith,Noah Ernst,Deian Salazar,,,
Candace Avalos,Noah Ernst,Joe Allen,David Linn,Joe Furi,Loretta Smith
Thomas Shervey,Michael (Mike) Sands,Peggy Sue Owens,Joe Allen,Loretta Smith,Candace Avalos
Terrence Hayes,Jamie Dunphy,Deian Salazar,,,
Terrence Hayes,Loretta Smith,Candace Avalos,Steph Routh,Jamie Dunphy,Timur Ender
Jamie Dunphy,Steph Routh,Terrence Hayes,Thomas Shervey,David Linn,
Steph Routh,,,,,
Loretta Smith,Candace Avalos,Steph Routh,Michael (Mike) Sands,Jamie Dunphy,Noah Ernst
Terrence Hayes,Peggy Sue Owens,Deian Salazar,Loretta Smith,Noah Ernst,Jamie Dunphy
Noah Ernst,Terrence Hayes,Joe Furi,Loretta Smith,Doug Clove,Steph Routh
Noah Ernst,Joe Allen,Cayle Tern,Joe Furi,Michael (Mike) Sands,Deian Salazar
Jamie Dunphy,Candace Avalos,Steph Routh,,,
Timur Ender,Jamie Dunphy,Loretta Smith,Candace Avalos,Cayle Tern,David Linn
Candace Avalos,Timur Ender,Joe Allen,Michael (Mike) Sands,Terrence Hayes,Steph Routh
Loretta Smith,Peggy Sue Owens,Noah Ernst,Candace Avalos,Thomas Shervey,Timur Ender
Jamie Dunphy,Candace Avalos,Steph Routh,Loretta Smith,Timur Ender,Noah Ernst
Terrence Hayes,Loretta Smith,Candace Avalos,Timur Ender,David Linn,Steph Routh
Loretta Smith,Michael (Mike) Sands,Timur Ender,Steph Routh,,
Jamie Dunphy,Steph Routh,Timur Ender,Cayle Tern,Candace Avalos,
Thomas Shervey,Michael (Mike) Sands,Doug Clove,Joe Allen,David Linn,Terrence Hayes
Doug Clove,Joe Furi,Noah Ernst,Joe Allen,,
Loretta Smith,Terrence Hayes,Steph Routh,Jamie Dunphy,Timur Ender,Candace Avalos
Candace Avalos,Joe Allen,Cayle Tern,Terrence Hayes,Loretta Smith,Timur Ender
Candace Avalos,Cayle Tern,Timur Ender,,,
Steph Routh,Peggy Sue Owens,Terrence Hayes,Timur Ender,,
Jamie Dunphy,Steph Routh,Candace Avalos,,,
Loretta Smith,,,,,
Jamie Dunphy,Loretta Smith,Terrence Hayes,Deian Salazar,Timur Ender,Candace Avalos
Steph Routh,Terrence Hayes,Candace Avalos,Jamie Dunphy,David Linn,
Timur Ender,Candace Avalos,Loretta Smith,,,
Steph Routh,Loretta Smith,Deian Salazar,Timur Ender,Noah Ernst,Cayle Tern
Jamie Dunphy,Loretta Smith,David Linn,Noah Ernst,Candace Avalos,Steph Routh
Candace Avalos,Loretta Smith,Terrence Hayes,Noah Ernst,Jamie Dunphy,Steph Routh
Loretta Smith,Deian Salazar,Terrence Hayes,Jamie Dunphy,Noah Ernst,Cayle Tern
Loretta Smith,Terrence Hayes,Steph Routh,Cayle Tern,Deian Salazar,Jamie Dunphy
Jamie Dunphy,Candace Avalos,Steph Routh,,,
Peggy Sue Owens,Candace Avalos,Cayle Tern,Joe Furi,Deian Salazar,Terrence Hayes
Terrence Hayes,,,,,
Terrence Hayes,Loretta Smith,Candace Avalos,Peggy Sue Owens,Steph Routh,Noah Ernst
Loretta Smith,Thomas Shervey,Doug Clove,Timur Ender,Joe Allen,David Linn
Terrence Hayes,Steph Routh,Jamie Dunphy,,,
Candace Avalos,Steph Routh,Timur Ender,,,
Loretta Smith,Jamie Dunphy,Timur Ender,,,
Terrence Hayes,Noah Ernst,,,,
Jamie Dunphy,,,,,
Noah Ernst,Jamie Dunphy,,,,
Candace Avalos,Jamie Dunphy,Steph Routh,David Linn,Noah Ernst,
Candace Avalos,,,,,
Candace Avalos,Steph Routh,Jamie Dunphy,Cayle Tern,Timur Ender,Michael (Mike) Sands
Loretta Smith,Terrence Hayes,Cayle Tern,David Linn,Timur Ender,Candace Avalos
David Linn,Deian Salazar,Candace Avalos,Terrence Hayes,Loretta Smith,Joe Furi
Candace Avalos,Jamie Dunphy,Steph Routh,David Linn,Loretta Smith,Noah Ernst
Write-in-122,,,,,
Steph Routh,,,,,
,,,,,
Steph Routh,Terrence Hayes,Cayle Tern,Michael (Mike) Sands,Candace Avalos,Jamie Dunphy
Peggy Sue Owens,Noah Ernst,Michael (Mike) Sands,Loretta Smith,Candace Avalos,Jamie Dunphy
Peggy Sue Owens,Timur Ender,Noah Ernst,Candace Avalos,Joe Allen,David Linn
David Linn,Terrence Hayes,Noah Ernst,Candace Avalos,Deian Salazar,Loretta Smith
Terrence Hayes,Noah Ernst,Doug Clove,,,
Candace Avalos,Steph Routh,Jamie Dunphy,,,
Timur Ender,,,,,
Noah Ernst,Deian Salazar,Loretta Smith,Terrence Hayes,,
Loretta Smith,,,,,
Timur Ender,Candace Avalos,Jamie Dunphy,Loretta Smith,Terrence Hayes,Cayle Tern
Candace Avalos,Terrence Hayes,Loretta Smith,Doug Clove,,
Candace Avalos,Loretta Smith,Steph Routh,,,
Timur Ender,Jamie Dunphy,Candace Avalos,Steph Routh,Cayle Tern,David Linn
Noah Ernst,,,,,
Peggy Sue Owens,,,,,
Loretta Smith,Doug Clove,David Linn,,,
Doug Clove,,,,,
Loretta Smith,Deian Salazar,Timur Ender,Doug Clove,Jamie Dunphy,Terrence Hayes
Timur Ender,David Linn,Candace Avalos,,,
Peggy Sue Owens,Cayle Tern,Noah Ernst,Candace Avalos,Joe Furi,Deian Salazar
Candace Avalos,Jamie Dunphy,Timur Ender,Steph Routh,,
Timur Ender,Candace Avalos,Thomas Shervey,Cayle Tern,Loretta Smith,
Steph Routh,Jamie Dunphy,Timur Ender,Terrence Hayes,,
Noah Ernst,Timur Ender,Doug Clove,Candace Avalos,Thomas Shervey,
Noah Ernst,Joe Allen,,,,
Timur Ender,Doug Clove,Loretta Smith,Thomas Shervey,,
Noah Ernst,Doug Clove,Terrence Hayes,Thomas Shervey,Joe Furi,Jamie Dunphy
Jamie Dunphy,Candace Avalos,David Linn,Cayle Tern,Steph Routh,Terrence Hayes
Candace Avalos,Loretta Smith,Joe Allen,Terrence Hayes,Steph Routh,Cayle Tern
Jamie Dunphy,Steph Routh,Terrence Hayes,Loretta Smith,,
Peggy Sue Owens,Michael (Mike) Sands,,,,
Noah Ernst,,,,,
Jamie Dunphy,Terrence Hayes,Deian Salazar,Doug Clove,Candace Avalos,Steph Routh
Noah Ernst,Doug Clove,Steph Routh,Joe Allen,Candace Avalos,Joe Furi
Peggy Sue Owens,Noah Ernst,Joe Furi,Thomas Shervey,Joe Allen,Steph Routh
Steph Routh,Jamie Dunphy,Timur Ender,Candace Avalos,David Linn,Cayle Tern
Loretta Smith,Timur Ender,Terrence Hayes,Michael (Mike) Sands,Peggy Sue Owens,Candace Avalos
Timur Ender,Steph Routh,Thomas Shervey,Michael (Mike) Sands,Candace Avalos,David Linn
Loretta Smith,,,,,
Jamie Dunphy,Candace Avalos,Steph Routh,Noah Ernst,David Linn,Loretta Smith
Cayle Tern,Timur Ender,Loretta Smith,Candace Avalos,Terrence Hayes,Joe Allen
Michael (Mike) Sands,Steph Routh,,,,
Timur Ender,Candace Avalos,Michael (Mike) Sands,David Linn,Cayle Tern,Steph Routh
Steph Routh,Jamie Dunphy,Candace Avalos,Loretta Smith,Timur Ender,
Candace Avalos,Timur Ender,Deian Salazar,Jamie Dunphy,Terrence Hayes,
Candace Avalos,Timur Ender,Terrence Hayes,Steph Routh,,
Joe Allen,Candace Avalos,Terrence Hayes,Noah Ernst,Jamie Dunphy,
David Linn,,,,,
Michael (Mike) Sands,,,,,
Candace Avalos,Timur Ender,Steph Routh,Jamie Dunphy,Cayle Tern,David Linn
Peggy Sue Owens,,,,,
Timur Ender,Joe Allen,David Linn,Michael (Mike) Sands,Thomas Shervey,Steph Routh
Noah Ernst,Deian Salazar,Steph Routh,Timur Ender,David Linn,Cayle Tern
Candace Avalos,Jamie Dunphy,Loretta Smith,Cayle Tern,Noah Ernst,David Linn
Candace Avalos,Timur Ender,Noah Ernst,David Linn,Cayle Tern,Deian Salazar
Timur Ender,Doug Clove,Loretta Smith,David Linn,Peggy Sue Owens,Noah Ernst
Terrence Hayes,Steph Routh,Noah Ernst,Cayle Tern,,
Noah Ernst,Doug Clove,Loretta Smith,Steph Routh,Jamie Dunphy,
Candace Avalos,Timur Ender,Steph Routh,Cayle Tern,David Linn,
Loretta Smith,Peggy Sue Owens,Candace Avalos,Deian Salazar,Steph Routh,
Candace Avalos,Steph Routh,,,,
Terrence Hayes,Michael (Mike) Sands,,,,
Noah Ernst,,,,,
Loretta Smith,,,,,
Noah Ernst,,,,,
Timur Ender,Noah Ernst,Michael (Mike) Sands,Loretta Smith,Steph Routh,
Timur Ender,Doug Clove,Joe Allen,Terrence Hayes,Michael (Mike) Sands,Thomas Shervey
Doug Clove,,,,,
Loretta Smith,Jamie Dunphy,Terrence Hayes,Deian Salazar,Candace Avalos,Timur Ender
Timur Ender,Terrence Hayes,Loretta Smith,,,
Candace Avalos,Timur Ender,Cayle Tern,Joe Furi,Deian Salazar,Terrence Hayes
Jamie Dunphy,Timur Ender,Steph Routh,Candace Avalos,,
Candace Avalos,Cayle Tern,Jamie Dunphy,,,
Loretta Smith,Jamie Dunphy,Cayle Tern,Terrence Hayes,Candace Avalos,Timur Ender
David Linn,Michael (Mike) Sands,Steph Routh,Loretta Smith,Timur Ender,Cayle Tern
Jamie Dunphy,Candace Avalos,Steph Routh,Cayle Tern,Peggy Sue Owens,Joe Furi
Loretta Smith,David Linn,Terrence Hayes,Joe Allen,Peggy Sue Owens,Joe Furi
Terrence Hayes,Loretta Smith,Steph Routh,,,
Noah Ernst,Doug Clove,Thomas Shervey,,,
Candace Avalos,,,,,
Loretta Smith,Jamie Dunphy,Timur Ender,Steph Routh,Thomas Shervey,Terrence Hayes
Candace Avalos,Terrence Hayes,Cayle Tern,Steph Routh,Thomas Shervey,Timur Ender
Jamie Dunphy,Candace Avalos,Steph Routh,,,
Noah Ernst,Candace Avalos,Terrence Hayes,,,
Timur Ender,Doug Clove,Loretta Smith,Terrence Hayes,Jamie Dunphy,
Candace Avalos,Write-in-120,Jamie Dunphy,,,
Candace Avalos,Timur Ender,Jamie Dunphy,Steph Routh,Loretta Smith,Noah Ernst
Steph Routh,Doug Clove,Terrence Hayes,Candace Avalos,Jamie Dunphy,Timur Ender
Timur Ender,Loretta Smith,Candace Avalos,,,
Steph Routh,Candace Avalos,Jamie Dunphy,Loretta Smith,Timur Ender,Terrence Hayes
Jamie Dunphy,Steph Routh,Candace Avalos,Timur Ender,Deian Salazar,Joe Allen
Candace Avalos,Timur Ender,Cayle Tern,Joe Allen,Terrence Hayes,Steph Routh
Terrence Hayes,Peggy Sue Owens,Loretta Smith,Jamie Dunphy,David Linn,Candace Avalos
Joe Allen,David Linn,Cayle Tern,,,
David Linn,Noah Ernst,Terrence Hayes,Steph Routh,,
Timur Ender,Loretta Smith,Jamie Dunphy,Steph Routh,Candace Avalos,
Timur Ender,,,,,
Candace Avalos,,,,,
Candace Avalos,Loretta Smith,Terrence Hayes,,,
Jamie Dunphy,Terrence Hayes,Steph Routh,Candace Avalos,Timur Ender,Noah Ernst
Candace Avalos,Doug Clove,Loretta Smith,Terrence Hayes,David Linn,Noah Ernst
Timur Ender,Candace Avalos,Doug Clove,Loretta Smith,Terrence Hayes,Steph Routh
Doug Clove,Michael (Mike) Sands,Noah Ernst,Joe Allen,,
Joe Allen,,,,,
Noah Ernst,Joe Allen,David Linn,Doug Clove,Deian Salazar,
Noah Ernst,David Linn,Thomas Shervey,Michael (Mike) Sands,Steph Routh,Timur Ender
Noah Ernst,,,,,
Noah Ernst,,,,,
Loretta Smith,David Linn,Noah Ernst,Peggy Sue Owens,Michael (Mike) Sands,Steph Routh
Steph Routh,Jamie Dunphy,,,,
Peggy Sue Owens,Candace Avalos,Deian Salazar,Joe Furi,Cayle Tern,Jamie Dunphy
Steph Routh,Jamie Dunphy,Candace Avalos,Thomas Shervey,Terrence Hayes,David Linn
Noah Ernst,,,,,
Terrence Hayes,Loretta Smith,Candace Avalos,,,
Candace Avalos,Timur Ender,Steph Routh,,,
Michael (Mike) Sands,Candace Avalos,Jamie Dunphy,,,
Candace Avalos,Steph Routh,Jamie Dunphy,,,
Terrence Hayes,Candace Avalos,Deian Salazar,Jamie Dunphy,Loretta Smith,Noah Ernst
Terrence Hayes,Peggy Sue Owens,Candace Avalos,David Linn,Cayle Tern,
Candace Avalos,Jamie Dunphy,Terrence Hayes,Thomas Shervey,Deian Salazar,Timur Ender
Steph Routh,Jamie Dunphy,Terrence Hayes,Joe Allen,Thomas Shervey,David Linn
Joe Allen,Terrence Hayes,,,,
Timur Ender,Loretta Smith,Candace Avalos,Terrence Hayes,Steph Routh,Jamie Dunphy
Jamie Dunphy,Candace Avalos,Steph Routh,,,
Jamie Dunphy,Steph Routh,Candace Avalos,Noah Ernst,Cayle Tern,
Loretta Smith,Terrence Hayes,Timur Ender,Cayle Tern,,
Timur Ender,Candace Avalos,Steph Routh,,,
Thomas Shervey,Doug Clove,Steph Routh,Michael (Mike) Sands,Noah Ernst,Peggy Sue Owens
Terrence Hayes,Steph Routh,,,,
Loretta Smith,Thomas Shervey,Michael (Mike) Sands,Terrence Hayes,Deian Salazar,Jamie Dunphy
Loretta Smith,Terrence Hayes,Michael (Mike) Sands,Peggy Sue Owens,David Linn,Steph Routh
,,,,,
Noah Ernst,Timur Ender,Doug Clove,Thomas Shervey,Cayle Tern,Terrence Hayes
Terrence Hayes,Loretta Smith,Candace Avalos,Steph Routh,,
Terrence Hayes,Candace Avalos,Doug Clove,Steph Routh,Thomas Shervey,Michael (Mike) Sands
Candace Avalos,Timur Ender,Steph Routh,Jamie Dunphy,David Linn,Cayle Tern
Noah Ernst,Cayle Tern,Terrence Hayes,,,
Timur Ender,Candace Avalos,Loretta Smith,Steph Routh,,
Loretta Smith,Jamie Dunphy,Candace Avalos,Terrence Hayes,,
Jamie Dunphy,Steph Routh,Candace Avalos,Loretta Smith,,
Doug Clove,Terrence Hayes,Steph Routh,Noah Ernst,Deian Salazar,Cayle Tern
Candace Avalos,Timur Ender,Doug Clove,Deian Salazar,Michael (Mike) Sands,Steph Routh
Jamie Dunphy,Candace Avalos,Steph Routh,Noah Ernst,David Linn,Loretta Smith
Candace Avalos,Timur Ender,Steph Routh,Jamie Dunphy,Cayle Tern,David Linn
Candace Avalos,Steph Routh,Jamie Dunphy,,,
,,,,,
Terrence Hayes,,,,,
Noah Ernst,,,,,
Candace Avalos,Cayle Tern,Loretta Smith,,,
Loretta Smith,Steph Routh,Terrence Hayes,,,
Steph Routh,Loretta Smith,Candace Avalos,Terrence Hayes,David Linn,Timur Ender
Joe Furi,,,,,
Noah Ernst,Doug Clove,,,,
Steph Routh,Jamie Dunphy,Candace Avalos,Timur Ender,Loretta Smith,David Linn
Candace Avalos,Timur Ender,Loretta Smith,Steph Routh,Cayle Tern,Terrence Hayes
Candace Avalos,Steph Routh,Timur Ender,,,
Loretta Smith,Candace Avalos,,,,
Timur Ender,Noah Ernst,Doug Clove,,,
Steph Routh,Candace Avalos,Timur Ender,,,
,,,,,
Joe Allen,Cayle Tern,Michael (Mike) Sands,Loretta Smith,Terrence Hayes,Jamie Dunphy
Michael (Mike) Sands,Terrence Hayes,,,,
Loretta Smith,Timur Ender,Deian Salazar,Steph Routh,,
Loretta Smith,Steph Routh,Timur Ender,Terrence Hayes,Noah Ernst,Jamie Dunphy
Joe Furi,,,,,
Candace Avalos,Timur Ender,Steph Routh,Jamie Dunphy,David Linn,Cayle Tern
Noah Ernst,,,,,
Loretta Smith,Steph Routh,Terrence Hayes,Candace Avalos,Cayle Tern,Peggy Sue Owens
Timur Ender,Candace Avalos,David Linn,Doug Clove,Michael (Mike) Sands,Terrence Hayes
Loretta Smith,Timur Ender,Jamie Dunphy,Candace Avalos,Cayle Tern,Steph Routh
Jamie Dunphy,Candace Avalos,Steph Routh,Noah Ernst,David Linn,Loretta Smith
Candace Avalos,Steph Routh,Timur Ender,,,
Loretta Smith,Timur Ender,Steph Routh,Cayle Tern,Candace Avalos,Terrence Hayes
David Linn,Peggy Sue Owens,Jamie Dunphy,Noah Ernst,Terrence Hayes,Doug Clove
Noah Ernst,Terrence Hayes,Loretta Smith,Doug Clove,Joe Furi,Thomas Shervey
Loretta Smith,Noah Ernst,Candace Avalos,Steph Routh,Terrence Hayes,Joe Allen
Jamie Dunphy,Steph Routh,Timur Ender,Candace Avalos,Cayle Tern,
Terrence Hayes,Michael (Mike) Sands,Cayle Tern,David Linn,Peggy Sue Owens,Jamie Dunphy
Doug Clove,,,,,
Timur Ender,Steph Routh,,,,
Joe Allen,Thomas Shervey,Loretta Smith,Noah Ernst,David Linn,Doug Clove
Steph Routh,Candace Avalos,Jamie Dunphy,Cayle Tern,Terrence Hayes,Timur Ender
Candace Avalos,Jamie Dunphy,Steph Routh,,,
Thomas Shervey,,,,,
Loretta Smith,Candace Avalos,Terrence Hayes,Doug Clove,Timur Ender,Peggy Sue Owens
Candace Avalos,Cayle Tern,Timur Ender,,,
Doug Clove,Noah Ernst,Timur Ender,Joe Allen,Cayle Tern,David Linn
Jamie Dunphy,,,,,
Michael (Mike) Sands,Jamie Dunphy,Steph Routh,Terrence Hayes,Timur Ender,Candace Avalos
Loretta Smith,,,,,
Loretta Smith,,,,,
Loretta Smith,Candace Avalos,Jamie Dunphy,Doug Clove,Noah Ernst,Peggy Sue Owens
Loretta Smith,Deian Salazar,Steph Routh,,,
Peggy Sue Owens,Joe Furi,Noah Ernst,Loretta Smith,Candace Avalos,Cayle Tern
Peggy Sue Owens,Noah Ernst,Candace Avalos,Cayle Tern,Loretta Smith,Jamie Dunphy
Candace Avalos,Timur Ender,Jamie Dunphy,Steph Routh,Loretta Smith,Terrence Hayes
Jamie Dunphy,Steph Routh,,,,
Loretta Smith,Jamie Dunphy,Steph Routh,Candace Avalos,,
Jamie Dunphy,Steph Routh,,,,
Jamie Dunphy,Terrence Hayes,Loretta Smith,Steph Routh,Joe Allen,David Linn
Candace Avalos,Steph Routh,Timur Ender,Jamie Dunphy,,
Peggy Sue Owens,Timur Ender,Noah Ernst,Candace Avalos,Joe Allen,David Linn
Doug Clove,Terrence Hayes,Steph Routh,Noah Ernst,Deian Salazar,Cayle Tern
Loretta Smith,Steph Routh,Timur Ender,Jamie Dunphy,,
Jamie Dunphy,Steph Routh,Candace Avalos,,,
Loretta Smith,Terrence Hayes,Noah Ernst,Jamie Dunphy,Joe Allen,
Candace Avalos,Timur Ender,Steph Routh,Jamie Dunphy,Cayle Tern,David Linn
Michael (Mike) Sands,Loretta Smith,Terrence Hayes,Steph Routh,Jamie Dunphy,Cayle Tern
Write-in-120,Write-in-121,Write-in-122,,,
Timur Ender,Noah Ernst,Joe Furi,Thomas Shervey,Jamie Dunphy,Deian Salazar
Terrence Hayes,Loretta Smith,Noah Ernst,,,
Thomas Shervey,,,,,
Cayle Tern,Joe Furi,Candace Avalos,Michael (Mike) Sands,Timur Ender,Thomas Shervey
Noah Ernst,Deian Salazar,,,,
Terrence Hayes,,,,,
Candace Avalos,,,,,
Loretta Smith,Doug Clove,Terrence Hayes,,,
Timur Ender,Terrence Hayes,Candace Avalos,Cayle Tern,Doug Clove,Michael (Mike) Sands
Joe Furi,Candace Avalos,Loretta Smith,Peggy Sue Owens,Steph Routh,Jamie Dunphy
Candace Avalos,Steph Routh,Jamie Dunphy,,,
Jamie Dunphy,Steph Routh,Candace Avalos,Timur Ender,Thomas Shervey,Joe Allen
Timur Ender,Cayle Tern,Noah Ernst,,,
Timur Ender,Jamie Dunphy,Steph Routh,Cayle Tern,David Linn,Noah Ernst
Doug Clove,,,,,
Timur Ender,Jamie Dunphy,,,,
Loretta Smith,Terrence Hayes,Jamie Dunphy,Joe Allen,Candace Avalos,Deian Salazar
Jamie Dunphy,,,,,
Noah Ernst,David Linn,Michael (Mike) Sands,Peggy Sue Owens,Thomas Shervey,Terrence Hayes
Timur Ender,Cayle Tern,David Linn,Michael (Mike) Sands,Steph Routh,Loretta Smith
Timur Ender,Candace Avalos,David Linn,Steph Routh,Joe Allen,Jamie Dunphy
Candace Avalos,,,,,
Steph Routh,Jamie Dunphy,Joe Furi,,,
Joe Allen,Peggy Sue Owens,Terrence Hayes,David Linn,Cayle Tern,Noah Ernst
Loretta Smith,,,,,
Steph Routh,Loretta Smith,Candace Avalos,Timur Ender,Jamie Dunphy,Terrence Hayes
Candace Avalos,Steph Routh,Jamie Dunphy,Loretta Smith,Timur Ender,
Terrence Hayes,Candace Avalos,,,,
Candace Avalos,Doug Clove,Jamie Dunphy,Steph Routh,Loretta Smith,Cayle Tern
Jamie Dunphy,Timur Ender,Candace Avalos,Terrence Hayes,Thomas Shervey,Deian Salazar
Candace Avalos,Terrence Hayes,Cayle Tern,Timur Ender,,
Timur Ender,,,,,
Candace Avalos,Cayle Tern,Jamie Dunphy,Steph Routh,Timur Ender,David Linn
David Linn,Loretta Smith,Timur Ender,Steph Routh,Jamie Dunphy,Terrence Hayes
Noah Ernst,Timur Ender,David Linn,Deian Salazar,Doug Clove,
David Linn,,,,,
Doug Clove,Terrence Hayes,,,,
Deian Salazar,Joe Allen,Steph Routh,,,
,,,,,
Peggy Sue Owens,Timur Ender,Noah Ernst,Candace Avalos,Joe Allen,David Linn
Noah Ernst,Cayle Tern,Steph Routh,Jamie Dunphy,Joe Allen,Timur Ender
Terrence Hayes,Jamie Dunphy,Steph Routh,Candace Avalos,,
Candace Avalos,Terrence Hayes,Thomas Shervey,Doug Clove,Steph Routh,Jamie Dunphy
Candace Avalos,Steph Routh,Timur Ender,Jamie Dunphy,,
Peggy Sue Owens,Timur Ender,Noah Ernst,Candace Avalos,Joe Allen,David Linn
Loretta Smith,Terrence Hayes,,,,
David Linn,Candace Avalos,Cayle Tern,,,
Loretta Smith,,,,,
Jamie Dunphy,Steph Routh,Candace Avalos,Timur Ender,,
Timur Ender,,,,,
Jamie Dunphy,Timur Ender,Loretta Smith,Michael (Mike) Sands,Doug Clove,Terrence Hayes
Steph Routh,Timur Ender,Candace Avalos,,,
Timur Ender,Steph Routh,Candace Avalos,Jamie Dunphy,Cayle Tern,David Linn
Candace Avalos,Loretta Smith,Steph Routh,Terrence Hayes,Cayle Tern,Timur Ender
Steph Routh,Timur Ender,Candace Avalos,,,
Joe Allen,Doug Clove,Thomas Shervey,,,
Thomas Shervey,,,,,
Loretta Smith,Timur Ender,Michael (Mike) Sands,Terrence Hayes,Steph Routh,Jamie Dunphy
Jamie Dunphy,Candace Avalos,Steph Routh,Loretta Smith,,
Loretta Smith,Terrence Hayes,,,,
Loretta Smith,Steph Routh,Terrence Hayes,,,
Cayle Tern,Timur Ender,David Linn,Doug Clove,Steph Routh,Jamie Dunphy
Jamie Dunphy,Steph Routh,Noah Ernst,Candace Avalos,David Linn,Loretta Smith
Candace Avalos,Cayle Tern,Timur Ender,Jamie Dunphy,,
Jamie Dunphy,Steph Routh,Timur Ender,Candace Avalos,,
Noah Ernst,,,,,
Jamie Dunphy,Steph Routh,Terrence Hayes,Timur Ender,Noah Ernst,David Linn
Candace Avalos,Loretta Smith,Steph Routh,Jamie Dunphy,Noah Ernst,David Linn
Steph Routh,Timur Ender,Candace Avalos,Joe Allen,Doug Clove,Deian Salazar
Terrence Hayes,David Linn,,,,
Candace Avalos,,,,,
David Linn,Candace Avalos,Loretta Smith,Terrence Hayes,Steph Routh,
Timur Ender,Loretta Smith,Jamie Dunphy,Steph Routh,Candace Avalos,David Linn
Timur Ender,Steph Routh,Cayle Tern,,,
Loretta Smith,Candace Avalos,Jamie Dunphy,Steph Routh,,
Doug Clove,,,,,
Candace Avalos,,,,,
Doug Clove,Candace Avalos,David Linn,Deian Salazar,Loretta Smith,Terrence Hayes
Timur Ender,David Linn,Steph Routh,Cayle Tern,Jamie Dunphy,
Timur Ender,Joe Furi,Candace Avalos,Cayle Tern,David Linn,Thomas Shervey
Loretta Smith,Steph Routh,Timur Ender,Candace Avalos,Doug Clove,David Linn
Peggy Sue Owens,,,,,
Candace Avalos,Timur Ender,Steph Routh,Cayle Tern,,
Terrence Hayes,Noah Ernst,Joe Furi,Loretta Smith,Doug Clove,Write-in-120
Loretta Smith,Steph Routh,Noah Ernst,Cayle Tern,Candace Avalos,
Timur Ender,Candace Avalos,Steph Routh,Jamie Dunphy,Deian Salazar,David Linn
David Linn,,,,,
Loretta Smith,Peggy Sue Owens,Candace Avalos,Terrence Hayes,Noah Ernst,Deian Salazar
Candace Avalos,Terrence Hayes,Steph Routh,Cayle Tern,Timur Ender,Deian Salazar
Deian Salazar,Cayle Tern,Noah Ernst,Steph Routh,Thomas Shervey,
Jamie Dunphy,Candace Avalos,Steph Routh,David Linn,,
Candace Avalos,Timur Ender,Cayle Tern,Steph Routh,Loretta Smith,Jamie Dunphy
Loretta Smith,Terrence Hayes,Steph Routh,Jamie Dunphy,Noah Ernst,Candace Avalos
Terrence Hayes,,,,,
Loretta Smith,Terrence Hayes,Steph Routh,Michael (Mike) Sands,Doug Clove,
David Linn,Doug Clove,Michael (Mike) Sands,Write-in-120,Write-in-121,Write-in-122
Steph Routh,Jamie Dunphy,Candace Avalos,,,
Candace Avalos,Cayle Tern,Timur Ender,,,
Candace Avalos,Steph Routh,,,,
Noah Ernst,Deian Salazar,Candace Avalos,Terrence Hayes,Joe Furi,Joe Allen
Joe Allen,Michael (Mike) Sands,Loretta Smith,Noah Ernst,Jamie Dunphy,Doug Clove
Jamie Dunphy,Candace Avalos,Steph Routh,Terrence Hayes,Loretta Smith,Timur Ender
David Linn,Michael (Mike) Sands,Terrence Hayes,,,
Terrence Hayes,Thomas Shervey,Doug Clove,Candace Avalos,Peggy Sue Owens,Jamie Dunphy
Steph Routh,Timur Ender,Terrence Hayes,,,
Steph Routh,Loretta Smith,Terrence Hayes,Candace Avalos,Jamie Dunphy,
Michael (Mike) Sands,Steph Routh,Thomas Shervey,Terrence Hayes,Loretta Smith,Jamie Dunphy
Noah Ernst,Terrence Hayes,David Linn,Doug Clove,Joe Furi,Joe Allen
Deian Salazar,Jamie Dunphy,Michael (Mike) Sands,Terrence Hayes,Cayle Tern,Thomas Shervey
Jamie Dunphy,Terrence Hayes,Peggy Sue Owens,Steph Routh,Loretta Smith,Noah Ernst
Timur Ender,Steph Routh,Candace Avalos,David Linn,Jamie Dunphy,
Terrence Hayes,,,,,
Loretta Smith,Noah Ernst,Candace Avalos,Joe Furi,Terrence Hayes,Steph Routh
Loretta Smith,Terrence Hayes,Doug Clove,,,
Steph Routh,Candace Avalos,Loretta Smith,Jamie Dunphy,David Linn,Timur Ender
Candace Avalos,Jamie Dunphy,Steph Routh,Michael (Mike) Sands,Timur Ender,Doug Clove
Jamie Dunphy,Michael (Mike) Sands,Doug Clove,Timur Ender,Candace Avalos,David Linn
Joe Furi,Joe Allen,Noah Ernst,Peggy Sue Owens,Thomas Shervey,Loretta Smith
Candace Avalos,Thomas Shervey,Steph Routh,Jamie Dunphy,David Linn,Cayle Tern
Terrence Hayes,Noah Ernst,Candace Avalos,,,
Loretta Smith,,,,,
Jamie Dunphy,Candace Avalos,Steph Routh,Timur Ender,,
Noah Ernst,Timur Ender,David Linn,Steph Routh,Jamie Dunphy,
Michael (Mike) Sands,Loretta Smith,Terrence Hayes,Jamie Dunphy,Candace Avalos,Peggy Sue Owens
Steph Routh,Candace Avalos,Cayle Tern,,,
Steph Routh,Candace Avalos,Timur Ender,,,
Doug Clove,Loretta Smith,,,,
Terrence Hayes,Loretta Smith,Jamie Dunphy,Noah Ernst,Deian Salazar,
Candace Avalos,Peggy Sue Owens,Loretta Smith,Joe Furi,,
Jamie Dunphy,Steph Routh,Terrence Hayes,Thomas Shervey,Loretta Smith,Deian Salazar
Candace Avalos,Cayle Tern,Timur Ender,,,
Timur Ender,,,,,
Timur Ender,Steph Routh,Terrence Hayes,David Linn,Joe Furi,Cayle Tern
Deian Salazar,Joe Allen,,,,
Terrence Hayes,Joe Allen,Loretta Smith,,,
Terrence Hayes,Loretta Smith,Steph Routh,Candace Avalos,Jamie Dunphy,Timur Ender
Cayle Tern,Michael (Mike) Sands,Terrence Hayes,Jamie Dunphy,,
David Linn,Timur Ender,Cayle Tern,Michael (Mike) Sands,Steph Routh,Jamie Dunphy
Candace Avalos,Jamie Dunphy,Steph Routh,,,
Steph Routh,Jamie Dunphy,Candace Avalos,,,
Terrence Hayes,Noah Ernst,Doug Clove,,,
Loretta Smith,Terrence Hayes,Steph Routh,Cayle Tern,Michael (Mike) Sands,Peggy Sue Owens
Candace Avalos,Loretta Smith,Steph Routh,Jamie Dunphy,,
Terrence Hayes,Jamie Dunphy,Timur Ender,Joe Furi,Loretta Smith,Joe Allen
Timur Ender,Loretta Smith,Terrence Hayes,,,
Timur Ender,Candace Avalos,Terrence Hayes,Loretta Smith,Steph Routh,Jamie Dunphy
Timur Ender,Candace Avalos,Steph Routh,Loretta Smith,Terrence Hayes,Jamie Dunphy
Peggy Sue Owens,Noah Ernst,Joe Allen,Doug Clove,Loretta Smith,Michael (Mike) Sands
Jamie Dunphy,Candace Avalos,Timur Ender,Thomas Shervey,Loretta Smith,Terrence Hayes
Write-in-121,Write-in-122,,,,
Doug Clove,Noah Ernst,Jamie Dunphy,Terrence Hayes,Loretta Smith,Steph Routh
Loretta Smith,Jamie Dunphy,Noah Ernst,Candace Avalos,Steph Routh,
Candace Avalos,,,,,
Terrence Hayes,Peggy Sue Owens,Joe Allen,Loretta Smith,Cayle Tern,Candace Avalos
Candace Avalos,Cayle Tern,Timur Ender,,,
Noah Ernst,,,,,
Steph Routh,Timur Ender,Candace Avalos,David Linn,Cayle Tern,
Candace Avalos,Timur Ender,Steph Routh,Jamie Dunphy,Cayle Tern,David Linn
Doug Clove,Deian Salazar,Terrence Hayes,Noah Ernst,Candace Avalos,David Linn
Candace Avalos,Steph Routh,Timur Ender,Terrence Hayes,David Linn,
Jamie Dunphy,Candace Avalos,Steph Routh,Noah Ernst,David Linn,Loretta Smith
Candace Avalos,Cayle Tern,Timur Ender,,,
Loretta Smith,Jamie Dunphy,Terrence Hayes,,,
Jamie Dunphy,Candace Avalos,David Linn,Loretta Smith,Terrence Hayes,Steph Routh
Steph Routh,Candace Avalos,Timur Ender,,,
Candace Avalos,Jamie Dunphy,Steph Routh,Timur Ender,Loretta Smith,Terrence Hayes
Terrence Hayes,,,,,
Peggy Sue Owens,Terrence Hayes,,,,
Cayle Tern,Candace Avalos,Timur Ender,,,
Jamie Dunphy,Terrence Hayes,Steph Routh,Loretta Smith,Timur Ender,Michael (Mike) Sands
Candace Avalos,Steph Routh,,,,
Timur Ender,Loretta Smith,Candace Avalos,Jamie Dunphy,Steph Routh,David Linn
Loretta Smith,Noah Ernst,Terrence Hayes,,,
Terrence Hayes,Steph Routh,Noah Ernst,Cayle Tern,Peggy Sue Owens,Loretta Smith
Timur Ender,Steph Routh,Candace Avalos,,,
Jamie Dunphy,Steph Routh,Noah Ernst,Candace Avalos,David Linn,Loretta Smith
Deian Salazar,Peggy Sue Owens,Loretta Smith,Steph Routh,Joe Furi,
Timur Ender,Candace Avalos,Noah Ernst,David Linn,Cayle Tern,Deian Salazar
Deian Salazar,Jamie Dunphy,Joe Furi,Joe Allen,,
Candace Avalos,Steph Routh,Timur Ender,Jamie Dunphy,,
Candace Avalos,,,,,
Steph Routh,Timur Ender,Candace Avalos,Cayle Tern,Michael (Mike) Sands,
Loretta Smith,Deian Salazar,Joe Furi,Timur Ender,Candace Avalos,Doug Clove
Jamie Dunphy,Loretta Smith,Steph Routh,Michael (Mike) Sands,Candace Avalos,Timur Ender
Noah Ernst,Joe Furi,Terrence Hayes,,,
Terrence Hayes,Candace Avalos,,,,
Terrence Hayes,Thomas Shervey,Joe Furi,,,
Loretta Smith,Terrence Hayes,David Linn,Steph Routh,Jamie Dunphy,Candace Avalos
Terrence Hayes,Loretta Smith,Noah Ernst,,,
Noah Ernst,Steph Routh,Candace Avalos,Timur Ender,,
Cayle Tern,Candace Avalos,Michael (Mike) Sands,,,
Jamie Dunphy,Terrence Hayes,Loretta Smith,Timur Ender,Steph Routh,Thomas Shervey
Doug Clove,Timur Ender,Noah Ernst,,,
Timur Ender,Joe Furi,Doug Clove,Terrence Hayes,Jamie Dunphy,Noah Ernst
Timur Ender,Deian Salazar,Loretta Smith,,,
Timur Ender,,,,,
Steph Routh,,,,,
Candace Avalos,Steph Routh,David Linn,Jamie Dunphy,Cayle Tern,Michael (Mike) Sands
Terrence Hayes,Loretta Smith,,,,
Joe Allen,Thomas Shervey,,,,
Candace Avalos,Michael (Mike) Sands,Terrence Hayes,Jamie Dunphy,Thomas Shervey,Peggy Sue Owens
Noah Ernst,Joe Allen,Jamie Dunphy,,,
Loretta Smith,Steph Routh,Timur Ender,Noah Ernst,Jamie Dunphy,David Linn
Noah Ernst,Joe Furi,Doug Clove,,,
Candace Avalos,Jamie Dunphy,Noah Ernst,Timur Ender,Terrence Hayes,Steph Routh
Loretta Smith,Michael (Mike) Sands,Joe Allen,Thomas Shervey,Steph Routh,Peggy Sue Owens
Candace Avalos,Steph Routh,Timur Ender,Jamie Dunphy,Noah Ernst,Loretta Smith
Noah Ernst,,,,,
Loretta Smith,Terrence Hayes,Candace Avalos,,,
Candace Avalos,Steph Routh,Jamie Dunphy,Timur Ender,Cayle Tern,
Timur Ender,,,,,
Noah Ernst,Terrence Hayes,Joe Furi,Loretta Smith,Doug Clove,
Doug Clove,,,,,
Noah Ernst,Joe Allen,Peggy Sue Owens,,,
Terrence Hayes,Noah Ernst,Joe Furi,Loretta Smith,Doug Clove,
Michael (Mike) Sands,Loretta Smith,Terrence Hayes,Steph Routh,Jamie Dunphy,
Doug Clove,,,,,
Steph Routh,Timur Ender,Candace Avalos,David Linn,Cayle Tern,Deian Salazar
Loretta Smith,Steph Routh,Terrence Hayes,Jamie Dunphy,Cayle Tern,David Linn
Terrence Hayes,Doug Clove,Noah Ernst,,,
Loretta Smith,Terrence Hayes,Steph Routh,Michael (Mike) Sands,David Linn,Joe Allen
Terrence Hayes,Loretta Smith,,,,
Doug Clove,Noah Ernst,Candace Avalos,,,
Candace Avalos,Noah Ernst,Terrence Hayes,,,
Candace Avalos,Steph Routh,Timur Ender,Cayle Tern,Jamie Dunphy,
Steph Routh,,,,,
Steph Routh,Candace Avalos,Timur Ender,Jamie Dunphy,Cayle Tern,David Linn
Candace Avalos,David Linn,Cayle Tern,Deian Salazar,Loretta Smith,Steph Routh
Candace Avalos,David Linn,Doug Clove,,,
Jamie Dunphy,Candace Avalos,David Linn,,,
Candace Avalos,Steph Routh,Timur Ender,Jamie Dunphy,,
Terrence Hayes,Candace Avalos,,,,
Jamie Dunphy,,,,,
Deian Salazar,Terrence Hayes,Doug Clove,Joe Allen,Noah Ernst,
Candace Avalos,Timur Ender,Steph Routh,Jamie Dunphy,Cayle Tern,David Linn
Terrence Hayes,Timur Ender,Candace Avalos,Steph Routh,,
Candace Avalos,Terrence Hayes,Peggy Sue Owens,,,
Steph Routh,Jamie Dunphy,Joe Allen,Doug Clove,Loretta Smith,Peggy Sue Owens
Noah Ernst,Terrence Hayes,,,,
Steph Routh,Candace Avalos,Timur Ender,Cayle Tern,Loretta Smith,Terrence Hayes
Doug Clove,Deian Salazar,Joe Furi,,,
Jamie Dunphy,Steph Routh,Noah Ernst,Candace Avalos,David Linn,Timur Ender
Loretta Smith,,,,,
David Linn,Joe Allen,Doug Clove,Noah Ernst,Jamie Dunphy,Timur Ender
Terrence Hayes,Candace Avalos,Michael (Mike) Sands,Timur Ender,,
Timur Ender,Cayle Tern,Candace Avalos,Jamie Dunphy,David Linn,Terrence Hayes
Candace Avalos,,,,,
Jamie Dunphy,Timur Ender,Cayle Tern,Steph Routh,Thomas Shervey,Michael (Mike) Sands
Deian Salazar,Joe Furi,Doug Clove,Cayle Tern,Noah Ernst,Timur Ender
Jamie Dunphy,David Linn,Candace Avalos,Steph Routh,Timur Ender,Noah Ernst
Terrence Hayes,,,,,
Michael (Mike) Sands,Loretta Smith,Terrence Hayes,Steph Routh,Jamie Dunphy,Candace Avalos
,,,,,
Terrence Hayes,Steph Routh,Jamie Dunphy,David Linn,,
Steph Routh,Loretta Smith,Terrence Hayes,,,
Candace Avalos,Steph Routh,Loretta Smith,Timur Ender,Jamie Dunphy,Cayle Tern
Noah Ernst,Deian Salazar,Michael (Mike) Sands,Loretta Smith,,
Peggy Sue Owens,Joe Allen,David Linn,Doug Clove,,
Steph Routh,Candace Avalos,Jamie Dunphy,Timur Ender,,
Steph Routh,Candace Avalos,Timur Ender,Deian Salazar,Terrence Hayes,Cayle Tern
Candace Avalos,Steph Routh,Jamie Dunphy,Timur Ender,Terrence Hayes,Loretta Smith
Timur Ender,Steph Routh,Candace Avalos,Jamie Dunphy,,
Jamie Dunphy,Joe Allen,Peggy Sue Owens,Joe Furi,Loretta Smith,
Timur Ender,David Linn,Candace Avalos,Cayle Tern,,
Jamie Dunphy,Noah Ernst,Terrence Hayes,,,
Noah Ernst,Terrence Hayes,,,,
Peggy Sue Owens,Michael (Mike) Sands,Noah Ernst,Candace Avalos,,
Joe Allen,Timur Ender,Loretta Smith,Cayle Tern,Joe Furi,Terrence Hayes
Candace Avalos,Jamie Dunphy,Loretta Smith,,,
Candace Avalos,Jamie Dunphy,Steph Routh,Timur Ender,Terrence Hayes,
Noah Ernst,Jamie Dunphy,Candace Avalos,David Linn,Terrence Hayes,
Jamie Dunphy,Candace Avalos,Steph Routh,,,
Steph Routh,Jamie Dunphy,Timur Ender,Candace Avalos,Noah Ernst,Terrence Hayes
Candace Avalos,Steph Routh,Timur Ender,Jamie Dunphy,,
Jamie Dunphy,Steph Routh,David Linn,,,
Jamie Dunphy,Loretta Smith,Terrence Hayes,,,
Peggy Sue Owens,Loretta Smith,,,,
David Linn,Loretta Smith,Steph Routh,,,
Joe Allen,Doug Clove,Loretta Smith,,,
Noah Ernst,Terrence Hayes,,,,
Candace Avalos,Timur Ender,Steph Routh,Jamie Dunphy,Cayle Tern,David Linn
Jamie Dunphy,Candace Avalos,Steph Routh,Timur Ender,Noah Ernst,
Candace Avalos,Steph Routh,Noah Ernst,Terrence Hayes,Loretta Smith,
Noah Ernst,Terrence Hayes,Joe Furi,Loretta Smith,Doug Clove,
Deian Salazar,Terrence Hayes,,,,
Doug Clove,Noah Ernst,Terrence Hayes,,,
Candace Avalos,Cayle Tern,Steph Routh,Jamie Dunphy,Deian Salazar,Doug Clove
Candace Avalos,Loretta Smith,Terrence Hayes,Steph Routh,Timur Ender,
Jamie Dunphy,Candace Avalos,Steph Routh,,,
Jamie Dunphy,Timur Ender,Steph Routh,Joe Allen,Noah Ernst,Peggy Sue Owens
David Linn,Noah Ernst,Steph Routh,Peggy Sue Owens,Joe Furi,Loretta Smith
Terrence Hayes,Michael (Mike) Sands,Jamie Dunphy,,,
Steph Routh,Jamie Dunphy,Candace Avalos,Loretta Smith,Timur Ender,David Linn
Candace Avalos,Jamie Dunphy,Cayle Tern,Loretta Smith,Steph Routh,Terrence Hayes
Loretta Smith,Terrence Hayes,Steph Routh,Jamie Dunphy,Deian Salazar,Noah Ernst
Joe Allen,,,,,
Jamie Dunphy,Thomas Shervey,Deian Salazar,Cayle Tern,Timur Ender,Terrence Hayes
Steph Routh,Candace Avalos,Timur Ender,Jamie Dunphy,,
Noah Ernst,Terrence Hayes,Joe Furi,Loretta Smith,Doug Clove,
Noah Ernst,Terrence Hayes,Doug Clove,Loretta Smith,,
Candace Avalos,,,,,
Terrence Hayes,,,,,
Timur Ender,Noah Ernst,Doug Clove,,,
Timur Ender,Loretta Smith,Candace Avalos,Jamie Dunphy,David Linn,
Candace Avalos,Steph Routh,Cayle Tern,Peggy Sue Owens,Jamie Dunphy,David Linn
Steph Routh,Doug Clove,Loretta Smith,Terrence Hayes,Noah Ernst,Joe Allen
Candace Avalos,Steph Routh,Jamie Dunphy,Terrence Hayes,Timur Ender,Loretta Smith
Noah Ernst,Steph Routh,Timur Ender,,,
Doug Clove,,,,,
Loretta Smith,Michael (Mike) Sands,Candace Avalos,David Linn,Cayle Tern,Doug Clove
Peggy Sue Owens,Loretta Smith,Candace Avalos,Steph Routh,David Linn,Terrence Hayes
Loretta Smith,Candace Avalos,,,,
Timur Ender,Joe Allen,David Linn,Deian Salazar,Jamie Dunphy,Terrence Hayes
Loretta Smith,Terrence Hayes,Timur Ender,David Linn,Joe Furi,Joe Allen
Jamie Dunphy,David Linn,Cayle Tern,Joe Furi,Terrence Hayes,Steph Routh
Jamie Dunphy,Steph Routh,Candace Avalos,Terrence Hayes,Timur Ender,Doug Clove
Jamie Dunphy,Timur Ender,Cayle Tern,Candace Avalos,David Linn,Terrence Hayes
Steph Routh,Doug Clove,Loretta Smith,,,
Loretta Smith,Noah Ernst,Terrence Hayes,,,
Candace Avalos,Loretta Smith,,,,
Jamie Dunphy,Steph Routh,Candace Avalos,,,
Noah Ernst,Doug Clove,Terrence Hayes,Steph Routh,,
Jamie Dunphy,Steph Routh,Terrence Hayes,,,
Candace Avalos,David Linn,Timur Ender,Jamie Dunphy,Terrence Hayes,Noah Ernst
Jamie Dunphy,Steph Routh,Timur Ender,,,
Loretta Smith,Steph Routh,,,,
Joe Furi,Timur Ender,,,,
Jamie Dunphy,Loretta Smith,Steph Routh,,,
Terrence Hayes,,,,,
Loretta Smith,Candace Avalos,Timur Ender,,,
Loretta Smith,Terrence Hayes,Timur Ender,Deian Salazar,Candace Avalos,Jamie Dunphy
Candace Avalos,Michael (Mike) Sands,Loretta Smith,Steph Routh,Cayle Tern,Terrence Hayes
Jamie Dunphy,Terrence Hayes,Loretta Smith,Joe Allen,,
Joe Allen,,,,,
Jamie Dunphy,Candace Avalos,Steph Routh,Noah Ernst,David Linn,Loretta Smith
Loretta Smith,Candace Avalos,,,,
Noah Ernst,Terrence Hayes,Steph Routh,Loretta Smith,Deian Salazar,Candace Avalos
Peggy Sue Owens,Timur Ender,Noah Ernst,Candace Avalos,Joe Allen,David Linn
,,,,,
Cayle Tern,Candace Avalos,Michael (Mike) Sands,,,
Terrence Hayes,Noah Ernst,,,,
Timur Ender,Peggy Sue Owens,Loretta Smith,Terrence Hayes,Jamie Dunphy,Steph Routh
Loretta Smith,,,,,
Joe Allen,,,,,
Write-in-121,,,,,
Michael (Mike) Sands,Candace Avalos,Terrence Hayes,Timur Ender,Loretta Smith,Cayle Tern
Noah Ernst,Steph Routh,,,,
Michael (Mike) Sands,David Linn,Thomas Shervey,Candace Avalos,Deian Salazar,Write-in-121
Candace Avalos,Joe Allen,,,,
Loretta Smith,Terrence Hayes,Steph Routh,Candace Avalos,Jamie Dunphy,
Candace Avalos,Steph Routh,Timur Ender,Loretta Smith,Cayle Tern,Peggy Sue Owens
Candace Avalos,Steph Routh,Noah Ernst,Timur Ender,Cayle Tern,Terrence Hayes
Timur Ender,Candace Avalos,Cayle Tern,David Linn,Jamie Dunphy,
Candace Avalos,Noah Ernst,Michael (Mike) Sands,Jamie Dunphy,Terrence Hayes,
Jamie Dunphy,Joe Allen,Noah Ernst,David Linn,,
Loretta Smith,Steph Routh,Candace Avalos,Peggy Sue Owens,,
Terrence Hayes,Steph Routh,,,,
Doug Clove,,,,,
Steph Routh,Timur Ender,Candace Avalos,,,
Candace Avalos,Steph Routh,Timur Ender,Jamie Dunphy,,
Loretta Smith,Candace Avalos,Terrence Hayes,Doug Clove,Timur Ender,Peggy Sue Owens
Terrence Hayes,Steph Routh,David Linn,Noah Ernst,Loretta Smith,Doug Clove
Noah Ernst,Doug Clove,,,,
Noah Ernst,Loretta Smith,Joe Furi,Doug Clove,Joe Allen,
Loretta Smith,,,,,
,,,,,
Loretta Smith,Terrence Hayes,Joe Furi,Candace Avalos,Timur Ender,Jamie Dunphy
Jamie Dunphy,Timur Ender,Candace Avalos,Steph Routh,Terrence Hayes,Michael (Mike) Sands
Michael (Mike) Sands,,,,,
Candace Avalos,Steph Routh,Timur Ender,Loretta Smith,Terrence Hayes,Cayle Tern
Candace Avalos,Cayle Tern,Joe Allen,Loretta Smith,Jamie Dunphy,Noah Ernst
Jamie Dunphy,Candace Avalos,Steph Routh,Noah Ernst,David Linn,Loretta Smith
David Linn,Cayle Tern,Joe Allen,Noah Ernst,Jamie Dunphy,Loretta Smith
David Linn,Cayle Tern,,,,
Noah Ernst,Michael (Mike) Sands,Thomas Shervey,Joe Furi,,
Candace Avalos,Noah Ernst,Joe Allen,Doug Clove,Deian Salazar,
David Linn,,,,,
Noah Ernst,Candace Avalos,Terrence Hayes,Jamie Dunphy,Steph Routh,Loretta Smith
Candace Avalos,Steph Routh,Jamie Dunphy,,,
Jamie Dunphy,Candace Avalos,Cayle Tern,Loretta Smith,,
Terrence Hayes,Timur Ender,Loretta Smith,Thomas Shervey,Jamie Dunphy,Candace Avalos
Loretta Smith,Terrence Hayes,,,,
Jamie Dunphy,,,,,
Loretta Smith,,,,,
Terrence Hayes,Doug Clove,Loretta Smith,Jamie Dunphy,Michael (Mike) Sands,
Noah Ernst,Joe Allen,Cayle Tern,Joe Furi,Michael (Mike) Sands,Deian Salazar
Peggy Sue Owens,Thomas Shervey,Doug Clove,Michael (Mike) Sands,Joe Allen,David Linn
Steph Routh,Jamie Dunphy,,,,
Timur Ender,Steph Routh,Candace Avalos,David Linn,Loretta Smith,
Noah Ernst,Timur Ender,,,,
Jamie Dunphy,Steph Routh,Terrence Hayes,Candace Avalos,,
Jamie Dunphy,Candace Avalos,Steph Routh,Noah Ernst,David Linn,Loretta Smith
Terrence Hayes,Loretta Smith,Timur Ender,,,
Loretta Smith,Terrence Hayes,Noah Ernst,Steph Routh,Jamie Dunphy,Peggy Sue Owens
Jamie Dunphy,Candace Avalos,Cayle Tern,,,
Steph Routh,Timur Ender,Candace Avalos,,,
Noah Ernst,Terrence Hayes,Deian Salazar,,,
Loretta Smith,Candace Avalos,Deian Salazar,Steph Routh,Peggy Sue Owens,Jamie Dunphy
Candace Avalos,,,,,
Noah Ernst,Terrence Hayes,,,,
Loretta Smith,Terrence Hayes,Candace Avalos,Deian Salazar,Cayle Tern,Noah Ernst
Terrence Hayes,Loretta Smith,Jamie Dunphy,Steph Routh,,
Doug Clove,Joe Furi,Loretta Smith,,,
Timur Ender,Terrence Hayes,Jamie Dunphy,,,
Candace Avalos,Steph Routh,Timur Ender,Jamie Dunphy,,
Candace Avalos,,,,,
Terrence Hayes,Jamie Dunphy,Loretta Smith,Timur Ender,Deian Salazar,Cayle Tern
Loretta Smith,Terrence Hayes,Candace Avalos,,,
Candace Avalos,Cayle Tern,Timur Ender,,,
Cayle Tern,,,,,
Candace Avalos,Terrence Hayes,Loretta Smith,Steph Routh,Thomas Shervey,Michael (Mike) Sands
Noah Ernst,Joe Allen,Loretta Smith,Steph Routh,,
Terrence Hayes,Timur Ender,Jamie Dunphy,,,
Candace Avalos,Cayle Tern,Timur Ender,,,
Terrence Hayes,Timur Ender,Loretta Smith,,,
Candace Avalos,David Linn,Deian Salazar,Loretta Smith,Michael (Mike) Sands,
Terrence Hayes,Loretta Smith,Candace Avalos,Noah Ernst,,
Jamie Dunphy,David Linn,Steph Routh,Joe Allen,Candace Avalos,Peggy Sue Owens
Noah Ernst,Candace Avalos,Timur Ender,Steph Routh,Jamie Dunphy,Terrence Hayes
David Linn,Jamie Dunphy,Noah Ernst,Doug Clove,,
Candace Avalos,Steph Routh,Timur Ender,Jamie Dunphy,Michael (Mike) Sands,Deian Salazar
Loretta Smith,Noah Ernst,David Linn,Candace Avalos,Timur Ender,Thomas Shervey
Michael (Mike) Sands,Doug Clove,Cayle Tern,David Linn,Joe Allen,
Doug Clove,,,,,
Steph Routh,Cayle Tern,Loretta Smith,Candace Avalos,Timur Ender,Terrence Hayes
Candace Avalos,Cayle Tern,Timur Ender,Steph Routh,Jamie Dunphy,
Terrence Hayes,Loretta Smith,,,,
David Linn,Joe Furi,Loretta Smith,Terrence Hayes,,
Terrence Hayes,Noah Ernst,Doug Clove,,,
Noah Ernst,Terrence Hayes,Loretta Smith,,,
Doug Clove,Deian Salazar,Cayle Tern,Timur Ender,Michael (Mike) Sands,Loretta Smith
,,,,,
Noah Ernst,Doug Clove,Joe Furi,Joe Allen,Steph Routh,
Jamie Dunphy,Michael (Mike) Sands,Steph Routh,Doug Clove,,
Jamie Dunphy,Steph Routh,Noah Ernst,,,
Timur Ender,Noah Ernst,Candace Avalos,Deian Salazar,Loretta Smith,Jamie Dunphy
Candace Avalos,Steph Routh,Loretta Smith,,,
Joe Allen,,,,,
Candace Avalos,Timur Ender,Steph Routh,Jamie Dunphy,David Linn,Joe Allen
Candace Avalos,Jamie Dunphy,Thomas Shervey,Deian Salazar,Cayle Tern,Steph Routh
Candace Avalos,Steph Routh,Timur Ender,Jamie Dunphy,,
Michael (Mike) Sands,Joe Allen,David Linn,,,
Noah Ernst,Candace Avalos,Steph Routh,Loretta Smith,Terrence Hayes,Joe Furi
Timur Ender,Loretta Smith,Candace Avalos,Terrence Hayes,Steph Routh,
Cayle Tern,Timur Ender,Steph Routh,Loretta Smith,Doug Clove,David Linn
Loretta Smith,Doug Clove,Terrence Hayes,,,
Jamie Dunphy,Terrence Hayes,Candace Avalos,Steph Routh,,
Loretta Smith,Terrence Hayes,Candace Avalos,Steph Routh,Jamie Dunphy,Timur Ender
Jamie Dunphy,Michael (Mike) Sands,Doug Clove,,,
Jamie Dunphy,Candace Avalos,Steph Routh,,,
Loretta Smith,Steph Routh,Candace Avalos,Timur Ender,Jamie Dunphy,David Linn
Noah Ernst,Loretta Smith,David Linn,Timur Ender,Peggy Sue Owens,Joe Allen
Timur Ender,,,,,
Candace Avalos,Steph Routh,Timur Ender,Jamie Dunphy,,
Doug Clove,Joe Allen,Deian Salazar,Joe Furi,,
Timur Ender,Noah Ernst,Michael (Mike) Sands,Loretta Smith,Steph Routh,
Michael (Mike) Sands,Loretta Smith,Terrence Hayes,Cayle Tern,Candace Avalos,Timur Ender
Candace Avalos,Terrence Hayes,Deian Salazar,,,
Candace Avalos,Timur Ender,Steph Routh,,,
Terrence Hayes,Noah Ernst,David Linn,Steph Routh,Doug Clove,
Doug Clove,Deian Salazar,,,,
David Linn,Terrence Hayes,Thomas Shervey,Michael (Mike) Sands,Joe Furi,Doug Clove
Deian Salazar,Timur Ender,Terrence Hayes,,,
Terrence Hayes,Loretta Smith,Noah Ernst,,,
Candace Avalos,Joe Furi,Michael (Mike) Sands,Thomas Shervey,Loretta Smith,Terrence Hayes
Candace Avalos,Timur Ender,Steph Routh,Jamie Dunphy,Cayle Tern,David Linn
Jamie Dunphy,Steph Routh,Candace Avalos,,,
Candace Avalos,Cayle Tern,Timur Ender,,,
Steph Routh,Jamie Dunphy,Timur Ender,Candace Avalos,,
Candace Avalos,David Linn,Loretta Smith,,,
Loretta Smith,,,,,
Timur Ender,Terrence Hayes,Steph Routh,,,
Noah Ernst,Cayle Tern,Jamie Dunphy,David Linn,,
Steph Routh,Deian Salazar,Cayle Tern,Doug Clove,Joe Allen,Candace Avalos
Loretta Smith,Candace Avalos,Timur Ender,Steph Routh,Terrence Hayes,Jamie Dunphy
Timur Ender,Loretta Smith,Terrence Hayes,Candace Avalos,,
Loretta Smith,Steph Routh,Candace Avalos,Timur Ender,Jamie Dunphy,Terrence Hayes
Terrence Hayes,Write-in-120,Write-in-121,Write-in-122,Peggy Sue Owens,
Loretta Smith,Steph Routh,Timur Ender,Terrence Hayes,Cayle Tern,
Loretta Smith,Terrence Hayes,Steph Routh,,,
Loretta Smith,Steph Routh,,,,
Peggy Sue Owens,Loretta Smith,Candace Avalos,Cayle Tern,Doug Clove,Jamie Dunphy
Candace Avalos,,,,,
Candace Avalos,Michael (Mike) Sands,Loretta Smith,Deian Salazar,David Linn,Cayle Tern
Timur Ender,Noah Ernst,Joe Allen,Loretta Smith,Peggy Sue Owens,David Linn
Candace Avalos,Timur Ender,Steph Routh,Jamie Dunphy,Cayle Tern,David Linn
Jamie Dunphy,Steph Routh,Candace Avalos,,,
Candace Avalos,Steph Routh,Jamie Dunphy,Timur Ender,Terrence Hayes,Loretta Smith
Noah Ernst,Loretta Smith,Deian Salazar,,,
Terrence Hayes,Timur Ender,Loretta Smith,Noah Ernst,Cayle Tern,Deian Salazar
Noah Ernst,Terrence Hayes,Loretta Smith,,,
Peggy Sue Owens,Timur Ender,Noah Ernst,Candace Avalos,Joe Allen,David Linn
Deian Salazar,Loretta Smith,Jamie Dunphy,,,
Timur Ender,Steph Routh,Michael (Mike) Sands,Cayle Tern,Candace Avalos,
Noah Ernst,,,,,
,,,,,
Terrence Hayes,,,,,
Joe Allen,Terrence Hayes,Joe Furi,,,
Jamie Dunphy,,,,,
Joe Allen,Michael (Mike) Sands,,,,
,,,,,
Candace Avalos,Noah Ernst,Timur Ender,Joe Allen,Cayle Tern,Joe Furi
Timur Ender,Doug Clove,Jamie Dunphy,Joe Furi,Loretta Smith,Candace Avalos
Loretta Smith,,,,,
Jamie Dunphy,Timur Ender,Cayle Tern,Thomas Shervey,Steph Routh,David Linn
Candace Avalos,Cayle Tern,Timur Ender,Jamie Dunphy,Steph Routh,Loretta Smith
Jamie Dunphy,Michael (Mike) Sands,,,,
Doug Clove,Cayle Tern,,,,
Terrence Hayes,Loretta Smith,Jamie Dunphy,Steph Routh,Timur Ender,Cayle Tern
Loretta Smith,Noah Ernst,Candace Avalos,Joe Furi,Terrence Hayes,Steph Routh
Loretta Smith,Michael (Mike) Sands,,,,
Doug Clove,Noah Ernst,Loretta Smith,,,
Terrence Hayes,Loretta Smith,,,,
Deian Salazar,Steph Routh,,,,
Noah Ernst,Steph Routh,Jamie Dunphy,,,
Loretta Smith,Terrence Hayes,Steph Routh,Timur Ender,Candace Avalos,Cayle Tern
Jamie Dunphy,Candace Avalos,Steph Routh,Timur Ender,,
Candace Avalos,Timur Ender,Joe Allen,,,
Noah Ernst,,,,,
Timur Ender,Noah Ernst,Terrence Hayes,,,
Timur Ender,Noah Ernst,Doug Clove,Terrence Hayes,David Linn,Jamie Dunphy
Noah Ernst,,,,,
Jamie Dunphy,Candace Avalos,Noah Ernst,Cayle Tern,Terrence Hayes,Timur Ender
Steph Routh,Jamie Dunphy,Loretta Smith,Terrence Hayes,Cayle Tern,David Linn
Candace Avalos,Jamie Dunphy,Cayle Tern,,,
David Linn,Doug Clove,Joe Furi,Cayle Tern,Candace Avalos,Joe Allen
Michael (Mike) Sands,Doug Clove,David Linn,Jamie Dunphy,Thomas Shervey,Peggy Sue Owens
Loretta Smith,Jamie Dunphy,Steph Routh,,,
Loretta Smith,,,,,
Noah Ernst,Jamie Dunphy,Loretta Smith,Terrence Hayes,Steph Routh,Timur Ender
Terrence Hayes,Loretta Smith,Noah Ernst,Candace Avalos,Steph Routh,Deian Salazar
Cayle Tern,Candace Avalos,Timur Ender,Steph Routh,Jamie Dunphy,
Jamie Dunphy,Terrence Hayes,Loretta Smith,Candace Avalos,Timur Ender,Steph Routh
Steph Routh,,,,,
Candace Avalos,Loretta Smith,Jamie Dunphy,,,
Noah Ernst,Doug Clove,Terrence Hayes,,,
Terrence Hayes,Noah Ernst,Loretta Smith,Michael (Mike) Sands,David Linn,Steph Routh
,,,,,
Noah Ernst,Terrence Hayes,Loretta Smith,Deian Salazar,Joe Furi,Doug Clove
Jamie Dunphy,Steph Routh,,,,
Doug Clove,Deian Salazar,Noah Ernst,Michael (Mike) Sands,Thomas Shervey,Joe Furi
Candace Avalos,Thomas Shervey,Steph Routh,Jamie Dunphy,David Linn,Cayle Tern
Candace Avalos,Steph Routh,Timur Ender,Jamie Dunphy,Cayle Tern,Loretta Smith
Candace Avalos,Steph Routh,Jamie Dunphy,,,
Terrence Hayes,Loretta Smith,Deian Salazar,Cayle Tern,Timur Ender,Doug Clove
Doug Clove,Michael (Mike) Sands,,,,
Jamie Dunphy,Steph Routh,Terrence Hayes,Timur Ender,David Linn,Noah Ernst
Candace Avalos,Terrence Hayes,Noah Ernst,Loretta Smith,Timur Ender,
Candace Avalos,Cayle Tern,Timur Ender,,,
Noah Ernst,Peggy Sue Owens,Joe Allen,Doug Clove,Candace Avalos,David Linn
Loretta Smith,Terrence Hayes,Noah Ernst,,,
Jamie Dunphy,David Linn,Steph Routh,Candace Avalos,,
Noah Ernst,Terrence Hayes,Candace Avalos,,,
Loretta Smith,Steph Routh,Jamie Dunphy,Deian Salazar,Joe Allen,Doug Clove
Doug Clove,,,,,
Steph Routh,Candace Avalos,Cayle Tern,Doug Clove,Loretta Smith,Noah Ernst
Noah Ernst,Terrence Hayes,Joe Furi,Loretta Smith,Doug Clove,
Doug Clove,Candace Avalos,Jamie Dunphy,,,
Jamie Dunphy,Steph Routh,Loretta Smith,,,
Jamie Dunphy,Loretta Smith,Candace Avalos,,,
Joe Allen,Noah Ernst,Doug Clove,,,
Candace Avalos,Terrence Hayes,Loretta Smith,Jamie Dunphy,Steph Routh,Timur Ender
David Linn,Steph Routh,Deian Salazar,Terrence Hayes,Joe Furi,Loretta Smith
Jamie Dunphy,Candace Avalos,Steph Routh,,,
Terrence Hayes,David Linn,Michael (Mike) Sands,Joe Furi,Joe Allen,Loretta Smith
Noah Ernst,Terrence Hayes,Joe Furi,Loretta Smith,Doug Clove,
Terrence Hayes,Deian Salazar,,,,
Loretta Smith,Thomas Shervey,Doug Clove,Deian Salazar,Michael (Mike) Sands,
Doug Clove,Joe Furi,Deian Salazar,Loretta Smith,Thomas Shervey,Terrence Hayes
Noah Ernst,David Linn,Doug Clove,Loretta Smith,Candace Avalos,Steph Routh
Candace Avalos,Cayle Tern,Jamie Dunphy,Steph Routh,Timur Ender,David Linn
Candace Avalos,Noah Ernst,,,,
Steph Routh,Jamie Dunphy,Terrence Hayes,Candace Avalos,Loretta Smith,Deian Salazar
Noah Ernst,Candace Avalos,Steph Routh,Loretta Smith,Jamie Dunphy,
Candace Avalos,Timur Ender,Cayle Tern,Jamie Dunphy,Steph Routh,David Linn
Deian Salazar,Timur Ender,Cayle Tern,Peggy Sue Owens,David Linn,
David Linn,Candace Avalos,Loretta Smith,Jamie Dunphy,Michael (Mike) Sands,Cayle Tern
Candace Avalos,Timur Ender,Steph Routh,Jamie Dunphy,Cayle Tern,David Linn
Thomas Shervey,,,,,
Noah Ernst,,,,,
Jamie Dunphy,Candace Avalos,Steph Routh,,,
Timur Ender,Candace Avalos,Jamie Dunphy,Loretta Smith,,
Peggy Sue Owens,,,,,
Loretta Smith,Noah Ernst,Deian Salazar,Terrence Hayes,Timur Ender,Candace Avalos
Candace Avalos,Loretta Smith,Terrence Hayes,Steph Routh,Jamie Dunphy,
Doug Clove,Noah Ernst,Joe Furi,Thomas Shervey,Michael (Mike) Sands,
Joe Allen,David Linn,Michael (Mike) Sands,,,
Peggy Sue Owens,Jamie Dunphy,Joe Furi,Cayle Tern,Steph Routh,Joe Allen
David Linn,,,,,
Noah Ernst,,,,,
Loretta Smith,Timur Ender,,,,
Loretta Smith,Candace Avalos,Timur Ender,Jamie Dunphy,Doug Clove,
Noah Ernst,Doug Clove,Peggy Sue Owens,,,
Candace Avalos,Timur Ender,Terrence Hayes,,,
Terrence Hayes,Jamie Dunphy,,,,
Joe Allen,Cayle Tern,Steph Routh,Candace Avalos,Doug Clove,Deian Salazar
Candace Avalos,Michael (Mike) Sands,Jamie Dunphy,Joe Allen,Timur Ender,
Timur Ender,Steph Routh,Candace Avalos,David Linn,Loretta Smith,Jamie Dunphy
Candace Avalos,Steph Routh,Timur Ender,Jamie Dunphy,Loretta Smith,Cayle Tern
Jamie Dunphy,Candace Avalos,Timur Ender,Steph Routh,Terrence Hayes,
David Linn,Michael (Mike) Sands,Timur Ender,Cayle Tern,,
Jamie Dunphy,Steph Routh,Timur Ender,Noah Ernst,Candace Avalos,David Linn
Steph Routh,Terrence Hayes,Timur Ender,Joe Furi,,
Cayle Tern,Peggy Sue Owens,Loretta Smith,,,
Terrence Hayes,Noah Ernst,Loretta Smith,,,
Candace Avalos,Jamie Dunphy,Peggy Sue Owens,Loretta Smith,Deian Salazar,Cayle Tern
Candace Avalos,David Linn,Timur Ender,Joe Allen,Michael (Mike) Sands,
Candace Avalos,Steph Routh,Loretta Smith,Deian Salazar,,
Joe Allen,Steph Routh,Timur Ender,Noah Ernst,Terrence Hayes,Thomas Shervey
Terrence Hayes,Steph Routh,Noah Ernst,Cayle Tern,,
Candace Avalos,Timur Ender,Jamie Dunphy,Steph Routh,Cayle Tern,
Candace Avalos,Loretta Smith,Terrence Hayes,,,
Candace Avalos,Steph Routh,Timur Ender,Cayle Tern,Jamie Dunphy,
Terrence Hayes,Noah Ernst,Joe Furi,Loretta Smith,Doug Clove,Write-in-120
Steph Routh,Candace Avalos,Jamie Dunphy,Timur Ender,,
Timur Ender,,,,,
Loretta Smith,Timur Ender,Jamie Dunphy,Noah Ernst,Candace Avalos,Terrence Hayes
Candace Avalos,Jamie Dunphy,Steph Routh,,,
Loretta Smith,Doug Clove,,,,
Timur Ender,David Linn,Candace Avalos,,,
Candace Avalos,,,,,
Timur Ender,David Linn,Loretta Smith,Candace Avalos,,
Candace Avalos,Jamie Dunphy,Steph Routh,Timur Ender,,
Timur Ender,David Linn,Noah Ernst,Terrence Hayes,Steph Routh,Loretta Smith
Noah Ernst,Steph Routh,Terrence Hayes,Timur Ender,Loretta Smith,Candace Avalos
Jamie Dunphy,Michael (Mike) Sands,Terrence Hayes,Candace Avalos,Joe Allen,Joe Furi
Terrence Hayes,Loretta Smith,Doug Clove,Noah Ernst,Thomas Shervey,David Linn
Jamie Dunphy,Candace Avalos,Noah Ernst,Cayle Tern,Terrence Hayes,Timur Ender
Loretta Smith,Jamie Dunphy,Candace Avalos,,,
Candace Avalos,Steph Routh,Timur Ender,David Linn,Jamie Dunphy,Cayle Tern
Timur Ender,Candace Avalos,Noah Ernst,,,
Terrence Hayes,David Linn,Loretta Smith,,,
Jamie Dunphy,Noah Ernst,Doug Clove,,,
Cayle Tern,,,,,
Candace Avalos,Timur Ender,Cayle Tern,Jamie Dunphy,Terrence Hayes,David Linn
Steph Routh,Jamie Dunphy,Michael (Mike) Sands,Timur Ender,Candace Avalos,
Loretta Smith,,,,,
Loretta Smith,Steph Routh,Jamie Dunphy,,,
Deian Salazar,,,,,
Jamie Dunphy,Candace Avalos,Terrence Hayes,,,
Loretta Smith,Michael (Mike) Sands,David Linn,Timur Ender,Doug Clove,
Candace Avalos,Cayle Tern,Timur Ender,,,
Candace Avalos,Steph Routh,Terrence Hayes,Timur Ender,,
Timur Ender,Candace Avalos,Steph Routh,Jamie Dunphy,Loretta Smith,Terrence Hayes
Noah Ernst,Doug Clove,Terrence Hayes,,,
Jamie Dunphy,,,,,
Loretta Smith,,,,,
Timur Ender,Loretta Smith,,,,
Loretta Smith,,,,,
Noah Ernst,Thomas Shervey,Candace Avalos,,,
Loretta Smith,Noah Ernst,David Linn,,,
Jamie Dunphy,Noah Ernst,Joe Allen,Thomas Shervey,Terrence Hayes,Timur Ender
Candace Avalos,Timur Ender,Steph Routh,Jamie Dunphy,,
Doug Clove,Joe Furi,Noah Ernst,Joe Allen,,
Candace Avalos,Joe Allen,David Linn,Cayle Tern,Doug Clove,Joe Furi
Steph Routh,Michael (Mike) Sands,Loretta Smith,Peggy Sue Owens,Noah Ernst,David Linn
Loretta Smith,Doug Clove,Deian Salazar,Steph Routh,Jamie Dunphy,Candace Avalos
Loretta Smith,,,,,
Steph Routh,Candace Avalos,Timur Ender,Cayle Tern,,
Noah Ernst,Terrence Hayes,Loretta Smith,,,
Jamie Dunphy,Steph Routh,David Linn,,,
Noah Ernst,Joe Allen,Timur Ender,,,
Noah Ernst,Loretta Smith,Doug Clove,David Linn,Terrence Hayes,
Jamie Dunphy,Michael (Mike) Sands,Timur Ender,Joe Allen,David Linn,Doug Clove
Timur Ender,Loretta Smith,Steph Routh,Jamie Dunphy,,
Noah Ernst,Steph Routh,Peggy Sue Owens,,,
Peggy Sue Owens,,,,,
Loretta Smith,Steph Routh,Jamie Dunphy,Terrence Hayes,Timur Ender,
Loretta Smith,Jamie Dunphy,Doug Clove,David Linn,Candace Avalos,Deian Salazar
Joe Furi,Loretta Smith,Jamie Dunphy,Joe Allen,Timur Ender,Thomas Shervey
Candace Avalos,Terrence Hayes,Steph Routh,Jamie Dunphy,Timur Ender,
Candace Avalos,Steph Routh,Jamie Dunphy,Thomas Shervey,David Linn,Terrence Hayes
Peggy Sue Owens,Steph Routh,Candace Avalos,Loretta Smith,Terrence Hayes,Jamie Dunphy
Candace Avalos,,,,,
Loretta Smith,,,,,
Candace Avalos,,,,,
Joe Allen,Loretta Smith,David Linn,Peggy Sue Owens,Timur Ender,Doug Clove
Jamie Dunphy,Candace Avalos,Michael (Mike) Sands,Steph Routh,Timur Ender,David Linn
Jamie Dunphy,Candace Avalos,Timur Ender,Steph Routh,,
Michael (Mike) Sands,Peggy Sue Owens,Noah Ernst,Joe Allen,Doug Clove,Thomas Shervey
Steph Routh,Terrence Hayes,Loretta Smith,Deian Salazar,Noah Ernst,Joe Allen
Jamie Dunphy,Timur Ender,Steph Routh,Candace Avalos,,
Timur Ender,David Linn,Cayle Tern,Loretta Smith,Steph Routh,
Jamie Dunphy,Timur Ender,,,,
Candace Avalos,Peggy Sue Owens,Loretta Smith,Steph Routh,Deian Salazar,Jamie Dunphy
Jamie Dunphy,Steph Routh,Candace Avalos,Timur Ender,Loretta Smith,Cayle Tern
Terrence Hayes,Jamie Dunphy,,,,
Peggy Sue Owens,Noah Ernst,Candace Avalos,Loretta Smith,Terrence Hayes,Steph Routh
Loretta Smith,Candace Avalos,Steph Routh,,,
Loretta Smith,Steph Routh,Timur Ender,David Linn,Candace Avalos,Michael (Mike) Sands
Deian Salazar,Timur Ender,Loretta Smith,,,
Timur Ender,Candace Avalos,Steph Routh,Loretta Smith,,
Candace Avalos,Steph Routh,Jamie Dunphy,,,
Candace Avalos,Cayle Tern,Steph Routh,Jamie Dunphy,Timur Ender,
Terrence Hayes,Noah Ernst,Joe Furi,Loretta Smith,Doug Clove,Write-in-120
Steph Routh,Jamie Dunphy,Timur Ender,Candace Avalos,Noah Ernst,Terrence Hayes
Candace Avalos,Jamie Dunphy,Steph Routh,Timur Ender,,
Candace Avalos,Cayle Tern,Timur Ender,,,
Loretta Smith,,,,,
Loretta Smith,Candace Avalos,Noah Ernst,Terrence Hayes,Timur Ender,Jamie Dunphy
Terrence Hayes,Timur Ender,Loretta Smith,Jamie Dunphy,Cayle Tern,Noah Ernst
Jamie Dunphy,,,,,
Doug Clove,,,,,
,,,,,
Steph Routh,Candace Avalos,Jamie Dunphy,Noah Ernst,Peggy Sue Owens,Joe Furi
Loretta Smith,Terrence Hayes,Candace Avalos,Timur Ender,Jamie Dunphy,Steph Routh
Michael (Mike) Sands,Loretta Smith,Joe Furi,,,
Terrence Hayes,Noah Ernst,Joe Allen,,,
Noah Ernst,Steph Routh,,,,
Candace Avalos,Steph Routh,Timur Ender,Jamie Dunphy,,
Terrence Hayes,Joe Allen,Noah Ernst,Doug Clove,Jamie Dunphy,Peggy Sue Owens
Loretta Smith,,,,,
Cayle Tern,Joe Furi,Doug Clove,Terrence Hayes,Jamie Dunphy,Steph Routh
Jamie Dunphy,Loretta Smith,,,,
Terrence Hayes,Loretta Smith,Doug Clove,Steph Routh,,
Candace Avalos,Timur Ender,Steph Routh,Loretta Smith,Terrence Hayes,Jamie Dunphy
Noah Ernst,Timur Ender,Candace Avalos,Doug Clove,Joe Furi,Terrence Hayes
Candace Avalos,Terrence Hayes,,,,
Timur Ender,Steph Routh,,,,
Candace Avalos,Loretta Smith,,,,
Jamie Dunphy,Loretta Smith,Michael (Mike) Sands,Steph Routh,David Linn,Noah Ernst
Noah Ernst,,,,,
Steph Routh,Loretta Smith,Jamie Dunphy,Terrence Hayes,Michael (Mike) Sands,Doug Clove
Noah Ernst,Loretta Smith,Steph Routh,Doug Clove,Terrence Hayes,Joe Furi
Jamie Dunphy,Steph Routh,Terrence Hayes,Timur Ender,Cayle Tern,
Deian Salazar,Loretta Smith,Doug Clove,Timur Ender,Candace Avalos,
Candace Avalos,,,,,
Steph Routh,Loretta Smith,Candace Avalos,Michael (Mike) Sands,Deian Salazar,
Noah Ernst,Joe Allen,,,,
Loretta Smith,Steph Routh,Candace Avalos,Cayle Tern,Michael (Mike) Sands,Doug Clove
Candace Avalos,Steph Routh,Terrence Hayes,,,
,,,,,
Loretta Smith,Michael (Mike) Sands,,,,
Doug Clove,Deian Salazar,Joe Furi,Loretta Smith,Steph Routh,Jamie Dunphy
Candace Avalos,Steph Routh,Jamie Dunphy,,,
Candace Avalos,Cayle Tern,Timur Ender,Jamie Dunphy,Steph Routh,
Terrence Hayes,,,,,
Michael (Mike) Sands,Terrence Hayes,Jamie Dunphy,Loretta Smith,Timur Ender,Candace Avalos
Terrence Hayes,Loretta Smith,Noah Ernst,Cayle Tern,,
Steph Routh,Candace Avalos,Jamie Dunphy,Timur Ender,Cayle Tern,Noah Ernst
Steph Routh,Candace Avalos,Jamie Dunphy,,,
Steph Routh,Candace Avalos,Jamie Dunphy,,,
David Linn,Joe Allen,,,,
Timur Ender,Michael (Mike) Sands,Terrence Hayes,Steph Routh,Candace Avalos,Loretta Smith
Doug Clove,Candace Avalos,Loretta Smith,Timur Ender,,
Loretta Smith,,,,,
Loretta Smith,Steph Routh,Cayle Tern,Michael (Mike) Sands,Terrence Hayes,Jamie Dunphy
,,,,,
Candace Avalos,Cayle Tern,Loretta Smith,Terrence Hayes,Steph Routh,David Linn
Joe Allen,,,,,
Cayle Tern,Candace Avalos,Deian Salazar,,,
Noah Ernst,Candace Avalos,Doug Clove,Steph Routh,Cayle Tern,Timur Ender
Candace Avalos,Loretta Smith,Timur Ender,,,
Steph Routh,Loretta Smith,Jamie Dunphy,Candace Avalos,Michael (Mike) Sands,Joe Furi
Timur Ender,Candace Avalos,Noah Ernst,Loretta Smith,Terrence Hayes,Thomas Shervey
Candace Avalos,Steph Routh,Jamie Dunphy,Timur Ender,,
David Linn,Deian Salazar,Loretta Smith,,,
Candace Avalos,Cayle Tern,Timur Ender,,,
Timur Ender,Candace Avalos,Jamie Dunphy,Steph Routh,,
Timur Ender,Loretta Smith,Candace Avalos,Terrence Hayes,Jamie Dunphy,Steph Routh
Loretta Smith,Candace Avalos,Peggy Sue Owens,Jamie Dunphy,,
Jamie Dunphy,Loretta Smith,Candace Avalos,,,
Jamie Dunphy,Steph Routh,Timur Ender,,,
Noah Ernst,Doug Clove,David Linn,Deian Salazar,Loretta Smith,Terrence Hayes
Timur Ender,Joe Furi,Candace Avalos,Loretta Smith,,
Candace Avalos,Steph Routh,Timur Ender,,,
Thomas Shervey,,,,,
Steph Routh,Jamie Dunphy,,,,
Candace Avalos,Steph Routh,Timur Ender,Jamie Dunphy,,
Candace Avalos,Steph Routh,Timur Ender,Jamie Dunphy,,
Steph Routh,Candace Avalos,,,,
Noah Ernst,Steph Routh,Joe Allen,Thomas Shervey,Loretta Smith,Doug Clove
Terrence Hayes,Noah Ernst,,,,
Jamie Dunphy,Peggy Sue Owens,Timur Ender,Candace Avalos,Cayle Tern,Joe Furi
Jamie Dunphy,Timur Ender,Candace Avalos,Thomas Shervey,Loretta Smith,David Linn
Loretta Smith,,,,,
,,,,,
Candace Avalos,Terrence Hayes,Timur Ender,Steph Routh,,
Noah Ernst,Cayle Tern,Michael (Mike) Sands,Timur Ender,Loretta Smith,Jamie Dunphy
Loretta Smith,,,,,
Terrence Hayes,,,,,
Jamie Dunphy,Steph Routh,Loretta Smith,,,
Timur Ender,Steph Routh,Candace Avalos,Cayle Tern,David Linn,
Candace Avalos,Steph Routh,Jamie Dunphy,,,
Jamie Dunphy,Candace Avalos,Steph Routh,Noah Ernst,David Linn,Terrence Hayes
Steph Routh,Candace Avalos,Jamie Dunphy,Noah Ernst,David Linn,Loretta Smith
Steph Routh,Candace Avalos,Timur Ender,Jamie Dunphy,,
Steph Routh,Terrence Hayes,Loretta Smith,,,
David Linn,Timur Ender,Candace Avalos,Terrence Hayes,Loretta Smith,Jamie Dunphy
Noah Ernst,Candace Avalos,Steph Routh,Jamie Dunphy,Loretta Smith,
Doug Clove,,,,,
Jamie Dunphy,Steph Routh,Timur Ender,Loretta Smith,Terrence Hayes,Michael (Mike) Sands
Jamie Dunphy,Timur Ender,Candace Avalos,Steph Routh,Loretta Smith,Terrence Hayes
Jamie Dunphy,,,,,
Timur Ender,Terrence Hayes,Candace Avalos,Thomas Shervey,Noah Ernst,Cayle Tern
Peggy Sue Owens,,,,,
Loretta Smith,,,,,
Timur Ender,Noah Ernst,David Linn,Loretta Smith,Steph Routh,Jamie Dunphy
Candace Avalos,Cayle Tern,Joe Furi,Steph Routh,Jamie Dunphy,
Deian Salazar,Steph Routh,Noah Ernst,Doug Clove,Joe Allen,Loretta Smith
Timur Ender,Loretta Smith,,,,
Noah Ernst,Doug Clove,Deian Salazar,,,
Jamie Dunphy,Loretta Smith,Candace Avalos,Terrence Hayes,Deian Salazar,Timur Ender
Peggy Sue Owens,Candace Avalos,Doug Clove,Michael (Mike) Sands,Loretta Smith,Steph Routh
Jamie Dunphy,Doug Clove,Noah Ernst,Thomas Shervey,,
Steph Routh,Loretta Smith,Jamie Dunphy,Candace Avalos,Cayle Tern,Noah Ernst
Steph Routh,Michael (Mike) Sands,,,,
Candace Avalos,Steph Routh,Timur Ender,Jamie Dunphy,,
Steph Routh,Peggy Sue Owens,Timur Ender,Jamie Dunphy,Terrence Hayes,Candace Avalos
Jamie Dunphy,Loretta Smith,Steph Routh,,,
Jamie Dunphy,,,,,
Steph Routh,Jamie Dunphy,Terrence Hayes,Candace Avalos,Thomas Shervey,David Linn
Noah Ernst,Doug Clove,Jamie Dunphy,,,
Doug Clove,Joe Allen,,,,
Jamie Dunphy,Candace Avalos,Steph Routh,Timur Ender,,
,,,,,
Steph Routh,Loretta Smith,Timur Ender,David Linn,Candace Avalos,Jamie Dunphy
Jamie Dunphy,Candace Avalos,Steph Routh,,,
Terrence Hayes,Loretta Smith,Thomas Shervey,,,
Jamie Dunphy,Steph Routh,Candace Avalos,Timur Ender,Loretta Smith,Noah Ernst
Loretta Smith,Michael (Mike) Sands,David Linn,Cayle Tern,Steph Routh,Candace Avalos
Candace Avalos,Terrence Hayes,Loretta Smith,,,
Steph Routh,Loretta Smith,Peggy Sue Owens,Noah Ernst,Michael (Mike) Sands,Joe Allen
Terrence Hayes,Steph Routh,Michael (Mike) Sands,Jamie Dunphy,Loretta Smith,Timur Ender
Terrence Hayes,,,,,
Cayle Tern,Timur Ender,Candace Avalos,Steph Routh,,
Jamie Dunphy,Timur Ender,Candace Avalos,Steph Routh,,
Timur Ender,Candace Avalos,Deian Salazar,Steph Routh,Cayle Tern,Terrence Hayes
Cayle Tern,Candace Avalos,Timur Ender,Jamie Dunphy,Steph Routh,David Linn
Candace Avalos,Timur Ender,Steph Routh,Jamie Dunphy,David Linn,Cayle Tern
Jamie Dunphy,Terrence Hayes,Noah Ernst,Candace Avalos,Loretta Smith,Steph Routh
Steph Routh,Terrence Hayes,Loretta Smith,,,
Jamie Dunphy,David Linn,Noah Ernst,Terrence Hayes,Joe Furi,
Candace Avalos,Joe Allen,Doug Clove,Joe Furi,Michael (Mike) Sands,Thomas Shervey
Jamie Dunphy,Candace Avalos,Timur Ender,Steph Routh,,
Peggy Sue Owens,Noah Ernst,,,,
Thomas Shervey,Noah Ernst,Timur Ender,,,
Steph Routh,Timur Ender,Jamie Dunphy,Deian Salazar,Michael (Mike) Sands,David Linn
Jamie Dunphy,Michael (Mike) Sands,David Linn,Joe Allen,Timur Ender,
Deian Salazar,,,,,
Candace Avalos,Steph Routh,Timur Ender,Jamie Dunphy,,
Peggy Sue Owens,Doug Clove,Noah Ernst,Steph Routh,Jamie Dunphy,Loretta Smith
Loretta Smith,Terrence Hayes,,,,
Loretta Smith,Peggy Sue Owens,Timur Ender,Noah Ernst,Candace Avalos,Joe Allen
Loretta Smith,Peggy Sue Owens,Terrence Hayes,Joe Furi,Candace Avalos,Jamie Dunphy
Doug Clove,Peggy Sue Owens,Joe Allen,David Linn,Loretta Smith,Jamie Dunphy
Steph Routh,Timur Ender,Jamie Dunphy,Candace Avalos,,
Michael (Mike) Sands,Candace Avalos,David Linn,,,
Steph Routh,Deian Salazar,,,,
Noah Ernst,,,,,
Noah Ernst,Terrence Hayes,Joe Furi,Loretta Smith,Doug Clove,
Candace Avalos,Timur Ender,Steph Routh,,,
Michael (Mike) Sands,Joe Allen,Steph Routh,Timur Ender,Doug Clove,Thomas Shervey
Jamie Dunphy,,,,,
Loretta Smith,,,,,
Noah Ernst,Doug Clove,Deian Salazar,Joe Allen,David Linn,Timur Ender
Loretta Smith,Candace Avalos,Deian Salazar,Terrence Hayes,Cayle Tern,
Loretta Smith,Doug Clove,Joe Allen,,,
Steph Routh,Noah Ernst,Doug Clove,,,
Doug Clove,,,,,
Noah Ernst,Joe Allen,Doug Clove,Thomas Shervey,Michael (Mike) Sands,Joe Furi
Michael (Mike) Sands,Doug Clove,Terrence Hayes,Steph Routh,Joe Allen,Loretta Smith
Timur Ender,David Linn,Steph Routh,Loretta Smith,,
Terrence Hayes,Noah Ernst,Candace Avalos,,,
Steph Routh,,,,,
Write-in-120,Write-in-121,Write-in-122,,,
Noah Ernst,Candace Avalos,Loretta Smith,Steph Routh,Cayle Tern,Joe Allen
Doug Clove,Noah Ernst,Terrence Hayes,Candace Avalos,Cayle Tern,Timur Ender
Candace Avalos,Steph Routh,Timur Ender,Jamie Dunphy,,
Timur Ender,Jamie Dunphy,Steph Routh,Terrence Hayes,Loretta Smith,Cayle Tern
Jamie Dunphy,Deian Salazar,Joe Furi,Thomas Shervey,Joe Allen,Candace Avalos
Joe Allen,Doug Clove,Loretta Smith,Cayle Tern,Steph Routh,Timur Ender
Jamie Dunphy,Steph Routh,Candace Avalos,,,
Doug Clove,Jamie Dunphy,,,,
Terrence Hayes,Loretta Smith,,,,
Loretta Smith,Jamie Dunphy,Candace Avalos,,,
Candace Avalos,,,,,
Peggy Sue Owens,,,,,
David Linn,Noah Ernst,Steph Routh,Peggy Sue Owens,Joe Furi,Loretta Smith
Jamie Dunphy,Steph Routh,Candace Avalos,,,
Loretta Smith,Noah Ernst,David Linn,,,
Noah Ernst,Joe Allen,David Linn,,,
Joe Allen,David Linn,Jamie Dunphy,Thomas Shervey,Timur Ender,Doug Clove
Terrence Hayes,Noah Ernst,Candace Avalos,,,
Candace Avalos,Jamie Dunphy,Steph Routh,Timur Ender,Loretta Smith,Cayle Tern
Peggy Sue Owens,Timur Ender,Noah Ernst,Candace Avalos,Joe Allen,David Linn
Noah Ernst,,,,,
Candace Avalos,Terrence Hayes,Deian Salazar,Thomas Shervey,Cayle Tern,Jamie Dunphy
Steph Routh,Candace Avalos,Timur Ender,Jamie Dunphy,,
Terrence Hayes,Deian Salazar,,,,
David Linn,Timur Ender,Candace Avalos,,,
Candace Avalos,Timur Ender,David Linn,,,
Noah Ernst,Thomas Shervey,,,,
Jamie Dunphy,Candace Avalos,Steph Routh,Timur Ender,Cayle Tern,Loretta Smith
Candace Avalos,Cayle Tern,Terrence Hayes,Steph Routh,Joe Furi,David Linn
Jamie Dunphy,Steph Routh,Candace Avalos,Timur Ender,Loretta Smith,
Timur Ender,David Linn,Joe Furi,Deian Salazar,Steph Routh,Jamie Dunphy
Candace Avalos,Jamie Dunphy,Cayle Tern,Timur Ender,Steph Routh,
Timur Ender,Candace Avalos,Steph Routh,Loretta Smith,Cayle Tern,Jamie Dunphy
Candace Avalos,Steph Routh,Timur Ender,Jamie Dunphy,,
Jamie Dunphy,Terrence Hayes,Candace Avalos,Steph Routh,David Linn,Cayle Tern
Joe Furi,Doug Clove,Noah Ernst,Candace Avalos,Joe Allen,Timur Ender
Noah Ernst,David Linn,Loretta Smith,,,
Steph Routh,,,,,
Joe Allen,Loretta Smith,Thomas Shervey,Timur Ender,,
Steph Routh,,,,,
Candace Avalos,Noah Ernst,Steph Routh,Michael (Mike) Sands,Loretta Smith,
Timur Ender,,,,,
Loretta Smith,Terrence Hayes,Cayle Tern,Deian Salazar,Candace Avalos,Timur Ender
Doug Clove,Terrence Hayes,Noah Ernst,,,
Noah Ernst,Terrence Hayes,Joe Furi,Loretta Smith,Doug Clove,
Timur Ender,Candace Avalos,Cayle Tern,Michael (Mike) Sands,Deian Salazar,Jamie Dunphy
Timur Ender,Candace Avalos,Steph Routh,Cayle Tern,Terrence Hayes,Loretta Smith
Candace Avalos,Steph Routh,Timur Ender,Jamie Dunphy,Cayle Tern,Loretta Smith
Loretta Smith,Terrence Hayes,Candace Avalos,,,
Jamie Dunphy,Candace Avalos,Steph Routh,,,
Noah Ernst,Cayle Tern,Candace Avalos,Doug Clove,Steph Routh,
Noah Ernst,Terrence Hayes,Loretta Smith,Jamie Dunphy,Steph Routh,Timur Ender
David Linn,Steph Routh,Terrence Hayes,Loretta Smith,Timur Ender,
Doug Clove,,,,,
Terrence Hayes,Loretta Smith,Noah Ernst,,,
Peggy Sue Owens,Timur Ender,Noah Ernst,Candace Avalos,Joe Allen,David Linn
Terrence Hayes,Noah Ernst,Joe Furi,Loretta Smith,Doug Clove,Write-in-120
Noah Ernst,Jamie Dunphy,Candace Avalos,,,
Jamie Dunphy,Timur Ender,Steph Routh,Loretta Smith,Michael (Mike) Sands,Deian Salazar
Jamie Dunphy,Candace Avalos,Steph Routh,,,
Jamie Dunphy,,,,,
David Linn,Loretta Smith,Steph Routh,Michael (Mike) Sands,Candace Avalos,Timur Ender
Candace Avalos,Michael (Mike) Sands,,,,
Noah Ernst,,,,,
Michael (Mike) Sands,Noah Ernst,David Linn,,,
Jamie Dunphy,Steph Routh,Candace Avalos,Timur Ender,Loretta Smith,
Doug Clove,Candace Avalos,Jamie Dunphy,Timur Ender,,
Peggy Sue Owens,Cayle Tern,Deian Salazar,Loretta Smith,Jamie Dunphy,Candace Avalos
Jamie Dunphy,Candace Avalos,Steph Routh,Noah Ernst,David Linn,Loretta Smith
Timur Ender,Candace Avalos,,,,
Steph Routh,Noah Ernst,,,,
Candace Avalos,Steph Routh,Jamie Dunphy,,,
Candace Avalos,Steph Routh,Jamie Dunphy,,,
David Linn,Noah Ernst,Terrence Hayes,Candace Avalos,Loretta Smith,Steph Routh
Loretta Smith,Jamie Dunphy,David Linn,,,
Terrence Hayes,Jamie Dunphy,Steph Routh,Loretta Smith,Candace Avalos,
Timur Ender,Cayle Tern,Candace Avalos,Terrence Hayes,Jamie Dunphy,Loretta Smith
Candace Avalos,David Linn,,,,
Timur Ender,Michael (Mike) Sands,Terrence Hayes,Loretta Smith,Steph Routh,Doug Clove
Doug Clove,Deian Salazar,Loretta Smith,,,
David Linn,Joe Allen,Michael (Mike) Sands,Thomas Shervey,Jamie Dunphy,Steph Routh
Timur Ender,Steph Routh,Candace Avalos,,,
Terrence Hayes,Cayle Tern,Timur Ender,,,
Candace Avalos,Steph Routh,Joe Furi,Timur Ender,,
Peggy Sue Owens,Candace Avalos,,,,
Steph Routh,Jamie Dunphy,Candace Avalos,,,
Noah Ernst,Loretta Smith,Jamie Dunphy,Cayle Tern,Joe Furi,Candace Avalos
Peggy Sue Owens,Timur Ender,Noah Ernst,Candace Avalos,Joe Allen,David Linn
Deian Salazar,Steph Routh,Candace Avalos,Loretta Smith,Joe Furi,Terrence Hayes
Loretta Smith,Terrence Hayes,Candace Avalos,,,
Loretta Smith,Jamie Dunphy,Terrence Hayes,Candace Avalos,Timur Ender,Steph Routh
Jamie Dunphy,Candace Avalos,David Linn,Noah Ernst,Cayle Tern,Terrence Hayes
Loretta Smith,,,,,
Joe Allen,Michael (Mike) Sands,Joe Furi,Jamie Dunphy,Steph Routh,Loretta Smith
Terrence Hayes,Jamie Dunphy,Steph Routh,Cayle Tern,Timur Ender,Noah Ernst
Joe Allen,Cayle Tern,,,,
Thomas Shervey,Doug Clove,David Linn,Jamie Dunphy,,
Steph Routh,Terrence Hayes,Candace Avalos,,,
Terrence Hayes,Timur Ender,David Linn,Doug Clove,Thomas Shervey,Steph Routh
Jamie Dunphy,Candace Avalos,,,,
Joe Furi,Noah Ernst,,,,
Loretta Smith,,,,,
Candace Avalos,Steph Routh,Timur Ender,Jamie Dunphy,Cayle Tern,Michael (Mike) Sands
,,,,,
Jamie Dunphy,Steph Routh,,,,
Steph Routh,Doug Clove,Joe Allen,Jamie Dunphy,Candace Avalos,Deian Salazar
David Linn,,,,,
Candace Avalos,Steph Routh,Timur Ender,Jamie Dunphy,David Linn,Cayle Tern
Noah Ernst,,,,,
Loretta Smith,Timur Ender,Terrence Hayes,,,
Candace Avalos,Steph Routh,Timur Ender,Jamie Dunphy,,
Loretta Smith,Jamie Dunphy,Peggy Sue Owens,Doug Clove,Noah Ernst,Thomas Shervey
Candace Avalos,,,,,
Jamie Dunphy,Candace Avalos,Steph Routh,,,
Candace Avalos,Jamie Dunphy,Timur Ender,Steph Routh,David Linn,Cayle Tern
Noah Ernst,,,,,
Cayle Tern,,,,,
Timur Ender,David Linn,Candace Avalos,Steph Routh,,
Doug Clove,,,,,
David Linn,Steph Routh,Candace Avalos,Jamie Dunphy,Timur Ender,
Loretta Smith,Terrence Hayes,Steph Routh,Noah Ernst,Candace Avalos,
Jamie Dunphy,Timur Ender,Doug Clove,Noah Ernst,Terrence Hayes,
,,,,,
Timur Ender,Candace Avalos,Jamie Dunphy,Cayle Tern,Steph Routh,Terrence Hayes
Loretta Smith,Timur Ender,Candace Avalos,David Linn,Terrence Hayes,Steph Routh
Timur Ender,Cayle Tern,Steph Routh,,,
Noah Ernst,Cayle Tern,Doug Clove,Steph Routh,,
Jamie Dunphy,Candace Avalos,Steph Routh,Deian Salazar,,
Doug Clove,Noah Ernst,Loretta Smith,Deian Salazar,,
Terrence Hayes,Loretta Smith,Steph Routh,Candace Avalos,Timur Ender,
Timur Ender,,,,,
Jamie Dunphy,Candace Avalos,Steph Routh,,,
Steph Routh,Timur Ender,Cayle Tern,Loretta Smith,,
Jamie Dunphy,,,,,
Steph Routh,Candace Avalos,Jamie Dunphy,,,
Timur Ender,Doug Clove,Joe Furi,Michael (Mike) Sands,Deian Salazar,
Candace Avalos,Steph Routh,Terrence Hayes,Timur Ender,Cayle Tern,David Linn
Loretta Smith,,,,,
Steph Routh,Candace Avalos,Joe Allen,Joe Furi,Jamie Dunphy,Loretta Smith
Jamie Dunphy,Candace Avalos,Loretta Smith,Timur Ender,Michael (Mike) Sands,Noah Ernst
Terrence Hayes,Noah Ernst,Doug Clove,,,
Loretta Smith,Doug Clove,Candace Avalos,Cayle Tern,Jamie Dunphy,Joe Allen
Candace Avalos,Timur Ender,Joe Allen,Loretta Smith,Doug Clove,David Linn
Noah Ernst,Thomas Shervey,Loretta Smith,Jamie Dunphy,Steph Routh,Terrence Hayes
Loretta Smith,Jamie Dunphy,Candace Avalos,Timur Ender,Michael (Mike) Sands,Deian Salazar
Loretta Smith,,,,,
Loretta Smith,Terrence Hayes,Cayle Tern,Steph Routh,Jamie Dunphy,Candace Avalos
Deian Salazar,Terrence Hayes,Steph Routh,Cayle Tern,,
Candace Avalos,Timur Ender,Steph Routh,Jamie Dunphy,,
Loretta Smith,Candace Avalos,Steph Routh,Doug Clove,David Linn,Jamie Dunphy
Loretta Smith,,,,,
Candace Avalos,David Linn,Deian Salazar,Cayle Tern,Loretta Smith,Jamie Dunphy
Doug Clove,Thomas Shervey,Michael (Mike) Sands,,,
Candace Avalos,Peggy Sue Owens,Noah Ernst,Deian Salazar,Loretta Smith,Jamie Dunphy
Cayle Tern,Deian Salazar,Steph Routh,Loretta Smith,Timur Ender,Jamie Dunphy
Jamie Dunphy,David Linn,Loretta Smith,Doug Clove,Michael (Mike) Sands,Noah Ernst
Steph Routh,Jamie Dunphy,,,,
Steph Routh,Candace Avalos,Joe Allen,,,
Joe Allen,David Linn,Cayle Tern,Doug Clove,Joe Furi,Deian Salazar
Timur Ender,Noah Ernst,Michael (Mike) Sands,,,
Noah Ernst,Doug Clove,David Linn,Terrence Hayes,Loretta Smith,Steph Routh
Write-in-120,,,,,
Peggy Sue Owens,Loretta Smith,Jamie Dunphy,Cayle Tern,Joe Allen,Terrence Hayes
Candace Avalos,Cayle Tern,David Linn,Steph Routh,Jamie Dunphy,
Timur Ender,Candace Avalos,Cayle Tern,Loretta Smith,Terrence Hayes,Steph Routh
Jamie Dunphy,Candace Avalos,Steph Routh,Noah Ernst,Timur Ender,
Loretta Smith,Candace Avalos,Steph Routh,Terrence Hayes,Jamie Dunphy,David Linn
Loretta Smith,,,,,
Jamie Dunphy,Candace Avalos,Steph Routh,Timur Ender,Noah Ernst,David Linn
Loretta Smith,Timur Ender,David Linn,,,
Deian Salazar,Timur Ender,David Linn,Loretta Smith,Steph Routh,Terrence Hayes
Jamie Dunphy,Candace Avalos,Steph Routh,,,
Steph Routh,Candace Avalos,Jamie Dunphy,Michael (Mike) Sands,Cayle Tern,Timur Ender
Peggy Sue Owens,Michael (Mike) Sands,Cayle Tern,,,
Peggy Sue Owens,Timur Ender,Noah Ernst,Candace Avalos,Joe Allen,David Linn
Candace Avalos,Timur Ender,Steph Routh,Jamie Dunphy,Cayle Tern,David Linn
Loretta Smith,,,,,
Loretta Smith,Steph Routh,Cayle Tern,Terrence Hayes,,
Candace Avalos,Timur Ender,Loretta Smith,Terrence Hayes,Steph Routh,Jamie Dunphy
Steph Routh,Jamie Dunphy,Doug Clove,Candace Avalos,Deian Salazar,Loretta Smith
Timur Ender,Terrence Hayes,Loretta Smith,Candace Avalos,Cayle Tern,Deian Salazar
Doug Clove,Loretta Smith,Terrence Hayes,Deian Salazar,,
Candace Avalos,,,,,
Jamie Dunphy,Steph Routh,Candace Avalos,Timur Ender,Loretta Smith,David Linn
Steph Routh,Michael (Mike) Sands,Timur Ender,,,
Steph Routh,Jamie Dunphy,Candace Avalos,Timur Ender,Cayle Tern,Loretta Smith
Doug Clove,Michael (Mike) Sands,Thomas Shervey,Noah Ernst,Joe Furi,
Noah Ernst,Doug Clove,Terrence Hayes,Steph Routh,Jamie Dunphy,Thomas Shervey
Terrence Hayes,Timur Ender,Noah Ernst,Steph Routh,Deian Salazar,
Candace Avalos,Jamie Dunphy,Terrence Hayes,Loretta Smith,,
Noah Ernst,Terrence Hayes,Loretta Smith,,,
Noah Ernst,Jamie Dunphy,David Linn,,,
Terrence Hayes,Timur Ender,Steph Routh,David Linn,Thomas Shervey,Noah Ernst
Loretta Smith,Jamie Dunphy,Steph Routh,Cayle Tern,Candace Avalos,Timur Ender
Terrence Hayes,Steph Routh,Candace Avalos,Jamie Dunphy,Timur Ender,
Candace Avalos,Terrence Hayes,Cayle Tern,Doug Clove,Deian Salazar,Timur Ender
Jamie Dunphy,Steph Routh,Timur Ender,Candace Avalos,Cayle Tern,David Linn
Loretta Smith,Steph Routh,Terrence Hayes,Timur Ender,Cayle Tern,Michael (Mike) Sands
Noah Ernst,Doug Clove,Steph Routh,Jamie Dunphy,Michael (Mike) Sands,David Linn
Jamie Dunphy,Candace Avalos,David Linn,Steph Routh,Timur Ender,Cayle Tern
Doug Clove,,,,,
Timur Ender,David Linn,Cayle Tern,Candace Avalos,Steph Routh,Joe Furi
Deian Salazar,Loretta Smith,Terrence Hayes,Doug Clove,Noah Ernst,Joe Allen
Terrence Hayes,,,,,
Terrence Hayes,Noah Ernst,Deian Salazar,Loretta Smith,Doug Clove,Joe Furi
Noah Ernst,Terrence Hayes,Loretta Smith,,,
Doug Clove,Noah Ernst,Steph Routh,,,
Noah Ernst,Doug Clove,Joe Allen,,,
Peggy Sue Owens,,,,,
Candace Avalos,Cayle Tern,Timur Ender,,,
Timur Ender,Thomas Shervey,Doug Clove,Joe Furi,Joe Allen,Noah Ernst
Loretta Smith,,,,,
Timur Ender,,,,,
Candace Avalos,Jamie Dunphy,Cayle Tern,Timur Ender,Steph Routh,
Terrence Hayes,Noah Ernst,Jamie Dunphy,Doug Clove,David Linn,Michael (Mike) Sands
Peggy Sue Owens,,,,,
Candace Avalos,Timur Ender,Steph Routh,Thomas Shervey,Cayle Tern,Loretta Smith
Terrence Hayes,Loretta Smith,Jamie Dunphy,Steph Routh,,
Timur Ender,,,,,
Jamie Dunphy,Timur Ender,,,,
Noah Ernst,Jamie Dunphy,Steph Routh,,,
,,,,,
Doug Clove,Terrence Hayes,Loretta Smith,,,
Timur Ender,Jamie Dunphy,Terrence Hayes,Steph Routh,Loretta Smith,Candace Avalos
Timur Ender,David Linn,Jamie Dunphy,Steph Routh,Terrence Hayes,Loretta Smith
Candace Avalos,Loretta Smith,Jamie Dunphy,,,
Michael (Mike) Sands,Peggy Sue Owens,,,,
Terrence Hayes,Noah Ernst,Loretta Smith,,,
Candace Avalos,Joe Furi,,,,
Candace Avalos,Steph Routh,Cayle Tern,David Linn,Terrence Hayes,
Jamie Dunphy,Candace Avalos,Steph Routh,Timur Ender,Loretta Smith,Cayle Tern
Loretta Smith,,,,,
Terrence Hayes,Timur Ender,Loretta Smith,Joe Allen,Candace Avalos,
Jamie Dunphy,Steph Routh,Timur Ender,,,
Jamie Dunphy,Candace Avalos,Timur Ender,Loretta Smith,Steph Routh,Noah Ernst
Steph Routh,Timur Ender,Candace Avalos,Jamie Dunphy,Loretta Smith,Noah Ernst
Timur Ender,Jamie Dunphy,Steph Routh,Candace Avalos,David Linn,Cayle Tern
Doug Clove,Noah Ernst,Joe Allen,,,
Joe Allen,,,,,
Timur Ender,Michael (Mike) Sands,Jamie Dunphy,Steph Routh,Terrence Hayes,Joe Furi
Steph Routh,Loretta Smith,Doug Clove,Timur Ender,,
Candace Avalos,Timur Ender,Jamie Dunphy,Cayle Tern,,
Steph Routh,Jamie Dunphy,Cayle Tern,Candace Avalos,,
Jamie Dunphy,Candace Avalos,Steph Routh,Cayle Tern,Loretta Smith,
Timur Ender,Jamie Dunphy,Steph Routh,Candace Avalos,,
Steph Routh,Candace Avalos,Timur Ender,Loretta Smith,David Linn,
Loretta Smith,Deian Salazar,Candace Avalos,Cayle Tern,Peggy Sue Owens,Steph Routh
Candace Avalos,Terrence Hayes,Timur Ender,Cayle Tern,Noah Ernst,Loretta Smith
Steph Routh,Jamie Dunphy,Timur Ender,,,
Candace Avalos,Jamie Dunphy,Steph Routh,,,
Candace Avalos,Loretta Smith,Terrence Hayes,Deian Salazar,Cayle Tern,Timur Ender
Candace Avalos,Steph Routh,Timur Ender,Jamie Dunphy,David Linn,Cayle Tern
Steph Routh,Candace Avalos,Jamie Dunphy,,,
Candace Avalos,Timur Ender,Cayle Tern,Jamie Dunphy,Deian Salazar,Steph Routh
Jamie Dunphy,Timur Ender,Steph Routh,Candace Avalos,Michael (Mike) Sands,David Linn
Jamie Dunphy,David Linn,Thomas Shervey,Peggy Sue Owens,Timur Ender,Noah Ernst
Steph Routh,Candace Avalos,Jamie Dunphy,Terrence Hayes,David Linn,
Loretta Smith,Noah Ernst,Joe Allen,David Linn,Joe Furi,Steph Routh
Peggy Sue Owens,Candace Avalos,David Linn,Deian Salazar,Noah Ernst,Joe Furi
Jamie Dunphy,Steph Routh,Candace Avalos,Timur Ender,,
Loretta Smith,Timur Ender,Steph Routh,,,
Terrence Hayes,Noah Ernst,,,,
,,,,,
Terrence Hayes,Steph Routh,Jamie Dunphy,Cayle Tern,Candace Avalos,Loretta Smith
Noah Ernst,Doug Clove,,,,
Candace Avalos,Timur Ender,Michael (Mike) Sands,Terrence Hayes,Noah Ernst,David Linn
Loretta Smith,Steph Routh,Terrence Hayes,Candace Avalos,,
Candace Avalos,Steph Routh,Michael (Mike) Sands,Timur Ender,Cayle Tern,Thomas Shervey
Joe Furi,Joe Allen,Steph Routh,Noah Ernst,Michael (Mike) Sands,Jamie Dunphy
Loretta Smith,Candace Avalos,Thomas Shervey,Terrence Hayes,Cayle Tern,David Linn
Candace Avalos,Jamie Dunphy,Steph Routh,Timur Ender,Loretta Smith,Terrence Hayes
Doug Clove,Joe Allen,Michael (Mike) Sands,Thomas Shervey,Steph Routh,Jamie Dunphy
Doug Clove,,,,,
Candace Avalos,Timur Ender,Steph Routh,Jamie Dunphy,Cayle Tern,David Linn
Terrence Hayes,Michael (Mike) Sands,Thomas Shervey,Jamie Dunphy,Loretta Smith,Candace Avalos
Loretta Smith,Peggy Sue Owens,Candace Avalos,Jamie Dunphy,Terrence Hayes,Cayle Tern
Jamie Dunphy,Steph Routh,Candace Avalos,Timur Ender,Loretta Smith,
Joe Allen,Terrence Hayes,Candace Avalos,Jamie Dunphy,Steph Routh,Deian Salazar
Noah Ernst,Joe Allen,Doug Clove,,,
Candace Avalos,Peggy Sue Owens,Cayle Tern,Deian Salazar,Jamie Dunphy,Loretta Smith
,,,,,
Candace Avalos,Timur Ender,Steph Routh,Jamie Dunphy,Cayle Tern,David Linn
Candace Avalos,Steph Routh,Terrence Hayes,Cayle Tern,Timur Ender,Jamie Dunphy
David Linn,Michael (Mike) Sands,Thomas Shervey,Noah Ernst,Jamie Dunphy,Doug Clove
Cayle Tern,Candace Avalos,Loretta Smith,Jamie Dunphy,Terrence Hayes,Steph Routh
Candace Avalos,Steph Routh,Jamie Dunphy,,,
Candace Avalos,Timur Ender,Loretta Smith,,,
Candace Avalos,Timur Ender,David Linn,Terrence Hayes,Steph Routh,Michael (Mike) Sands
Timur Ender,Noah Ernst,Deian Salazar,Terrence Hayes,Steph Routh,Jamie Dunphy
Candace Avalos,Timur Ender,Jamie Dunphy,,,
Noah Ernst,Peggy Sue Owens,Michael (Mike) Sands,,,
Jamie Dunphy,Candace Avalos,Steph Routh,David Linn,Loretta Smith,
Noah Ernst,,,,,
Candace Avalos,Steph Routh,Timur Ender,Jamie Dunphy,David Linn,Cayle Tern
Peggy Sue Owens,Jamie Dunphy,,,,
Peggy Sue Owens,,,,,
Loretta Smith,Steph Routh,Candace Avalos,Jamie Dunphy,Noah Ernst,Peggy Sue Owens
Loretta Smith,,,,,
Terrence Hayes,,,,,
Jamie Dunphy,Noah Ernst,Timur Ender,Steph Routh,Thomas Shervey,Terrence Hayes
Jamie Dunphy,Terrence Hayes,,,,
Candace Avalos,Joe Furi,Steph Routh,,,
Candace Avalos,Timur Ender,Steph Routh,,,
Jamie Dunphy,Steph Routh,Candace Avalos,Timur Ender,Deian Salazar,David Linn
Terrence Hayes,Loretta Smith,David Linn,Candace Avalos,Doug Clove,Jamie Dunphy
Candace Avalos,Steph Routh,Loretta Smith,Terrence Hayes,Joe Furi,Cayle Tern
Candace Avalos,,,,,
Jamie Dunphy,Timur Ender,Noah Ernst,Cayle Tern,,
Candace Avalos,Timur Ender,Steph Routh,Jamie Dunphy,Cayle Tern,David Linn
Terrence Hayes,Candace Avalos,Jamie Dunphy,,,
Doug Clove,Candace Avalos,Timur Ender,,,
Noah Ernst,,,,,
Joe Allen,Joe Furi,Doug Clove,Cayle Tern,Noah Ernst,Deian Salazar
Jamie Dunphy,Candace Avalos,Steph Routh,,,
Deian Salazar,Doug Clove,Terrence Hayes,,,
Terrence Hayes,,,,,
Doug Clove,Noah Ernst,,,,
Doug Clove,,,,,
Loretta Smith,Steph Routh,Jamie Dunphy,Terrence Hayes,Candace Avalos,Deian Salazar
Jamie Dunphy,Steph Routh,Candace Avalos,,,
,,,,,
Jamie Dunphy,Candace Avalos,Steph Routh,David Linn,Cayle Tern,
Loretta Smith,Steph Routh,Jamie Dunphy,Terrence Hayes,Candace Avalos,David Linn
Loretta Smith,,,,,
Loretta Smith,,,,,
Terrence Hayes,Candace Avalos,,,,
Deian Salazar,,,,,
Joe Allen,Deian Salazar,Terrence Hayes,Steph Routh,Doug Clove,Joe Furi
Loretta Smith,Terrence Hayes,Peggy Sue Owens,Timur Ender,David Linn,Candace Avalos
David Linn,Loretta Smith,Candace Avalos,Jamie Dunphy,Michael (Mike) Sands,Timur Ender
Terrence Hayes,Noah Ernst,Doug Clove,,,
Peggy Sue Owens,Doug Clove,Noah Ernst,Terrence Hayes,,
Candace Avalos,Timur Ender,Joe Allen,Michael (Mike) Sands,Terrence Hayes,Steph Routh
Noah Ernst,Terrence Hayes,Loretta Smith,,,
Noah Ernst,Deian Salazar,Loretta Smith,Steph Routh,Terrence Hayes,Jamie Dunphy
Steph Routh,Terrence Hayes,Jamie Dunphy,Thomas Shervey,Doug Clove,David Linn
Peggy Sue Owens,Joe Allen,Loretta Smith,Terrence Hayes,Jamie Dunphy,David Linn
Steph Routh,Terrence Hayes,Loretta Smith,,,
Candace Avalos,Loretta Smith,Timur Ender,Jamie Dunphy,Steph Routh,
Candace Avalos,Loretta Smith,Steph Routh,Jamie Dunphy,Terrence Hayes,Cayle Tern
Candace Avalos,Cayle Tern,Timur Ender,Jamie Dunphy,Loretta Smith,Terrence Hayes
Loretta Smith,Peggy Sue Owens,,,,
Noah Ernst,Doug Clove,Loretta Smith,Terrence Hayes,,
Jamie Dunphy,Steph Routh,Timur Ender,David Linn,Loretta Smith,Terrence Hayes
Doug Clove,Steph Routh,Noah Ernst,Jamie Dunphy,Loretta Smith,Thomas Shervey
Candace Avalos,Timur Ender,Jamie Dunphy,Steph Routh,,
Loretta Smith,Candace Avalos,Peggy Sue Owens,,,
David Linn,,,,,
Terrence Hayes,Jamie Dunphy,Timur Ender,Cayle Tern,Candace Avalos,David Linn
Terrence Hayes,Candace Avalos,Cayle Tern,Deian Salazar,,
Doug Clove,Noah Ernst,,,,
Candace Avalos,Timur Ender,Steph Routh,Cayle Tern,Jamie Dunphy,
Noah Ernst,Deian Salazar,Terrence Hayes,,,
Deian Salazar,,,,,
Joe Furi,Michael (Mike) Sands,,,,
Candace Avalos,Steph Routh,Timur Ender,Jamie Dunphy,David Linn,Cayle Tern
Candace Avalos,Loretta Smith,Terrence Hayes,,,
Candace Avalos,,,,,
Jamie Dunphy,Candace Avalos,Steph Routh,,,
Candace Avalos,Steph Routh,,,,
Timur Ender,David Linn,Jamie Dunphy,Steph Routh,Cayle Tern,Michael (Mike) Sands
Steph Routh,Jamie Dunphy,Loretta Smith,Terrence Hayes,Cayle Tern,David Linn
,,,,,
Noah Ernst,Doug Clove,Terrence Hayes,,,
Noah Ernst,Doug Clove,David Linn,,,
David Linn,Candace Avalos,Timur Ender,,,
Joe Allen,,,,,
Candace Avalos,Jamie Dunphy,Steph Routh,Loretta Smith,,
Loretta Smith,David Linn,Doug Clove,Candace Avalos,Terrence Hayes,
Doug Clove,Joe Furi,,,,
Candace Avalos,Cayle Tern,Michael (Mike) Sands,David Linn,Loretta Smith,Timur Ender
David Linn,Noah Ernst,Thomas Shervey,Doug Clove,Jamie Dunphy,Michael (Mike) Sands
Jamie Dunphy,Candace Avalos,Steph Routh,Noah Ernst,David Linn,Loretta Smith
Steph Routh,Candace Avalos,Timur Ender,,,
Steph Routh,Loretta Smith,Michael (Mike) Sands,Noah Ernst,Peggy Sue Owens,Timur Ender
Candace Avalos,Timur Ender,Loretta Smith,,,
Doug Clove,Loretta Smith,Steph Routh,Noah Ernst,Joe Allen,Candace Avalos
Jamie Dunphy,Steph Routh,Candace Avalos,Timur Ender,Loretta Smith,Deian Salazar
Terrence Hayes,Loretta Smith,,,,
Terrence Hayes,Loretta Smith,Noah Ernst,,,
Terrence Hayes,Noah Ernst,,,,
Deian Salazar,Noah Ernst,Terrence Hayes,Doug Clove,Steph Routh,Cayle Tern
Steph Routh,Jamie Dunphy,Thomas Shervey,Loretta Smith,Joe Furi,Deian Salazar
Candace Avalos,Deian Salazar,Loretta Smith,,,
Cayle Tern,Timur Ender,Candace Avalos,Steph Routh,Jamie Dunphy,David Linn
Noah Ernst,Doug Clove,,,,
Cayle Tern,Noah Ernst,Candace Avalos,Terrence Hayes,Loretta Smith,Jamie Dunphy
Jamie Dunphy,Candace Avalos,David Linn,,,
Loretta Smith,Steph Routh,Terrence Hayes,Jamie Dunphy,Timur Ender,
Loretta Smith,Terrence Hayes,Steph Routh,Jamie Dunphy,Deian Salazar,Candace Avalos
Doug Clove,Loretta Smith,Deian Salazar,Terrence Hayes,,
Candace Avalos,Terrence Hayes,Steph Routh,Jamie Dunphy,Timur Ender,Cayle Tern
Jamie Dunphy,Loretta Smith,Michael (Mike) Sands,Doug Clove,Joe Allen,Peggy Sue Owens
Noah Ernst,David Linn,Steph Routh,,,
Peggy Sue Owens,Candace Avalos,Loretta Smith,Terrence Hayes,Steph Routh,Michael (Mike) Sands
Jamie Dunphy,Steph Routh,Joe Furi,,,
Noah Ernst,Doug Clove,Joe Furi,Terrence Hayes,Jamie Dunphy,Loretta Smith
Doug Clove,Candace Avalos,Noah Ernst,Joe Furi,Timur Ender,Cayle Tern
Terrence Hayes,Timur Ender,Candace Avalos,,,
Jamie Dunphy,Candace Avalos,Steph Routh,Timur Ender,Loretta Smith,Peggy Sue Owens
Loretta Smith,,,,,
Candace Avalos,Steph Routh,Jamie Dunphy,Loretta Smith,,
Timur Ender,Candace Avalos,Jamie Dunphy,Steph Routh,,
Terrence Hayes,Loretta Smith,Noah Ernst,,,
Jamie Dunphy,Candace Avalos,Steph Routh,,,
Peggy Sue Owens,Doug Clove,,,,
Doug Clove,Peggy Sue Owens,Noah Ernst,David Linn,Joe Allen,Jamie Dunphy
Jamie Dunphy,Steph Routh,Candace Avalos,,,
Terrence Hayes,Noah Ernst,Candace Avalos,,,
Loretta Smith,Timur Ender,Michael (Mike) Sands,Deian Salazar,Terrence Hayes,
Terrence Hayes,Noah Ernst,Deian Salazar,,,
Jamie Dunphy,,,,,
Steph Routh,Loretta Smith,Doug Clove,Jamie Dunphy,Timur Ender,Michael (Mike) Sands
Jamie Dunphy,Timur Ender,Candace Avalos,Loretta Smith,Steph Routh,David Linn
Loretta Smith,Steph Routh,Timur Ender,Terrence Hayes,Cayle Tern,Jamie Dunphy
Loretta Smith,Terrence Hayes,Noah Ernst,,,
Loretta Smith,Terrence Hayes,Timur Ender,David Linn,,
Thomas Shervey,,,,,
Noah Ernst,Steph Routh,Jamie Dunphy,,,
Noah Ernst,,,,,
Jamie Dunphy,Candace Avalos,David Linn,,,
Jamie Dunphy,Michael (Mike) Sands,Candace Avalos,,,
Jamie Dunphy,Terrence Hayes,Noah Ernst,Doug Clove,,
Loretta Smith,,,,,
Candace Avalos,Timur Ender,Jamie Dunphy,,,
Noah Ernst,Terrence Hayes,Loretta Smith,Jamie Dunphy,Peggy Sue Owens,
Candace Avalos,Timur Ender,Cayle Tern,Steph Routh,,
Candace Avalos,Steph Routh,Timur Ender,,,
Steph Routh,Loretta Smith,Joe Furi,Candace Avalos,Peggy Sue Owens,Cayle Tern
Loretta Smith,Jamie Dunphy,Timur Ender,Steph Routh,Candace Avalos,
David Linn,,,,,
Terrence Hayes,Joe Allen,Jamie Dunphy,Steph Routh,Cayle Tern,
Michael (Mike) Sands,David Linn,,,,
Terrence Hayes,Noah Ernst,Doug Clove,Deian Salazar,Joe Allen,Steph Routh
Joe Furi,David Linn,Terrence Hayes,Noah Ernst,Jamie Dunphy,Deian Salazar
Loretta Smith,Joe Furi,David Linn,Noah Ernst,Timur Ender,Peggy Sue Owens
Jamie Dunphy,Candace Avalos,Steph Routh,,,
Steph Routh,Jamie Dunphy,Michael (Mike) Sands,Timur Ender,Candace Avalos,Cayle Tern
Loretta Smith,Terrence Hayes,Timur Ender,Candace Avalos,Jamie Dunphy,Steph Routh
Timur Ender,Steph Routh,Jamie Dunphy,Candace Avalos,Cayle Tern,David Linn
Steph Routh,Jamie Dunphy,Joe Furi,David Linn,Noah Ernst,Timur Ender
Timur Ender,Steph Routh,Cayle Tern,Candace Avalos,,
Terrence Hayes,Noah Ernst,Joe Furi,Loretta Smith,Doug Clove,
Candace Avalos,Timur Ender,Steph Routh,Jamie Dunphy,Cayle Tern,David Linn
,,,,,
Timur Ender,Candace Avalos,Jamie Dunphy,Doug Clove,Noah Ernst,Michael (Mike) Sands
Candace Avalos,Jamie Dunphy,Steph Routh,Loretta Smith,Terrence Hayes,Peggy Sue Owens
Candace Avalos,Steph Routh,Jamie Dunphy,Cayle Tern,Timur Ender,David Linn
Candace Avalos,Jamie Dunphy,Steph Routh,David Linn,Cayle Tern,
Terrence Hayes,,,,,
Michael (Mike) Sands,Terrence Hayes,David Linn,Peggy Sue Owens,Steph Routh,Doug Clove
Peggy Sue Owens,Noah Ernst,David Linn,,,
Steph Routh,Jamie Dunphy,Terrence Hayes,Timur Ender,Loretta Smith,David Linn
David Linn,Candace Avalos,Doug Clove,Deian Salazar,Terrence Hayes,Peggy Sue Owens
Candace Avalos,Terrence Hayes,Cayle Tern,,,
Michael (Mike) Sands,David Linn,,,,
Terrence Hayes,Noah Ernst,Joe Furi,Loretta Smith,Doug Clove,
Noah Ernst,Terrence Hayes,Joe Furi,Loretta Smith,Doug Clove,
Loretta Smith,Write-in-120,Candace Avalos,Peggy Sue Owens,Joe Furi,Cayle Tern
Candace Avalos,Steph Routh,Timur Ender,David Linn,Cayle Tern,Jamie Dunphy
Candace Avalos,Loretta Smith,Jamie Dunphy,Timur Ender,Cayle Tern,Terrence Hayes
Peggy Sue Owens,Candace Avalos,Noah Ernst,Timur Ender,,
Noah Ernst,Doug Clove,Jamie Dunphy,Thomas Shervey,Deian Salazar,
Jamie Dunphy,Cayle Tern,David Linn,Candace Avalos,Timur Ender,Steph Routh
Jamie Dunphy,Candace Avalos,Steph Routh,,,
Terrence Hayes,Loretta Smith,,,,
Timur Ender,Steph Routh,Loretta Smith,,,
Peggy Sue Owens,Timur Ender,Noah Ernst,Joe Allen,David Linn,
Candace Avalos,Jamie Dunphy,Steph Routh,Timur Ender,Cayle Tern,
Peggy Sue Owens,,,,,
Jamie Dunphy,Steph Routh,Candace Avalos,Loretta Smith,Timur Ender,
Steph Routh,Doug Clove,Candace Avalos,,,
Joe Allen,Doug Clove,Thomas Shervey,,,
Candace Avalos,,,,,
Doug Clove,Loretta Smith,Terrence Hayes,,,
Terrence Hayes,,,,,
Timur Ender,,,,,
Candace Avalos,Cayle Tern,Timur Ender,,,
Terrence Hayes,Steph Routh,Loretta Smith,Deian Salazar,Candace Avalos,Cayle Tern
Steph Routh,Terrence Hayes,Loretta Smith,Deian Salazar,Noah Ernst,Joe Allen
Steph Routh,Doug Clove,Thomas Shervey,,,
Candace Avalos,Steph Routh,,,,
Jamie Dunphy,Thomas Shervey,Loretta Smith,Steph Routh,,
Timur Ender,Steph Routh,Candace Avalos,,,
Candace Avalos,Timur Ender,Steph Routh,Jamie Dunphy,Loretta Smith,Terrence Hayes
Jamie Dunphy,Deian Salazar,David Linn,Doug Clove,Thomas Shervey,Peggy Sue Owens
Loretta Smith,Terrence Hayes,Steph Routh,,,
Jamie Dunphy,Steph Routh,Loretta Smith,Candace Avalos,Timur Ender,
Joe Allen,David Linn,Peggy Sue Owens,Loretta Smith,Terrence Hayes,Deian Salazar
Steph Routh,,,,,
Candace Avalos,,,,,
Terrence Hayes,Noah Ernst,Loretta Smith,,,
Timur Ender,Terrence Hayes,Joe Allen,Steph Routh,Candace Avalos,Noah Ernst
Timur Ender,Candace Avalos,Steph Routh,Jamie Dunphy,Loretta Smith,Terrence Hayes
Loretta Smith,Candace Avalos,Steph Routh,Jamie Dunphy,Terrence Hayes,David Linn
Peggy Sue Owens,Doug Clove,Terrence Hayes,Steph Routh,David Linn,Loretta Smith
Loretta Smith,Noah Ernst,Jamie Dunphy,Terrence Hayes,Candace Avalos,Timur Ender
Timur Ender,Candace Avalos,David Linn,Steph Routh,Jamie Dunphy,Cayle Tern
Noah Ernst,Deian Salazar,,,,
Noah Ernst,Terrence Hayes,Joe Furi,Loretta Smith,Doug Clove,
Steph Routh,Noah Ernst,Terrence Hayes,Loretta Smith,Michael (Mike) Sands,David Linn
Jamie Dunphy,Candace Avalos,Steph Routh,Noah Ernst,David Linn,Loretta Smith
Jamie Dunphy,Candace Avalos,Joe Allen,David Linn,Deian Salazar,Steph Routh
Michael (Mike) Sands,Jamie Dunphy,Loretta Smith,Doug Clove,Joe Allen,Cayle Tern
Jamie Dunphy,Timur Ender,Noah Ernst,,,
Candace Avalos,Jamie Dunphy,,,,
Peggy Sue Owens,Joe Allen,Jamie Dunphy,,,
Doug Clove,Noah Ernst,Deian Salazar,Joe Furi,,
Terrence Hayes,Loretta Smith,Jamie Dunphy,Steph Routh,,
Jamie Dunphy,Steph Routh,Timur Ender,,,
Loretta Smith,Timur Ender,Terrence Hayes,Steph Routh,,
Jamie Dunphy,Terrence Hayes,Loretta Smith,,,
Peggy Sue Owens,Noah Ernst,Joe Allen,,,
Candace Avalos,Jamie Dunphy,Steph Routh,Timur Ender,Terrence Hayes,Cayle Tern
Steph Routh,,,,,
Steph Routh,,,,,
Steph Routh,Loretta Smith,Jamie Dunphy,Candace Avalos,Noah Ernst,Timur Ender
Candace Avalos,Timur Ender,Jamie Dunphy,Doug Clove,Steph Routh,David Linn
Cayle Tern,Joe Furi,Doug Clove,Terrence Hayes,Jamie Dunphy,Steph Routh
Noah Ernst,Terrence Hayes,Joe Furi,Loretta Smith,Doug Clove,
Noah Ernst,Joe Furi,Deian Salazar,Terrence Hayes,Steph Routh,Thomas Shervey
Loretta Smith,Jamie Dunphy,Steph Routh,Timur Ender,Terrence Hayes,Michael (Mike) Sands
Noah Ernst,Joe Furi,Michael (Mike) Sands,Steph Routh,Joe Allen,David Linn
Jamie Dunphy,Steph Routh,Candace Avalos,Loretta Smith,Cayle Tern,Timur Ender
Thomas Shervey,Jamie Dunphy,Steph Routh,Loretta Smith,,
Jamie Dunphy,Steph Routh,Candace Avalos,Doug Clove,Deian Salazar,Noah Ernst
Candace Avalos,Jamie Dunphy,Steph Routh,Timur Ender,Terrence Hayes,Cayle Tern
Noah Ernst,Timur Ender,Terrence Hayes,Doug Clove,Steph Routh,Jamie Dunphy
Candace Avalos,Timur Ender,Steph Routh,Jamie Dunphy,Cayle Tern,David Linn
Timur Ender,Michael (Mike) Sands,Candace Avalos,David Linn,Doug Clove,Steph Routh
Noah Ernst,Loretta Smith,Doug Clove,,,
Loretta Smith,Terrence Hayes,Candace Avalos,Jamie Dunphy,Joe Allen,David Linn
Cayle Tern,Candace Avalos,Michael (Mike) Sands,,,
Candace Avalos,Timur Ender,Jamie Dunphy,Loretta Smith,Terrence Hayes,Steph Routh
Jamie Dunphy,,,,,
Jamie Dunphy,Candace Avalos,Noah Ernst,Steph Routh,,
Terrence Hayes,Jamie Dunphy,Loretta Smith,Joe Furi,Doug Clove,Candace Avalos
Steph Routh,Jamie Dunphy,Noah Ernst,Terrence Hayes,,
Joe Allen,David Linn,Cayle Tern,Joe Furi,Thomas Shervey,Michael (Mike) Sands
Peggy Sue Owens,Jamie Dunphy,Loretta Smith,Doug Clove,Joe Allen,Noah Ernst
Candace Avalos,,,,,
Candace Avalos,Cayle Tern,Timur Ender,Jamie Dunphy,,
Loretta Smith,Terrence Hayes,Steph Routh,Timur Ender,,
Jamie Dunphy,Deian Salazar,Cayle Tern,Timur Ender,Candace Avalos,Peggy Sue Owens
Joe Allen,,,,,
Joe Allen,Timur Ender,Noah Ernst,,,
Loretta Smith,Candace Avalos,David Linn,Peggy Sue Owens,Doug Clove,Steph Routh
Thomas Shervey,David Linn,Timur Ender,Candace Avalos,Loretta Smith,Terrence Hayes
David Linn,Peggy Sue Owens,Steph Routh,Terrence Hayes,Joe Furi,
Doug Clove,,,,,
Joe Allen,Thomas Shervey,David Linn,Terrence Hayes,Jamie Dunphy,
Jamie Dunphy,,,,,
Jamie Dunphy,Steph Routh,Candace Avalos,Timur Ender,Loretta Smith,Doug Clove
Loretta Smith,Candace Avalos,Peggy Sue Owens,,,
Loretta Smith,Candace Avalos,Steph Routh,Michael (Mike) Sands,Jamie Dunphy,Noah Ernst
Peggy Sue Owens,Noah Ernst,Timur Ender,,,
Jamie Dunphy,Steph Routh,Candace Avalos,Timur Ender,Cayle Tern,David Linn
Terrence Hayes,Loretta Smith,Steph Routh,Candace Avalos,Noah Ernst,Timur Ender
Loretta Smith,,,,,
Timur Ender,Noah Ernst,Doug Clove,Loretta Smith,,
Candace Avalos,Steph Routh,Loretta Smith,Jamie Dunphy,Timur Ender,Cayle Tern
Jamie Dunphy,Steph Routh,Candace Avalos,Deian Salazar,,
Candace Avalos,Terrence Hayes,Steph Routh,Timur Ender,Deian Salazar,Cayle Tern
Jamie Dunphy,Steph Routh,Timur Ender,Candace Avalos,,
Loretta Smith,Candace Avalos,Steph Routh,Timur Ender,,
Candace Avalos,Jamie Dunphy,Terrence Hayes,,,
Candace Avalos,,,,,
Timur Ender,Cayle Tern,Steph Routh,Jamie Dunphy,Candace Avalos,Michael (Mike) Sands
Terrence Hayes,Loretta Smith,Noah Ernst,Joe Furi,Doug Clove,Deian Salazar
Steph Routh,Loretta Smith,Terrence Hayes,Jamie Dunphy,Noah Ernst,
Timur Ender,Joe Furi,Doug Clove,Terrence Hayes,Jamie Dunphy,Noah Ernst
Loretta Smith,Terrence Hayes,,,,
Joe Allen,Cayle Tern,Joe Furi,David Linn,Timur Ender,Thomas Shervey
Jamie Dunphy,Candace Avalos,Steph Routh,Timur Ender,David Linn,Cayle Tern
Noah Ernst,Terrence Hayes,Loretta Smith,,,
Noah Ernst,Loretta Smith,Timur Ender,,,
Jamie Dunphy,Steph Routh,Candace Avalos,Loretta Smith,Timur Ender,Terrence Hayes
Noah Ernst,Terrence Hayes,Steph Routh,Loretta Smith,Timur Ender,Candace Avalos
Steph Routh,Loretta Smith,Terrence Hayes,Candace Avalos,Jamie Dunphy,David Linn
Jamie Dunphy,,,,,
Jamie Dunphy,Steph Routh,,,,
Timur Ender,Terrence Hayes,Loretta Smith,Candace Avalos,Cayle Tern,Deian Salazar
Michael (Mike) Sands,,,,,
Doug Clove,Noah Ernst,Terrence Hayes,Thomas Shervey,,
Thomas Shervey,Noah Ernst,Joe Allen,,,
Steph Routh,Jamie Dunphy,Candace Avalos,Timur Ender,Noah Ernst,Terrence Hayes
Noah Ernst,Cayle Tern,Candace Avalos,Thomas Shervey,Michael (Mike) Sands,Doug Clove
Cayle Tern,,,,,
Loretta Smith,Steph Routh,Doug Clove,Joe Allen,Noah Ernst,Joe Furi
Doug Clove,Terrence Hayes,Noah Ernst,David Linn,Cayle Tern,Deian Salazar
Noah Ernst,Doug Clove,Terrence Hayes,Thomas Shervey,Steph Routh,Joe Allen
Noah Ernst,,,,,
Terrence Hayes,,,,,
Timur Ender,Candace Avalos,Steph Routh,,,
Candace Avalos,Cayle Tern,Steph Routh,Terrence Hayes,Loretta Smith,Jamie Dunphy
Steph Routh,Loretta Smith,Jamie Dunphy,Candace Avalos,Timur Ender,Terrence Hayes
Doug Clove,Terrence Hayes,Noah Ernst,,,
Write-in-120,Thomas Shervey,Peggy Sue Owens,Noah Ernst,Cayle Tern,Joe Allen
Noah Ernst,,,,,
,,,,,
Loretta Smith,Doug Clove,Terrence Hayes,Steph Routh,Cayle Tern,Noah Ernst
Terrence Hayes,Steph Routh,Jamie Dunphy,,,
Jamie Dunphy,Cayle Tern,Candace Avalos,Timur Ender,David Linn,Steph Routh
Michael (Mike) Sands,Cayle Tern,Peggy Sue Owens,Candace Avalos,Timur Ender,Noah Ernst
Michael (Mike) Sands,Peggy Sue Owens,Write-in-122,Thomas Shervey,Doug Clove,Jamie Dunphy
Steph Routh,Candace Avalos,Jamie Dunphy,Timur Ender,,
Steph Routh,Terrence Hayes,Loretta Smith,Candace Avalos,,
Noah Ernst,David Linn,Doug Clove,Joe Furi,Michael (Mike) Sands,Joe Allen
Deian Salazar,,,,,
Terrence Hayes,,,,,
Noah Ernst,David Linn,Cayle Tern,Terrence Hayes,,
Doug Clove,Deian Salazar,,,,
Steph Routh,Jamie Dunphy,Candace Avalos,Noah Ernst,David Linn,
Loretta Smith,Candace Avalos,Terrence Hayes,Jamie Dunphy,,
Candace Avalos,Timur Ender,Steph Routh,Loretta Smith,Jamie Dunphy,David Linn
Loretta Smith,Terrence Hayes,,,,
Steph Routh,Candace Avalos,Jamie Dunphy,Loretta Smith,Timur Ender,Cayle Tern
Candace Avalos,Michael (Mike) Sands,Steph Routh,Cayle Tern,Timur Ender,David Linn
Peggy Sue Owens,David Linn,Doug Clove,Jamie Dunphy,Loretta Smith,Michael (Mike) Sands
Loretta Smith,Terrence Hayes,Noah Ernst,Candace Avalos,Steph Routh,Timur Ender
Timur Ender,Candace Avalos,Terrence Hayes,Loretta Smith,Steph Routh,Doug Clove
Peggy Sue Owens,Steph Routh,Deian Salazar,,,
Steph Routh,Candace Avalos,Jamie Dunphy,,,
Noah Ernst,David Linn,Peggy Sue Owens,Deian Salazar,Doug Clove,Terrence Hayes
Timur Ender,Candace Avalos,Loretta Smith,Terrence Hayes,Steph Routh,Jamie Dunphy
Terrence Hayes,Noah Ernst,Jamie Dunphy,,,
Doug Clove,Michael (Mike) Sands,Deian Salazar,Thomas Shervey,,
,,,,,
Timur Ender,Candace Avalos,Cayle Tern,Deian Salazar,,
Timur Ender,Candace Avalos,Cayle Tern,Jamie Dunphy,Steph Routh,David Linn
Jamie Dunphy,Timur Ender,Candace Avalos,Cayle Tern,,
Joe Allen,Candace Avalos,Peggy Sue Owens,Joe Furi,Steph Routh,Timur Ender
Candace Avalos,Jamie Dunphy,Steph Routh,David Linn,Loretta Smith,
Steph Routh,Candace Avalos,Jamie Dunphy,Terrence Hayes,,
Loretta Smith,Terrence Hayes,Noah Ernst,Doug Clove,Steph Routh,Deian Salazar
Doug Clove,Noah Ernst,Terrence Hayes,,,
Candace Avalos,Joe Allen,Steph Routh,Jamie Dunphy,Thomas Shervey,Loretta Smith
Candace Avalos,Timur Ender,Cayle Tern,Jamie Dunphy,,
Jamie Dunphy,Candace Avalos,Michael (Mike) Sands,Steph Routh,Timur Ender,Joe Furi
Candace Avalos,Cayle Tern,Timur Ender,Jamie Dunphy,Steph Routh,
Candace Avalos,Noah Ernst,Joe Allen,,,
Noah Ernst,Joe Allen,David Linn,,,
Steph Routh,Thomas Shervey,Doug Clove,Loretta Smith,Jamie Dunphy,Candace Avalos
Candace Avalos,Steph Routh,Terrence Hayes,Jamie Dunphy,,
Steph Routh,Candace Avalos,Timur Ender,Terrence Hayes,,
Cayle Tern,Candace Avalos,Timur Ender,,,
Noah Ernst,Loretta Smith,Timur Ender,Terrence Hayes,Steph Routh,Deian Salazar
Candace Avalos,Timur Ender,Jamie Dunphy,Steph Routh,,
Steph Routh,Noah Ernst,,,,
Loretta Smith,Timur Ender,Steph Routh,Terrence Hayes,Jamie Dunphy,Noah Ernst
Candace Avalos,Steph Routh,,,,
Timur Ender,Jamie Dunphy,Candace Avalos,Steph Routh,Terrence Hayes,Cayle Tern
Loretta Smith,Steph Routh,Terrence Hayes,Candace Avalos,Timur Ender,Noah Ernst
Candace Avalos,Timur Ender,Jamie Dunphy,Steph Routh,Cayle Tern,
Jamie Dunphy,,,,,
Timur Ender,Terrence Hayes,Candace Avalos,Michael (Mike) Sands,Loretta Smith,David Linn
Candace Avalos,Timur Ender,Cayle Tern,Steph Routh,Jamie Dunphy,
Timur Ender,,,,,
Deian Salazar,Candace Avalos,Noah Ernst,Joe Furi,,
Loretta Smith,Cayle Tern,Timur Ender,Candace Avalos,Steph Routh,
Loretta Smith,,,,,
Noah Ernst,Candace Avalos,Terrence Hayes,Loretta Smith,David Linn,Jamie Dunphy
Steph Routh,Jamie Dunphy,Timur Ender,Candace Avalos,Loretta Smith,
Steph Routh,Jamie Dunphy,,,,
Noah Ernst,,,,,
Terrence Hayes,,,,,
David Linn,Terrence Hayes,Steph Routh,Jamie Dunphy,Loretta Smith,Deian Salazar
Timur Ender,,,,,
Timur Ender,Noah Ernst,Candace Avalos,Cayle Tern,David Linn,Doug Clove
Steph Routh,Loretta Smith,Cayle Tern,Terrence Hayes,Candace Avalos,Jamie Dunphy
Candace Avalos,Terrence Hayes,David Linn,Jamie Dunphy,Loretta Smith,Joe Furi
Noah Ernst,Joe Allen,Terrence Hayes,Doug Clove,Thomas Shervey,
Jamie Dunphy,Noah Ernst,David Linn,,,
Timur Ender,Candace Avalos,Steph Routh,Jamie Dunphy,,
Jamie Dunphy,Steph Routh,Doug Clove,,,
Candace Avalos,,,,,
Candace Avalos,,,,,
Noah Ernst,Terrence Hayes,Loretta Smith,,,
Jamie Dunphy,Loretta Smith,Steph Routh,Cayle Tern,Joe Allen,Timur Ender
,,,,,
Steph Routh,Jamie Dunphy,,,,
Candace Avalos,Timur Ender,Jamie Dunphy,Steph Routh,Terrence Hayes,Loretta Smith
Jamie Dunphy,Candace Avalos,Steph Routh,,,
Peggy Sue Owens,,,,,
Candace Avalos,Timur Ender,Steph Routh,,,
Terrence Hayes,,,,,
Loretta Smith,Jamie Dunphy,Terrence Hayes,Candace Avalos,Peggy Sue Owens,David Linn
Candace Avalos,Noah Ernst,Timur Ender,Jamie Dunphy,Cayle Tern,David Linn
Jamie Dunphy,Timur Ender,Steph Routh,Candace Avalos,,
Candace Avalos,Steph Routh,Jamie Dunphy,Noah Ernst,Timur Ender,Loretta Smith
Steph Routh,Jamie Dunphy,Terrence Hayes,Timur Ender,Noah Ernst,Doug Clove
Loretta Smith,Candace Avalos,Terrence Hayes,Jamie Dunphy,Deian Salazar,David Linn
Steph Routh,Timur Ender,Candace Avalos,Jamie Dunphy,Loretta Smith,Noah Ernst
Terrence Hayes,Loretta Smith,Noah Ernst,,,
Noah Ernst,Jamie Dunphy,David Linn,Candace Avalos,Terrence Hayes,
,,,,,
Loretta Smith,Jamie Dunphy,Steph Routh,Joe Allen,David Linn,Timur Ender
Steph Routh,Joe Furi,David Linn,Noah Ernst,Peggy Sue Owens,Michael (Mike) Sands
Jamie Dunphy,Timur Ender,Peggy Sue Owens,,,
Jamie Dunphy,Steph Routh,Candace Avalos,Timur Ender,Cayle Tern,Terrence Hayes
David Linn,,,,,
David Linn,Noah Ernst,Steph Routh,Peggy Sue Owens,Joe Furi,Loretta Smith
Candace Avalos,Loretta Smith,Steph Routh,Jamie Dunphy,,
Candace Avalos,Timur Ender,Joe Allen,Michael (Mike) Sands,Thomas Shervey,Terrence Hayes
Loretta Smith,,,,,
Michael (Mike) Sands,David Linn,Loretta Smith,Jamie Dunphy,Noah Ernst,
Candace Avalos,,,,,
Terrence Hayes,Steph Routh,Michael (Mike) Sands,Timur Ender,Loretta Smith,Deian Salazar
David Linn,Cayle Tern,Loretta Smith,Steph Routh,Timur Ender,Terrence Hayes
Cayle Tern,Terrence Hayes,Timur Ender,David Linn,Candace Avalos,Jamie Dunphy
David Linn,,,,,
Peggy Sue Owens,,,,,
Peggy Sue Owens,Candace Avalos,Cayle Tern,Loretta Smith,,
Terrence Hayes,,,,,
Steph Routh,Candace Avalos,Loretta Smith,,,
Jamie Dunphy,Steph Routh,,,,
Peggy Sue Owens,Noah Ernst,David Linn,Joe Furi,Deian Salazar,Thomas Shervey
Loretta Smith,Candace Avalos,Timur Ender,Michael (Mike) Sands,Doug Clove,
Terrence Hayes,,,,,
Peggy Sue Owens,Candace Avalos,Noah Ernst,David Linn,Doug Clove,Michael (Mike) Sands
Terrence Hayes,Noah Ernst,Joe Furi,Loretta Smith,Doug Clove,Write-in-120
Peggy Sue Owens,Timur Ender,Noah Ernst,Candace Avalos,Joe Allen,David Linn
Jamie Dunphy,Steph Routh,Candace Avalos,,,
Timur Ender,Doug Clove,Jamie Dunphy,David Linn,Steph Routh,Candace Avalos
Jamie Dunphy,Terrence Hayes,Noah Ernst,,,
Candace Avalos,Steph Routh,Jamie Dunphy,Timur Ender,Terrence Hayes,Loretta Smith
,,,,,
Timur Ender,Doug Clove,Terrence Hayes,Loretta Smith,Steph Routh,Deian Salazar
Thomas Shervey,Loretta Smith,Joe Allen,,,
Noah Ernst,Terrence Hayes,Candace Avalos,David Linn,Deian Salazar,Jamie Dunphy
,,,,,
Terrence Hayes,Candace Avalos,,,,
Doug Clove,Deian Salazar,,,,
Jamie Dunphy,Thomas Shervey,Candace Avalos,Timur Ender,Steph Routh,Loretta Smith
Noah Ernst,,,,,
Timur Ender,Candace Avalos,Jamie Dunphy,Joe Allen,,
Peggy Sue Owens,Timur Ender,Noah Ernst,Candace Avalos,Joe Allen,David Linn
Terrence Hayes,Loretta Smith,Candace Avalos,Steph Routh,Jamie Dunphy,Timur Ender
Joe Allen,Joe Furi,Doug Clove,Thomas Shervey,,
Jamie Dunphy,Steph Routh,Timur Ender,Terrence Hayes,,
Terrence Hayes,Candace Avalos,,,,
Candace Avalos,Jamie Dunphy,David Linn,Steph Routh,Timur Ender,Cayle Tern
Terrence Hayes,Deian Salazar,Loretta Smith,Jamie Dunphy,,
Jamie Dunphy,Candace Avalos,Steph Routh,Cayle Tern,Terrence Hayes,
Noah Ernst,Michael (Mike) Sands,Doug Clove,,,
Steph Routh,Loretta Smith,,,,
Peggy Sue Owens,Noah Ernst,Joe Allen,Steph Routh,Jamie Dunphy,Loretta Smith
Timur Ender,Candace Avalos,Joe Allen,Thomas Shervey,Joe Furi,Loretta Smith
Loretta Smith,,,,,
Candace Avalos,Cayle Tern,Timur Ender,,,
Terrence Hayes,Noah Ernst,Candace Avalos,Loretta Smith,Steph Routh,
Candace Avalos,Noah Ernst,Terrence Hayes,,,
Steph Routh,Doug Clove,Candace Avalos,,,
Jamie Dunphy,Candace Avalos,Steph Routh,Noah Ernst,David Linn,Loretta Smith
Steph Routh,Jamie Dunphy,Terrence Hayes,Loretta Smith,Deian Salazar,Candace Avalos
Doug Clove,Joe Allen,Deian Salazar,Joe Furi,,
Noah Ernst,Joe Allen,Doug Clove,Thomas Shervey,Terrence Hayes,Steph Routh
Jamie Dunphy,Cayle Tern,David Linn,Steph Routh,Timur Ender,Candace Avalos
Candace Avalos,Timur Ender,Steph Routh,Cayle Tern,Jamie Dunphy,Loretta Smith
Steph Routh,Terrence Hayes,Joe Furi,Doug Clove,Candace Avalos,Thomas Shervey
Cayle Tern,Noah Ernst,Joe Furi,Steph Routh,Thomas Shervey,Write-in-122
Terrence Hayes,Steph Routh,David Linn,Noah Ernst,Loretta Smith,Doug Clove
Candace Avalos,Loretta Smith,Terrence Hayes,Noah Ernst,Steph Routh,Timur Ender
Noah Ernst,,,,,
Doug Clove,Noah Ernst,Terrence Hayes,Thomas Shervey,,
Doug Clove,Thomas Shervey,,,,
Timur Ender,Loretta Smith,Candace Avalos,Jamie Dunphy,,
Michael (Mike) Sands,Deian Salazar,Loretta Smith,Doug Clove,Noah Ernst,Joe Allen
Loretta Smith,,,,,
Candace Avalos,Cayle Tern,Timur Ender,Peggy Sue Owens,Steph Routh,Loretta Smith
Doug Clove,,,,,
Michael (Mike) Sands,Noah Ernst,Joe Furi,Deian Salazar,Candace Avalos,Doug Clove
Cayle Tern,Candace Avalos,Noah Ernst,,,
Timur Ender,Candace Avalos,Michael (Mike) Sands,Jamie Dunphy,Steph Routh,David Linn
Jamie Dunphy,Cayle Tern,Joe Allen,Steph Routh,Peggy Sue Owens,David Linn
Noah Ernst,David Linn,Loretta Smith,,,
Peggy Sue Owens,Timur Ender,Jamie Dunphy,Steph Routh,Candace Avalos,Loretta Smith
Noah Ernst,Joe Allen,Doug Clove,,,
Loretta Smith,Jamie Dunphy,Steph Routh,Terrence Hayes,,
Jamie Dunphy,,,,,
Terrence Hayes,Candace Avalos,Joe Allen,,,
Timur Ender,Michael (Mike) Sands,Jamie Dunphy,Terrence Hayes,Steph Routh,Loretta Smith
Candace Avalos,Steph Routh,Jamie Dunphy,Timur Ender,Cayle Tern,
Steph Routh,Loretta Smith,Candace Avalos,Deian Salazar,Timur Ender,Terrence Hayes
Michael (Mike) Sands,Terrence Hayes,Thomas Shervey,Doug Clove,,
Loretta Smith,Steph Routh,Noah Ernst,Timur Ender,Jamie Dunphy,Terrence Hayes
Candace Avalos,Loretta Smith,Jamie Dunphy,Terrence Hayes,,
Joe Allen,Loretta Smith,Michael (Mike) Sands,Jamie Dunphy,Joe Furi,Candace Avalos
Terrence Hayes,Loretta Smith,Steph Routh,Timur Ender,Cayle Tern,Candace Avalos
Deian Salazar,,,,,
Loretta Smith,,,,,
Loretta Smith,Terrence Hayes,Doug Clove,Deian Salazar,Noah Ernst,
Steph Routh,Timur Ender,Candace Avalos,Jamie Dunphy,,
Timur Ender,Candace Avalos,Cayle Tern,,,
Loretta Smith,,,,,
Jamie Dunphy,Timur Ender,Steph Routh,Cayle Tern,Candace Avalos,
Loretta Smith,Candace Avalos,Terrence Hayes,Deian Salazar,Joe Furi,Doug Clove
Candace Avalos,Cayle Tern,Timur Ender,,,
Candace Avalos,Cayle Tern,Timur Ender,,,
Jamie Dunphy,,,,,
Jamie Dunphy,Candace Avalos,Steph Routh,Timur Ender,Cayle Tern,David Linn
Cayle Tern,Deian Salazar,Loretta Smith,Joe Furi,Noah Ernst,Peggy Sue Owens
Jamie Dunphy,Candace Avalos,Steph Routh,,,
Jamie Dunphy,Candace Avalos,Noah Ernst,Loretta Smith,Terrence Hayes,Timur Ender
Doug Clove,Noah Ernst,Loretta Smith,,,
Candace Avalos,Timur Ender,Steph Routh,Michael (Mike) Sands,Thomas Shervey,Cayle Tern
Candace Avalos,Timur Ender,Jamie Dunphy,,,
David Linn,Loretta Smith,Terrence Hayes,Steph Routh,Jamie Dunphy,
Terrence Hayes,Loretta Smith,Deian Salazar,Doug Clove,,
Doug Clove,Terrence Hayes,Noah Ernst,,,
Joe Furi,Peggy Sue Owens,Noah Ernst,,,
Timur Ender,Candace Avalos,Steph Routh,,,
Deian Salazar,Candace Avalos,Terrence Hayes,Thomas Shervey,David Linn,Timur Ender
Timur Ender,Candace Avalos,Michael (Mike) Sands,David Linn,Cayle Tern,Joe Furi
Terrence Hayes,,,,,
Steph Routh,Doug Clove,Candace Avalos,,,
Joe Allen,Loretta Smith,Terrence Hayes,,,
Timur Ender,Jamie Dunphy,,,,
Candace Avalos,Timur Ender,Steph Routh,Jamie Dunphy,Cayle Tern,David Linn
Timur Ender,Candace Avalos,Jamie Dunphy,Steph Routh,,
Deian Salazar,,,,,
Jamie Dunphy,Peggy Sue Owens,,,,
Jamie Dunphy,Steph Routh,Timur Ender,,,
Doug Clove,Candace Avalos,Steph Routh,Jamie Dunphy,Peggy Sue Owens,Terrence Hayes
Loretta Smith,Candace Avalos,Terrence Hayes,Michael (Mike) Sands,,
Jamie Dunphy,Candace Avalos,Steph Routh,Noah Ernst,David Linn,Loretta Smith
Doug Clove,,,,,
Steph Routh,Timur Ender,Candace Avalos,Jamie Dunphy,Noah Ernst,
Noah Ernst,Terrence Hayes,Doug Clove,,,
David Linn,Cayle Tern,Deian Salazar,Loretta Smith,Joe Furi,Jamie Dunphy
Loretta Smith,Candace Avalos,,,,
Candace Avalos,Jamie Dunphy,,,,
Candace Avalos,Terrence Hayes,Cayle Tern,Timur Ender,,
Terrence Hayes,Noah Ernst,Joe Furi,Loretta Smith,Doug Clove,Write-in-120
Candace Avalos,Steph Routh,Timur Ender,Jamie Dunphy,Loretta Smith,
Loretta Smith,Terrence Hayes,Candace Avalos,Cayle Tern,Joe Allen,Timur Ender
Candace Avalos,Steph Routh,Jamie Dunphy,,,
Terrence Hayes,Loretta Smith,Joe Allen,Peggy Sue Owens,Michael (Mike) Sands,Deian Salazar
Noah Ernst,Terrence Hayes,Joe Furi,Loretta Smith,Doug Clove,
Candace Avalos,Steph Routh,Timur Ender,Jamie Dunphy,Cayle Tern,David Linn
Deian Salazar,Noah Ernst,Doug Clove,Terrence Hayes,Loretta Smith,Jamie Dunphy
,,,,,
Jamie Dunphy,,,,,
Candace Avalos,Steph Routh,Jamie Dunphy,Timur Ender,,
Loretta Smith,David Linn,Jamie Dunphy,Cayle Tern,,
Terrence Hayes,Loretta Smith,Steph Routh,Jamie Dunphy,Michael (Mike) Sands,David Linn
Loretta Smith,Deian Salazar,Terrence Hayes,Timur Ender,Candace Avalos,Noah Ernst
Loretta Smith,Joe Allen,Terrence Hayes,Joe Furi,Peggy Sue Owens,
Timur Ender,Candace Avalos,Doug Clove,Deian Salazar,Thomas Shervey,Terrence Hayes
Jamie Dunphy,,,,,
Jamie Dunphy,,,,,
Terrence Hayes,Timur Ender,Noah Ernst,Loretta Smith,Jamie Dunphy,Steph Routh
Terrence Hayes,Steph Routh,,,,
Candace Avalos,Cayle Tern,Timur Ender,,,
Terrence Hayes,Joe Furi,Peggy Sue Owens,,,
Jamie Dunphy,Candace Avalos,Steph Routh,Noah Ernst,David Linn,Loretta Smith
Candace Avalos,Cayle Tern,Noah Ernst,Joe Allen,Joe Furi,Michael (Mike) Sands
Deian Salazar,Joe Furi,Noah Ernst,,,
Steph Routh,Candace Avalos,Timur Ender,,,
Loretta Smith,Terrence Hayes,Steph Routh,,,
Doug Clove,Joe Furi,Deian Salazar,David Linn,Loretta Smith,Michael (Mike) Sands
Timur Ender,Noah Ernst,,,,
Peggy Sue Owens,,,,,
Candace Avalos,Steph Routh,Jamie Dunphy,Timur Ender,Cayle Tern,David Linn
Steph Routh,Doug Clove,Joe Allen,Noah Ernst,,
Loretta Smith,Timur Ender,,,,
Timur Ender,Steph Routh,Terrence Hayes,Loretta Smith,David Linn,Candace Avalos
Candace Avalos,Cayle Tern,Timur Ender,,,
Steph Routh,Thomas Shervey,Cayle Tern,Noah Ernst,,
Peggy Sue Owens,Timur Ender,Noah Ernst,Candace Avalos,Joe Allen,David Linn
Noah Ernst,Joe Allen,Doug Clove,Michael (Mike) Sands,Loretta Smith,
Steph Routh,Candace Avalos,Deian Salazar,Terrence Hayes,,
Jamie Dunphy,Candace Avalos,Steph Routh,,,
Loretta Smith,Terrence Hayes,Jamie Dunphy,,,
Noah Ernst,David Linn,Joe Furi,Peggy Sue Owens,Joe Allen,Terrence Hayes
Loretta Smith,,,,,
Candace Avalos,Steph Routh,Cayle Tern,Jamie Dunphy,Timur Ender,Loretta Smith
Loretta Smith,Terrence Hayes,Michael (Mike) Sands,Joe Furi,Peggy Sue Owens,David Linn
Candace Avalos,Steph Routh,Timur Ender,Jamie Dunphy,,
Joe Allen,Terrence Hayes,Steph Routh,Jamie Dunphy,Noah Ernst,Michael (Mike) Sands
Jamie Dunphy,Candace Avalos,Steph Routh,Noah Ernst,David Linn,Loretta Smith
Terrence Hayes,Noah Ernst,Candace Avalos,,,
Candace Avalos,Cayle Tern,Timur Ender,,,
Steph Routh,Terrence Hayes,Jamie Dunphy,Loretta Smith,Candace Avalos,Joe Allen
Terrence Hayes,Deian Salazar,Candace Avalos,Cayle Tern,Jamie Dunphy,Loretta Smith
Candace Avalos,Peggy Sue Owens,Noah Ernst,Joe Furi,Steph Routh,Jamie Dunphy
,,,,,
Jamie Dunphy,Terrence Hayes,Timur Ender,David Linn,Steph Routh,Loretta Smith
David Linn,Michael (Mike) Sands,Thomas Shervey,,,
Jamie Dunphy,Candace Avalos,Steph Routh,Noah Ernst,David Linn,Loretta Smith
Doug Clove,David Linn,,,,
Noah Ernst,Joe Allen,Cayle Tern,Doug Clove,Deian Salazar,Jamie Dunphy
Candace Avalos,Cayle Tern,Timur Ender,,,
Timur Ender,Jamie Dunphy,,,,
Timur Ender,Loretta Smith,Steph Routh,Jamie Dunphy,,
Terrence Hayes,,,,,
Candace Avalos,Steph Routh,Jamie Dunphy,,,
Noah Ernst,Terrence Hayes,Joe Furi,Loretta Smith,Doug Clove,
Loretta Smith,Terrence Hayes,,,,
Candace Avalos,Deian Salazar,Loretta Smith,,,
Loretta Smith,Thomas Shervey,Deian Salazar,Terrence Hayes,Michael (Mike) Sands,
Terrence Hayes,Loretta Smith,Steph Routh,Jamie Dunphy,Timur Ender,Candace Avalos
Terrence Hayes,Doug Clove,Candace Avalos,Loretta Smith,Noah Ernst,Michael (Mike) Sands
Timur Ender,Jamie Dunphy,Candace Avalos,Steph Routh,Noah Ernst,David Linn
David Linn,Joe Furi,Thomas Shervey,,,
Steph Routh,Jamie Dunphy,Loretta Smith,,,
Candace Avalos,Cayle Tern,Loretta Smith,Terrence Hayes,Jamie Dunphy,Joe Allen
Loretta Smith,Candace Avalos,Terrence Hayes,,,
Candace Avalos,Steph Routh,Loretta Smith,Terrence Hayes,Timur Ender,Cayle Tern
Noah Ernst,Terrence Hayes,Candace Avalos,,,
Deian Salazar,Joe Furi,Candace Avalos,Noah Ernst,Steph Routh,Jamie Dunphy
Loretta Smith,Steph Routh,Candace Avalos,Doug Clove,,
Doug Clove,,,,,
Noah Ernst,Deian Salazar,David Linn,Write-in-120,Thomas Shervey,
Candace Avalos,Loretta Smith,Steph Routh,Jamie Dunphy,Timur Ender,
Cayle Tern,Jamie Dunphy,,,,
Loretta Smith,Noah Ernst,Deian Salazar,Doug Clove,Timur Ender,Cayle Tern
Timur Ender,Terrence Hayes,Candace Avalos,Thomas Shervey,Noah Ernst,Cayle Tern
Noah Ernst,,,,,
Terrence Hayes,Noah Ernst,Steph Routh,,,
Timur Ender,Steph Routh,Loretta Smith,Terrence Hayes,,
Joe Allen,,,,,
Steph Routh,Jamie Dunphy,Timur Ender,Candace Avalos,,
Joe Allen,Michael (Mike) Sands,Steph Routh,,,
Loretta Smith,Peggy Sue Owens,Candace Avalos,Deian Salazar,Cayle Tern,Steph Routh
Terrence Hayes,Joe Allen,Loretta Smith,,,
Loretta Smith,Jamie Dunphy,Timur Ender,,,
Steph Routh,Jamie Dunphy,Candace Avalos,Timur Ender,,
Candace Avalos,Loretta Smith,Terrence Hayes,Timur Ender,,
Jamie Dunphy,Candace Avalos,Steph Routh,Noah Ernst,David Linn,Loretta Smith
Doug Clove,,,,,
Candace Avalos,Steph Routh,Loretta Smith,,,
Candace Avalos,,,,,
Candace Avalos,Cayle Tern,Michael (Mike) Sands,Timur Ender,Steph Routh,Jamie Dunphy
Jamie Dunphy,Candace Avalos,Steph Routh,,,
Jamie Dunphy,Candace Avalos,Steph Routh,Noah Ernst,,
Candace Avalos,Loretta Smith,,,,
Candace Avalos,Cayle Tern,Timur Ender,,,
Deian Salazar,,,,,
Doug Clove,,,,,
Candace Avalos,Terrence Hayes,Jamie Dunphy,Steph Routh,Loretta Smith,David Linn
Loretta Smith,Terrence Hayes,Timur Ender,Candace Avalos,Peggy Sue Owens,Steph Routh
Candace Avalos,Jamie Dunphy,Joe Allen,Cayle Tern,Timur Ender,
Loretta Smith,Jamie Dunphy,Doug Clove,,,
Doug Clove,Loretta Smith,Jamie Dunphy,Michael (Mike) Sands,,
Steph Routh,Jamie Dunphy,David Linn,,,
Noah Ernst,Doug Clove,Loretta Smith,,,
Noah Ernst,Doug Clove,Loretta Smith,Deian Salazar,Terrence Hayes,Thomas Shervey
Noah Ernst,Doug Clove,Candace Avalos,Terrence Hayes,Loretta Smith,Deian Salazar
Candace Avalos,Steph Routh,Timur Ender,Jamie Dunphy,Doug Clove,Terrence Hayes
Jamie Dunphy,Candace Avalos,Steph Routh,Timur Ender,Loretta Smith,Cayle Tern
Candace Avalos,Loretta Smith,Deian Salazar,Steph Routh,,
Terrence Hayes,Candace Avalos,Loretta Smith,,,
Noah Ernst,Joe Furi,David Linn,Thomas Shervey,Doug Clove,Joe Allen
Loretta Smith,,,,,
Doug Clove,Terrence Hayes,Thomas Shervey,Joe Allen,Joe Furi,Michael (Mike) Sands
Loretta Smith,Terrence Hayes,Deian Salazar,David Linn,Candace Avalos,Cayle Tern
Deian Salazar,Candace Avalos,,,,
Candace Avalos,Jamie Dunphy,Steph Routh,Loretta Smith,Peggy Sue Owens,Noah Ernst
Steph Routh,Timur Ender,Candace Avalos,,,
Noah Ernst,Joe Allen,David Linn,Cayle Tern,Doug Clove,Michael (Mike) Sands
Noah Ernst,Terrence Hayes,Loretta Smith,,,
Loretta Smith,Terrence Hayes,Candace Avalos,Steph Routh,Deian Salazar,Michael (Mike) Sands
Timur Ender,Joe Allen,Candace Avalos,Cayle Tern,David Linn,Steph Routh
Jamie Dunphy,Steph Routh,Noah Ernst,Thomas Shervey,Candace Avalos,
Noah Ernst,Steph Routh,Terrence Hayes,Candace Avalos,Jamie Dunphy,
Steph Routh,Candace Avalos,Timur Ender,,,
Joe Allen,Michael (Mike) Sands,David Linn,,,
Candace Avalos,Terrence Hayes,Thomas Shervey,Timur Ender,,
Deian Salazar,Noah Ernst,Terrence Hayes,Peggy Sue Owens,Joe Allen,David Linn
Terrence Hayes,Candace Avalos,Cayle Tern,,,
Timur Ender,David Linn,Candace Avalos,Steph Routh,,
Timur Ender,Jamie Dunphy,Steph Routh,Loretta Smith,Candace Avalos,
Timur Ender,Candace Avalos,,,,
Doug Clove,,,,,
Jamie Dunphy,Steph Routh,Candace Avalos,,,
Loretta Smith,,,,,
Candace Avalos,Cayle Tern,David Linn,Jamie Dunphy,,
Jamie Dunphy,Loretta Smith,Steph Routh,Candace Avalos,David Linn,Terrence Hayes
Loretta Smith,Steph Routh,Jamie Dunphy,Terrence Hayes,Timur Ender,Candace Avalos
Terrence Hayes,Loretta Smith,Candace Avalos,Timur Ender,David Linn,Steph Routh
Candace Avalos,Steph Routh,,,,
Loretta Smith,Candace Avalos,Timur Ender,Cayle Tern,David Linn,
Candace Avalos,Jamie Dunphy,,,,
Deian Salazar,Joe Furi,Doug Clove,,,
Candace Avalos,Timur Ender,Steph Routh,,,
Timur Ender,Noah Ernst,Terrence Hayes,Doug Clove,Thomas Shervey,Deian Salazar
Candace Avalos,Steph Routh,,,,
Candace Avalos,Timur Ender,Loretta Smith,Steph Routh,David Linn,Jamie Dunphy
Candace Avalos,,,,,
Candace Avalos,Steph Routh,Timur Ender,Jamie Dunphy,,
Jamie Dunphy,Steph Routh,,,,
Steph Routh,,,,,
Jamie Dunphy,Steph Routh,Deian Salazar,Cayle Tern,Joe Allen,Peggy Sue Owens
Doug Clove,,,,,
Peggy Sue Owens,Noah Ernst,David Linn,Joe Furi,Deian Salazar,Thomas Shervey
Candace Avalos,Jamie Dunphy,Timur Ender,Doug Clove,Cayle Tern,Steph Routh
Noah Ernst,Doug Clove,Loretta Smith,Deian Salazar,Joe Furi,Joe Allen
Terrence Hayes,Deian Salazar,Joe Allen,Joe Furi,Cayle Tern,Peggy Sue Owens
Candace Avalos,Timur Ender,Steph Routh,Jamie Dunphy,Cayle Tern,David Linn
Jamie Dunphy,Loretta Smith,Steph Routh,Terrence Hayes,Noah Ernst,Joe Allen
Timur Ender,David Linn,,,,
Candace Avalos,Steph Routh,Loretta Smith,Timur Ender,Terrence Hayes,Jamie Dunphy
Terrence Hayes,Doug Clove,Loretta Smith,,,
Loretta Smith,,,,,
Noah Ernst,Deian Salazar,,,,
Timur Ender,Candace Avalos,,,,
Candace Avalos,Timur Ender,Terrence Hayes,Steph Routh,Jamie Dunphy,Cayle Tern
Loretta Smith,Steph Routh,Timur Ender,Terrence Hayes,Jamie Dunphy,Candace Avalos
Noah Ernst,Terrence Hayes,Joe Furi,Loretta Smith,Doug Clove,
Michael (Mike) Sands,Terrence Hayes,David Linn,Noah Ernst,Jamie Dunphy,Peggy Sue Owens
Jamie Dunphy,Noah Ernst,Steph Routh,Terrence Hayes,Loretta Smith,Timur Ender
Steph Routh,Timur Ender,Candace Avalos,,,
Jamie Dunphy,Steph Routh,Timur Ender,,,
Timur Ender,Candace Avalos,Cayle Tern,Steph Routh,Michael (Mike) Sands,Jamie Dunphy
Joe Allen,Thomas Shervey,Doug Clove,Jamie Dunphy,Deian Salazar,Michael (Mike) Sands
Loretta Smith,,,,,
Jamie Dunphy,Candace Avalos,Steph Routh,Noah Ernst,David Linn,Loretta Smith
Candace Avalos,Terrence Hayes,Steph Routh,,,
Jamie Dunphy,Steph Routh,Loretta Smith,,,
Steph Routh,Timur Ender,Candace Avalos,,,
Steph Routh,Jamie Dunphy,Loretta Smith,,,
Jamie Dunphy,Noah Ernst,Candace Avalos,Steph Routh,Terrence Hayes,David Linn
Jamie Dunphy,Candace Avalos,Cayle Tern,,,
Candace Avalos,Cayle Tern,Steph Routh,Timur Ender,Thomas Shervey,Jamie Dunphy
Cayle Tern,Steph Routh,Terrence Hayes,Noah Ernst,Joe Allen,Doug Clove
Candace Avalos,,,,,
Terrence Hayes,Noah Ernst,Doug Clove,,,
Steph Routh,Timur Ender,Candace Avalos,,,
Jamie Dunphy,Steph Routh,David Linn,Timur Ender,Loretta Smith,Candace Avalos
David Linn,Cayle Tern,Doug Clove,Loretta Smith,Jamie Dunphy,Timur Ender
Noah Ernst,Doug Clove,Terrence Hayes,,,
Loretta Smith,Steph Routh,Jamie Dunphy,,,
Noah Ernst,,,,,
Candace Avalos,Timur Ender,Jamie Dunphy,Write-in-120,,
Noah Ernst,Doug Clove,Terrence Hayes,Steph Routh,Jamie Dunphy,Thomas Shervey
Steph Routh,Candace Avalos,Cayle Tern,Timur Ender,Jamie Dunphy,
Jamie Dunphy,Candace Avalos,Steph Routh,Noah Ernst,David Linn,Deian Salazar
Steph Routh,Noah Ernst,Timur Ender,Deian Salazar,Loretta Smith,Jamie Dunphy
Jamie Dunphy,Timur Ender,Steph Routh,David Linn,Michael (Mike) Sands,
Loretta Smith,Jamie Dunphy,Candace Avalos,,,
Loretta Smith,Joe Allen,Candace Avalos,Terrence Hayes,Noah Ernst,Steph Routh
Terrence Hayes,Joe Allen,,,,
Jamie Dunphy,Steph Routh,Candace Avalos,,,
Peggy Sue Owens,Noah Ernst,Joe Allen,Cayle Tern,Joe Furi,Deian Salazar
Loretta Smith,,,,,
Candace Avalos,Timur Ender,Steph Routh,Jamie Dunphy,Loretta Smith,Cayle Tern
Loretta Smith,Terrence Hayes,Cayle Tern,Candace Avalos,Peggy Sue Owens,Joe Allen
Noah Ernst,Loretta Smith,,,,
Timur Ender,Noah Ernst,Joe Allen,Cayle Tern,Joe Furi,Deian Salazar
Candace Avalos,Steph Routh,Jamie Dunphy,Timur Ender,Noah Ernst,David Linn
Terrence Hayes,Loretta Smith,David Linn,,,
Noah Ernst,David Linn,Doug Clove,,,
Loretta Smith,David Linn,Terrence Hayes,Joe Allen,Michael (Mike) Sands,Cayle Tern
David Linn,Noah Ernst,Loretta Smith,,,
Cayle Tern,Noah Ernst,Joe Furi,Steph Routh,Thomas Shervey,Write-in-122
Peggy Sue Owens,,,,,
Steph Routh,Loretta Smith,Timur Ender,Candace Avalos,,
Timur Ender,Candace Avalos,Jamie Dunphy,Steph Routh,David Linn,Terrence Hayes
Joe Allen,Jamie Dunphy,Candace Avalos,Timur Ender,Steph Routh,Michael (Mike) Sands
Jamie Dunphy,Steph Routh,Candace Avalos,Timur Ender,,
Noah Ernst,Terrence Hayes,Joe Furi,Loretta Smith,Doug Clove,
Michael (Mike) Sands,Terrence Hayes,Doug Clove,Joe Allen,Jamie Dunphy,Cayle Tern
Peggy Sue Owens,Noah Ernst,David Linn,Michael (Mike) Sands,Deian Salazar,Terrence Hayes
Loretta Smith,Noah Ernst,Terrence Hayes,Joe Furi,Candace Avalos,Thomas Shervey
Jamie Dunphy,Loretta Smith,Candace Avalos,,,
Joe Furi,Joe Allen,Thomas Shervey,Michael (Mike) Sands,Steph Routh,Jamie Dunphy
Loretta Smith,Steph Routh,Jamie Dunphy,,,
Candace Avalos,Timur Ender,Steph Routh,,,
Deian Salazar,Terrence Hayes,Joe Furi,David Linn,Noah Ernst,Doug Clove
Jamie Dunphy,,,,,
,,,,,
Candace Avalos,Jamie Dunphy,Steph Routh,,,
Candace Avalos,Loretta Smith,Terrence Hayes,,,
Joe Allen,Peggy Sue Owens,Michael (Mike) Sands,Thomas Shervey,Cayle Tern,David Linn
Candace Avalos,Terrence Hayes,Timur Ender,Jamie Dunphy,Steph Routh,
Jamie Dunphy,,,,,
Timur Ender,Jamie Dunphy,Steph Routh,Terrence Hayes,,
Candace Avalos,Deian Salazar,Loretta Smith,Terrence Hayes,David Linn,Peggy Sue Owens
Noah Ernst,Michael (Mike) Sands,Terrence Hayes,Doug Clove,Thomas Shervey,Joe Allen
Doug Clove,Candace Avalos,Jamie Dunphy,Timur Ender,,
Terrence Hayes,Steph Routh,Jamie Dunphy,,,
Joe Allen,,,,,
Candace Avalos,Loretta Smith,Michael (Mike) Sands,Timur Ender,Jamie Dunphy,Terrence Hayes
Noah Ernst,Loretta Smith,Doug Clove,Terrence Hayes,Steph Routh,Deian Salazar
Noah Ernst,Michael (Mike) Sands,Loretta Smith,Peggy Sue Owens,Jamie Dunphy,David Linn
Candace Avalos,Cayle Tern,Steph Routh,Terrence Hayes,Deian Salazar,Noah Ernst
,,,,,
Candace Avalos,Michael (Mike) Sands,Cayle Tern,Terrence Hayes,Jamie Dunphy,Thomas Shervey
Loretta Smith,Terrence Hayes,,,,
Noah Ernst,,,,,
Loretta Smith,Terrence Hayes,Candace Avalos,,,
Timur Ender,Terrence Hayes,Joe Allen,Steph Routh,Candace Avalos,Noah Ernst
Cayle Tern,Jamie Dunphy,Peggy Sue Owens,,,
Candace Avalos,David Linn,Steph Routh,,,
Joe Allen,Deian Salazar,Doug Clove,Noah Ernst,Michael (Mike) Sands,Terrence Hayes
Joe Allen,,,,,
Terrence Hayes,Deian Salazar,Candace Avalos,Joe Allen,Joe Furi,Steph Routh
Steph Routh,Candace Avalos,Jamie Dunphy,,,
Terrence Hayes,,,,,
Candace Avalos,Steph Routh,Timur Ender,Loretta Smith,Jamie Dunphy,
Steph Routh,Candace Avalos,David Linn,Timur Ender,Thomas Shervey,Cayle Tern
Steph Routh,Terrence Hayes,Candace Avalos,Timur Ender,Deian Salazar,
Terrence Hayes,Loretta Smith,Noah Ernst,,,
Noah Ernst,Candace Avalos,Steph Routh,,,
Candace Avalos,Jamie Dunphy,Steph Routh,Timur Ender,Noah Ernst,David Linn
Candace Avalos,Steph Routh,Timur Ender,Jamie Dunphy,Loretta Smith,Cayle Tern
Noah Ernst,Joe Allen,,,,
Loretta Smith,Timur Ender,Terrence Hayes,,,
Candace Avalos,Steph Routh,Timur Ender,Jamie Dunphy,David Linn,Cayle Tern
Candace Avalos,Jamie Dunphy,Terrence Hayes,Peggy Sue Owens,,
Loretta Smith,Joe Allen,Doug Clove,Timur Ender,,
Noah Ernst,Doug Clove,,,,
Terrence Hayes,Loretta Smith,Jamie Dunphy,Steph Routh,,
Joe Allen,Doug Clove,Terrence Hayes,Candace Avalos,Loretta Smith,Timur Ender
Steph Routh,Jamie Dunphy,Loretta Smith,Candace Avalos,Terrence Hayes,
Jamie Dunphy,Timur Ender,Steph Routh,,,
Steph Routh,Cayle Tern,Candace Avalos,Timur Ender,Joe Furi,
Noah Ernst,Terrence Hayes,Doug Clove,Loretta Smith,,
Terrence Hayes,,,,,
Jamie Dunphy,Cayle Tern,David Linn,Steph Routh,Timur Ender,Candace Avalos
Terrence Hayes,Loretta Smith,Jamie Dunphy,Steph Routh,,
Candace Avalos,,,,,
Doug Clove,,,,,
Cayle Tern,,,,,
Loretta Smith,Steph Routh,Jamie Dunphy,,,
Candace Avalos,Timur Ender,Cayle Tern,Joe Furi,Deian Salazar,Terrence Hayes
Loretta Smith,,,,,
Timur Ender,Candace Avalos,Steph Routh,,,
Loretta Smith,Steph Routh,Terrence Hayes,Joe Allen,Timur Ender,Doug Clove
Jamie Dunphy,Terrence Hayes,Joe Allen,Doug Clove,Michael (Mike) Sands,David Linn
Steph Routh,Terrence Hayes,Loretta Smith,Candace Avalos,Cayle Tern,Jamie Dunphy
Noah Ernst,Timur Ender,Loretta Smith,Joe Furi,,
Steph Routh,Terrence Hayes,Loretta Smith,David Linn,Noah Ernst,Jamie Dunphy
Peggy Sue Owens,Thomas Shervey,Candace Avalos,Doug Clove,Michael (Mike) Sands,Steph Routh
,,,,,
Jamie Dunphy,Terrence Hayes,Thomas Shervey,Joe Furi,David Linn,Timur Ender
Deian Salazar,Candace Avalos,Timur Ender,,,
Jamie Dunphy,Candace Avalos,Steph Routh,Noah Ernst,,
Jamie Dunphy,Candace Avalos,Steph Routh,Noah Ernst,David Linn,
Timur Ender,Candace Avalos,David Linn,Jamie Dunphy,Cayle Tern,Steph Routh
Noah Ernst,,,,,
Jamie Dunphy,Steph Routh,Candace Avalos,,,
Noah Ernst,Deian Salazar,Joe Allen,Loretta Smith,Doug Clove,Terrence Hayes
Loretta Smith,Candace Avalos,Terrence Hayes,,,
Loretta Smith,Candace Avalos,Steph Routh,,,
Loretta Smith,Timur Ender,Jamie Dunphy,Noah Ernst,Candace Avalos,Terrence Hayes
Loretta Smith,Terrence Hayes,Jamie Dunphy,,,
Candace Avalos,Loretta Smith,Joe Furi,Thomas Shervey,Cayle Tern,David Linn
Candace Avalos,Steph Routh,Jamie Dunphy,,,
Terrence Hayes,Timur Ender,Steph Routh,Noah Ernst,Peggy Sue Owens,Doug Clove
Noah Ernst,Terrence Hayes,Joe Allen,Peggy Sue Owens,Michael (Mike) Sands,Loretta Smith
Michael (Mike) Sands,Timur Ender,Steph Routh,,,
Noah Ernst,,,,,
Noah Ernst,Terrence Hayes,Loretta Smith,Jamie Dunphy,Michael (Mike) Sands,David Linn
Noah Ernst,Doug Clove,Michael (Mike) Sands,Terrence Hayes,,
Noah Ernst,Doug Clove,Jamie Dunphy,,,
Jamie Dunphy,Candace Avalos,Steph Routh,,,
Steph Routh,Loretta Smith,Joe Furi,Noah Ernst,Timur Ender,David Linn
Loretta Smith,Joe Furi,,,,
Noah Ernst,Doug Clove,Cayle Tern,Candace Avalos,Jamie Dunphy,Peggy Sue Owens
Candace Avalos,Timur Ender,Terrence Hayes,,,
Jamie Dunphy,Joe Allen,Steph Routh,Thomas Shervey,Candace Avalos,
Michael (Mike) Sands,Cayle Tern,Timur Ender,Steph Routh,Loretta Smith,
Terrence Hayes,,,,,
Doug Clove,Terrence Hayes,Noah Ernst,,,
Terrence Hayes,Noah Ernst,Doug Clove,,,
Jamie Dunphy,Cayle Tern,David Linn,Candace Avalos,Timur Ender,Steph Routh
,,,,,
Steph Routh,Candace Avalos,Loretta Smith,,,
Michael (Mike) Sands,Loretta Smith,Candace Avalos,Peggy Sue Owens,Joe Allen,Thomas Shervey
Loretta Smith,Steph Routh,Noah Ernst,Timur Ender,Jamie Dunphy,Terrence Hayes
Candace Avalos,Timur Ender,Steph Routh,Jamie Dunphy,Loretta Smith,David Linn
Jamie Dunphy,Candace Avalos,Steph Routh,Noah Ernst,David Linn,Loretta Smith
Noah Ernst,Terrence Hayes,Joe Furi,Loretta Smith,Doug Clove,
Candace Avalos,Michael (Mike) Sands,Timur Ender,Thomas Shervey,Jamie Dunphy,Terrence Hayes
Loretta Smith,Candace Avalos,Steph Routh,Terrence Hayes,Timur Ender,David Linn
Candace Avalos,Jamie Dunphy,Steph Routh,Noah Ernst,David Linn,Loretta Smith
Candace Avalos,David Linn,Steph Routh,,,
Loretta Smith,Cayle Tern,Candace Avalos,David Linn,Michael (Mike) Sands,Deian Salazar
Loretta Smith,,,,,
Jamie Dunphy,Timur Ender,Noah Ernst,Candace Avalos,,
Noah Ernst,David Linn,Cayle Tern,Terrence Hayes,,
Noah Ernst,Terrence Hayes,,,,
Terrence Hayes,Noah Ernst,Loretta Smith,Timur Ender,Candace Avalos,Jamie Dunphy
Noah Ernst,Doug Clove,Terrence Hayes,Steph Routh,Joe Furi,Timur Ender
Loretta Smith,Thomas Shervey,Jamie Dunphy,,,
Jamie Dunphy,Candace Avalos,Loretta Smith,,,
Noah Ernst,,,,,
Doug Clove,Noah Ernst,Joe Allen,Joe Furi,Candace Avalos,Timur Ender
Candace Avalos,Steph Routh,,,,
Jamie Dunphy,Noah Ernst,David Linn,Loretta Smith,Terrence Hayes,Steph Routh
Noah Ernst,Loretta Smith,Deian Salazar,,,
Terrence Hayes,Loretta Smith,Noah Ernst,,,
Steph Routh,Candace Avalos,Noah Ernst,Cayle Tern,Timur Ender,David Linn
Jamie Dunphy,,,,,
Doug Clove,Joe Furi,Michael (Mike) Sands,Terrence Hayes,Steph Routh,Candace Avalos
Terrence Hayes,,,,,
Noah Ernst,Joe Allen,Deian Salazar,Joe Furi,,
Jamie Dunphy,Candace Avalos,Steph Routh,Terrence Hayes,Noah Ernst,David Linn
Cayle Tern,,,,,
Terrence Hayes,Loretta Smith,Noah Ernst,,,
Candace Avalos,Steph Routh,Timur Ender,Jamie Dunphy,,
Terrence Hayes,Steph Routh,Timur Ender,Candace Avalos,Noah Ernst,David Linn
Noah Ernst,Timur Ender,Cayle Tern,Doug Clove,Steph Routh,Michael (Mike) Sands
Timur Ender,Jamie Dunphy,,,,
Jamie Dunphy,Loretta Smith,Steph Routh,Candace Avalos,Timur Ender,Cayle Tern
Candace Avalos,Steph Routh,Jamie Dunphy,Noah Ernst,David Linn,Loretta Smith
Jamie Dunphy,Candace Avalos,Steph Routh,,,
David Linn,,,,,
Loretta Smith,Terrence Hayes,Candace Avalos,,,
Candace Avalos,Cayle Tern,Timur Ender,,,
Joe Allen,Doug Clove,Michael (Mike) Sands,Jamie Dunphy,Thomas Shervey,Timur Ender
Candace Avalos,Timur Ender,Noah Ernst,,,
Doug Clove,Noah Ernst,Joe Allen,Deian Salazar,Loretta Smith,Jamie Dunphy
Noah Ernst,Terrence Hayes,,,,
Noah Ernst,Doug Clove,Jamie Dunphy,Thomas Shervey,Michael (Mike) Sands,Joe Allen
Michael (Mike) Sands,Deian Salazar,Loretta Smith,Thomas Shervey,Terrence Hayes,
Candace Avalos,,,,,
Timur Ender,Candace Avalos,Steph Routh,Loretta Smith,Doug Clove,David Linn
Candace Avalos,Cayle Tern,Loretta Smith,Steph Routh,,
Terrence Hayes,,,,,
Loretta Smith,Terrence Hayes,Cayle Tern,,,
Noah Ernst,,,,,
,,,,,
,,,,,
Jamie Dunphy,Candace Avalos,Steph Routh,Noah Ernst,David Linn,Loretta Smith
Candace Avalos,Deian Salazar,Loretta Smith,,,
Candace Avalos,Jamie Dunphy,Terrence Hayes,Steph Routh,Doug Clove,Michael (Mike) Sands
Candace Avalos,Peggy Sue Owens,Deian Salazar,Loretta Smith,Jamie Dunphy,Steph Routh
Steph Routh,Jamie Dunphy,Candace Avalos,Timur Ender,,
Loretta Smith,Jamie Dunphy,Steph Routh,,,
Doug Clove,Candace Avalos,Loretta Smith,Timur Ender,,
Cayle Tern,Jamie Dunphy,,,,
Noah Ernst,Terrence Hayes,Joe Furi,Loretta Smith,Doug Clove,
Candace Avalos,Timur Ender,Cayle Tern,,,
Candace Avalos,Thomas Shervey,Doug Clove,,,
Candace Avalos,Cayle Tern,Timur Ender,Steph Routh,,
Jamie Dunphy,Cayle Tern,Timur Ender,Michael (Mike) Sands,Steph Routh,
Loretta Smith,Jamie Dunphy,Terrence Hayes,Timur Ender,,
Steph Routh,Candace Avalos,Timur Ender,,,
Loretta Smith,,,,,
Doug Clove,Deian Salazar,Timur Ender,,,
,,,,,
Candace Avalos,Jamie Dunphy,Steph Routh,,,
Noah Ernst,Loretta Smith,Michael (Mike) Sands,Candace Avalos,Doug Clove,Timur Ender
Loretta Smith,Steph Routh,Terrence Hayes,Jamie Dunphy,Deian Salazar,Cayle Tern
Noah Ernst,Terrence Hayes,David Linn,Doug Clove,Joe Furi,Joe Allen
Jamie Dunphy,Steph Routh,,,,
Timur Ender,Candace Avalos,Cayle Tern,,,
Loretta Smith,Jamie Dunphy,Timur Ender,Steph Routh,David Linn,Terrence Hayes
Noah Ernst,Candace Avalos,Jamie Dunphy,,,
Terrence Hayes,Timur Ender,,,,
Steph Routh,Candace Avalos,Jamie Dunphy,,,
Candace Avalos,Steph Routh,Terrence Hayes,,,
Loretta Smith,Terrence Hayes,Deian Salazar,Candace Avalos,,
Jamie Dunphy,,,,,
Noah Ernst,Doug Clove,Joe Allen,Candace Avalos,Terrence Hayes,
,,,,,
Timur Ender,,,,,
Noah Ernst,Steph Routh,Terrence Hayes,Jamie Dunphy,,
Joe Allen,David Linn,Doug Clove,Timur Ender,Jamie Dunphy,Loretta Smith
Loretta Smith,Candace Avalos,Timur Ender,,,
Loretta Smith,,,,,
Michael (Mike) Sands,Terrence Hayes,Steph Routh,Jamie Dunphy,Loretta Smith,Timur Ender
Doug Clove,Michael (Mike) Sands,Joe Furi,,,
Jamie Dunphy,Terrence Hayes,Loretta Smith,Deian Salazar,Steph Routh,Noah Ernst
Loretta Smith,,,,,
Candace Avalos,Cayle Tern,Timur Ender,,,
Candace Avalos,Cayle Tern,Timur Ender,,,
Steph Routh,Candace Avalos,Jamie Dunphy,,,
Steph Routh,Candace Avalos,Jamie Dunphy,Timur Ender,,
David Linn,Steph Routh,Joe Furi,,,
Write-in-120,Candace Avalos,Steph Routh,Noah Ernst,David Linn,Loretta Smith
Write-in-120,Candace Avalos,Steph Routh,,,
Joe Furi,Noah Ernst,Joe Allen,,,
Candace Avalos,Timur Ender,Michael (Mike) Sands,Terrence Hayes,,
Jamie Dunphy,Candace Avalos,David Linn,,,
Candace Avalos,Jamie Dunphy,Steph Routh,Timur Ender,,
Candace Avalos,Steph Routh,Timur Ender,Jamie Dunphy,,
Loretta Smith,Timur Ender,Steph Routh,,,
Doug Clove,Terrence Hayes,Noah Ernst,,,
Terrence Hayes,Noah Ernst,Joe Furi,Loretta Smith,Doug Clove,Write-in-120
Timur Ender,Steph Routh,Jamie Dunphy,Candace Avalos,,
Deian Salazar,Terrence Hayes,Loretta Smith,,,
Noah Ernst,,,,,
Timur Ender,Candace Avalos,Terrence Hayes,Loretta Smith,Steph Routh,Jamie Dunphy
Loretta Smith,Steph Routh,Terrence Hayes,Noah Ernst,Candace Avalos,Jamie Dunphy
Doug Clove,Noah Ernst,Jamie Dunphy,Candace Avalos,Timur Ender,Joe Furi
Noah Ernst,Terrence Hayes,Steph Routh,Cayle Tern,Candace Avalos,Michael (Mike) Sands
Noah Ernst,Loretta Smith,Cayle Tern,Joe Allen,,
Joe Allen,,,,,
Deian Salazar,,,,,
Steph Routh,Loretta Smith,,,,
Deian Salazar,Thomas Shervey,Jamie Dunphy,Joe Furi,Joe Allen,
Timur Ender,David Linn,Doug Clove,Deian Salazar,Thomas Shervey,Steph Routh
Joe Allen,Doug Clove,Michael (Mike) Sands,Terrence Hayes,Cayle Tern,Timur Ender
Candace Avalos,Cayle Tern,Timur Ender,Jamie Dunphy,Steph Routh,
Timur Ender,Noah Ernst,Terrence Hayes,Doug Clove,Thomas Shervey,Deian Salazar
Doug Clove,,,,,
Terrence Hayes,,,,,
Jamie Dunphy,Timur Ender,Steph Routh,Candace Avalos,Michael (Mike) Sands,Loretta Smith
Steph Routh,David Linn,Jamie Dunphy,Terrence Hayes,Timur Ender,
Candace Avalos,Steph Routh,Loretta Smith,David Linn,Thomas Shervey,Cayle Tern
Candace Avalos,Cayle Tern,Timur Ender,,,
Noah Ernst,David Linn,Michael (Mike) Sands,Joe Allen,Thomas Shervey,Jamie Dunphy
Steph Routh,Candace Avalos,,,,
Jamie Dunphy,Candace Avalos,Noah Ernst,David Linn,Steph Routh,Loretta Smith
Candace Avalos,Joe Allen,Timur Ender,Steph Routh,Jamie Dunphy,Michael (Mike) Sands
Loretta Smith,Terrence Hayes,Candace Avalos,Deian Salazar,Cayle Tern,Noah Ernst
Loretta Smith,Steph Routh,Timur Ender,Noah Ernst,Jamie Dunphy,David Linn
Loretta Smith,Doug Clove,Jamie Dunphy,Steph Routh,Thomas Shervey,Terrence Hayes
Noah Ernst,Joe Allen,,,,
Steph Routh,Noah Ernst,Doug Clove,,,
Thomas Shervey,Noah Ernst,Joe Allen,,,
Michael (Mike) Sands,Peggy Sue Owens,Noah Ernst,Joe Allen,Doug Clove,Thomas Shervey
Candace Avalos,Cayle Tern,Timur Ender,,,
Loretta Smith,Joe Allen,Terrence Hayes,,,
Michael (Mike) Sands,Candace Avalos,Cayle Tern,,,
Terrence Hayes,Candace Avalos,Noah Ernst,,,
Candace Avalos,Steph Routh,Timur Ender,Jamie Dunphy,,
Joe Allen,Joe Furi,Steph Routh,,,
David Linn,Candace Avalos,,,,
Loretta Smith,Terrence Hayes,,,,
Steph Routh,Jamie Dunphy,Candace Avalos,Loretta Smith,Terrence Hayes,Timur Ender
Peggy Sue Owens,Timur Ender,Noah Ernst,Candace Avalos,Joe Allen,David Linn
Doug Clove,Noah Ernst,,,,
Timur Ender,Candace Avalos,Steph Routh,Jamie Dunphy,,
Timur Ender,Loretta Smith,Michael (Mike) Sands,Doug Clove,David Linn,Jamie Dunphy
Loretta Smith,Steph Routh,Timur Ender,Terrence Hayes,Cayle Tern,
Steph Routh,Loretta Smith,Terrence Hayes,Candace Avalos,Timur Ender,Jamie Dunphy
Noah Ernst,David Linn,Terrence Hayes,Steph Routh,Joe Furi,Jamie Dunphy
Noah Ernst,Terrence Hayes,Deian Salazar,,,
Timur Ender,Steph Routh,Candace Avalos,Joe Allen,Jamie Dunphy,Michael (Mike) Sands
Timur Ender,Candace Avalos,Deian Salazar,Steph Routh,Terrence Hayes,Loretta Smith
Jamie Dunphy,Timur Ender,Steph Routh,Loretta Smith,David Linn,Candace Avalos
Loretta Smith,Timur Ender,Candace Avalos,David Linn,Joe Allen,
Terrence Hayes,Loretta Smith,Noah Ernst,Candace Avalos,,
Candace Avalos,Peggy Sue Owens,Loretta Smith,Michael (Mike) Sands,Cayle Tern,Timur Ender
Jamie Dunphy,Candace Avalos,Loretta Smith,Steph Routh,,
Terrence Hayes,David Linn,Joe Furi,Noah Ernst,Steph Routh,Deian Salazar
Terrence Hayes,Steph Routh,,,,
Jamie Dunphy,Thomas Shervey,Terrence Hayes,Doug Clove,Joe Allen,Loretta Smith
Timur Ender,Cayle Tern,Terrence Hayes,Deian Salazar,Steph Routh,Jamie Dunphy
Loretta Smith,Terrence Hayes,Deian Salazar,,,
Noah Ernst,Cayle Tern,Deian Salazar,Doug Clove,Jamie Dunphy,
Steph Routh,Noah Ernst,Timur Ender,Deian Salazar,Loretta Smith,Jamie Dunphy
Steph Routh,Timur Ender,Candace Avalos,Jamie Dunphy,Cayle Tern,Loretta Smith
Loretta Smith,Terrence Hayes,David Linn,Jamie Dunphy,Thomas Shervey,Noah Ernst
Steph Routh,Jamie Dunphy,Candace Avalos,David Linn,,
Doug Clove,,,,,
Candace Avalos,Noah Ernst,Loretta Smith,Deian Salazar,Steph Routh,Terrence Hayes
Terrence Hayes,Candace Avalos,Jamie Dunphy,Steph Routh,Timur Ender,
Timur Ender,Candace Avalos,Loretta Smith,Steph Routh,David Linn,Joe Allen
David Linn,Cayle Tern,Joe Allen,Thomas Shervey,Jamie Dunphy,Loretta Smith
Loretta Smith,Terrence Hayes,,,,
Peggy Sue Owens,Candace Avalos,Joe Allen,Cayle Tern,Deian Salazar,Loretta Smith
Candace Avalos,Terrence Hayes,David Linn,Timur Ender,Jamie Dunphy,Noah Ernst
Loretta Smith,Peggy Sue Owens,Deian Salazar,David Linn,Joe Allen,Michael (Mike) Sands
Terrence Hayes,Noah Ernst,Joe Furi,Loretta Smith,Doug Clove,
Candace Avalos,Steph Routh,Timur Ender,,,
Noah Ernst,Loretta Smith,Terrence Hayes,Steph Routh,Joe Allen,David Linn
Peggy Sue Owens,Noah Ernst,Candace Avalos,Cayle Tern,Loretta Smith,Jamie Dunphy
Deian Salazar,Joe Furi,Joe Allen,Terrence Hayes,Loretta Smith,Jamie Dunphy
Steph Routh,Candace Avalos,Jamie Dunphy,,,
Steph Routh,Terrence Hayes,Loretta Smith,,,
Peggy Sue Owens,,,,,
Noah Ernst,Terrence Hayes,,,,
Terrence Hayes,Steph Routh,Jamie Dunphy,Candace Avalos,Loretta Smith,Timur Ender
Candace Avalos,Steph Routh,Timur Ender,Cayle Tern,Jamie Dunphy,
Loretta Smith,Timur Ender,Noah Ernst,Terrence Hayes,,
Steph Routh,Candace Avalos,Jamie Dunphy,David Linn,Timur Ender,Cayle Tern
Noah Ernst,Cayle Tern,Doug Clove,Steph Routh,,
Noah Ernst,Michael (Mike) Sands,Loretta Smith,Terrence Hayes,Steph Routh,Jamie Dunphy
Michael (Mike) Sands,Timur Ender,,,,
Candace Avalos,Timur Ender,Terrence Hayes,Steph Routh,Jamie Dunphy,
Loretta Smith,,,,,
Loretta Smith,Terrence Hayes,,,,
Terrence Hayes,Noah Ernst,Loretta Smith,,,
Candace Avalos,Steph Routh,Jamie Dunphy,Timur Ender,,
Loretta Smith,,,,,
Noah Ernst,Steph Routh,Jamie Dunphy,Terrence Hayes,Loretta Smith,Candace Avalos
Timur Ender,Candace Avalos,Cayle Tern,Steph Routh,Jamie Dunphy,Michael (Mike) Sands
Timur Ender,Jamie Dunphy,Candace Avalos,Steph Routh,Cayle Tern,Loretta Smith
Loretta Smith,Steph Routh,Timur Ender,Candace Avalos,Cayle Tern,Deian Salazar
Candace Avalos,Loretta Smith,Peggy Sue Owens,Noah Ernst,David Linn,Cayle Tern
Doug Clove,Deian Salazar,Cayle Tern,David Linn,Noah Ernst,Timur Ender
Candace Avalos,Timur Ender,Steph Routh,Jamie Dunphy,Cayle Tern,David Linn
Peggy Sue Owens,Timur Ender,Candace Avalos,David Linn,Doug Clove,
Timur Ender,Noah Ernst,Candace Avalos,David Linn,Terrence Hayes,Loretta Smith
Timur Ender,Jamie Dunphy,Terrence Hayes,Loretta Smith,Deian Salazar,
Steph Routh,Candace Avalos,Jamie Dunphy,Terrence Hayes,Loretta Smith,Timur Ender
Jamie Dunphy,Steph Routh,Timur Ender,,,
Jamie Dunphy,Terrence Hayes,Candace Avalos,Loretta Smith,Steph Routh,Noah Ernst
Timur Ender,Joe Allen,Doug Clove,,,
Candace Avalos,,,,,
Cayle Tern,Deian Salazar,Terrence Hayes,,,
Jamie Dunphy,,,,,
,,,,,
Candace Avalos,Steph Routh,Timur Ender,Loretta Smith,Terrence Hayes,Cayle Tern
Steph Routh,Noah Ernst,Terrence Hayes,Candace Avalos,Loretta Smith,Jamie Dunphy
Timur Ender,David Linn,Loretta Smith,Noah Ernst,Doug Clove,Candace Avalos
Candace Avalos,Jamie Dunphy,Steph Routh,Noah Ernst,David Linn,Loretta Smith
Peggy Sue Owens,Michael (Mike) Sands,Terrence Hayes,Jamie Dunphy,Doug Clove,David Linn
Doug Clove,Timur Ender,,,,
Steph Routh,Terrence Hayes,Cayle Tern,Michael (Mike) Sands,,
Jamie Dunphy,Steph Routh,Terrence Hayes,Candace Avalos,Timur Ender,Cayle Tern
Deian Salazar,Terrence Hayes,Loretta Smith,Candace Avalos,David Linn,Cayle Tern
Steph Routh,Michael (Mike) Sands,Terrence Hayes,,,
Terrence Hayes,Candace Avalos,Steph Routh,,,
Joe Allen,,,,,
Terrence Hayes,Steph Routh,Candace Avalos,,,
Steph Routh,Terrence Hayes,Michael (Mike) Sands,Loretta Smith,,
Jamie Dunphy,Candace Avalos,Steph Routh,Noah Ernst,David Linn,Loretta Smith
Jamie Dunphy,Steph Routh,Candace Avalos,,,
Jamie Dunphy,Michael (Mike) Sands,Timur Ender,,,
David Linn,Deian Salazar,Michael (Mike) Sands,Doug Clove,Candace Avalos,Timur Ender
Steph Routh,Doug Clove,Terrence Hayes,Jamie Dunphy,Loretta Smith,Candace Avalos
Write-in-120,Jamie Dunphy,Candace Avalos,,,
Terrence Hayes,Loretta Smith,Timur Ender,,,
Candace Avalos,Steph Routh,Cayle Tern,Michael (Mike) Sands,Jamie Dunphy,Timur Ender
Steph Routh,Jamie Dunphy,Candace Avalos,David Linn,,
Deian Salazar,Thomas Shervey,Jamie Dunphy,Timur Ender,Joe Allen,Michael (Mike) Sands
Candace Avalos,Timur Ender,Cayle Tern,Loretta Smith,Steph Routh,Terrence Hayes
Timur Ender,Loretta Smith,Candace Avalos,Terrence Hayes,Michael (Mike) Sands,Deian Salazar
Loretta Smith,Joe Allen,Doug Clove,Steph Routh,Noah Ernst,
Steph Routh,Candace Avalos,Timur Ender,Cayle Tern,Jamie Dunphy,David Linn
Deian Salazar,Cayle Tern,Peggy Sue Owens,Candace Avalos,Joe Allen,Terrence Hayes
Cayle Tern,Steph Routh,Jamie Dunphy,Timur Ender,,
Noah Ernst,Deian Salazar,David Linn,Write-in-120,Thomas Shervey,
,,,,,
,,,,,
Candace Avalos,Cayle Tern,Timur Ender,,,
Candace Avalos,Peggy Sue Owens,Noah Ernst,Deian Salazar,Loretta Smith,Jamie Dunphy
Peggy Sue Owens,Noah Ernst,David Linn,Joe Furi,Deian Salazar,Thomas Shervey
Noah Ernst,Terrence Hayes,Joe Furi,Loretta Smith,Doug Clove,
Loretta Smith,,,,,
Candace Avalos,Timur Ender,Michael (Mike) Sands,Cayle Tern,Loretta Smith,
Steph Routh,Loretta Smith,,,,
Doug Clove,Loretta Smith,,,,
,,,,,
Timur Ender,Candace Avalos,Jamie Dunphy,Loretta Smith,Terrence Hayes,Doug Clove
Write-in-120,,,,,
Noah Ernst,Jamie Dunphy,Steph Routh,David Linn,Candace Avalos,
Timur Ender,Jamie Dunphy,Candace Avalos,,,
Noah Ernst,,,,,
Terrence Hayes,Cayle Tern,Joe Furi,Noah Ernst,Michael (Mike) Sands,Jamie Dunphy
Noah Ernst,Terrence Hayes,Joe Furi,Loretta Smith,Doug Clove,
Michael (Mike) Sands,,,,,
Candace Avalos,Cayle Tern,Timur Ender,,,
Noah Ernst,Candace Avalos,Steph Routh,,,
Steph Routh,Loretta Smith,Terrence Hayes,,,
Steph Routh,Terrence Hayes,Thomas Shervey,Noah Ernst,Timur Ender,Joe Allen
Jamie Dunphy,Steph Routh,Deian Salazar,Michael (Mike) Sands,Noah Ernst,Timur Ender
Terrence Hayes,Steph Routh,Thomas Shervey,,,
Candace Avalos,Steph Routh,Timur Ender,Jamie Dunphy,,
Loretta Smith,Terrence Hayes,Jamie Dunphy,Cayle Tern,Timur Ender,Steph Routh
Doug Clove,Steph Routh,David Linn,Timur Ender,Candace Avalos,Jamie Dunphy
Timur Ender,,,,,
Noah Ernst,,,,,
Jamie Dunphy,Deian Salazar,Candace Avalos,Timur Ender,Doug Clove,Thomas Shervey
Loretta Smith,,,,,
Cayle Tern,,,,,
Loretta Smith,Peggy Sue Owens,Doug Clove,Noah Ernst,Jamie Dunphy,David Linn
Noah Ernst,,,,,
Steph Routh,,,,,
Jamie Dunphy,David Linn,Loretta Smith,Candace Avalos,Noah Ernst,
Steph Routh,Jamie Dunphy,Timur Ender,Candace Avalos,Cayle Tern,David Linn
Loretta Smith,Terrence Hayes,Timur Ender,David Linn,Doug Clove,
David Linn,Terrence Hayes,Deian Salazar,Steph Routh,Jamie Dunphy,Peggy Sue Owens
Candace Avalos,Cayle Tern,David Linn,Steph Routh,Joe Allen,Loretta Smith
Loretta Smith,Peggy Sue Owens,Joe Furi,Candace Avalos,Steph Routh,Deian Salazar
Candace Avalos,David Linn,Steph Routh,Terrence Hayes,Jamie Dunphy,Thomas Shervey
Terrence Hayes,Candace Avalos,Loretta Smith,Thomas Shervey,Jamie Dunphy,Joe Furi
Noah Ernst,Doug Clove,Joe Allen,,,
Loretta Smith,Deian Salazar,David Linn,,,
Jamie Dunphy,Terrence Hayes,Noah Ernst,Loretta Smith,,
Loretta Smith,Jamie Dunphy,Peggy Sue Owens,Michael (Mike) Sands,,
Candace Avalos,Steph Routh,Timur Ender,,,
Steph Routh,Timur Ender,Jamie Dunphy,Candace Avalos,,
Terrence Hayes,Michael (Mike) Sands,David Linn,,,
Candace Avalos,Steph Routh,Cayle Tern,Timur Ender,Jamie Dunphy,
Loretta Smith,Michael (Mike) Sands,Candace Avalos,David Linn,Cayle Tern,Doug Clove
Candace Avalos,Deian Salazar,David Linn,Joe Furi,Loretta Smith,Peggy Sue Owens
Loretta Smith,Jamie Dunphy,Peggy Sue Owens,Noah Ernst,Doug Clove,Steph Routh
Noah Ernst,Joe Allen,Cayle Tern,Terrence Hayes,,
Loretta Smith,Peggy Sue Owens,Joe Allen,,,
Candace Avalos,Timur Ender,Jamie Dunphy,Cayle Tern,,
Jamie Dunphy,Candace Avalos,Steph Routh,,,
Doug Clove,Terrence Hayes,Steph Routh,,,
Jamie Dunphy,Candace Avalos,Steph Routh,Noah Ernst,David Linn,Loretta Smith
Candace Avalos,Cayle Tern,Loretta Smith,Thomas Shervey,Steph Routh,Terrence Hayes
Cayle Tern,,,,,
Candace Avalos,Joe Allen,Joe Furi,Steph Routh,Cayle Tern,
Doug Clove,Loretta Smith,Steph Routh,Terrence Hayes,Noah Ernst,Deian Salazar
Candace Avalos,Jamie Dunphy,Terrence Hayes,Loretta Smith,Steph Routh,Noah Ernst
Peggy Sue Owens,,,,,
Loretta Smith,Jamie Dunphy,Timur Ender,Cayle Tern,,
Loretta Smith,Steph Routh,Joe Allen,Timur Ender,Candace Avalos,Terrence Hayes
Terrence Hayes,Loretta Smith,Noah Ernst,Candace Avalos,Timur Ender,Cayle Tern
Noah Ernst,Loretta Smith,Terrence Hayes,Deian Salazar,,
Candace Avalos,,,,,
Jamie Dunphy,Steph Routh,Timur Ender,,,
Jamie Dunphy,Steph Routh,Terrence Hayes,Loretta Smith,Candace Avalos,Michael (Mike) Sands
Terrence Hayes,Candace Avalos,Jamie Dunphy,Noah Ernst,,
Noah Ernst,Joe Furi,,,,
Joe Allen,Michael (Mike) Sands,Thomas Shervey,Noah Ernst,David Linn,
Jamie Dunphy,,,,,
Noah Ernst,Jamie Dunphy,,,,
Michael (Mike) Sands,Joe Allen,Peggy Sue Owens,,,
Loretta Smith,Steph Routh,Timur Ender,Candace Avalos,,
Terrence Hayes,David Linn,Joe Allen,Michael (Mike) Sands,Thomas Shervey,Doug Clove
David Linn,Michael (Mike) Sands,Candace Avalos,Timur Ender,Joe Furi,Loretta Smith
Timur Ender,Steph Routh,Jamie Dunphy,Candace Avalos,,
Candace Avalos,Timur Ender,Cayle Tern,Peggy Sue Owens,Michael (Mike) Sands,Steph Routh
Loretta Smith,Terrence Hayes,Candace Avalos,Jamie Dunphy,Joe Allen,David Linn
Timur Ender,Loretta Smith,Doug Clove,,,
Candace Avalos,Timur Ender,Steph Routh,Cayle Tern,Jamie Dunphy,David Linn
Candace Avalos,Steph Routh,Cayle Tern,Jamie Dunphy,Timur Ender,Terrence Hayes
Deian Salazar,,,,,
Candace Avalos,Steph Routh,David Linn,Timur Ender,Cayle Tern,Joe Allen
Timur Ender,Steph Routh,Jamie Dunphy,Candace Avalos,Loretta Smith,Noah Ernst
Jamie Dunphy,Doug Clove,Candace Avalos,Joe Allen,Deian Salazar,Peggy Sue Owens
Steph Routh,Terrence Hayes,Timur Ender,Candace Avalos,David Linn,Cayle Tern
Jamie Dunphy,Candace Avalos,Steph Routh,Noah Ernst,,
Loretta Smith,Cayle Tern,Candace Avalos,,,
Jamie Dunphy,Noah Ernst,Steph Routh,,,
Timur Ender,Noah Ernst,Michael (Mike) Sands,Cayle Tern,,
Candace Avalos,Loretta Smith,Terrence Hayes,,,
David Linn,Steph Routh,Candace Avalos,Cayle Tern,Jamie Dunphy,Timur Ender
Candace Avalos,Jamie Dunphy,Timur Ender,,,
Joe Allen,Peggy Sue Owens,Steph Routh,Terrence Hayes,David Linn,Jamie Dunphy
Steph Routh,Jamie Dunphy,Candace Avalos,Timur Ender,,
Candace Avalos,Timur Ender,Steph Routh,Loretta Smith,Cayle Tern,Jamie Dunphy
Doug Clove,Loretta Smith,Terrence Hayes,Jamie Dunphy,Steph Routh,
Loretta Smith,Deian Salazar,Peggy Sue Owens,Timur Ender,Candace Avalos,David Linn
Candace Avalos,Peggy Sue Owens,Loretta Smith,David Linn,Michael (Mike) Sands,Terrence Hayes
Candace Avalos,,,,,
Terrence Hayes,Timur Ender,,,,
Noah Ernst,,,,,
Jamie Dunphy,Candace Avalos,Steph Routh,Noah Ernst,Joe Allen,Deian Salazar
Candace Avalos,Timur Ender,Jamie Dunphy,Steph Routh,Terrence Hayes,Loretta Smith
Noah Ernst,Cayle Tern,Joe Allen,Doug Clove,Loretta Smith,Thomas Shervey
Michael (Mike) Sands,,,,,
Candace Avalos,,,,,
Candace Avalos,Doug Clove,Deian Salazar,Thomas Shervey,Terrence Hayes,Timur Ender
Noah Ernst,Terrence Hayes,Loretta Smith,Steph Routh,,
Terrence Hayes,Michael (Mike) Sands,Timur Ender,Jamie Dunphy,David Linn,Steph Routh
Candace Avalos,Loretta Smith,Cayle Tern,Deian Salazar,Steph Routh,Jamie Dunphy
Thomas Shervey,Jamie Dunphy,Terrence Hayes,Timur Ender,Candace Avalos,Steph Routh
Steph Routh,Loretta Smith,Timur Ender,Candace Avalos,Noah Ernst,Doug Clove
Candace Avalos,Steph Routh,Timur Ender,Jamie Dunphy,,
Candace Avalos,Cayle Tern,Timur Ender,,,
Thomas Shervey,Steph Routh,Jamie Dunphy,Candace Avalos,Michael (Mike) Sands,Cayle Tern
Cayle Tern,Peggy Sue Owens,Candace Avalos,Loretta Smith,Terrence Hayes,Steph Routh
,,,,,
Candace Avalos,Timur Ender,Jamie Dunphy,Steph Routh,Cayle Tern,Noah Ernst
Jamie Dunphy,Noah Ernst,Loretta Smith,Joe Allen,Doug Clove,Terrence Hayes
Candace Avalos,Terrence Hayes,Timur Ender,Michael (Mike) Sands,Joe Furi,Joe Allen
Steph Routh,Timur Ender,Loretta Smith,Peggy Sue Owens,,
Steph Routh,Timur Ender,Candace Avalos,Jamie Dunphy,,
Candace Avalos,Steph Routh,Timur Ender,Jamie Dunphy,,
Steph Routh,Loretta Smith,David Linn,Timur Ender,Doug Clove,Michael (Mike) Sands
Candace Avalos,Steph Routh,Jamie Dunphy,,,
Jamie Dunphy,Candace Avalos,Steph Routh,Noah Ernst,David Linn,Loretta Smith
Loretta Smith,Thomas Shervey,,,,
David Linn,Deian Salazar,Thomas Shervey,Joe Allen,Jamie Dunphy,Joe Furi
Candace Avalos,David Linn,Steph Routh,Terrence Hayes,Thomas Shervey,Jamie Dunphy
Joe Furi,,,,,
Loretta Smith,Terrence Hayes,Candace Avalos,Steph Routh,Deian Salazar,Cayle Tern
Noah Ernst,Loretta Smith,Joe Furi,Terrence Hayes,,
Candace Avalos,Loretta Smith,Steph Routh,,,
Doug Clove,Cayle Tern,Michael (Mike) Sands,Loretta Smith,,
Candace Avalos,Steph Routh,Loretta Smith,Timur Ender,,
Terrence Hayes,Noah Ernst,Candace Avalos,Jamie Dunphy,Loretta Smith,Deian Salazar
Steph Routh,Thomas Shervey,Terrence Hayes,Loretta Smith,Deian Salazar,Joe Furi
Steph Routh,Loretta Smith,Michael (Mike) Sands,Cayle Tern,Timur Ender,Candace Avalos
Jamie Dunphy,Candace Avalos,Noah Ernst,Steph Routh,,
Terrence Hayes,Noah Ernst,Doug Clove,Loretta Smith,Thomas Shervey,
David Linn,Joe Allen,Michael (Mike) Sands,Thomas Shervey,Loretta Smith,Noah Ernst
Terrence Hayes,Michael (Mike) Sands,,,,
Candace Avalos,Cayle Tern,Loretta Smith,Terrence Hayes,Deian Salazar,
Michael (Mike) Sands,Noah Ernst,Terrence Hayes,Doug Clove,,
Candace Avalos,Steph Routh,Loretta Smith,,,
Candace Avalos,Timur Ender,Steph Routh,Jamie Dunphy,Terrence Hayes,Cayle Tern
Jamie Dunphy,,,,,
Candace Avalos,Cayle Tern,Terrence Hayes,Timur Ender,Jamie Dunphy,David Linn
Candace Avalos,Terrence Hayes,Loretta Smith,,,
Doug Clove,Deian Salazar,Thomas Shervey,Terrence Hayes,,
Candace Avalos,Loretta Smith,,,,
Candace Avalos,Cayle Tern,Timur Ender,,,
Terrence Hayes,,,,,
David Linn,,,,,
Loretta Smith,,,,,
Jamie Dunphy,Steph Routh,Noah Ernst,,,
David Linn,,,,,
Jamie Dunphy,Candace Avalos,Steph Routh,Noah Ernst,David Linn,Loretta Smith
Candace Avalos,Steph Routh,Timur Ender,Jamie Dunphy,,
Timur Ender,Jamie Dunphy,Steph Routh,Candace Avalos,,
Loretta Smith,Terrence Hayes,Steph Routh,Jamie Dunphy,Candace Avalos,Cayle Tern
Loretta Smith,,,,,
Terrence Hayes,Steph Routh,Jamie Dunphy,,,
Loretta Smith,Candace Avalos,Terrence Hayes,Doug Clove,Deian Salazar,Michael (Mike) Sands
Jamie Dunphy,Loretta Smith,Terrence Hayes,Joe Allen,,
Deian Salazar,Doug Clove,Michael (Mike) Sands,Loretta Smith,Jamie Dunphy,Terrence Hayes
Candace Avalos,Noah Ernst,Terrence Hayes,Steph Routh,Timur Ender,Jamie Dunphy
Loretta Smith,Terrence Hayes,Doug Clove,,,
Loretta Smith,Noah Ernst,Steph Routh,,,
,,,,,
Doug Clove,David Linn,Terrence Hayes,,,
Loretta Smith,Jamie Dunphy,Terrence Hayes,,,
Timur Ender,Candace Avalos,Jamie Dunphy,,,
Michael (Mike) Sands,,,,,
Steph Routh,Terrence Hayes,Jamie Dunphy,Loretta Smith,Michael (Mike) Sands,Cayle Tern
Terrence Hayes,David Linn,Steph Routh,,,
Candace Avalos,Timur Ender,Deian Salazar,Terrence Hayes,Steph Routh,
Steph Routh,Noah Ernst,Doug Clove,Michael (Mike) Sands,Terrence Hayes,Loretta Smith
Doug Clove,Terrence Hayes,Steph Routh,,,
Candace Avalos,Cayle Tern,Timur Ender,Steph Routh,David Linn,Jamie Dunphy
Steph Routh,Candace Avalos,Timur Ender,Jamie Dunphy,,
Loretta Smith,Joe Allen,Thomas Shervey,Doug Clove,Joe Furi,Timur Ender
Candace Avalos,David Linn,,,,
Terrence Hayes,Steph Routh,,,,
Loretta Smith,Terrence Hayes,Jamie Dunphy,Steph Routh,,
Peggy Sue Owens,,,,,
Timur Ender,Steph Routh,Loretta Smith,Jamie Dunphy,Candace Avalos,
Candace Avalos,Steph Routh,Timur Ender,Jamie Dunphy,,
Noah Ernst,Joe Allen,Timur Ender,,,
Noah Ernst,Joe Furi,Terrence Hayes,Loretta Smith,Doug Clove,Deian Salazar
Noah Ernst,Terrence Hayes,Joe Furi,Loretta Smith,Doug Clove,
Terrence Hayes,Steph Routh,Timur Ender,Deian Salazar,Candace Avalos,Loretta Smith
Timur Ender,Candace Avalos,Doug Clove,Steph Routh,Jamie Dunphy,Terrence Hayes
Terrence Hayes,Noah Ernst,Joe Furi,Loretta Smith,Doug Clove,
Noah Ernst,Jamie Dunphy,Candace Avalos,,,
Peggy Sue Owens,Candace Avalos,Loretta Smith,Michael (Mike) Sands,Joe Allen,Cayle Tern
Candace Avalos,Steph Routh,Timur Ender,Jamie Dunphy,Joe Furi,Loretta Smith
Deian Salazar,,,,,
Candace Avalos,Jamie Dunphy,Steph Routh,David Linn,Terrence Hayes,Timur Ender
Doug Clove,Joe Furi,David Linn,Peggy Sue Owens,Deian Salazar,Candace Avalos
Joe Allen,Thomas Shervey,Doug Clove,Terrence Hayes,David Linn,Candace Avalos
Jamie Dunphy,Candace Avalos,Steph Routh,Noah Ernst,,
Jamie Dunphy,Steph Routh,Noah Ernst,David Linn,Loretta Smith,
Deian Salazar,Candace Avalos,Noah Ernst,Joe Allen,Doug Clove,Loretta Smith
Timur Ender,Noah Ernst,,,,
Noah Ernst,,,,,
Jamie Dunphy,Loretta Smith,,,,
Candace Avalos,Cayle Tern,Timur Ender,,,
Terrence Hayes,Noah Ernst,,,,
Peggy Sue Owens,Joe Allen,Michael (Mike) Sands,,,
Jamie Dunphy,Candace Avalos,Steph Routh,Noah Ernst,David Linn,Loretta Smith
Terrence Hayes,Michael (Mike) Sands,Thomas Shervey,Peggy Sue Owens,Doug Clove,Timur Ender
Candace Avalos,Terrence Hayes,,,,
Loretta Smith,Noah Ernst,Doug Clove,,,
Noah Ernst,,,,,
Peggy Sue Owens,,,,,
Candace Avalos,Joe Allen,,,,
Candace Avalos,Loretta Smith,Terrence Hayes,Steph Routh,Jamie Dunphy,Joe Furi
Loretta Smith,Candace Avalos,Cayle Tern,David Linn,Terrence Hayes,Jamie Dunphy
Candace Avalos,Cayle Tern,Timur Ender,,,
Jamie Dunphy,,,,,
Terrence Hayes,Loretta Smith,Timur Ender,,,
Timur Ender,Candace Avalos,Cayle Tern,Loretta Smith,Terrence Hayes,Steph Routh
Candace Avalos,Timur Ender,Steph Routh,Write-in-120,,
Candace Avalos,Jamie Dunphy,Steph Routh,David Linn,Loretta Smith,
David Linn,Michael (Mike) Sands,,,,
Joe Allen,Peggy Sue Owens,Joe Furi,Noah Ernst,Thomas Shervey,Doug Clove
Doug Clove,Steph Routh,Timur Ender,Thomas Shervey,Cayle Tern,Jamie Dunphy
Steph Routh,Candace Avalos,Jamie Dunphy,,,
Candace Avalos,Steph Routh,Timur Ender,,,
Timur Ender,Candace Avalos,Jamie Dunphy,Steph Routh,Joe Allen,
Terrence Hayes,Timur Ender,Steph Routh,David Linn,Thomas Shervey,Noah Ernst
Michael (Mike) Sands,Terrence Hayes,,,,
Terrence Hayes,Noah Ernst,Doug Clove,Steph Routh,Loretta Smith,
Noah Ernst,,,,,
Steph Routh,Noah Ernst,Terrence Hayes,Loretta Smith,Michael (Mike) Sands,David Linn
Cayle Tern,Loretta Smith,Noah Ernst,Candace Avalos,Joe Allen,
Thomas Shervey,,,,,
Loretta Smith,Candace Avalos,Terrence Hayes,Cayle Tern,Timur Ender,Jamie Dunphy
Steph Routh,Timur Ender,Candace Avalos,Jamie Dunphy,Cayle Tern,
Noah Ernst,,,,,
Jamie Dunphy,Candace Avalos,Timur Ender,Steph Routh,Loretta Smith,Terrence Hayes
Steph Routh,Terrence Hayes,Jamie Dunphy,,,
Candace Avalos,Cayle Tern,,,,
Candace Avalos,Steph Routh,Jamie Dunphy,Timur Ender,Cayle Tern,David Linn
Thomas Shervey,Candace Avalos,Loretta Smith,,,
Terrence Hayes,Deian Salazar,Noah Ernst,Loretta Smith,Candace Avalos,Timur Ender
Steph Routh,Loretta Smith,Candace Avalos,Timur Ender,Jamie Dunphy,
Candace Avalos,Peggy Sue Owens,Noah Ernst,Jamie Dunphy,Doug Clove,Michael (Mike) Sands
Noah Ernst,David Linn,Doug Clove,Terrence Hayes,Joe Furi,Steph Routh
Jamie Dunphy,Candace Avalos,Noah Ernst,Steph Routh,David Linn,
Doug Clove,Noah Ernst,Steph Routh,,,
Terrence Hayes,Loretta Smith,Michael (Mike) Sands,Candace Avalos,Peggy Sue Owens,Joe Allen
Doug Clove,Deian Salazar,Michael (Mike) Sands,Thomas Shervey,Jamie Dunphy,David Linn
Candace Avalos,Timur Ender,,,,
Noah Ernst,Doug Clove,Terrence Hayes,Deian Salazar,,
Candace Avalos,Jamie Dunphy,Steph Routh,Cayle Tern,Timur Ender,
Joe Allen,Deian Salazar,Michael (Mike) Sands,Joe Furi,,
Candace Avalos,Steph Routh,,,,
Candace Avalos,,,,,
,,,,,
Doug Clove,,,,,
Candace Avalos,Timur Ender,Steph Routh,Jamie Dunphy,Cayle Tern,David Linn
Loretta Smith,Terrence Hayes,Steph Routh,Timur Ender,David Linn,
Candace Avalos,Steph Routh,Timur Ender,Write-in-120,Cayle Tern,Terrence Hayes
Loretta Smith,Michael (Mike) Sands,Doug Clove,Joe Allen,Steph Routh,Peggy Sue Owens
,,,,,
Loretta Smith,Timur Ender,Steph Routh,Deian Salazar,Cayle Tern,Terrence Hayes
Joe Allen,Noah Ernst,David Linn,Thomas Shervey,Jamie Dunphy,Cayle Tern
Candace Avalos,Timur Ender,Joe Allen,Terrence Hayes,Deian Salazar,Doug Clove
Terrence Hayes,Loretta Smith,Jamie Dunphy,,,
Terrence Hayes,Steph Routh,Loretta Smith,Timur Ender,Noah Ernst,Joe Allen
Doug Clove,David Linn,Candace Avalos,Timur Ender,Peggy Sue Owens,Thomas Shervey
Joe Allen,Cayle Tern,,,,
Terrence Hayes,Noah Ernst,Joe Allen,,,
Terrence Hayes,,,,,
Loretta Smith,,,,,
Timur Ender,Loretta Smith,Steph Routh,,,
Candace Avalos,Steph Routh,Jamie Dunphy,Timur Ender,Cayle Tern,
Terrence Hayes,Noah Ernst,,,,
Doug Clove,Terrence Hayes,Noah Ernst,,,
Michael (Mike) Sands,,,,,
Jamie Dunphy,Noah Ernst,Candace Avalos,Steph Routh,,
Loretta Smith,Candace Avalos,,,,
Jamie Dunphy,Candace Avalos,Steph Routh,Timur Ender,,
Candace Avalos,Timur Ender,Steph Routh,Jamie Dunphy,David Linn,Cayle Tern
Thomas Shervey,Peggy Sue Owens,David Linn,Candace Avalos,Jamie Dunphy,Doug Clove
Loretta Smith,Steph Routh,Candace Avalos,Timur Ender,Terrence Hayes,Jamie Dunphy
Steph Routh,Noah Ernst,Doug Clove,,,
Doug Clove,Noah Ernst,Terrence Hayes,David Linn,Loretta Smith,
David Linn,Terrence Hayes,Thomas Shervey,Doug Clove,Candace Avalos,Jamie Dunphy
Terrence Hayes,Noah Ernst,Joe Furi,Deian Salazar,,
Jamie Dunphy,Cayle Tern,Candace Avalos,Timur Ender,David Linn,
Loretta Smith,Michael (Mike) Sands,Terrence Hayes,David Linn,Timur Ender,
Candace Avalos,Cayle Tern,Deian Salazar,Steph Routh,Jamie Dunphy,
Jamie Dunphy,,,,,
Steph Routh,Timur Ender,Terrence Hayes,Candace Avalos,Noah Ernst,
Terrence Hayes,Noah Ernst,Joe Furi,Loretta Smith,Doug Clove,Write-in-120
Candace Avalos,Cayle Tern,Timur Ender,,,
Noah Ernst,Timur Ender,Joe Furi,,,
Timur Ender,Steph Routh,Candace Avalos,,,
Steph Routh,Cayle Tern,Terrence Hayes,Candace Avalos,Timur Ender,Jamie Dunphy
Michael (Mike) Sands,,,,,
Loretta Smith,Candace Avalos,Doug Clove,Terrence Hayes,Joe Furi,
Candace Avalos,Cayle Tern,Timur Ender,,,
Candace Avalos,Timur Ender,Steph Routh,Jamie Dunphy,Cayle Tern,David Linn
Jamie Dunphy,Candace Avalos,Steph Routh,Loretta Smith,David Linn,
Jamie Dunphy,,,,,
Loretta Smith,Steph Routh,Jamie Dunphy,Terrence Hayes,Peggy Sue Owens,Deian Salazar
Terrence Hayes,Noah Ernst,,,,
Cayle Tern,David Linn,Steph Routh,Jamie Dunphy,Timur Ender,Candace Avalos
Noah Ernst,Terrence Hayes,Doug Clove,Peggy Sue Owens,Joe Furi,Cayle Tern
Candace Avalos,Steph Routh,Timur Ender,,,
Joe Allen,Candace Avalos,Loretta Smith,Thomas Shervey,Steph Routh,Jamie Dunphy
Timur Ender,Joe Allen,Noah Ernst,Joe Furi,Jamie Dunphy,Doug Clove
Noah Ernst,Terrence Hayes,Doug Clove,Peggy Sue Owens,Joe Furi,Cayle Tern
Loretta Smith,Jamie Dunphy,Terrence Hayes,Steph Routh,,
Jamie Dunphy,Thomas Shervey,Candace Avalos,Cayle Tern,,
Terrence Hayes,Loretta Smith,Noah Ernst,,,
Terrence Hayes,Timur Ender,Loretta Smith,David Linn,,
Jamie Dunphy,Candace Avalos,Steph Routh,,,
Noah Ernst,David Linn,Thomas Shervey,Michael (Mike) Sands,Steph Routh,Timur Ender
Loretta Smith,Terrence Hayes,David Linn,Michael (Mike) Sands,,
Peggy Sue Owens,Loretta Smith,Steph Routh,Candace Avalos,Cayle Tern,Deian Salazar
Terrence Hayes,Loretta Smith,Thomas Shervey,,,
Loretta Smith,,,,,
Michael (Mike) Sands,Timur Ender,Loretta Smith,,,
Candace Avalos,Cayle Tern,Steph Routh,Terrence Hayes,Jamie Dunphy,Timur Ender
Michael (Mike) Sands,David Linn,Steph Routh,Noah Ernst,,
Candace Avalos,Jamie Dunphy,Joe Allen,Timur Ender,Noah Ernst,Terrence Hayes
Terrence Hayes,Jamie Dunphy,,,,
Candace Avalos,Timur Ender,Steph Routh,Jamie Dunphy,Cayle Tern,David Linn
Timur Ender,Candace Avalos,Steph Routh,,,
Candace Avalos,Steph Routh,Terrence Hayes,,,
Loretta Smith,Terrence Hayes,Timur Ender,Noah Ernst,,
David Linn,Loretta Smith,,,,
Steph Routh,Terrence Hayes,Loretta Smith,Candace Avalos,Jamie Dunphy,Timur Ender
Jamie Dunphy,Candace Avalos,Timur Ender,Noah Ernst,Steph Routh,Loretta Smith
Steph Routh,Candace Avalos,Cayle Tern,Loretta Smith,Timur Ender,Jamie Dunphy
Terrence Hayes,Candace Avalos,Timur Ender,Doug Clove,Noah Ernst,
Michael (Mike) Sands,Joe Allen,David Linn,Noah Ernst,Peggy Sue Owens,Thomas Shervey
David Linn,Cayle Tern,Doug Clove,Thomas Shervey,Steph Routh,Terrence Hayes
David Linn,Doug Clove,Michael (Mike) Sands,Thomas Shervey,Joe Furi,Joe Allen
Thomas Shervey,Doug Clove,Candace Avalos,Terrence Hayes,Noah Ernst,Jamie Dunphy
Candace Avalos,Terrence Hayes,Loretta Smith,Timur Ender,Jamie Dunphy,Cayle Tern
Noah Ernst,Steph Routh,Candace Avalos,Jamie Dunphy,,
Candace Avalos,Timur Ender,Cayle Tern,Jamie Dunphy,Joe Allen,Steph Routh
Loretta Smith,Terrence Hayes,Noah Ernst,Steph Routh,Jamie Dunphy,
Candace Avalos,Loretta Smith,Steph Routh,Terrence Hayes,Cayle Tern,Timur Ender
Timur Ender,,,,,
Terrence Hayes,Noah Ernst,Candace Avalos,,,
Jamie Dunphy,Steph Routh,Doug Clove,Joe Allen,Candace Avalos,Thomas Shervey
Loretta Smith,Terrence Hayes,David Linn,Doug Clove,Jamie Dunphy,Steph Routh
Loretta Smith,Jamie Dunphy,Noah Ernst,,,
Steph Routh,Jamie Dunphy,Timur Ender,David Linn,Loretta Smith,Joe Allen
Loretta Smith,Michael (Mike) Sands,David Linn,Peggy Sue Owens,Terrence Hayes,Deian Salazar
Terrence Hayes,,,,,
Cayle Tern,David Linn,Candace Avalos,Loretta Smith,Steph Routh,Timur Ender
Terrence Hayes,Cayle Tern,Candace Avalos,Loretta Smith,Jamie Dunphy,Michael (Mike) Sands
Timur Ender,Steph Routh,Jamie Dunphy,Candace Avalos,,
Timur Ender,Candace Avalos,Deian Salazar,,,
Jamie Dunphy,Candace Avalos,Steph Routh,Noah Ernst,David Linn,Loretta Smith
Candace Avalos,Steph Routh,Timur Ender,David Linn,Jamie Dunphy,Cayle Tern
Timur Ender,Candace Avalos,Cayle Tern,Terrence Hayes,Steph Routh,Loretta Smith
Timur Ender,Candace Avalos,Steph Routh,Jamie Dunphy,,
Loretta Smith,Steph Routh,Michael (Mike) Sands,David Linn,Doug Clove,Jamie Dunphy
Noah Ernst,,,,,
Timur Ender,Loretta Smith,Candace Avalos,Steph Routh,Terrence Hayes,Jamie Dunphy
Terrence Hayes,Doug Clove,,,,
Joe Allen,Candace Avalos,Noah Ernst,Timur Ender,Loretta Smith,Peggy Sue Owens
Steph Routh,Jamie Dunphy,Timur Ender,,,
Candace Avalos,Joe Furi,Loretta Smith,Terrence Hayes,,
Terrence Hayes,Jamie Dunphy,Deian Salazar,,,
Peggy Sue Owens,David Linn,Joe Furi,Loretta Smith,Steph Routh,
Jamie Dunphy,Candace Avalos,Steph Routh,,,
Noah Ernst,,,,,
Terrence Hayes,Loretta Smith,,,,
Michael (Mike) Sands,,,,,
Candace Avalos,Loretta Smith,Cayle Tern,Jamie Dunphy,Timur Ender,Steph Routh
Joe Allen,David Linn,Doug Clove,Joe Furi,Michael (Mike) Sands,Thomas Shervey
Noah Ernst,Terrence Hayes,Loretta Smith,,,
Doug Clove,Noah Ernst,Terrence Hayes,Thomas Shervey,,
Candace Avalos,Steph Routh,Jamie Dunphy,Terrence Hayes,Deian Salazar,Loretta Smith
Timur Ender,Terrence Hayes,Loretta Smith,,,
Michael (Mike) Sands,Joe Allen,David Linn,,,
Loretta Smith,Terrence Hayes,Michael (Mike) Sands,Joe Furi,Peggy Sue Owens,David Linn
Steph Routh,Timur Ender,Candace Avalos,Jamie Dunphy,Cayle Tern,
Noah Ernst,Joe Allen,Jamie Dunphy,Thomas Shervey,Deian Salazar,Cayle Tern
Noah Ernst,Cayle Tern,Deian Salazar,Steph Routh,Loretta Smith,Joe Furi
Loretta Smith,Steph Routh,Timur Ender,Joe Furi,Doug Clove,Deian Salazar
Jamie Dunphy,Steph Routh,Timur Ender,Candace Avalos,Michael (Mike) Sands,
Loretta Smith,Jamie Dunphy,Candace Avalos,,,
Loretta Smith,Steph Routh,Joe Allen,Peggy Sue Owens,Candace Avalos,Jamie Dunphy
Noah Ernst,Candace Avalos,Cayle Tern,Joe Furi,Thomas Shervey,Jamie Dunphy
Candace Avalos,Loretta Smith,Noah Ernst,,,
Timur Ender,Loretta Smith,Candace Avalos,Terrence Hayes,Steph Routh,
Noah Ernst,Jamie Dunphy,,,,
Candace Avalos,Cayle Tern,Timur Ender,Steph Routh,Jamie Dunphy,
Peggy Sue Owens,Timur Ender,Joe Allen,Candace Avalos,Loretta Smith,Joe Furi
Candace Avalos,Loretta Smith,Joe Allen,Cayle Tern,Terrence Hayes,Doug Clove
Loretta Smith,Candace Avalos,Terrence Hayes,,,
Jamie Dunphy,Candace Avalos,Steph Routh,,,
Steph Routh,Doug Clove,Thomas Shervey,,,
Steph Routh,Terrence Hayes,Jamie Dunphy,Deian Salazar,Candace Avalos,Timur Ender
Candace Avalos,Cayle Tern,Timur Ender,Steph Routh,Jamie Dunphy,David Linn
Jamie Dunphy,Candace Avalos,Steph Routh,,,
Noah Ernst,Loretta Smith,Terrence Hayes,Deian Salazar,Steph Routh,Jamie Dunphy
Loretta Smith,Terrence Hayes,Candace Avalos,Steph Routh,Jamie Dunphy,
Joe Allen,Deian Salazar,Loretta Smith,Terrence Hayes,Steph Routh,Jamie Dunphy
Candace Avalos,Steph Routh,Noah Ernst,Jamie Dunphy,Loretta Smith,Cayle Tern
Noah Ernst,,,,,
Doug Clove,Terrence Hayes,Noah Ernst,David Linn,Cayle Tern,Deian Salazar
Timur Ender,Candace Avalos,Deian Salazar,Loretta Smith,,
Terrence Hayes,Noah Ernst,Doug Clove,Loretta Smith,,
Loretta Smith,Terrence Hayes,Joe Allen,Peggy Sue Owens,Steph Routh,Joe Furi
Candace Avalos,Timur Ender,Deian Salazar,Steph Routh,Jamie Dunphy,David Linn
,,,,,
Noah Ernst,Peggy Sue Owens,David Linn,Doug Clove,Loretta Smith,Michael (Mike) Sands
Peggy Sue Owens,Joe Allen,Noah Ernst,Doug Clove,Loretta Smith,David Linn
Jamie Dunphy,,,,,
Candace Avalos,Noah Ernst,Timur Ender,Joe Furi,Cayle Tern,Loretta Smith
Candace Avalos,Loretta Smith,Steph Routh,Timur Ender,,
Noah Ernst,Timur Ender,Loretta Smith,,,
Loretta Smith,,,,,
Deian Salazar,Noah Ernst,Michael (Mike) Sands,,,
Timur Ender,Candace Avalos,Steph Routh,Loretta Smith,Jamie Dunphy,
Loretta Smith,Terrence Hayes,Noah Ernst,,,
Noah Ernst,Terrence Hayes,Loretta Smith,Candace Avalos,Peggy Sue Owens,Steph Routh
Joe Allen,Candace Avalos,Peggy Sue Owens,Loretta Smith,Doug Clove,Jamie Dunphy
Terrence Hayes,Candace Avalos,Thomas Shervey,Steph Routh,Timur Ender,Jamie Dunphy
Steph Routh,Candace Avalos,Cayle Tern,Timur Ender,Terrence Hayes,Jamie Dunphy
Terrence Hayes,Noah Ernst,Joe Allen,Doug Clove,,
Noah Ernst,Deian Salazar,Doug Clove,Joe Furi,Terrence Hayes,Loretta Smith
Loretta Smith,Candace Avalos,Timur Ender,,,
Candace Avalos,Steph Routh,Timur Ender,Jamie Dunphy,Doug Clove,Michael (Mike) Sands
Joe Allen,Cayle Tern,Michael (Mike) Sands,Steph Routh,David Linn,Jamie Dunphy
Jamie Dunphy,Candace Avalos,Steph Routh,,,
Steph Routh,Candace Avalos,Jamie Dunphy,Thomas Shervey,Terrence Hayes,Timur Ender
Jamie Dunphy,Candace Avalos,Steph Routh,Noah Ernst,David Linn,Loretta Smith
Candace Avalos,Steph Routh,Jamie Dunphy,Loretta Smith,Timur Ender,Cayle Tern
Loretta Smith,Steph Routh,Candace Avalos,,,
Timur Ender,Candace Avalos,Doug Clove,Loretta Smith,Jamie Dunphy,Terrence Hayes
Noah Ernst,Deian Salazar,Doug Clove,David Linn,Terrence Hayes,Steph Routh
Steph Routh,,,,,
Doug Clove,Joe Allen,Joe Furi,Michael (Mike) Sands,Timur Ender,Loretta Smith
Loretta Smith,Thomas Shervey,Candace Avalos,,,
Noah Ernst,Steph Routh,Jamie Dunphy,,,
Timur Ender,Jamie Dunphy,Loretta Smith,,,
Loretta Smith,Candace Avalos,Peggy Sue Owens,Deian Salazar,Steph Routh,Jamie Dunphy
Loretta Smith,Jamie Dunphy,Steph Routh,,,
Timur Ender,Candace Avalos,Jamie Dunphy,Steph Routh,,
Timur Ender,Candace Avalos,Deian Salazar,,,
Loretta Smith,Jamie Dunphy,Candace Avalos,Timur Ender,Steph Routh,Noah Ernst
Jamie Dunphy,Joe Allen,David Linn,Timur Ender,Cayle Tern,Deian Salazar
Noah Ernst,,,,,
Noah Ernst,Doug Clove,Deian Salazar,,,
Terrence Hayes,Loretta Smith,Candace Avalos,Timur Ender,,
Steph Routh,Terrence Hayes,Joe Furi,David Linn,Candace Avalos,Timur Ender
Loretta Smith,Peggy Sue Owens,Terrence Hayes,Steph Routh,Joe Allen,Candace Avalos
Jamie Dunphy,Candace Avalos,Steph Routh,Loretta Smith,Noah Ernst,David Linn
Doug Clove,,,,,
Terrence Hayes,Noah Ernst,Candace Avalos,David Linn,Timur Ender,Steph Routh
Jamie Dunphy,Steph Routh,Candace Avalos,Cayle Tern,Thomas Shervey,Michael (Mike) Sands
Candace Avalos,,,,,
Candace Avalos,Jamie Dunphy,Steph Routh,,,
David Linn,Doug Clove,Loretta Smith,Steph Routh,Noah Ernst,Jamie Dunphy
Steph Routh,Terrence Hayes,Candace Avalos,Cayle Tern,Jamie Dunphy,Timur Ender
Terrence Hayes,Loretta Smith,Noah Ernst,Joe Allen,David Linn,Peggy Sue Owens
Candace Avalos,Steph Routh,Jamie Dunphy,Timur Ender,Terrence Hayes,
Cayle Tern,Steph Routh,Loretta Smith,Terrence Hayes,Doug Clove,Deian Salazar
Candace Avalos,Steph Routh,Jamie Dunphy,Timur Ender,David Linn,Cayle Tern
Candace Avalos,Jamie Dunphy,,,,
Steph Routh,Loretta Smith,Candace Avalos,Timur Ender,Michael (Mike) Sands,Cayle Tern
Candace Avalos,Cayle Tern,Timur Ender,,,
Doug Clove,Joe Furi,Michael (Mike) Sands,Terrence Hayes,Steph Routh,Candace Avalos
Candace Avalos,Joe Allen,Thomas Shervey,Cayle Tern,,
Timur Ender,Joe Furi,Deian Salazar,,,
Noah Ernst,Peggy Sue Owens,David Linn,,,
Timur Ender,Michael (Mike) Sands,Candace Avalos,,,
Loretta Smith,Steph Routh,Candace Avalos,Deian Salazar,Terrence Hayes,Jamie Dunphy
Timur Ender,Loretta Smith,Steph Routh,,,
David Linn,,,,,
Candace Avalos,Jamie Dunphy,Steph Routh,Terrence Hayes,,
Loretta Smith,Terrence Hayes,,,,
Noah Ernst,Terrence Hayes,Joe Furi,Loretta Smith,Doug Clove,
Terrence Hayes,,,,,
Candace Avalos,Jamie Dunphy,Steph Routh,Timur Ender,,
Terrence Hayes,Noah Ernst,Joe Allen,,,
Terrence Hayes,,,,,
Timur Ender,Michael (Mike) Sands,David Linn,Terrence Hayes,Candace Avalos,Doug Clove
Joe Allen,Jamie Dunphy,Thomas Shervey,,,
Candace Avalos,Steph Routh,Noah Ernst,Jamie Dunphy,Loretta Smith,Cayle Tern
David Linn,Joe Furi,,,,
Michael (Mike) Sands,Loretta Smith,Jamie Dunphy,Terrence Hayes,David Linn,
Jamie Dunphy,Steph Routh,Candace Avalos,David Linn,Noah Ernst,
Timur Ender,Candace Avalos,Noah Ernst,Joe Allen,Cayle Tern,Joe Furi
Loretta Smith,Terrence Hayes,Michael (Mike) Sands,,,
Loretta Smith,Doug Clove,Candace Avalos,,,
Doug Clove,Michael (Mike) Sands,Terrence Hayes,Jamie Dunphy,Timur Ender,Candace Avalos
Loretta Smith,Terrence Hayes,Steph Routh,Candace Avalos,Jamie Dunphy,Doug Clove
Noah Ernst,Joe Allen,Steph Routh,Loretta Smith,Deian Salazar,Candace Avalos
Loretta Smith,Timur Ender,David Linn,Joe Furi,Jamie Dunphy,Doug Clove
Michael (Mike) Sands,,,,,
Timur Ender,,,,,
David Linn,,,,,
Peggy Sue Owens,,,,,
Candace Avalos,Loretta Smith,Steph Routh,,,
Noah Ernst,Thomas Shervey,Terrence Hayes,Doug Clove,,
Terrence Hayes,Loretta Smith,Steph Routh,,,
Michael (Mike) Sands,Jamie Dunphy,Terrence Hayes,Steph Routh,David Linn,Timur Ender
Candace Avalos,Jamie Dunphy,,,,
Candace Avalos,Cayle Tern,Timur Ender,,,
Terrence Hayes,Loretta Smith,,,,
Peggy Sue Owens,Cayle Tern,Loretta Smith,Candace Avalos,Noah Ernst,Joe Allen
Joe Allen,,,,,
Timur Ender,,,,,
Noah Ernst,Terrence Hayes,Joe Furi,Loretta Smith,Doug Clove,
Terrence Hayes,Timur Ender,Candace Avalos,Deian Salazar,Loretta Smith,Steph Routh
Loretta Smith,Timur Ender,Cayle Tern,Jamie Dunphy,Steph Routh,Candace Avalos
Timur Ender,Candace Avalos,,,,
Terrence Hayes,Loretta Smith,David Linn,Jamie Dunphy,Timur Ender,
Joe Allen,Candace Avalos,Doug Clove,Michael (Mike) Sands,Thomas Shervey,Steph Routh
Noah Ernst,Terrence Hayes,Loretta Smith,Doug Clove,David Linn,Joe Allen
Timur Ender,Jamie Dunphy,Steph Routh,,,
Loretta Smith,Terrence Hayes,Joe Furi,,,
Loretta Smith,,,,,
Terrence Hayes,Loretta Smith,Noah Ernst,Candace Avalos,Steph Routh,Deian Salazar
Candace Avalos,Steph Routh,Timur Ender,,,
Terrence Hayes,Joe Furi,Michael (Mike) Sands,Jamie Dunphy,Thomas Shervey,Steph Routh
Cayle Tern,Candace Avalos,Timur Ender,Steph Routh,Jamie Dunphy,Thomas Shervey
Noah Ernst,Jamie Dunphy,Joe Furi,,,
Timur Ender,Steph Routh,Jamie Dunphy,,,
Loretta Smith,Doug Clove,Noah Ernst,Candace Avalos,Terrence Hayes,Steph Routh
Loretta Smith,Terrence Hayes,David Linn,Steph Routh,,
Terrence Hayes,Deian Salazar,Noah Ernst,Loretta Smith,Candace Avalos,Timur Ender
Steph Routh,Candace Avalos,Cayle Tern,Timur Ender,David Linn,
Timur Ender,,,,,
Peggy Sue Owens,Noah Ernst,Thomas Shervey,Jamie Dunphy,,
Doug Clove,,,,,
Doug Clove,,,,,
Terrence Hayes,Loretta Smith,Timur Ender,Candace Avalos,,
Joe Furi,,,,,
Terrence Hayes,Loretta Smith,,,,
Joe Furi,Doug Clove,Terrence Hayes,,,
Joe Furi,Candace Avalos,Thomas Shervey,Jamie Dunphy,Cayle Tern,Peggy Sue Owens
Timur Ender,,,,,
Timur Ender,Candace Avalos,Steph Routh,Cayle Tern,Terrence Hayes,
Candace Avalos,Noah Ernst,Timur Ender,Terrence Hayes,Loretta Smith,Steph Routh
Loretta Smith,Michael (Mike) Sands,Terrence Hayes,,,
Joe Allen,Noah Ernst,Doug Clove,Peggy Sue Owens,Deian Salazar,Timur Ender
Candace Avalos,Noah Ernst,Timur Ender,,,
Terrence Hayes,Noah Ernst,Loretta Smith,,,
David Linn,,,,,
Steph Routh,Timur Ender,Candace Avalos,David Linn,Cayle Tern,Deian Salazar
Candace Avalos,Loretta Smith,Steph Routh,Jamie Dunphy,Cayle Tern,Terrence Hayes
Candace Avalos,Steph Routh,Timur Ender,Jamie Dunphy,David Linn,Cayle Tern
Candace Avalos,Steph Routh,Cayle Tern,Noah Ernst,Terrence Hayes,Jamie Dunphy
Loretta Smith,Noah Ernst,Deian Salazar,Terrence Hayes,Timur Ender,Candace Avalos
Terrence Hayes,,,,,
Terrence Hayes,Loretta Smith,Jamie Dunphy,David Linn,Steph Routh,Timur Ender
Thomas Shervey,Peggy Sue Owens,Noah Ernst,Cayle Tern,Doug Clove,Candace Avalos
Joe Allen,,,,,
Steph Routh,Candace Avalos,Jamie Dunphy,,,
Jamie Dunphy,Steph Routh,Candace Avalos,Noah Ernst,Terrence Hayes,David Linn
Loretta Smith,Timur Ender,Candace Avalos,Steph Routh,Jamie Dunphy,Terrence Hayes
Joe Furi,,,,,
Candace Avalos,Thomas Shervey,Michael (Mike) Sands,Jamie Dunphy,Deian Salazar,Steph Routh
Candace Avalos,Jamie Dunphy,Steph Routh,,,
Jamie Dunphy,Steph Routh,Candace Avalos,,,
Terrence Hayes,Noah Ernst,Candace Avalos,,,
Noah Ernst,,,,,
Candace Avalos,Joe Allen,Steph Routh,Jamie Dunphy,Peggy Sue Owens,Timur Ender
Timur Ender,Candace Avalos,Deian Salazar,Thomas Shervey,,
Steph Routh,Candace Avalos,Timur Ender,,,
Candace Avalos,Loretta Smith,Terrence Hayes,Steph Routh,Jamie Dunphy,Timur Ender
Candace Avalos,David Linn,Steph Routh,Jamie Dunphy,Cayle Tern,Michael (Mike) Sands
Joe Allen,Candace Avalos,Doug Clove,,,
Doug Clove,Joe Furi,Terrence Hayes,,,
Peggy Sue Owens,Steph Routh,Cayle Tern,Noah Ernst,Doug Clove,Loretta Smith
Candace Avalos,Cayle Tern,Loretta Smith,Terrence Hayes,Steph Routh,David Linn
Cayle Tern,Candace Avalos,Timur Ender,David Linn,Jamie Dunphy,Steph Routh
,,,,,
Doug Clove,Michael (Mike) Sands,Loretta Smith,,,
Candace Avalos,Timur Ender,Terrence Hayes,Peggy Sue Owens,Steph Routh,Doug Clove
Jamie Dunphy,Candace Avalos,Steph Routh,,,
Candace Avalos,Deian Salazar,Terrence Hayes,Steph Routh,,
Noah Ernst,Terrence Hayes,Jamie Dunphy,,,
Loretta Smith,Jamie Dunphy,Terrence Hayes,Timur Ender,,
Jamie Dunphy,Steph Routh,Terrence Hayes,Cayle Tern,,
Jamie Dunphy,Steph Routh,Timur Ender,Noah Ernst,Candace Avalos,Doug Clove
Noah Ernst,Jamie Dunphy,Candace Avalos,Steph Routh,Timur Ender,David Linn
Loretta Smith,Steph Routh,,,,
Noah Ernst,,,,,
Steph Routh,Candace Avalos,Terrence Hayes,,,
Loretta Smith,Timur Ender,Jamie Dunphy,Steph Routh,Terrence Hayes,Doug Clove
Loretta Smith,Timur Ender,Jamie Dunphy,Steph Routh,Terrence Hayes,Doug Clove
Noah Ernst,Terrence Hayes,Joe Furi,Loretta Smith,Doug Clove,
Candace Avalos,Timur Ender,Jamie Dunphy,Steph Routh,,
Candace Avalos,,,,,
Loretta Smith,Terrence Hayes,Steph Routh,Candace Avalos,,
Loretta Smith,,,,,
Terrence Hayes,Noah Ernst,Doug Clove,,,
Candace Avalos,Peggy Sue Owens,Noah Ernst,Jamie Dunphy,Loretta Smith,Terrence Hayes
Candace Avalos,Jamie Dunphy,,,,
Steph Routh,Timur Ender,Candace Avalos,Jamie Dunphy,,
Timur Ender,Terrence Hayes,Loretta Smith,Deian Salazar,Jamie Dunphy,Candace Avalos
Peggy Sue Owens,Loretta Smith,Jamie Dunphy,Noah Ernst,Cayle Tern,Joe Furi
Thomas Shervey,,,,,
Loretta Smith,,,,,
Candace Avalos,Cayle Tern,Timur Ender,,,
Terrence Hayes,Loretta Smith,,,,
Timur Ender,Cayle Tern,Candace Avalos,Noah Ernst,Joe Furi,
Peggy Sue Owens,,,,,
Cayle Tern,,,,,
Loretta Smith,Candace Avalos,Terrence Hayes,Cayle Tern,Steph Routh,Jamie Dunphy
Loretta Smith,Jamie Dunphy,Terrence Hayes,Candace Avalos,Timur Ender,Doug Clove
Terrence Hayes,Noah Ernst,,,,
Doug Clove,,,,,
Steph Routh,Jamie Dunphy,Timur Ender,David Linn,,
Timur Ender,Candace Avalos,Steph Routh,Jamie Dunphy,Cayle Tern,
Loretta Smith,Jamie Dunphy,Terrence Hayes,Candace Avalos,Timur Ender,David Linn
David Linn,Loretta Smith,Terrence Hayes,Doug Clove,Candace Avalos,Peggy Sue Owens
Noah Ernst,Deian Salazar,Terrence Hayes,Jamie Dunphy,Steph Routh,Loretta Smith
Loretta Smith,Steph Routh,Terrence Hayes,,,
Loretta Smith,Terrence Hayes,Noah Ernst,Thomas Shervey,Jamie Dunphy,
Michael (Mike) Sands,Cayle Tern,Joe Furi,Candace Avalos,Timur Ender,Jamie Dunphy
Loretta Smith,Terrence Hayes,Candace Avalos,Cayle Tern,Noah Ernst,Joe Furi
Terrence Hayes,Candace Avalos,Loretta Smith,Timur Ender,Steph Routh,Jamie Dunphy
Noah Ernst,Jamie Dunphy,Candace Avalos,Steph Routh,,
Jamie Dunphy,Steph Routh,Loretta Smith,Candace Avalos,Noah Ernst,Timur Ender
Noah Ernst,Terrence Hayes,Joe Furi,Loretta Smith,Doug Clove,
Loretta Smith,,,,,
Steph Routh,Candace Avalos,Cayle Tern,Timur Ender,Terrence Hayes,Jamie Dunphy
Jamie Dunphy,Steph Routh,Terrence Hayes,David Linn,,
Candace Avalos,Timur Ender,Deian Salazar,Loretta Smith,Steph Routh,
Steph Routh,Timur Ender,Jamie Dunphy,Candace Avalos,,
Doug Clove,Joe Furi,Terrence Hayes,Jamie Dunphy,Timur Ender,Noah Ernst
Jamie Dunphy,Write-in-121,Timur Ender,Steph Routh,Loretta Smith,
Candace Avalos,Jamie Dunphy,Steph Routh,Timur Ender,Cayle Tern,David Linn
Noah Ernst,,,,,
Timur Ender,Terrence Hayes,Doug Clove,,,
Candace Avalos,Timur Ender,Cayle Tern,Steph Routh,Jamie Dunphy,David Linn
Steph Routh,Noah Ernst,Thomas Shervey,Joe Allen,Candace Avalos,Timur Ender
Doug Clove,Deian Salazar,,,,
Candace Avalos,,,,,
Steph Routh,,,,,
Loretta Smith,Candace Avalos,Terrence Hayes,Doug Clove,Peggy Sue Owens,David Linn
Timur Ender,Terrence Hayes,Deian Salazar,Noah Ernst,Michael (Mike) Sands,Jamie Dunphy
Steph Routh,Terrence Hayes,Jamie Dunphy,Timur Ender,David Linn,Candace Avalos
David Linn,Loretta Smith,Cayle Tern,Write-in-120,,
Candace Avalos,Timur Ender,Steph Routh,Jamie Dunphy,David Linn,Cayle Tern
Jamie Dunphy,,,,,
Steph Routh,Candace Avalos,Jamie Dunphy,Noah Ernst,,
Cayle Tern,Noah Ernst,Joe Furi,Steph Routh,Thomas Shervey,Write-in-122
Terrence Hayes,Steph Routh,Michael (Mike) Sands,Timur Ender,Loretta Smith,Deian Salazar
Candace Avalos,Terrence Hayes,Loretta Smith,Jamie Dunphy,,
David Linn,Loretta Smith,Steph Routh,Terrence Hayes,Cayle Tern,Timur Ender
Candace Avalos,Timur Ender,Jamie Dunphy,,,
Terrence Hayes,Loretta Smith,Michael (Mike) Sands,Candace Avalos,,
Noah Ernst,Terrence Hayes,Joe Furi,,,
Terrence Hayes,Noah Ernst,Joe Furi,Loretta Smith,Doug Clove,Write-in-120
,,,,,
Candace Avalos,Loretta Smith,Terrence Hayes,,,
Loretta Smith,Terrence Hayes,Candace Avalos,David Linn,,
Candace Avalos,Timur Ender,David Linn,Terrence Hayes,,
Jamie Dunphy,Cayle Tern,David Linn,Candace Avalos,Timur Ender,Steph Routh
Jamie Dunphy,Candace Avalos,Steph Routh,Noah Ernst,David Linn,Loretta Smith
Peggy Sue Owens,Timur Ender,Noah Ernst,Candace Avalos,Joe Allen,David Linn
Loretta Smith,Terrence Hayes,Steph Routh,Jamie Dunphy,Noah Ernst,
Loretta Smith,Jamie Dunphy,Noah Ernst,Timur Ender,Steph Routh,Terrence Hayes
Joe Furi,Timur Ender,Noah Ernst,Joe Allen,,
Loretta Smith,Noah Ernst,,,,
Doug Clove,Noah Ernst,,,,
Joe Furi,Noah Ernst,Doug Clove,Steph Routh,,
Candace Avalos,Cayle Tern,Loretta Smith,Terrence Hayes,Jamie Dunphy,Joe Allen
Noah Ernst,,,,,
Timur Ender,Candace Avalos,Joe Allen,Thomas Shervey,Joe Furi,Loretta Smith
Jamie Dunphy,Timur Ender,Candace Avalos,Steph Routh,,
Candace Avalos,Steph Routh,Terrence Hayes,Timur Ender,Doug Clove,Jamie Dunphy
Jamie Dunphy,Candace Avalos,Steph Routh,Noah Ernst,David Linn,
Loretta Smith,Timur Ender,Steph Routh,,,
Doug Clove,Candace Avalos,Loretta Smith,Joe Furi,,
Jamie Dunphy,Candace Avalos,Steph Routh,Noah Ernst,David Linn,Loretta Smith
Doug Clove,Noah Ernst,David Linn,Candace Avalos,Terrence Hayes,Timur Ender
Jamie Dunphy,Steph Routh,Candace Avalos,Timur Ender,Loretta Smith,David Linn
Candace Avalos,Deian Salazar,Cayle Tern,Timur Ender,,
Deian Salazar,,,,,
Terrence Hayes,Peggy Sue Owens,,,,
Candace Avalos,Steph Routh,Timur Ender,,,
Noah Ernst,Jamie Dunphy,Steph Routh,,,
Jamie Dunphy,Steph Routh,Candace Avalos,Timur Ender,Loretta Smith,Peggy Sue Owens
Jamie Dunphy,,,,,
Doug Clove,Joe Furi,,,,
Candace Avalos,Timur Ender,Jamie Dunphy,Steph Routh,Cayle Tern,
David Linn,,,,,
Terrence Hayes,Loretta Smith,Noah Ernst,,,
Loretta Smith,Peggy Sue Owens,Noah Ernst,Candace Avalos,Thomas Shervey,Timur Ender
Loretta Smith,,,,,
Noah Ernst,Michael (Mike) Sands,Deian Salazar,Doug Clove,Thomas Shervey,Jamie Dunphy
Peggy Sue Owens,Timur Ender,Noah Ernst,Candace Avalos,Joe Allen,David Linn
Loretta Smith,,,,,
Terrence Hayes,Loretta Smith,,,,
Candace Avalos,Steph Routh,,,,
Terrence Hayes,Joe Furi,Joe Allen,Candace Avalos,Timur Ender,Peggy Sue Owens
Timur Ender,Noah Ernst,Candace Avalos,David Linn,Michael (Mike) Sands,Jamie Dunphy
Steph Routh,Terrence Hayes,Jamie Dunphy,,,
Candace Avalos,Peggy Sue Owens,Noah Ernst,Jamie Dunphy,Loretta Smith,Terrence Hayes
Cayle Tern,Candace Avalos,Timur Ender,Noah Ernst,Joe Allen,Steph Routh
Loretta Smith,,,,,
Loretta Smith,Steph Routh,Terrence Hayes,Doug Clove,Cayle Tern,Timur Ender
Doug Clove,Joe Furi,,,,
Candace Avalos,Jamie Dunphy,Timur Ender,Terrence Hayes,David Linn,
Jamie Dunphy,Loretta Smith,Doug Clove,Deian Salazar,,
Loretta Smith,Doug Clove,,,,
Jamie Dunphy,Candace Avalos,David Linn,Timur Ender,Cayle Tern,Steph Routh
Steph Routh,Loretta Smith,Candace Avalos,Cayle Tern,Deian Salazar,Terrence Hayes
Timur Ender,Noah Ernst,Steph Routh,,,
Steph Routh,Candace Avalos,Terrence Hayes,Timur Ender,,
Terrence Hayes,Steph Routh,,,,
Peggy Sue Owens,,,,,
Timur Ender,Noah Ernst,Terrence Hayes,Loretta Smith,Jamie Dunphy,Steph Routh
Peggy Sue Owens,Doug Clove,David Linn,Thomas Shervey,Joe Furi,Candace Avalos
Loretta Smith,,,,,
Candace Avalos,David Linn,Doug Clove,,,
Terrence Hayes,Jamie Dunphy,Noah Ernst,,,
Terrence Hayes,Noah Ernst,Candace Avalos,,,
Doug Clove,Michael (Mike) Sands,,,,
Doug Clove,Loretta Smith,Steph Routh,,,
Candace Avalos,,,,,
Timur Ender,Loretta Smith,Cayle Tern,Jamie Dunphy,Michael (Mike) Sands,Joe Allen
Candace Avalos,Cayle Tern,Timur Ender,,,
Michael (Mike) Sands,,,,,
Noah Ernst,Loretta Smith,Terrence Hayes,,,
Joe Furi,Candace Avalos,Loretta Smith,Peggy Sue Owens,Steph Routh,Jamie Dunphy
Candace Avalos,Timur Ender,Steph Routh,Jamie Dunphy,Cayle Tern,David Linn
Timur Ender,Michael (Mike) Sands,Thomas Shervey,,,
Jamie Dunphy,Steph Routh,Candace Avalos,Timur Ender,Thomas Shervey,Terrence Hayes
Loretta Smith,Steph Routh,Candace Avalos,,,
Noah Ernst,David Linn,Michael (Mike) Sands,Joe Furi,Deian Salazar,Loretta Smith
Terrence Hayes,Steph Routh,Loretta Smith,Jamie Dunphy,Noah Ernst,
Jamie Dunphy,Doug Clove,David Linn,Steph Routh,Terrence Hayes,Joe Furi
Joe Allen,Doug Clove,Loretta Smith,Cayle Tern,Steph Routh,Timur Ender
Terrence Hayes,Noah Ernst,Candace Avalos,Joe Allen,Jamie Dunphy,David Linn
Candace Avalos,Cayle Tern,Steph Routh,Doug Clove,David Linn,Joe Furi
Cayle Tern,Timur Ender,Michael (Mike) Sands,,,
Steph Routh,,,,,
Candace Avalos,Steph Routh,Jamie Dunphy,Timur Ender,,
Steph Routh,Timur Ender,Candace Avalos,Jamie Dunphy,,
Steph Routh,Candace Avalos,Jamie Dunphy,Timur Ender,Loretta Smith,Terrence Hayes
Terrence Hayes,Steph Routh,Jamie Dunphy,Loretta Smith,Joe Furi,David Linn
Candace Avalos,David Linn,Steph Routh,Terrence Hayes,Thomas Shervey,Loretta Smith
Terrence Hayes,Loretta Smith,Joe Furi,Candace Avalos,Cayle Tern,Timur Ender
Deian Salazar,Michael (Mike) Sands,Timur Ender,Candace Avalos,David Linn,
Candace Avalos,Timur Ender,Steph Routh,Jamie Dunphy,,
Loretta Smith,Candace Avalos,,,,
Joe Allen,Jamie Dunphy,Noah Ernst,Steph Routh,David Linn,Candace Avalos
Candace Avalos,Cayle Tern,Timur Ender,Jamie Dunphy,,
Steph Routh,Jamie Dunphy,Candace Avalos,Terrence Hayes,,
Candace Avalos,Cayle Tern,Timur Ender,,,
Timur Ender,Candace Avalos,Doug Clove,Loretta Smith,Terrence Hayes,Steph Routh
Timur Ender,Loretta Smith,Steph Routh,Terrence Hayes,Michael (Mike) Sands,Candace Avalos
Noah Ernst,Michael (Mike) Sands,Doug Clove,Peggy Sue Owens,,
,,,,,
Candace Avalos,,,,,
Loretta Smith,Jamie Dunphy,Terrence Hayes,Thomas Shervey,Doug Clove,Michael (Mike) Sands
Cayle Tern,Joe Allen,Timur Ender,Terrence Hayes,Joe Furi,
Noah Ernst,Joe Allen,Doug Clove,Deian Salazar,Steph Routh,
Candace Avalos,Terrence Hayes,Timur Ender,Jamie Dunphy,David Linn,Steph Routh
Jamie Dunphy,,,,,
Candace Avalos,Jamie Dunphy,Steph Routh,,,
Candace Avalos,Cayle Tern,Steph Routh,Timur Ender,David Linn,
Loretta Smith,Michael (Mike) Sands,Steph Routh,Candace Avalos,Noah Ernst,Cayle Tern
Candace Avalos,Steph Routh,Timur Ender,Jamie Dunphy,,
Jamie Dunphy,Candace Avalos,Terrence Hayes,Loretta Smith,Deian Salazar,Cayle Tern
Candace Avalos,Timur Ender,Steph Routh,Jamie Dunphy,Cayle Tern,David Linn
Candace Avalos,Steph Routh,Jamie Dunphy,Timur Ender,Loretta Smith,Cayle Tern
Steph Routh,Joe Furi,Jamie Dunphy,,,
Timur Ender,Steph Routh,Cayle Tern,Candace Avalos,,
Candace Avalos,Cayle Tern,Timur Ender,,,
Candace Avalos,Steph Routh,Jamie Dunphy,,,
Jamie Dunphy,Doug Clove,Timur Ender,,,
Steph Routh,Candace Avalos,Loretta Smith,Jamie Dunphy,Terrence Hayes,Peggy Sue Owens
Steph Routh,Noah Ernst,Candace Avalos,Doug Clove,Loretta Smith,Jamie Dunphy
Noah Ernst,,,,,
Noah Ernst,Terrence Hayes,Joe Furi,Loretta Smith,Doug Clove,
Peggy Sue Owens,Noah Ernst,Timur Ender,,,
Michael (Mike) Sands,Steph Routh,Terrence Hayes,,,
Candace Avalos,Steph Routh,Timur Ender,Loretta Smith,Jamie Dunphy,
Candace Avalos,Cayle Tern,Timur Ender,Steph Routh,,
Jamie Dunphy,David Linn,,,,
Loretta Smith,Thomas Shervey,Steph Routh,Jamie Dunphy,Doug Clove,Candace Avalos
Noah Ernst,Terrence Hayes,Cayle Tern,Candace Avalos,Loretta Smith,Steph Routh
Jamie Dunphy,Candace Avalos,Steph Routh,Timur Ender,,
Candace Avalos,Cayle Tern,Timur Ender,,,
Candace Avalos,Cayle Tern,Loretta Smith,,,
Peggy Sue Owens,David Linn,Steph Routh,,,
Doug Clove,,,,,
Michael (Mike) Sands,Timur Ender,Candace Avalos,Steph Routh,Loretta Smith,
Candace Avalos,Timur Ender,Steph Routh,David Linn,Thomas Shervey,
Jamie Dunphy,Terrence Hayes,Loretta Smith,Steph Routh,,
Noah Ernst,,,,,
Loretta Smith,Joe Furi,,,,
Timur Ender,Loretta Smith,David Linn,Terrence Hayes,Steph Routh,Jamie Dunphy
Steph Routh,Loretta Smith,Terrence Hayes,Candace Avalos,David Linn,Jamie Dunphy
Terrence Hayes,Timur Ender,Loretta Smith,,,
Terrence Hayes,Candace Avalos,Noah Ernst,,,
Timur Ender,Candace Avalos,Loretta Smith,Cayle Tern,David Linn,Deian Salazar
Timur Ender,Michael (Mike) Sands,Loretta Smith,Terrence Hayes,Steph Routh,
Loretta Smith,Steph Routh,Terrence Hayes,,,
Deian Salazar,Terrence Hayes,,,,
Noah Ernst,Doug Clove,Joe Allen,Loretta Smith,,
Michael (Mike) Sands,Timur Ender,Loretta Smith,Terrence Hayes,David Linn,Doug Clove
Michael (Mike) Sands,Steph Routh,Thomas Shervey,Jamie Dunphy,,
Noah Ernst,Terrence Hayes,Cayle Tern,Timur Ender,,
David Linn,Cayle Tern,Terrence Hayes,Jamie Dunphy,Doug Clove,Joe Furi
Loretta Smith,,,,,
David Linn,,,,,
Candace Avalos,Loretta Smith,Terrence Hayes,,,
Candace Avalos,Cayle Tern,Timur Ender,Jamie Dunphy,,
Steph Routh,Jamie Dunphy,Timur Ender,Candace Avalos,,
Peggy Sue Owens,,,,,
Candace Avalos,Timur Ender,Steph Routh,Jamie Dunphy,Cayle Tern,David Linn
Terrence Hayes,Noah Ernst,Doug Clove,Loretta Smith,,
Terrence Hayes,Thomas Shervey,Michael (Mike) Sands,David Linn,Joe Allen,Timur Ender
David Linn,,,,,
Loretta Smith,Jamie Dunphy,Doug Clove,,,
Peggy Sue Owens,Timur Ender,Noah Ernst,Candace Avalos,Joe Allen,David Linn
Steph Routh,Jamie Dunphy,Timur Ender,David Linn,,
Joe Allen,Joe Furi,,,,
Loretta Smith,Terrence Hayes,Steph Routh,Jamie Dunphy,,
Jamie Dunphy,Loretta Smith,Steph Routh,Candace Avalos,,
Timur Ender,Loretta Smith,Steph Routh,Jamie Dunphy,Terrence Hayes,Doug Clove
Loretta Smith,Steph Routh,Terrence Hayes,Timur Ender,Candace Avalos,Cayle Tern
Timur Ender,Candace Avalos,Steph Routh,Jamie Dunphy,Loretta Smith,Terrence Hayes
Candace Avalos,,,,,
Joe Furi,Michael (Mike) Sands,Cayle Tern,Deian Salazar,Timur Ender,Terrence Hayes
Loretta Smith,Deian Salazar,,,,
Jamie Dunphy,Steph Routh,Candace Avalos,Terrence Hayes,David Linn,Timur Ender
Jamie Dunphy,Steph Routh,,,,
Jamie Dunphy,Candace Avalos,Steph Routh,Timur Ender,,
Loretta Smith,,,,,
Noah Ernst,Terrence Hayes,Loretta Smith,,,
Noah Ernst,Loretta Smith,Terrence Hayes,Deian Salazar,Steph Routh,Jamie Dunphy
Jamie Dunphy,Candace Avalos,Steph Routh,,,
Jamie Dunphy,Candace Avalos,Steph Routh,,,
Candace Avalos,Cayle Tern,Timur Ender,Jamie Dunphy,Steph Routh,Noah Ernst
Timur Ender,Candace Avalos,Steph Routh,,,
Michael (Mike) Sands,Jamie Dunphy,Timur Ender,Steph Routh,David Linn,Loretta Smith
,,,,,
Loretta Smith,Candace Avalos,Deian Salazar,,,
Steph Routh,Loretta Smith,Jamie Dunphy,Candace Avalos,Timur Ender,Terrence Hayes
Candace Avalos,Timur Ender,Loretta Smith,Terrence Hayes,David Linn,Cayle Tern
Joe Allen,,,,,
Steph Routh,Candace Avalos,Jamie Dunphy,Michael (Mike) Sands,,
Candace Avalos,Cayle Tern,,,,
David Linn,Noah Ernst,Deian Salazar,,,
Jamie Dunphy,Steph Routh,Michael (Mike) Sands,Doug Clove,,
Jamie Dunphy,Candace Avalos,Steph Routh,,,
Doug Clove,,,,,
Candace Avalos,Timur Ender,Steph Routh,Jamie Dunphy,Cayle Tern,David Linn
Loretta Smith,Candace Avalos,Doug Clove,Terrence Hayes,Deian Salazar,Joe Furi
Terrence Hayes,Noah Ernst,,,,
Loretta Smith,Terrence Hayes,Candace Avalos,Peggy Sue Owens,Jamie Dunphy,Timur Ender
Candace Avalos,,,,,
Jamie Dunphy,Candace Avalos,Steph Routh,Timur Ender,David Linn,Loretta Smith
Steph Routh,Jamie Dunphy,Candace Avalos,,,
Cayle Tern,Candace Avalos,David Linn,Loretta Smith,Terrence Hayes,Steph Routh
,,,,,
Timur Ender,Steph Routh,Terrence Hayes,David Linn,Joe Furi,Cayle Tern
Jamie Dunphy,Candace Avalos,Steph Routh,Noah Ernst,David Linn,Loretta Smith
Candace Avalos,Timur Ender,Jamie Dunphy,Steph Routh,Cayle Tern,David Linn
Jamie Dunphy,Cayle Tern,Steph Routh,David Linn,,
Terrence Hayes,Noah Ernst,Doug Clove,,,
Terrence Hayes,Candace Avalos,Jamie Dunphy,Loretta Smith,Michael (Mike) Sands,Cayle Tern
Jamie Dunphy,Candace Avalos,Steph Routh,Noah Ernst,David Linn,Loretta Smith
Timur Ender,Loretta Smith,Joe Furi,,,
Jamie Dunphy,Deian Salazar,Michael (Mike) Sands,,,
Loretta Smith,Terrence Hayes,Noah Ernst,Deian Salazar,,
Terrence Hayes,Michael (Mike) Sands,Doug Clove,,,
Terrence Hayes,Noah Ernst,Joe Furi,Loretta Smith,,
Terrence Hayes,Noah Ernst,Doug Clove,,,
Candace Avalos,Cayle Tern,Loretta Smith,Jamie Dunphy,,
Candace Avalos,Cayle Tern,Timur Ender,Steph Routh,Jamie Dunphy,David Linn
Noah Ernst,David Linn,Joe Furi,Deian Salazar,Joe Allen,Terrence Hayes
Steph Routh,,,,,
Jamie Dunphy,Candace Avalos,Steph Routh,,,
Loretta Smith,Terrence Hayes,Steph Routh,Jamie Dunphy,Timur Ender,
Candace Avalos,Loretta Smith,,,,
Candace Avalos,Jamie Dunphy,Steph Routh,,,
Joe Furi,Doug Clove,Candace Avalos,Loretta Smith,,
Joe Allen,Candace Avalos,Jamie Dunphy,Loretta Smith,,
Candace Avalos,Cayle Tern,Timur Ender,,,
Candace Avalos,Steph Routh,Timur Ender,Jamie Dunphy,,
Loretta Smith,,,,,
Candace Avalos,Terrence Hayes,Thomas Shervey,Steph Routh,Michael (Mike) Sands,Jamie Dunphy
Terrence Hayes,Loretta Smith,David Linn,Joe Furi,Doug Clove,Deian Salazar
Steph Routh,Candace Avalos,Jamie Dunphy,Noah Ernst,David Linn,
Joe Furi,Loretta Smith,Terrence Hayes,,,
Timur Ender,Steph Routh,Candace Avalos,,,
,,,,,
Noah Ernst,Terrence Hayes,Loretta Smith,Doug Clove,Jamie Dunphy,Deian Salazar
Cayle Tern,Timur Ender,Jamie Dunphy,Candace Avalos,,
Candace Avalos,Jamie Dunphy,Loretta Smith,Steph Routh,Cayle Tern,David Linn
Timur Ender,Terrence Hayes,Loretta Smith,,,
Loretta Smith,Candace Avalos,Peggy Sue Owens,,,
Jamie Dunphy,Thomas Shervey,Terrence Hayes,Doug Clove,Joe Allen,Loretta Smith
Terrence Hayes,Timur Ender,Steph Routh,Cayle Tern,Thomas Shervey,Noah Ernst
Terrence Hayes,Jamie Dunphy,Candace Avalos,Noah Ernst,David Linn,Loretta Smith
Terrence Hayes,Joe Furi,Michael (Mike) Sands,Jamie Dunphy,Thomas Shervey,Steph Routh
David Linn,Loretta Smith,Terrence Hayes,Timur Ender,Candace Avalos,Jamie Dunphy
Steph Routh,Candace Avalos,Jamie Dunphy,,,
Candace Avalos,Steph Routh,Timur Ender,,,
Joe Allen,Doug Clove,,,,
Jamie Dunphy,Terrence Hayes,,,,
Jamie Dunphy,Candace Avalos,Steph Routh,,,
Candace Avalos,Steph Routh,Timur Ender,Jamie Dunphy,,
Doug Clove,Joe Furi,Loretta Smith,,,
Jamie Dunphy,Steph Routh,Candace Avalos,,,
Timur Ender,Noah Ernst,Candace Avalos,Jamie Dunphy,,
Candace Avalos,Jamie Dunphy,Steph Routh,Timur Ender,Cayle Tern,
Steph Routh,,,,,
Doug Clove,Cayle Tern,David Linn,Deian Salazar,,
Noah Ernst,,,,,
Cayle Tern,Peggy Sue Owens,David Linn,Joe Furi,Thomas Shervey,Steph Routh
David Linn,,,,,
Candace Avalos,Cayle Tern,Timur Ender,Steph Routh,,
Peggy Sue Owens,Noah Ernst,Thomas Shervey,Jamie Dunphy,,
Jamie Dunphy,Steph Routh,Candace Avalos,Noah Ernst,,
Terrence Hayes,Noah Ernst,Candace Avalos,,,
Candace Avalos,Steph Routh,Terrence Hayes,Noah Ernst,,
Terrence Hayes,,,,,
Candace Avalos,Steph Routh,Jamie Dunphy,Timur Ender,Cayle Tern,
Jamie Dunphy,Candace Avalos,Steph Routh,,,
Candace Avalos,Timur Ender,Michael (Mike) Sands,,,
Jamie Dunphy,Steph Routh,Candace Avalos,Terrence Hayes,Peggy Sue Owens,
Peggy Sue Owens,,,,,
Candace Avalos,Steph Routh,David Linn,Jamie Dunphy,Timur Ender,Cayle Tern
Candace Avalos,,,,,
Candace Avalos,Steph Routh,Timur Ender,Jamie Dunphy,,
Loretta Smith,Deian Salazar,Terrence Hayes,Thomas Shervey,Candace Avalos,Cayle Tern
Loretta Smith,Timur Ender,Doug Clove,Michael (Mike) Sands,,
Doug Clove,Jamie Dunphy,Timur Ender,,,
Terrence Hayes,,,,,
Candace Avalos,,,,,
Joe Allen,Jamie Dunphy,Michael (Mike) Sands,David Linn,Doug Clove,Joe Furi
Peggy Sue Owens,Candace Avalos,Loretta Smith,David Linn,Joe Allen,Jamie Dunphy
Loretta Smith,Michael (Mike) Sands,Doug Clove,,,
Candace Avalos,Timur Ender,David Linn,Jamie Dunphy,Steph Routh,Cayle Tern
Candace Avalos,,,,,
Noah Ernst,Joe Allen,Doug Clove,Michael (Mike) Sands,Thomas Shervey,
Candace Avalos,Timur Ender,Steph Routh,,,
Timur Ender,Candace Avalos,Steph Routh,Jamie Dunphy,,
Jamie Dunphy,Steph Routh,Candace Avalos,Noah Ernst,Timur Ender,
Steph Routh,Candace Avalos,Timur Ender,,,
Jamie Dunphy,Noah Ernst,Terrence Hayes,Candace Avalos,,
Timur Ender,Candace Avalos,Jamie Dunphy,Steph Routh,,
Michael (Mike) Sands,Timur Ender,Joe Allen,,,
Steph Routh,Terrence Hayes,Michael (Mike) Sands,,,
Terrence Hayes,Loretta Smith,Steph Routh,Candace Avalos,Doug Clove,Peggy Sue Owens
Michael (Mike) Sands,David Linn,Joe Furi,Steph Routh,Jamie Dunphy,Loretta Smith
Joe Allen,Joe Furi,Steph Routh,Jamie Dunphy,Michael (Mike) Sands,David Linn
Steph Routh,,,,,
Jamie Dunphy,Candace Avalos,Timur Ender,Steph Routh,,
Candace Avalos,Steph Routh,Timur Ender,Jamie Dunphy,,
Loretta Smith,Terrence Hayes,Steph Routh,Jamie Dunphy,Candace Avalos,Timur Ender
Candace Avalos,Timur Ender,Steph Routh,Jamie Dunphy,Cayle Tern,David Linn
Michael (Mike) Sands,Noah Ernst,Joe Allen,Doug Clove,Thomas Shervey,David Linn
Terrence Hayes,Candace Avalos,Loretta Smith,Jamie Dunphy,Cayle Tern,Timur Ender
Candace Avalos,,,,,
Candace Avalos,Doug Clove,Deian Salazar,Thomas Shervey,Terrence Hayes,Timur Ender
Candace Avalos,Steph Routh,Cayle Tern,Timur Ender,Jamie Dunphy,Michael (Mike) Sands
David Linn,Terrence Hayes,Steph Routh,Timur Ender,,
Cayle Tern,Candace Avalos,Timur Ender,Terrence Hayes,Steph Routh,Loretta Smith
Michael (Mike) Sands,Timur Ender,Loretta Smith,,,
David Linn,Timur Ender,,,,
Candace Avalos,Terrence Hayes,Steph Routh,Timur Ender,Loretta Smith,Jamie Dunphy
Jamie Dunphy,,,,,
Noah Ernst,Michael (Mike) Sands,Terrence Hayes,Doug Clove,Thomas Shervey,Joe Allen
Candace Avalos,Steph Routh,Timur Ender,Cayle Tern,Jamie Dunphy,Loretta Smith
Steph Routh,Terrence Hayes,Cayle Tern,Michael (Mike) Sands,Candace Avalos,Jamie Dunphy
Jamie Dunphy,,,,,
Jamie Dunphy,Loretta Smith,Terrence Hayes,Steph Routh,Timur Ender,Candace Avalos
Steph Routh,Jamie Dunphy,Loretta Smith,Terrence Hayes,,
Timur Ender,,,,,
Candace Avalos,Timur Ender,Jamie Dunphy,Loretta Smith,Joe Allen,Steph Routh
Candace Avalos,Jamie Dunphy,Steph Routh,Terrence Hayes,Timur Ender,Loretta Smith
Jamie Dunphy,Candace Avalos,Steph Routh,,,
Michael (Mike) Sands,Loretta Smith,Joe Allen,Noah Ernst,David Linn,Joe Furi
Noah Ernst,Loretta Smith,Terrence Hayes,Steph Routh,Joe Allen,David Linn
Candace Avalos,Cayle Tern,Steph Routh,Timur Ender,Jamie Dunphy,Loretta Smith
Loretta Smith,,,,,
David Linn,,,,,
Candace Avalos,Steph Routh,Jamie Dunphy,Doug Clove,Deian Salazar,Loretta Smith
Joe Allen,Terrence Hayes,Noah Ernst,Steph Routh,Timur Ender,Candace Avalos
Steph Routh,Timur Ender,Candace Avalos,Doug Clove,,
Noah Ernst,Deian Salazar,Terrence Hayes,Jamie Dunphy,Thomas Shervey,Joe Furi
Jamie Dunphy,Candace Avalos,Terrence Hayes,Timur Ender,,
Cayle Tern,,,,,
Michael (Mike) Sands,Loretta Smith,Terrence Hayes,,,
Thomas Shervey,Joe Allen,Steph Routh,,,
Candace Avalos,Loretta Smith,Terrence Hayes,,,
Terrence Hayes,Candace Avalos,Deian Salazar,Jamie Dunphy,Loretta Smith,Noah Ernst
Loretta Smith,Cayle Tern,Joe Allen,Candace Avalos,Deian Salazar,Jamie Dunphy
Terrence Hayes,,,,,
Timur Ender,,,,,
Terrence Hayes,Steph Routh,Doug Clove,David Linn,Timur Ender,Noah Ernst
Terrence Hayes,Doug Clove,Loretta Smith,Steph Routh,Candace Avalos,Deian Salazar
Candace Avalos,Steph Routh,Jamie Dunphy,Cayle Tern,,
,,,,,
Timur Ender,Steph Routh,Candace Avalos,Loretta Smith,Write-in-120,
Steph Routh,Jamie Dunphy,Loretta Smith,Timur Ender,,
Candace Avalos,Timur Ender,David Linn,Deian Salazar,Loretta Smith,Cayle Tern
Jamie Dunphy,,,,,
Peggy Sue Owens,Candace Avalos,Cayle Tern,Deian Salazar,Loretta Smith,Jamie Dunphy
Terrence Hayes,Noah Ernst,Timur Ender,Joe Furi,David Linn,Loretta Smith
Candace Avalos,Timur Ender,Steph Routh,Jamie Dunphy,Cayle Tern,David Linn
Candace Avalos,Cayle Tern,Timur Ender,,,
Steph Routh,Jamie Dunphy,Candace Avalos,Joe Allen,,
Loretta Smith,,,,,
Noah Ernst,,,,,
Candace Avalos,Michael (Mike) Sands,David Linn,Write-in-122,,
Terrence Hayes,Steph Routh,Jamie Dunphy,Loretta Smith,Joe Furi,David Linn
Loretta Smith,Candace Avalos,Peggy Sue Owens,Joe Allen,Doug Clove,Jamie Dunphy
,,,,,
Candace Avalos,Michael (Mike) Sands,Jamie Dunphy,Peggy Sue Owens,Thomas Shervey,
Steph Routh,Timur Ender,Cayle Tern,Terrence Hayes,Candace Avalos,David Linn
Jamie Dunphy,Loretta Smith,,,,
Jamie Dunphy,Timur Ender,David Linn,,,
Candace Avalos,Cayle Tern,Timur Ender,,,
Terrence Hayes,Michael (Mike) Sands,Joe Furi,Thomas Shervey,Joe Allen,David Linn
Jamie Dunphy,Steph Routh,Timur Ender,Candace Avalos,Terrence Hayes,Loretta Smith
Doug Clove,Joe Furi,Joe Allen,Thomas Shervey,Noah Ernst,Timur Ender
Loretta Smith,Terrence Hayes,Candace Avalos,,,
Michael (Mike) Sands,Candace Avalos,Joe Allen,Loretta Smith,Jamie Dunphy,
Terrence Hayes,Noah Ernst,Loretta Smith,Timur Ender,Steph Routh,Michael (Mike) Sands
Candace Avalos,Timur Ender,Loretta Smith,,,
Jamie Dunphy,Steph Routh,Cayle Tern,,,
Doug Clove,,,,,
Timur Ender,Jamie Dunphy,Michael (Mike) Sands,David Linn,Candace Avalos,Joe Allen
Loretta Smith,Candace Avalos,Steph Routh,Terrence Hayes,David Linn,
Cayle Tern,Candace Avalos,Loretta Smith,David Linn,Timur Ender,Terrence Hayes
David Linn,,,,,
Jamie Dunphy,Steph Routh,Candace Avalos,David Linn,Noah Ernst,
Joe Furi,Deian Salazar,David Linn,,,
Steph Routh,Loretta Smith,David Linn,Candace Avalos,Cayle Tern,Timur Ender
Candace Avalos,Cayle Tern,Timur Ender,David Linn,Terrence Hayes,Steph Routh
,,,,,
Jamie Dunphy,Candace Avalos,Steph Routh,Timur Ender,,
Loretta Smith,Terrence Hayes,Candace Avalos,Cayle Tern,Steph Routh,Deian Salazar
Noah Ernst,Peggy Sue Owens,Thomas Shervey,,,
Candace Avalos,Steph Routh,Jamie Dunphy,David Linn,Cayle Tern,Timur Ender
Michael (Mike) Sands,David Linn,Peggy Sue Owens,Candace Avalos,Joe Allen,Terrence Hayes
Jamie Dunphy,Candace Avalos,Steph Routh,,,
Steph Routh,Timur Ender,,,,
Candace Avalos,Timur Ender,Steph Routh,Jamie Dunphy,Thomas Shervey,David Linn
Steph Routh,Terrence Hayes,Loretta Smith,Jamie Dunphy,Deian Salazar,Timur Ender
Loretta Smith,Jamie Dunphy,Terrence Hayes,Michael (Mike) Sands,Candace Avalos,Timur Ender
Jamie Dunphy,Steph Routh,Candace Avalos,Timur Ender,,
Doug Clove,,,,,
Terrence Hayes,,,,,
Terrence Hayes,Steph Routh,,,,
Candace Avalos,Cayle Tern,Loretta Smith,Peggy Sue Owens,Deian Salazar,Jamie Dunphy
Jamie Dunphy,Candace Avalos,Steph Routh,David Linn,Loretta Smith,
Candace Avalos,Cayle Tern,Jamie Dunphy,Timur Ender,Steph Routh,
Candace Avalos,Steph Routh,Jamie Dunphy,Timur Ender,Loretta Smith,Michael (Mike) Sands
Candace Avalos,Steph Routh,Timur Ender,Jamie Dunphy,,
Michael (Mike) Sands,Jamie Dunphy,Steph Routh,Deian Salazar,Joe Allen,Timur Ender
Candace Avalos,Steph Routh,Timur Ender,,,
Jamie Dunphy,Candace Avalos,Steph Routh,Noah Ernst,Joe Allen,Loretta Smith
Timur Ender,Noah Ernst,Candace Avalos,Terrence Hayes,Deian Salazar,Loretta Smith
Candace Avalos,Steph Routh,Jamie Dunphy,Timur Ender,Cayle Tern,David Linn
Jamie Dunphy,Steph Routh,Candace Avalos,,,
Noah Ernst,Doug Clove,Candace Avalos,Cayle Tern,Deian Salazar,Loretta Smith
Candace Avalos,Timur Ender,Cayle Tern,Steph Routh,,
Noah Ernst,,,,,
Joe Allen,,,,,
Noah Ernst,Terrence Hayes,,,,
Candace Avalos,Jamie Dunphy,Timur Ender,,,
Terrence Hayes,,,,,
Steph Routh,Jamie Dunphy,Terrence Hayes,Timur Ender,,
Timur Ender,Loretta Smith,,,,
Loretta Smith,,,,,
Candace Avalos,Deian Salazar,Thomas Shervey,Terrence Hayes,Steph Routh,
Terrence Hayes,Loretta Smith,Candace Avalos,Timur Ender,Noah Ernst,Steph Routh
Joe Allen,Deian Salazar,Steph Routh,Jamie Dunphy,,
Michael (Mike) Sands,David Linn,Cayle Tern,Timur Ender,Jamie Dunphy,Noah Ernst
Noah Ernst,Terrence Hayes,Joe Furi,Loretta Smith,Doug Clove,
Loretta Smith,Jamie Dunphy,,,,
Steph Routh,Timur Ender,Candace Avalos,David Linn,Michael (Mike) Sands,Loretta Smith
Terrence Hayes,Timur Ender,Cayle Tern,Steph Routh,Thomas Shervey,Candace Avalos
Candace Avalos,Terrence Hayes,,,,
Steph Routh,Timur Ender,Candace Avalos,Jamie Dunphy,,
Candace Avalos,Jamie Dunphy,Steph Routh,Timur Ender,,
Candace Avalos,Steph Routh,Jamie Dunphy,Loretta Smith,Timur Ender,
Steph Routh,Loretta Smith,,,,
Candace Avalos,Timur Ender,Cayle Tern,Steph Routh,David Linn,Deian Salazar
Jamie Dunphy,Candace Avalos,Steph Routh,,,
Timur Ender,Steph Routh,,,,
Candace Avalos,Timur Ender,Loretta Smith,Terrence Hayes,Steph Routh,Jamie Dunphy
Loretta Smith,Jamie Dunphy,Steph Routh,,,
Noah Ernst,Cayle Tern,Jamie Dunphy,,,
Candace Avalos,Noah Ernst,Terrence Hayes,,,
Noah Ernst,Jamie Dunphy,Candace Avalos,Steph Routh,,
Loretta Smith,Candace Avalos,Jamie Dunphy,Steph Routh,Terrence Hayes,Peggy Sue Owens
Noah Ernst,,,,,
Michael (Mike) Sands,,,,,
Michael (Mike) Sands,Candace Avalos,Steph Routh,Timur Ender,Cayle Tern,Thomas Shervey
Candace Avalos,Timur Ender,Cayle Tern,David Linn,,
Cayle Tern,Timur Ender,Doug Clove,Deian Salazar,Jamie Dunphy,David Linn
Loretta Smith,Noah Ernst,Terrence Hayes,Doug Clove,Timur Ender,Peggy Sue Owens
Jamie Dunphy,Candace Avalos,Steph Routh,David Linn,,
Jamie Dunphy,Thomas Shervey,Joe Furi,,,
Terrence Hayes,Noah Ernst,Joe Furi,Loretta Smith,Doug Clove,Write-in-120
Terrence Hayes,Noah Ernst,Doug Clove,,,
Loretta Smith,Timur Ender,Candace Avalos,Terrence Hayes,David Linn,Cayle Tern
Steph Routh,Terrence Hayes,Jamie Dunphy,,,
Candace Avalos,Timur Ender,Deian Salazar,Loretta Smith,Steph Routh,
Loretta Smith,Jamie Dunphy,Candace Avalos,Steph Routh,Timur Ender,Deian Salazar
Jamie Dunphy,Terrence Hayes,,,,
Candace Avalos,Cayle Tern,Deian Salazar,Loretta Smith,Jamie Dunphy,Peggy Sue Owens
Loretta Smith,Terrence Hayes,,,,
Thomas Shervey,Terrence Hayes,Loretta Smith,,,
Steph Routh,Terrence Hayes,Jamie Dunphy,,,
Doug Clove,Noah Ernst,Thomas Shervey,Joe Allen,Terrence Hayes,Steph Routh
Terrence Hayes,Noah Ernst,Loretta Smith,,,
Terrence Hayes,Noah Ernst,Deian Salazar,Loretta Smith,Doug Clove,Joe Furi
Terrence Hayes,Timur Ender,Candace Avalos,,,
Loretta Smith,David Linn,Terrence Hayes,Michael (Mike) Sands,Doug Clove,Peggy Sue Owens
Peggy Sue Owens,,,,,
Timur Ender,David Linn,Noah Ernst,Terrence Hayes,Jamie Dunphy,
Steph Routh,,,,,
Cayle Tern,Terrence Hayes,,,,
Jamie Dunphy,Steph Routh,Timur Ender,,,
David Linn,Michael (Mike) Sands,Thomas Shervey,Noah Ernst,Jamie Dunphy,Doug Clove
Timur Ender,Terrence Hayes,Candace Avalos,Steph Routh,Jamie Dunphy,
Loretta Smith,Candace Avalos,Joe Furi,Jamie Dunphy,Michael (Mike) Sands,Timur Ender
Timur Ender,Terrence Hayes,Jamie Dunphy,,,
Terrence Hayes,Loretta Smith,Jamie Dunphy,,,
Steph Routh,Jamie Dunphy,Timur Ender,Candace Avalos,,
Michael (Mike) Sands,Noah Ernst,Cayle Tern,,,
Terrence Hayes,Doug Clove,Noah Ernst,,,
Timur Ender,Terrence Hayes,Candace Avalos,Thomas Shervey,Noah Ernst,Cayle Tern
Terrence Hayes,Noah Ernst,Doug Clove,Jamie Dunphy,Joe Furi,Cayle Tern
Candace Avalos,Jamie Dunphy,Steph Routh,,,
Steph Routh,Candace Avalos,Jamie Dunphy,,,
Loretta Smith,Candace Avalos,Doug Clove,Peggy Sue Owens,Cayle Tern,Terrence Hayes
Jamie Dunphy,Candace Avalos,Steph Routh,Noah Ernst,David Linn,Loretta Smith
Timur Ender,Terrence Hayes,Candace Avalos,Steph Routh,Deian Salazar,Loretta Smith
Noah Ernst,Timur Ender,Candace Avalos,Cayle Tern,Loretta Smith,Deian Salazar
Timur Ender,Candace Avalos,Loretta Smith,Steph Routh,Cayle Tern,David Linn
Steph Routh,Timur Ender,Candace Avalos,Loretta Smith,Noah Ernst,David Linn
Candace Avalos,Loretta Smith,Jamie Dunphy,Timur Ender,Steph Routh,Joe Furi
Doug Clove,Thomas Shervey,Timur Ender,,,
Candace Avalos,Cayle Tern,Timur Ender,,,
Michael (Mike) Sands,Loretta Smith,Peggy Sue Owens,Doug Clove,Jamie Dunphy,Noah Ernst
Steph Routh,,,,,
Michael (Mike) Sands,David Linn,Deian Salazar,Joe Allen,,
Noah Ernst,Doug Clove,Terrence Hayes,David Linn,Candace Avalos,Timur Ender
Noah Ernst,Candace Avalos,Joe Furi,Peggy Sue Owens,David Linn,Loretta Smith
Terrence Hayes,Candace Avalos,Loretta Smith,Timur Ender,Steph Routh,
Terrence Hayes,Noah Ernst,Joe Furi,Loretta Smith,Doug Clove,Write-in-120
Joe Furi,Joe Allen,Jamie Dunphy,David Linn,Noah Ernst,Peggy Sue Owens
Steph Routh,Jamie Dunphy,Loretta Smith,Candace Avalos,Timur Ender,Cayle Tern
Terrence Hayes,Thomas Shervey,Jamie Dunphy,Joe Furi,Joe Allen,Peggy Sue Owens
Candace Avalos,Terrence Hayes,Noah Ernst,,,
Noah Ernst,Terrence Hayes,Loretta Smith,Jamie Dunphy,Steph Routh,
Steph Routh,Noah Ernst,Loretta Smith,Timur Ender,,
Noah Ernst,Steph Routh,Doug Clove,Thomas Shervey,Michael (Mike) Sands,Joe Allen
Joe Allen,,,,,
Jamie Dunphy,Noah Ernst,Joe Allen,Thomas Shervey,Terrence Hayes,Timur Ender
Candace Avalos,,,,,
Jamie Dunphy,Candace Avalos,Steph Routh,,,
Noah Ernst,Terrence Hayes,,,,
Timur Ender,Candace Avalos,Cayle Tern,,,
Noah Ernst,Terrence Hayes,Joe Furi,Loretta Smith,Doug Clove,
Jamie Dunphy,Candace Avalos,Steph Routh,Noah Ernst,David Linn,Loretta Smith
Loretta Smith,Terrence Hayes,Jamie Dunphy,Candace Avalos,Cayle Tern,Deian Salazar
Terrence Hayes,Loretta Smith,Doug Clove,Thomas Shervey,,
Candace Avalos,,,,,
Deian Salazar,Noah Ernst,Terrence Hayes,Peggy Sue Owens,Joe Allen,David Linn
Candace Avalos,Timur Ender,Steph Routh,Jamie Dunphy,Cayle Tern,David Linn
Timur Ender,Candace Avalos,Peggy Sue Owens,Joe Furi,Loretta Smith,Jamie Dunphy
Joe Allen,Candace Avalos,Terrence Hayes,Jamie Dunphy,Loretta Smith,
Loretta Smith,Candace Avalos,David Linn,Deian Salazar,Peggy Sue Owens,Steph Routh
Candace Avalos,Doug Clove,Thomas Shervey,Loretta Smith,Steph Routh,Terrence Hayes
Jamie Dunphy,Timur Ender,Write-in-120,,,
Noah Ernst,Thomas Shervey,Jamie Dunphy,Deian Salazar,Doug Clove,Cayle Tern
Timur Ender,Loretta Smith,Deian Salazar,Terrence Hayes,David Linn,Candace Avalos
Michael (Mike) Sands,Deian Salazar,Timur Ender,Candace Avalos,Cayle Tern,Joe Allen
Loretta Smith,Terrence Hayes,,,,
Candace Avalos,Cayle Tern,Timur Ender,,,
Steph Routh,Candace Avalos,Jamie Dunphy,,,
Loretta Smith,Candace Avalos,Steph Routh,Terrence Hayes,,
Loretta Smith,Terrence Hayes,Doug Clove,Timur Ender,Candace Avalos,
Noah Ernst,Doug Clove,Loretta Smith,Joe Allen,Joe Furi,Deian Salazar
Jamie Dunphy,Steph Routh,,,,
Loretta Smith,Terrence Hayes,Steph Routh,Candace Avalos,Peggy Sue Owens,
Terrence Hayes,,,,,
Loretta Smith,Candace Avalos,,,,
Steph Routh,Candace Avalos,Loretta Smith,,,
Thomas Shervey,Jamie Dunphy,Doug Clove,Joe Furi,Joe Allen,Noah Ernst
Steph Routh,Candace Avalos,Timur Ender,,,
Terrence Hayes,Loretta Smith,,,,
Loretta Smith,Terrence Hayes,Steph Routh,,,
Steph Routh,Noah Ernst,Loretta Smith,Doug Clove,Jamie Dunphy,Timur Ender
,,,,,
Jamie Dunphy,Candace Avalos,Steph Routh,,,
Steph Routh,Candace Avalos,Jamie Dunphy,David Linn,Timur Ender,Cayle Tern
Loretta Smith,Steph Routh,Jamie Dunphy,Terrence Hayes,Doug Clove,Deian Salazar
Steph Routh,Candace Avalos,Timur Ender,Jamie Dunphy,Cayle Tern,
Steph Routh,Terrence Hayes,Candace Avalos,Loretta Smith,Noah Ernst,Jamie Dunphy
Loretta Smith,,,,,
Steph Routh,Jamie Dunphy,Candace Avalos,,,
Steph Routh,Jamie Dunphy,Timur Ender,Noah Ernst,Candace Avalos,Terrence Hayes
Jamie Dunphy,Steph Routh,Candace Avalos,Timur Ender,Terrence Hayes,Doug Clove
Steph Routh,Jamie Dunphy,Terrence Hayes,,,
Doug Clove,Joe Furi,Joe Allen,,,
David Linn,Candace Avalos,Cayle Tern,Timur Ender,Loretta Smith,Steph Routh
,,,,,
Jamie Dunphy,Terrence Hayes,,,,
Candace Avalos,Joe Allen,Loretta Smith,Jamie Dunphy,Michael (Mike) Sands,Cayle Tern
Cayle Tern,,,,,
Candace Avalos,Steph Routh,Jamie Dunphy,Timur Ender,,
Steph Routh,Terrence Hayes,Jamie Dunphy,Thomas Shervey,Deian Salazar,Candace Avalos
Candace Avalos,Loretta Smith,Peggy Sue Owens,,,
Terrence Hayes,Jamie Dunphy,Steph Routh,Loretta Smith,,
Loretta Smith,Candace Avalos,Steph Routh,Jamie Dunphy,Terrence Hayes,Timur Ender
Noah Ernst,Joe Furi,Loretta Smith,Terrence Hayes,Jamie Dunphy,Candace Avalos
Loretta Smith,Timur Ender,,,,
Candace Avalos,Steph Routh,Timur Ender,Jamie Dunphy,,
Noah Ernst,David Linn,Loretta Smith,,,
Candace Avalos,Steph Routh,Noah Ernst,Jamie Dunphy,Michael (Mike) Sands,Peggy Sue Owens
Jamie Dunphy,Steph Routh,Timur Ender,Candace Avalos,Loretta Smith,David Linn
Candace Avalos,Cayle Tern,,,,
Steph Routh,Timur Ender,Candace Avalos,Jamie Dunphy,Terrence Hayes,Deian Salazar
Loretta Smith,Candace Avalos,Joe Furi,Michael (Mike) Sands,Steph Routh,Terrence Hayes
Terrence Hayes,Jamie Dunphy,Doug Clove,,,
Terrence Hayes,,,,,
Michael (Mike) Sands,Steph Routh,Joe Allen,David Linn,Joe Furi,Thomas Shervey
Cayle Tern,,,,,
Loretta Smith,Terrence Hayes,Candace Avalos,Timur Ender,Steph Routh,Michael (Mike) Sands
Candace Avalos,Steph Routh,Timur Ender,Jamie Dunphy,,
Loretta Smith,Timur Ender,Terrence Hayes,Candace Avalos,,
Jamie Dunphy,Steph Routh,Doug Clove,,,
Terrence Hayes,,,,,
Michael (Mike) Sands,,,,,
Jamie Dunphy,Timur Ender,Candace Avalos,Steph Routh,David Linn,
Loretta Smith,Noah Ernst,Joe Furi,Jamie Dunphy,,
Candace Avalos,Timur Ender,Michael (Mike) Sands,Cayle Tern,David Linn,Terrence Hayes
Jamie Dunphy,Candace Avalos,Steph Routh,Noah Ernst,David Linn,Loretta Smith
Deian Salazar,Loretta Smith,Terrence Hayes,Steph Routh,Timur Ender,David Linn
Candace Avalos,Thomas Shervey,Loretta Smith,Cayle Tern,Timur Ender,Noah Ernst
Loretta Smith,Terrence Hayes,Noah Ernst,,,
Loretta Smith,Michael (Mike) Sands,Terrence Hayes,Jamie Dunphy,Peggy Sue Owens,Candace Avalos
Candace Avalos,Noah Ernst,Doug Clove,,,
Jamie Dunphy,Steph Routh,Candace Avalos,,,
Noah Ernst,Doug Clove,Terrence Hayes,Steph Routh,Joe Furi,Cayle Tern
Doug Clove,David Linn,,,,
Loretta Smith,,,,,
Michael (Mike) Sands,Loretta Smith,Jamie Dunphy,Steph Routh,Terrence Hayes,Thomas Shervey
Peggy Sue Owens,Candace Avalos,Noah Ernst,Cayle Tern,Jamie Dunphy,Michael (Mike) Sands
Loretta Smith,Terrence Hayes,Steph Routh,Jamie Dunphy,,
Terrence Hayes,Timur Ender,Michael (Mike) Sands,,,
Noah Ernst,Terrence Hayes,Steph Routh,Jamie Dunphy,Doug Clove,David Linn
Candace Avalos,Timur Ender,Cayle Tern,Terrence Hayes,,
Doug Clove,Joe Furi,,,,
Jamie Dunphy,Steph Routh,David Linn,Timur Ender,,
Doug Clove,Terrence Hayes,Cayle Tern,Joe Furi,Timur Ender,Noah Ernst
Candace Avalos,Jamie Dunphy,Loretta Smith,Steph Routh,Timur Ender,Doug Clove
Loretta Smith,Timur Ender,Terrence Hayes,Candace Avalos,David Linn,Joe Furi
Jamie Dunphy,Loretta Smith,Steph Routh,Doug Clove,Candace Avalos,Michael (Mike) Sands
Timur Ender,Candace Avalos,,,,
Steph Routh,Timur Ender,Candace Avalos,David Linn,Cayle Tern,Jamie Dunphy
Terrence Hayes,Steph Routh,Loretta Smith,Candace Avalos,Jamie Dunphy,Joe Allen
Michael (Mike) Sands,Cayle Tern,Timur Ender,,,
Jamie Dunphy,,,,,
Candace Avalos,Steph Routh,Timur Ender,Cayle Tern,David Linn,Jamie Dunphy
Deian Salazar,Terrence Hayes,Loretta Smith,,,
Steph Routh,Candace Avalos,Jamie Dunphy,Loretta Smith,Deian Salazar,Terrence Hayes
Steph Routh,Timur Ender,Loretta Smith,Terrence Hayes,,
Doug Clove,,,,,
Noah Ernst,Deian Salazar,Michael (Mike) Sands,Loretta Smith,,
Jamie Dunphy,Candace Avalos,Timur Ender,Thomas Shervey,Loretta Smith,Terrence Hayes
Candace Avalos,Cayle Tern,David Linn,Michael (Mike) Sands,Timur Ender,Steph Routh
Candace Avalos,Noah Ernst,Joe Furi,Steph Routh,Jamie Dunphy,
Candace Avalos,Jamie Dunphy,Steph Routh,Terrence Hayes,Joe Allen,Noah Ernst
Terrence Hayes,Candace Avalos,Cayle Tern,Timur Ender,,
Jamie Dunphy,Steph Routh,Loretta Smith,Noah Ernst,Timur Ender,Peggy Sue Owens
Deian Salazar,David Linn,Noah Ernst,Loretta Smith,Steph Routh,
Loretta Smith,Doug Clove,Timur Ender,Candace Avalos,Terrence Hayes,
,,,,,
Steph Routh,Loretta Smith,Terrence Hayes,,,
Noah Ernst,Peggy Sue Owens,Candace Avalos,David Linn,,
Noah Ernst,Timur Ender,Loretta Smith,,,
Doug Clove,Terrence Hayes,Thomas Shervey,Jamie Dunphy,Michael (Mike) Sands,Joe Furi
Noah Ernst,Timur Ender,Candace Avalos,Loretta Smith,Jamie Dunphy,Terrence Hayes
Peggy Sue Owens,Michael (Mike) Sands,Cayle Tern,,,
Loretta Smith,Thomas Shervey,Noah Ernst,Joe Allen,David Linn,Doug Clove
Noah Ernst,Deian Salazar,,,,
Doug Clove,David Linn,Joe Allen,,,
Jamie Dunphy,,,,,
Doug Clove,Steph Routh,Joe Allen,Timur Ender,Loretta Smith,Jamie Dunphy
Terrence Hayes,,,,,
Loretta Smith,Candace Avalos,Timur Ender,Noah Ernst,Cayle Tern,Doug Clove
,,,,,
Timur Ender,Joe Furi,Candace Avalos,Cayle Tern,David Linn,Thomas Shervey
Loretta Smith,Jamie Dunphy,Noah Ernst,Terrence Hayes,Candace Avalos,Steph Routh
Timur Ender,Candace Avalos,Steph Routh,,,
Loretta Smith,Deian Salazar,Noah Ernst,Terrence Hayes,Jamie Dunphy,Cayle Tern
Peggy Sue Owens,Deian Salazar,Candace Avalos,,,
Loretta Smith,Terrence Hayes,,,,
Noah Ernst,Timur Ender,Loretta Smith,Terrence Hayes,Steph Routh,Jamie Dunphy
Candace Avalos,Steph Routh,Timur Ender,Jamie Dunphy,Noah Ernst,Cayle Tern
Candace Avalos,Jamie Dunphy,Steph Routh,,,
Terrence Hayes,Loretta Smith,Jamie Dunphy,,,
Joe Allen,Doug Clove,Loretta Smith,Terrence Hayes,Cayle Tern,Noah Ernst
Terrence Hayes,Deian Salazar,Steph Routh,Noah Ernst,Jamie Dunphy,Doug Clove
Cayle Tern,,,,,
Timur Ender,Doug Clove,Joe Furi,Jamie Dunphy,Loretta Smith,Candace Avalos
Candace Avalos,Steph Routh,Timur Ender,Jamie Dunphy,Loretta Smith,Cayle Tern
David Linn,Joe Furi,,,,
Thomas Shervey,Steph Routh,Jamie Dunphy,,,
Candace Avalos,Joe Allen,David Linn,Steph Routh,Jamie Dunphy,
Candace Avalos,Jamie Dunphy,Steph Routh,,,
Steph Routh,David Linn,Terrence Hayes,,,
Deian Salazar,Terrence Hayes,Steph Routh,Joe Allen,Noah Ernst,Timur Ender
Timur Ender,Candace Avalos,Cayle Tern,Michael (Mike) Sands,Thomas Shervey,Write-in-120
Doug Clove,Joe Allen,Thomas Shervey,Terrence Hayes,Joe Furi,Deian Salazar
Thomas Shervey,Cayle Tern,,,,
Terrence Hayes,Steph Routh,Loretta Smith,Cayle Tern,,
Loretta Smith,Candace Avalos,Peggy Sue Owens,David Linn,Doug Clove,Deian Salazar
Loretta Smith,,,,,
Noah Ernst,Candace Avalos,Cayle Tern,Terrence Hayes,Thomas Shervey,Steph Routh
Write-in-120,,,,,
Loretta Smith,Noah Ernst,Terrence Hayes,Steph Routh,Jamie Dunphy,Timur Ender
Noah Ernst,Doug Clove,Michael (Mike) Sands,Terrence Hayes,,
Steph Routh,Timur Ender,Loretta Smith,Terrence Hayes,Candace Avalos,Cayle Tern
Noah Ernst,Doug Clove,Terrence Hayes,David Linn,Steph Routh,Deian Salazar
Candace Avalos,Jamie Dunphy,Loretta Smith,,,
Timur Ender,Deian Salazar,Doug Clove,Steph Routh,Loretta Smith,
Candace Avalos,Steph Routh,,,,
Peggy Sue Owens,Candace Avalos,Jamie Dunphy,,,
David Linn,Candace Avalos,Cayle Tern,Timur Ender,Jamie Dunphy,Steph Routh
Candace Avalos,Timur Ender,Terrence Hayes,,,
Steph Routh,Loretta Smith,Jamie Dunphy,Candace Avalos,,
Jamie Dunphy,Candace Avalos,Noah Ernst,Steph Routh,,
Loretta Smith,Timur Ender,Candace Avalos,Terrence Hayes,Doug Clove,Jamie Dunphy
Timur Ender,Noah Ernst,Candace Avalos,Doug Clove,Loretta Smith,
Thomas Shervey,Noah Ernst,Joe Furi,Write-in-120,,
Candace Avalos,Jamie Dunphy,Steph Routh,Thomas Shervey,Loretta Smith,David Linn
Candace Avalos,Loretta Smith,Steph Routh,Jamie Dunphy,Joe Furi,Timur Ender
Jamie Dunphy,Candace Avalos,Steph Routh,David Linn,Noah Ernst,Loretta Smith
Loretta Smith,Candace Avalos,Cayle Tern,Michael (Mike) Sands,Deian Salazar,Terrence Hayes
Steph Routh,Loretta Smith,Noah Ernst,Timur Ender,Jamie Dunphy,Candace Avalos
Loretta Smith,Steph Routh,Jamie Dunphy,Terrence Hayes,David Linn,Timur Ender
Peggy Sue Owens,Joe Allen,Doug Clove,Jamie Dunphy,Thomas Shervey,Timur Ender
Candace Avalos,Steph Routh,Timur Ender,Jamie Dunphy,Cayle Tern,
Timur Ender,Candace Avalos,,,,
David Linn,Steph Routh,Jamie Dunphy,Candace Avalos,,
Steph Routh,,,,,
Terrence Hayes,Noah Ernst,Loretta Smith,,,
Candace Avalos,Timur Ender,Jamie Dunphy,David Linn,,
Loretta Smith,Terrence Hayes,Candace Avalos,Timur Ender,Steph Routh,Cayle Tern
Candace Avalos,David Linn,Cayle Tern,Deian Salazar,Loretta Smith,Steph Routh
Timur Ender,Steph Routh,Jamie Dunphy,Candace Avalos,Terrence Hayes,
Joe Furi,Noah Ernst,Cayle Tern,Joe Allen,,
David Linn,,,,,
Loretta Smith,,,,,
Steph Routh,Loretta Smith,Noah Ernst,Timur Ender,Jamie Dunphy,Candace Avalos
Jamie Dunphy,Steph Routh,Timur Ender,,,
Timur Ender,Loretta Smith,Candace Avalos,Jamie Dunphy,Terrence Hayes,
Loretta Smith,Joe Furi,Candace Avalos,Timur Ender,Steph Routh,Jamie Dunphy
Noah Ernst,Loretta Smith,Terrence Hayes,David Linn,Doug Clove,Michael (Mike) Sands
Candace Avalos,Cayle Tern,Timur Ender,Steph Routh,Jamie Dunphy,
Jamie Dunphy,Terrence Hayes,Steph Routh,,,
Jamie Dunphy,Candace Avalos,Steph Routh,Noah Ernst,Terrence Hayes,Loretta Smith
Loretta Smith,,,,,
Candace Avalos,Cayle Tern,Thomas Shervey,Michael (Mike) Sands,Steph Routh,Jamie Dunphy
Noah Ernst,Timur Ender,,,,
Loretta Smith,Terrence Hayes,Timur Ender,Steph Routh,David Linn,Joe Allen
Doug Clove,,,,,
Joe Allen,,,,,
Timur Ender,,,,,
,,,,,
Candace Avalos,Write-in-120,Doug Clove,Peggy Sue Owens,Loretta Smith,Write-in-122
Noah Ernst,Loretta Smith,Michael (Mike) Sands,Steph Routh,,
Candace Avalos,Timur Ender,Steph Routh,Cayle Tern,,
Jamie Dunphy,Candace Avalos,Steph Routh,Noah Ernst,David Linn,Loretta Smith
Terrence Hayes,Deian Salazar,Timur Ender,Joe Furi,Noah Ernst,
Loretta Smith,Timur Ender,David Linn,,,
Jamie Dunphy,Candace Avalos,Steph Routh,,,
Deian Salazar,Candace Avalos,Jamie Dunphy,Steph Routh,Loretta Smith,Timur Ender
Timur Ender,Deian Salazar,Loretta Smith,,,
Candace Avalos,Cayle Tern,Timur Ender,,,
Loretta Smith,Terrence Hayes,Candace Avalos,Steph Routh,,
Terrence Hayes,Loretta Smith,Thomas Shervey,Noah Ernst,David Linn,Joe Furi
Cayle Tern,Candace Avalos,Jamie Dunphy,Michael (Mike) Sands,Timur Ender,Steph Routh
Candace Avalos,Timur Ender,Steph Routh,Jamie Dunphy,,
Steph Routh,Loretta Smith,Doug Clove,Jamie Dunphy,Timur Ender,Michael (Mike) Sands
Timur Ender,Doug Clove,,,,
Michael (Mike) Sands,Terrence Hayes,Thomas Shervey,Timur Ender,Joe Allen,
Loretta Smith,Noah Ernst,Terrence Hayes,,,
Candace Avalos,Timur Ender,Steph Routh,Jamie Dunphy,David Linn,Cayle Tern
Noah Ernst,Jamie Dunphy,Joe Furi,,,
Thomas Shervey,Cayle Tern,Steph Routh,,,
Jamie Dunphy,Steph Routh,Candace Avalos,,,
Timur Ender,Steph Routh,Jamie Dunphy,,,
Candace Avalos,Noah Ernst,Doug Clove,David Linn,Jamie Dunphy,Timur Ender
Timur Ender,Jamie Dunphy,Joe Allen,,,
Doug Clove,,,,,
Loretta Smith,,,,,
David Linn,,,,,
Steph Routh,Candace Avalos,Loretta Smith,Terrence Hayes,Doug Clove,Michael (Mike) Sands
Terrence Hayes,Loretta Smith,Timur Ender,,,
Steph Routh,Cayle Tern,Michael (Mike) Sands,Loretta Smith,Joe Allen,Timur Ender
Noah Ernst,Steph Routh,Terrence Hayes,,,
Candace Avalos,Jamie Dunphy,Timur Ender,Loretta Smith,,
Timur Ender,Candace Avalos,Cayle Tern,Steph Routh,Jamie Dunphy,
Timur Ender,Jamie Dunphy,Michael (Mike) Sands,Candace Avalos,Joe Furi,Steph Routh
Peggy Sue Owens,Noah Ernst,Joe Allen,Loretta Smith,Doug Clove,Steph Routh
Steph Routh,Jamie Dunphy,Candace Avalos,Timur Ender,Loretta Smith,David Linn
Candace Avalos,Joe Furi,David Linn,Michael (Mike) Sands,Deian Salazar,Steph Routh
Joe Furi,Doug Clove,Noah Ernst,,,
David Linn,Loretta Smith,Cayle Tern,Write-in-120,,
Noah Ernst,,,,,
Terrence Hayes,Steph Routh,Jamie Dunphy,Timur Ender,,
Candace Avalos,Terrence Hayes,Timur Ender,Steph Routh,Thomas Shervey,Cayle Tern
Timur Ender,,,,,
Steph Routh,Candace Avalos,Jamie Dunphy,,,
Timur Ender,Jamie Dunphy,Steph Routh,Loretta Smith,Candace Avalos,
Timur Ender,Candace Avalos,Loretta Smith,,,
Michael (Mike) Sands,Thomas Shervey,Jamie Dunphy,,,
Timur Ender,Thomas Shervey,Jamie Dunphy,Joe Allen,Michael (Mike) Sands,
Joe Furi,,,,,
Terrence Hayes,Jamie Dunphy,Noah Ernst,Deian Salazar,David Linn,Joe Furi
Loretta Smith,Terrence Hayes,Steph Routh,Thomas Shervey,Deian Salazar,Timur Ender
Michael (Mike) Sands,Cayle Tern,Steph Routh,David Linn,Terrence Hayes,Doug Clove
Jamie Dunphy,Loretta Smith,Candace Avalos,David Linn,Cayle Tern,
Jamie Dunphy,,,,,
Jamie Dunphy,Steph Routh,Candace Avalos,,,
David Linn,Candace Avalos,Cayle Tern,Deian Salazar,Loretta Smith,Terrence Hayes
Timur Ender,Noah Ernst,Candace Avalos,Cayle Tern,Loretta Smith,Steph Routh
David Linn,Steph Routh,Terrence Hayes,Thomas Shervey,Candace Avalos,Jamie Dunphy
Steph Routh,Jamie Dunphy,Loretta Smith,,,
Terrence Hayes,Noah Ernst,Joe Furi,Loretta Smith,Doug Clove,Write-in-120
Candace Avalos,Timur Ender,Jamie Dunphy,Steph Routh,,
Peggy Sue Owens,Michael (Mike) Sands,Cayle Tern,,,
Noah Ernst,Doug Clove,Michael (Mike) Sands,Loretta Smith,Joe Furi,Joe Allen
Doug Clove,Deian Salazar,Cayle Tern,Joe Furi,Terrence Hayes,Thomas Shervey
Peggy Sue Owens,Candace Avalos,Cayle Tern,Michael (Mike) Sands,David Linn,Jamie Dunphy
Noah Ernst,,,,,
Noah Ernst,,,,,
Candace Avalos,Timur Ender,Cayle Tern,Jamie Dunphy,Steph Routh,David Linn
Terrence Hayes,Candace Avalos,Steph Routh,David Linn,,
Timur Ender,Terrence Hayes,Loretta Smith,,,
Deian Salazar,Terrence Hayes,Steph Routh,Timur Ender,Noah Ernst,Jamie Dunphy
Noah Ernst,Terrence Hayes,Joe Furi,Loretta Smith,Doug Clove,
Noah Ernst,,,,,
Loretta Smith,,,,,
Candace Avalos,Timur Ender,Jamie Dunphy,Cayle Tern,Steph Routh,David Linn
Jamie Dunphy,Loretta Smith,Terrence Hayes,Candace Avalos,Timur Ender,Steph Routh
Loretta Smith,Terrence Hayes,,,,
Loretta Smith,Terrence Hayes,Candace Avalos,,,
Noah Ernst,Doug Clove,Joe Furi,,,
Noah Ernst,,,,,
Terrence Hayes,Loretta Smith,Candace Avalos,Timur Ender,David Linn,Steph Routh
Candace Avalos,Timur Ender,Steph Routh,Jamie Dunphy,Cayle Tern,David Linn
Peggy Sue Owens,Jamie Dunphy,,,,
Noah Ernst,Doug Clove,Terrence Hayes,,,
Cayle Tern,Loretta Smith,Terrence Hayes,Joe Allen,Noah Ernst,Thomas Shervey
Candace Avalos,Timur Ender,Loretta Smith,Deian Salazar,Cayle Tern,Steph Routh
Candace Avalos,Terrence Hayes,Timur Ender,Michael (Mike) Sands,Jamie Dunphy,Steph Routh
David Linn,Michael (Mike) Sands,Loretta Smith,Terrence Hayes,Jamie Dunphy,Steph Routh
Candace Avalos,Cayle Tern,Timur Ender,,,
Steph Routh,Jamie Dunphy,Candace Avalos,Timur Ender,,
Peggy Sue Owens,David Linn,Steph Routh,,,
Deian Salazar,Candace Avalos,,,,
Candace Avalos,Cayle Tern,Timur Ender,,,
Cayle Tern,David Linn,Jamie Dunphy,Candace Avalos,Timur Ender,Steph Routh
Noah Ernst,Terrence Hayes,Joe Furi,Loretta Smith,Doug Clove,
Loretta Smith,Cayle Tern,Terrence Hayes,Noah Ernst,Deian Salazar,Candace Avalos
Peggy Sue Owens,Joe Allen,Cayle Tern,Michael (Mike) Sands,Steph Routh,Loretta Smith
Loretta Smith,Candace Avalos,Timur Ender,Steph Routh,,
Candace Avalos,Loretta Smith,Jamie Dunphy,David Linn,Timur Ender,Peggy Sue Owens
Jamie Dunphy,Candace Avalos,,,,
Terrence Hayes,Noah Ernst,Timur Ender,Cayle Tern,Peggy Sue Owens,Loretta Smith
Steph Routh,Jamie Dunphy,Timur Ender,,,
Candace Avalos,Noah Ernst,Steph Routh,Jamie Dunphy,Cayle Tern,
Timur Ender,Terrence Hayes,Loretta Smith,,,
Candace Avalos,,,,,
Joe Allen,Michael (Mike) Sands,Peggy Sue Owens,Thomas Shervey,Jamie Dunphy,
Loretta Smith,Candace Avalos,Terrence Hayes,David Linn,,
Loretta Smith,,,,,
Terrence Hayes,Noah Ernst,Loretta Smith,Deian Salazar,David Linn,Joe Furi
Noah Ernst,Terrence Hayes,Doug Clove,,,
Candace Avalos,Doug Clove,Jamie Dunphy,Timur Ender,Thomas Shervey,Cayle Tern
Timur Ender,Candace Avalos,Loretta Smith,,,
Candace Avalos,Loretta Smith,Deian Salazar,Doug Clove,Terrence Hayes,
Terrence Hayes,,,,,
Doug Clove,Jamie Dunphy,David Linn,,,
Candace Avalos,Steph Routh,,,,
Candace Avalos,Timur Ender,Terrence Hayes,Steph Routh,,
Noah Ernst,Timur Ender,Loretta Smith,,,
Noah Ernst,Write-in-120,,,,
Jamie Dunphy,,,,,
Deian Salazar,Steph Routh,Terrence Hayes,,,
Loretta Smith,Jamie Dunphy,Steph Routh,,,
Candace Avalos,Timur Ender,Cayle Tern,,,
Doug Clove,Deian Salazar,,,,
Timur Ender,Loretta Smith,Noah Ernst,Michael (Mike) Sands,Steph Routh,
Timur Ender,Candace Avalos,Cayle Tern,Michael (Mike) Sands,,
Noah Ernst,Doug Clove,Terrence Hayes,,,
Terrence Hayes,Loretta Smith,Candace Avalos,,,
Joe Allen,Michael (Mike) Sands,Joe Furi,Jamie Dunphy,Steph Routh,Loretta Smith
Jamie Dunphy,Candace Avalos,Steph Routh,,,
Candace Avalos,Jamie Dunphy,Steph Routh,Cayle Tern,David Linn,Timur Ender
Jamie Dunphy,Candace Avalos,Steph Routh,,,
Timur Ender,Loretta Smith,Jamie Dunphy,Steph Routh,Candace Avalos,
Candace Avalos,Steph Routh,Timur Ender,Jamie Dunphy,Cayle Tern,David Linn
Candace Avalos,,,,,
Candace Avalos,,,,,
Loretta Smith,Doug Clove,Candace Avalos,Timur Ender,,
Candace Avalos,Steph Routh,Terrence Hayes,,,
Noah Ernst,Doug Clove,Deian Salazar,Terrence Hayes,Joe Allen,Steph Routh
Terrence Hayes,Noah Ernst,,,,
Steph Routh,Noah Ernst,Candace Avalos,,,
Steph Routh,Candace Avalos,Timur Ender,,,
Loretta Smith,,,,,
Terrence Hayes,Loretta Smith,Steph Routh,Joe Furi,Candace Avalos,Peggy Sue Owens
Loretta Smith,Joe Allen,Joe Furi,,,
Jamie Dunphy,Candace Avalos,Steph Routh,Loretta Smith,Timur Ender,
Steph Routh,Timur Ender,Jamie Dunphy,Candace Avalos,Terrence Hayes,David Linn
Candace Avalos,Jamie Dunphy,Steph Routh,Noah Ernst,David Linn,
Timur Ender,Candace Avalos,Loretta Smith,Terrence Hayes,,
Terrence Hayes,Michael (Mike) Sands,Doug Clove,Joe Allen,Peggy Sue Owens,
Write-in-122,,,,,
David Linn,Thomas Shervey,Doug Clove,,,
Candace Avalos,Timur Ender,Steph Routh,Jamie Dunphy,Cayle Tern,
Steph Routh,Candace Avalos,Jamie Dunphy,Terrence Hayes,,
Steph Routh,Jamie Dunphy,Candace Avalos,,,
Terrence Hayes,,,,,
Loretta Smith,Terrence Hayes,,,,
Michael (Mike) Sands,Steph Routh,,,,
Steph Routh,,,,,
Cayle Tern,David Linn,Michael (Mike) Sands,,,
Jamie Dunphy,Timur Ender,,,,
Noah Ernst,Timur Ender,Loretta Smith,Joe Furi,,
Michael (Mike) Sands,Joe Allen,David Linn,Noah Ernst,Peggy Sue Owens,Thomas Shervey
Noah Ernst,Loretta Smith,Peggy Sue Owens,David Linn,Michael (Mike) Sands,Jamie Dunphy
Candace Avalos,Deian Salazar,Terrence Hayes,Jamie Dunphy,Loretta Smith,Cayle Tern
Noah Ernst,Terrence Hayes,Candace Avalos,,,
Candace Avalos,Timur Ender,Jamie Dunphy,Steph Routh,,
Steph Routh,,,,,
Loretta Smith,David Linn,Doug Clove,,,
Steph Routh,Candace Avalos,Timur Ender,Jamie Dunphy,,
Jamie Dunphy,Candace Avalos,Steph Routh,Loretta Smith,Timur Ender,Noah Ernst
Candace Avalos,Doug Clove,Loretta Smith,Steph Routh,Jamie Dunphy,Deian Salazar
Loretta Smith,,,,,
Noah Ernst,Doug Clove,Terrence Hayes,Loretta Smith,,
Steph Routh,Deian Salazar,,,,
Noah Ernst,Timur Ender,Steph Routh,Candace Avalos,David Linn,Loretta Smith
Loretta Smith,Terrence Hayes,,,,
David Linn,,,,,
Loretta Smith,Terrence Hayes,Michael (Mike) Sands,Doug Clove,David Linn,Noah Ernst
Steph Routh,Candace Avalos,Jamie Dunphy,Terrence Hayes,Timur Ender,Loretta Smith
Steph Routh,Joe Furi,Candace Avalos,,,
Joe Allen,Timur Ender,Jamie Dunphy,,,
Jamie Dunphy,Steph Routh,Candace Avalos,Terrence Hayes,David Linn,Timur Ender
Loretta Smith,Terrence Hayes,Candace Avalos,,,
Terrence Hayes,,,,,
Candace Avalos,Cayle Tern,Timur Ender,,,
Noah Ernst,Terrence Hayes,Doug Clove,Michael (Mike) Sands,Loretta Smith,Thomas Shervey
Write-in-120,,,,,
Candace Avalos,Jamie Dunphy,Michael (Mike) Sands,Cayle Tern,Terrence Hayes,Steph Routh
Jamie Dunphy,Timur Ender,Joe Allen,Candace Avalos,,
Steph Routh,,,,,
Jamie Dunphy,David Linn,Deian Salazar,Steph Routh,Candace Avalos,
Loretta Smith,Candace Avalos,Cayle Tern,Steph Routh,Jamie Dunphy,Timur Ender
David Linn,,,,,
Doug Clove,Deian Salazar,Thomas Shervey,Terrence Hayes,Joe Furi,Steph Routh
Timur Ender,Joe Allen,Noah Ernst,Joe Furi,Jamie Dunphy,Doug Clove
Terrence Hayes,Noah Ernst,Candace Avalos,,,
Noah Ernst,Candace Avalos,Steph Routh,Jamie Dunphy,Loretta Smith,
Loretta Smith,David Linn,Joe Furi,Jamie Dunphy,,
Candace Avalos,Jamie Dunphy,Steph Routh,Loretta Smith,Terrence Hayes,Noah Ernst
Candace Avalos,,,,,
Terrence Hayes,Loretta Smith,,,,
Noah Ernst,Timur Ender,Terrence Hayes,Doug Clove,David Linn,Steph Routh
Jamie Dunphy,Loretta Smith,Michael (Mike) Sands,Peggy Sue Owens,Joe Allen,Noah Ernst
Candace Avalos,Timur Ender,Steph Routh,Jamie Dunphy,Loretta Smith,
Candace Avalos,Timur Ender,Steph Routh,Jamie Dunphy,,
Candace Avalos,Timur Ender,Steph Routh,Jamie Dunphy,,
Steph Routh,Jamie Dunphy,Candace Avalos,Loretta Smith,Timur Ender,David Linn
Loretta Smith,Steph Routh,Timur Ender,Noah Ernst,Terrence Hayes,Candace Avalos
Timur Ender,Candace Avalos,Steph Routh,Jamie Dunphy,,
Jamie Dunphy,Steph Routh,Timur Ender,,,
Jamie Dunphy,Loretta Smith,Steph Routh,Deian Salazar,Timur Ender,
Jamie Dunphy,Steph Routh,Candace Avalos,,,
Candace Avalos,,,,,
Jamie Dunphy,Steph Routh,Candace Avalos,David Linn,Noah Ernst,
Joe Allen,Timur Ender,Loretta Smith,Jamie Dunphy,Steph Routh,Terrence Hayes
Jamie Dunphy,Candace Avalos,Steph Routh,,,
Candace Avalos,Jamie Dunphy,Steph Routh,Timur Ender,Cayle Tern,
Noah Ernst,Thomas Shervey,Doug Clove,,,
Loretta Smith,Terrence Hayes,Timur Ender,Steph Routh,Candace Avalos,Jamie Dunphy
Jamie Dunphy,Steph Routh,Candace Avalos,Loretta Smith,Timur Ender,
Candace Avalos,Terrence Hayes,David Linn,Noah Ernst,Steph Routh,Michael (Mike) Sands
Steph Routh,Candace Avalos,,,,
Candace Avalos,Timur Ender,,,,
Candace Avalos,Timur Ender,Steph Routh,,,
Candace Avalos,David Linn,Deian Salazar,Terrence Hayes,Steph Routh,Jamie Dunphy
Jamie Dunphy,Steph Routh,Noah Ernst,Timur Ender,Terrence Hayes,
Candace Avalos,Steph Routh,Loretta Smith,David Linn,Cayle Tern,
Terrence Hayes,Noah Ernst,Doug Clove,,,
Candace Avalos,Loretta Smith,Terrence Hayes,Noah Ernst,Doug Clove,
Candace Avalos,Cayle Tern,Steph Routh,,,
Jamie Dunphy,Candace Avalos,Steph Routh,Timur Ender,David Linn,Loretta Smith
Terrence Hayes,Thomas Shervey,David Linn,Michael (Mike) Sands,,
Loretta Smith,Steph Routh,Terrence Hayes,Timur Ender,,
Candace Avalos,Jamie Dunphy,Steph Routh,Loretta Smith,Timur Ender,
Noah Ernst,Terrence Hayes,Joe Furi,Doug Clove,,
,,,,,
Terrence Hayes,Noah Ernst,Doug Clove,,,
Candace Avalos,Loretta Smith,Steph Routh,Cayle Tern,Peggy Sue Owens,Terrence Hayes
Timur Ender,Steph Routh,Jamie Dunphy,Candace Avalos,Joe Furi,Thomas Shervey
Jamie Dunphy,Steph Routh,Terrence Hayes,Noah Ernst,,
Noah Ernst,,,,,
Cayle Tern,Candace Avalos,,,,
Terrence Hayes,Jamie Dunphy,Candace Avalos,Loretta Smith,Steph Routh,Noah Ernst
Jamie Dunphy,Candace Avalos,Steph Routh,Timur Ender,,
Loretta Smith,Terrence Hayes,Steph Routh,Candace Avalos,Timur Ender,Jamie Dunphy
Noah Ernst,Michael (Mike) Sands,Thomas Shervey,,,
Candace Avalos,Timur Ender,Jamie Dunphy,,,
Steph Routh,Jamie Dunphy,,,,
Doug Clove,Noah Ernst,Steph Routh,Joe Allen,,
Jamie Dunphy,Candace Avalos,Steph Routh,Thomas Shervey,Timur Ender,
Joe Furi,,,,,
Candace Avalos,Timur Ender,Noah Ernst,,,
Noah Ernst,Candace Avalos,Cayle Tern,Terrence Hayes,Steph Routh,Jamie Dunphy
Jamie Dunphy,Steph Routh,Candace Avalos,,,
Timur Ender,Candace Avalos,David Linn,Doug Clove,Michael (Mike) Sands,Loretta Smith
Timur Ender,Candace Avalos,Cayle Tern,,,
Loretta Smith,Terrence Hayes,Doug Clove,,,
Loretta Smith,Candace Avalos,,,,
Deian Salazar,Loretta Smith,Noah Ernst,Jamie Dunphy,Joe Allen,Candace Avalos
Terrence Hayes,Joe Furi,Steph Routh,Cayle Tern,Timur Ender,Write-in-120
Noah Ernst,Terrence Hayes,Loretta Smith,Steph Routh,,
Candace Avalos,Timur Ender,Cayle Tern,Terrence Hayes,,
Loretta Smith,Candace Avalos,Steph Routh,,,
Jamie Dunphy,David Linn,Noah Ernst,,,
Peggy Sue Owens,Candace Avalos,Loretta Smith,Terrence Hayes,Michael (Mike) Sands,Joe Allen
Jamie Dunphy,Candace Avalos,Steph Routh,Noah Ernst,David Linn,Loretta Smith
Noah Ernst,Loretta Smith,Terrence Hayes,,,
Loretta Smith,,,,,
Loretta Smith,Terrence Hayes,Steph Routh,,,
Candace Avalos,Timur Ender,Steph Routh,Jamie Dunphy,Loretta Smith,Terrence Hayes
Jamie Dunphy,Steph Routh,Candace Avalos,,,
Timur Ender,Michael (Mike) Sands,Thomas Shervey,Terrence Hayes,Jamie Dunphy,Deian Salazar
Steph Routh,Candace Avalos,Timur Ender,Jamie Dunphy,Terrence Hayes,Joe Furi
Candace Avalos,Cayle Tern,Doug Clove,Jamie Dunphy,Timur Ender,Steph Routh
Joe Allen,,,,,
Terrence Hayes,Noah Ernst,Candace Avalos,Loretta Smith,,
Jamie Dunphy,Timur Ender,Candace Avalos,Steph Routh,Loretta Smith,Doug Clove
Noah Ernst,Deian Salazar,Terrence Hayes,Jamie Dunphy,Thomas Shervey,Joe Furi
David Linn,,,,,
Candace Avalos,Loretta Smith,Steph Routh,Terrence Hayes,Timur Ender,Jamie Dunphy
Doug Clove,Loretta Smith,Steph Routh,,,
Candace Avalos,Terrence Hayes,Timur Ender,Thomas Shervey,Peggy Sue Owens,Loretta Smith
Deian Salazar,Terrence Hayes,,,,
Steph Routh,,,,,
Timur Ender,David Linn,,,,
Timur Ender,Terrence Hayes,Jamie Dunphy,Loretta Smith,Candace Avalos,Joe Allen
Jamie Dunphy,,,,,
Loretta Smith,Candace Avalos,,,,
Jamie Dunphy,Candace Avalos,Steph Routh,Noah Ernst,David Linn,Loretta Smith
Deian Salazar,Joe Allen,Thomas Shervey,Noah Ernst,Peggy Sue Owens,Steph Routh
Candace Avalos,,,,,
Candace Avalos,Timur Ender,Steph Routh,,,
Cayle Tern,Candace Avalos,Noah Ernst,Jamie Dunphy,Steph Routh,Timur Ender
Steph Routh,Jamie Dunphy,Loretta Smith,Terrence Hayes,Candace Avalos,
Peggy Sue Owens,Candace Avalos,Deian Salazar,Steph Routh,,
Jamie Dunphy,Timur Ender,Noah Ernst,Terrence Hayes,Michael (Mike) Sands,Loretta Smith
Steph Routh,Jamie Dunphy,Peggy Sue Owens,Noah Ernst,Doug Clove,Michael (Mike) Sands
Write-in-120,Steph Routh,Candace Avalos,Michael (Mike) Sands,Timur Ender,Cayle Tern
Jamie Dunphy,Candace Avalos,Noah Ernst,Michael (Mike) Sands,David Linn,Terrence Hayes
Joe Allen,Timur Ender,Candace Avalos,Deian Salazar,Terrence Hayes,Cayle Tern
Jamie Dunphy,,,,,
Jamie Dunphy,Peggy Sue Owens,David Linn,Candace Avalos,Joe Furi,Terrence Hayes
Cayle Tern,Timur Ender,Candace Avalos,Steph Routh,,
Jamie Dunphy,Candace Avalos,Steph Routh,,,
Loretta Smith,David Linn,Noah Ernst,Michael (Mike) Sands,Joe Furi,Cayle Tern
Peggy Sue Owens,Loretta Smith,,,,
Jamie Dunphy,Candace Avalos,Steph Routh,Loretta Smith,,
Noah Ernst,,,,,
Cayle Tern,Terrence Hayes,Timur Ender,David Linn,Candace Avalos,Jamie Dunphy
Jamie Dunphy,Candace Avalos,Steph Routh,Noah Ernst,David Linn,Loretta Smith
Loretta Smith,Steph Routh,Terrence Hayes,Timur Ender,,
Loretta Smith,,,,,
Candace Avalos,Terrence Hayes,Timur Ender,Steph Routh,Thomas Shervey,Cayle Tern
Noah Ernst,Jamie Dunphy,Steph Routh,,,
Joe Furi,Noah Ernst,Joe Allen,,,
Terrence Hayes,Loretta Smith,Steph Routh,,,
Terrence Hayes,Noah Ernst,Joe Furi,Loretta Smith,Doug Clove,Write-in-120
Jamie Dunphy,,,,,
Candace Avalos,Timur Ender,Steph Routh,David Linn,Cayle Tern,Joe Allen
Write-in-120,Jamie Dunphy,,,,
Candace Avalos,Jamie Dunphy,Steph Routh,Timur Ender,,
Noah Ernst,Deian Salazar,Doug Clove,Steph Routh,Loretta Smith,Terrence Hayes
Jamie Dunphy,Steph Routh,,,,
Timur Ender,Cayle Tern,Steph Routh,Jamie Dunphy,,
Candace Avalos,Cayle Tern,Timur Ender,,,
Terrence Hayes,Steph Routh,Loretta Smith,Candace Avalos,,
Loretta Smith,Doug Clove,Michael (Mike) Sands,David Linn,Timur Ender,Terrence Hayes
Jamie Dunphy,Terrence Hayes,Timur Ender,Candace Avalos,Steph Routh,Cayle Tern
Jamie Dunphy,Steph Routh,Candace Avalos,,,
Candace Avalos,Steph Routh,Timur Ender,Jamie Dunphy,,
Jamie Dunphy,Timur Ender,Candace Avalos,Thomas Shervey,Steph Routh,Loretta Smith
Jamie Dunphy,David Linn,Candace Avalos,,,
Michael (Mike) Sands,Terrence Hayes,Candace Avalos,Timur Ender,Jamie Dunphy,Steph Routh
Joe Allen,David Linn,Doug Clove,Michael (Mike) Sands,Terrence Hayes,Write-in-120
Terrence Hayes,Steph Routh,Loretta Smith,Timur Ender,Noah Ernst,Joe Allen
Candace Avalos,Loretta Smith,Steph Routh,Cayle Tern,Peggy Sue Owens,Terrence Hayes
Doug Clove,,,,,
Peggy Sue Owens,Candace Avalos,Steph Routh,Cayle Tern,Jamie Dunphy,Loretta Smith
Noah Ernst,Terrence Hayes,Loretta Smith,,,
Loretta Smith,,,,,
Candace Avalos,Timur Ender,Steph Routh,Jamie Dunphy,David Linn,Joe Allen
Doug Clove,Loretta Smith,Joe Furi,Terrence Hayes,Noah Ernst,
Candace Avalos,Timur Ender,Steph Routh,Jamie Dunphy,Cayle Tern,David Linn
Loretta Smith,Terrence Hayes,Steph Routh,Jamie Dunphy,Michael (Mike) Sands,Deian Salazar
Candace Avalos,David Linn,,,,
Terrence Hayes,Steph Routh,Jamie Dunphy,,,
Write-in-120,,,,,
Candace Avalos,Steph Routh,Timur Ender,Jamie Dunphy,,
Timur Ender,Candace Avalos,Jamie Dunphy,,,
Candace Avalos,Loretta Smith,Steph Routh,Jamie Dunphy,Terrence Hayes,Thomas Shervey
Jamie Dunphy,Loretta Smith,Joe Allen,Peggy Sue Owens,Cayle Tern,Timur Ender
Timur Ender,Jamie Dunphy,Steph Routh,Candace Avalos,,
Loretta Smith,,,,,
,,,,,
Candace Avalos,Noah Ernst,Steph Routh,Michael (Mike) Sands,Loretta Smith,
Jamie Dunphy,Steph Routh,Michael (Mike) Sands,Deian Salazar,Terrence Hayes,
Write-in-122,,,,,
Candace Avalos,Jamie Dunphy,Noah Ernst,Steph Routh,Cayle Tern,
Jamie Dunphy,Steph Routh,Candace Avalos,Timur Ender,Cayle Tern,David Linn
Candace Avalos,Loretta Smith,Jamie Dunphy,Terrence Hayes,,
Candace Avalos,Loretta Smith,Terrence Hayes,Steph Routh,,
Joe Furi,Michael (Mike) Sands,Steph Routh,Doug Clove,Candace Avalos,Joe Allen
Steph Routh,Loretta Smith,Jamie Dunphy,Deian Salazar,Timur Ender,Terrence Hayes
Timur Ender,,,,,
Jamie Dunphy,Candace Avalos,David Linn,,,
Joe Furi,David Linn,Candace Avalos,Thomas Shervey,Doug Clove,Noah Ernst
Loretta Smith,,,,,
Peggy Sue Owens,Loretta Smith,Jamie Dunphy,Cayle Tern,Joe Allen,Terrence Hayes
Loretta Smith,Terrence Hayes,Candace Avalos,Cayle Tern,,
Jamie Dunphy,Joe Allen,Candace Avalos,Timur Ender,,
Peggy Sue Owens,Noah Ernst,David Linn,Doug Clove,,
Noah Ernst,Steph Routh,Jamie Dunphy,Thomas Shervey,Joe Allen,Cayle Tern
Peggy Sue Owens,Joe Allen,Loretta Smith,Terrence Hayes,Jamie Dunphy,Doug Clove
Doug Clove,Timur Ender,Thomas Shervey,David Linn,Cayle Tern,
Terrence Hayes,Noah Ernst,Joe Furi,Loretta Smith,Doug Clove,Write-in-120
Candace Avalos,,,,,
Peggy Sue Owens,Timur Ender,Noah Ernst,Candace Avalos,Joe Allen,David Linn
Steph Routh,Candace Avalos,Jamie Dunphy,Timur Ender,,
Loretta Smith,Timur Ender,Candace Avalos,Steph Routh,Cayle Tern,Jamie Dunphy
Doug Clove,,,,,
Timur Ender,Noah Ernst,Candace Avalos,Cayle Tern,Terrence Hayes,Steph Routh
Loretta Smith,Terrence Hayes,Michael (Mike) Sands,David Linn,Candace Avalos,Timur Ender
Candace Avalos,Joe Furi,Deian Salazar,Steph Routh,Cayle Tern,Jamie Dunphy
Jamie Dunphy,Candace Avalos,Steph Routh,Noah Ernst,David Linn,Loretta Smith
Cayle Tern,Timur Ender,Steph Routh,Michael (Mike) Sands,,
Thomas Shervey,Timur Ender,Steph Routh,Terrence Hayes,Cayle Tern,
Jamie Dunphy,Candace Avalos,Steph Routh,Noah Ernst,David Linn,Loretta Smith
Steph Routh,Terrence Hayes,Noah Ernst,Candace Avalos,Timur Ender,Jamie Dunphy
David Linn,Cayle Tern,Joe Allen,Noah Ernst,Jamie Dunphy,Loretta Smith
Candace Avalos,Jamie Dunphy,Cayle Tern,Noah Ernst,Timur Ender,David Linn
Loretta Smith,David Linn,Terrence Hayes,Candace Avalos,Jamie Dunphy,Michael (Mike) Sands
Noah Ernst,Steph Routh,Timur Ender,Peggy Sue Owens,Thomas Shervey,Cayle Tern
Joe Allen,,,,,
Jamie Dunphy,Steph Routh,Terrence Hayes,Candace Avalos,,
,,,,,
Loretta Smith,Timur Ender,Candace Avalos,Steph Routh,Cayle Tern,Jamie Dunphy
Jamie Dunphy,Steph Routh,Candace Avalos,,,
Jamie Dunphy,Candace Avalos,Timur Ender,,,
Candace Avalos,Cayle Tern,Timur Ender,,,
Steph Routh,Candace Avalos,Timur Ender,David Linn,,
Candace Avalos,Steph Routh,Jamie Dunphy,Timur Ender,Thomas Shervey,Michael (Mike) Sands
David Linn,Candace Avalos,Timur Ender,Terrence Hayes,,
Terrence Hayes,David Linn,Steph Routh,Noah Ernst,,
Candace Avalos,Timur Ender,Cayle Tern,Steph Routh,Jamie Dunphy,
Candace Avalos,Terrence Hayes,Loretta Smith,,,
Candace Avalos,,,,,
Timur Ender,Loretta Smith,David Linn,Steph Routh,Jamie Dunphy,Terrence Hayes
Jamie Dunphy,Candace Avalos,Steph Routh,,,
Noah Ernst,Loretta Smith,Terrence Hayes,David Linn,,
David Linn,Terrence Hayes,Timur Ender,Noah Ernst,Doug Clove,Deian Salazar
Jamie Dunphy,Steph Routh,Noah Ernst,Candace Avalos,David Linn,Loretta Smith
Cayle Tern,Timur Ender,David Linn,Steph Routh,Candace Avalos,Loretta Smith
Loretta Smith,Peggy Sue Owens,Joe Furi,Candace Avalos,Noah Ernst,Terrence Hayes
Candace Avalos,Steph Routh,Timur Ender,Jamie Dunphy,,
Candace Avalos,Timur Ender,Steph Routh,Cayle Tern,Jamie Dunphy,
Candace Avalos,Terrence Hayes,Steph Routh,Timur Ender,Loretta Smith,
Cayle Tern,,,,,
Jamie Dunphy,Loretta Smith,Terrence Hayes,,,
Terrence Hayes,Noah Ernst,Loretta Smith,,,
Jamie Dunphy,David Linn,Thomas Shervey,Peggy Sue Owens,Timur Ender,Noah Ernst
Candace Avalos,Cayle Tern,,,,
Deian Salazar,Jamie Dunphy,Noah Ernst,Joe Allen,Doug Clove,Loretta Smith
Loretta Smith,Joe Allen,Joe Furi,Steph Routh,Timur Ender,Doug Clove
Steph Routh,Jamie Dunphy,Candace Avalos,Loretta Smith,,
Doug Clove,,,,,
Noah Ernst,,,,,
Loretta Smith,Terrence Hayes,,,,
,,,,,
Candace Avalos,Steph Routh,David Linn,,,
David Linn,Deian Salazar,Loretta Smith,Doug Clove,Joe Furi,Michael (Mike) Sands
Michael (Mike) Sands,Joe Furi,Doug Clove,Joe Allen,Thomas Shervey,Candace Avalos
,,,,,
Jamie Dunphy,Candace Avalos,Steph Routh,Noah Ernst,David Linn,Loretta Smith
Steph Routh,Jamie Dunphy,Loretta Smith,Candace Avalos,Timur Ender,Doug Clove
Loretta Smith,Noah Ernst,Terrence Hayes,Timur Ender,Candace Avalos,Peggy Sue Owens
Terrence Hayes,Deian Salazar,Jamie Dunphy,,,
Candace Avalos,Cayle Tern,Noah Ernst,,,
Steph Routh,Timur Ender,Candace Avalos,Jamie Dunphy,Terrence Hayes,Cayle Tern
Noah Ernst,,,,,
Loretta Smith,Deian Salazar,,,,
Jamie Dunphy,Steph Routh,Loretta Smith,,,
David Linn,,,,,
Jamie Dunphy,,,,,
Michael (Mike) Sands,Candace Avalos,Peggy Sue Owens,Loretta Smith,Jamie Dunphy,Cayle Tern
Peggy Sue Owens,,,,,
,,,,,
Candace Avalos,Loretta Smith,David Linn,Timur Ender,Terrence Hayes,Deian Salazar
Loretta Smith,Terrence Hayes,Steph Routh,Cayle Tern,Deian Salazar,Jamie Dunphy
Noah Ernst,Deian Salazar,Loretta Smith,Terrence Hayes,Doug Clove,
Terrence Hayes,Loretta Smith,Jamie Dunphy,,,
Joe Allen,Terrence Hayes,Cayle Tern,,,
Jamie Dunphy,Candace Avalos,Steph Routh,,,
Terrence Hayes,Candace Avalos,Noah Ernst,,,
Candace Avalos,Timur Ender,Steph Routh,David Linn,Cayle Tern,Jamie Dunphy
Jamie Dunphy,Candace Avalos,Steph Routh,,,
Timur Ender,Candace Avalos,Steph Routh,,,
Deian Salazar,Terrence Hayes,Peggy Sue Owens,,,
Steph Routh,Candace Avalos,Timur Ender,Jamie Dunphy,,
Jamie Dunphy,Timur Ender,Candace Avalos,Steph Routh,Loretta Smith,Terrence Hayes
Terrence Hayes,Loretta Smith,Candace Avalos,Timur Ender,David Linn,Steph Routh
Jamie Dunphy,Timur Ender,Steph Routh,Candace Avalos,,
Steph Routh,David Linn,Timur Ender,Joe Allen,,
Jamie Dunphy,Steph Routh,Candace Avalos,Noah Ernst,David Linn,
Loretta Smith,,,,,
Jamie Dunphy,Candace Avalos,Steph Routh,Loretta Smith,,
David Linn,Candace Avalos,Steph Routh,Jamie Dunphy,Loretta Smith,Cayle Tern
Terrence Hayes,Noah Ernst,Loretta Smith,Candace Avalos,Steph Routh,Cayle Tern
Loretta Smith,Terrence Hayes,,,,
Jamie Dunphy,Candace Avalos,Steph Routh,,,
Loretta Smith,Timur Ender,Candace Avalos,Terrence Hayes,Steph Routh,David Linn
Jamie Dunphy,Terrence Hayes,Steph Routh,Candace Avalos,,
,,,,,
Timur Ender,Candace Avalos,Steph Routh,Jamie Dunphy,Cayle Tern,
Terrence Hayes,Noah Ernst,Joe Furi,Loretta Smith,Doug Clove,
Joe Allen,Noah Ernst,Peggy Sue Owens,David Linn,Cayle Tern,Doug Clove
Jamie Dunphy,Steph Routh,Loretta Smith,Terrence Hayes,Timur Ender,Doug Clove
Peggy Sue Owens,Candace Avalos,Cayle Tern,Loretta Smith,Steph Routh,
Steph Routh,,,,,
Jamie Dunphy,Candace Avalos,Timur Ender,Cayle Tern,Terrence Hayes,Steph Routh
,,,,,
Terrence Hayes,Jamie Dunphy,Candace Avalos,,,
Joe Allen,Joe Furi,Loretta Smith,,,
Thomas Shervey,Steph Routh,Jamie Dunphy,Joe Furi,Doug Clove,Timur Ender
Noah Ernst,Terrence Hayes,Steph Routh,David Linn,Cayle Tern,
Doug Clove,Joe Furi,Deian Salazar,Terrence Hayes,Peggy Sue Owens,
Jamie Dunphy,Steph Routh,Candace Avalos,,,
Candace Avalos,,,,,
Loretta Smith,Jamie Dunphy,Steph Routh,Peggy Sue Owens,Noah Ernst,Doug Clove
Timur Ender,Jamie Dunphy,Candace Avalos,,,
Candace Avalos,Loretta Smith,Steph Routh,Jamie Dunphy,Timur Ender,
Loretta Smith,Terrence Hayes,,,,
Noah Ernst,,,,,
Doug Clove,Loretta Smith,,,,
Jamie Dunphy,,,,,
Candace Avalos,Steph Routh,Timur Ender,Jamie Dunphy,,
Loretta Smith,Steph Routh,Jamie Dunphy,,,
,,,,,
Michael (Mike) Sands,Jamie Dunphy,Noah Ernst,Doug Clove,Loretta Smith,Candace Avalos
Loretta Smith,Deian Salazar,David Linn,Doug Clove,Terrence Hayes,
Jamie Dunphy,Loretta Smith,Deian Salazar,Peggy Sue Owens,David Linn,Cayle Tern
Noah Ernst,Doug Clove,Terrence Hayes,,,
Timur Ender,Cayle Tern,Terrence Hayes,Jamie Dunphy,Steph Routh,Noah Ernst
Candace Avalos,Timur Ender,Steph Routh,Jamie Dunphy,Cayle Tern,David Linn
Terrence Hayes,Loretta Smith,,,,
Loretta Smith,Terrence Hayes,Noah Ernst,Jamie Dunphy,Candace Avalos,Steph Routh
Loretta Smith,Candace Avalos,Thomas Shervey,,,
Deian Salazar,Joe Furi,Doug Clove,,,
Loretta Smith,Steph Routh,Joe Allen,Timur Ender,Candace Avalos,Terrence Hayes
Candace Avalos,Cayle Tern,Joe Allen,,,
Noah Ernst,Doug Clove,Candace Avalos,Terrence Hayes,Loretta Smith,Deian Salazar
Terrence Hayes,Noah Ernst,Doug Clove,,,
Jamie Dunphy,,,,,
Candace Avalos,Cayle Tern,Timur Ender,Steph Routh,,
Steph Routh,Candace Avalos,Timur Ender,Terrence Hayes,,
Terrence Hayes,,,,,
Noah Ernst,Terrence Hayes,Loretta Smith,,,
Timur Ender,Candace Avalos,David Linn,,,
Loretta Smith,Steph Routh,Jamie Dunphy,,,
Jamie Dunphy,Terrence Hayes,Candace Avalos,Noah Ernst,Steph Routh,Timur Ender
Candace Avalos,Timur Ender,Jamie Dunphy,Steph Routh,Cayle Tern,Loretta Smith
Noah Ernst,Terrence Hayes,Joe Furi,Loretta Smith,Doug Clove,
Doug Clove,,,,,
Cayle Tern,Peggy Sue Owens,David Linn,Joe Furi,Thomas Shervey,Steph Routh
Loretta Smith,Terrence Hayes,Steph Routh,,,
Timur Ender,Loretta Smith,Joe Furi,Steph Routh,Candace Avalos,Michael (Mike) Sands
Deian Salazar,,,,,
Noah Ernst,,,,,
Jamie Dunphy,Candace Avalos,David Linn,Steph Routh,Timur Ender,Cayle Tern
Joe Allen,Loretta Smith,Terrence Hayes,,,
Timur Ender,Jamie Dunphy,Steph Routh,Candace Avalos,Doug Clove,Joe Allen
Timur Ender,Cayle Tern,Candace Avalos,Jamie Dunphy,Steph Routh,David Linn
Jamie Dunphy,Steph Routh,Timur Ender,,,
Jamie Dunphy,Steph Routh,Timur Ender,Candace Avalos,,
Timur Ender,Joe Allen,Terrence Hayes,,,
Noah Ernst,,,,,
Steph Routh,Candace Avalos,Noah Ernst,Terrence Hayes,Deian Salazar,Jamie Dunphy
Candace Avalos,Steph Routh,Timur Ender,,,
Jamie Dunphy,Terrence Hayes,Timur Ender,Candace Avalos,Steph Routh,
Loretta Smith,,,,,
Terrence Hayes,Loretta Smith,,,,
Noah Ernst,,,,,
Jamie Dunphy,Loretta Smith,Doug Clove,Candace Avalos,Deian Salazar,Terrence Hayes
Candace Avalos,Joe Furi,Michael (Mike) Sands,Thomas Shervey,Loretta Smith,Terrence Hayes
Joe Allen,Loretta Smith,Doug Clove,Deian Salazar,Steph Routh,
Cayle Tern,Loretta Smith,Terrence Hayes,Candace Avalos,Doug Clove,Steph Routh
Candace Avalos,Loretta Smith,Terrence Hayes,Steph Routh,Jamie Dunphy,
Candace Avalos,Deian Salazar,Jamie Dunphy,Joe Allen,Peggy Sue Owens,Noah Ernst
Terrence Hayes,Joe Furi,Jamie Dunphy,Steph Routh,Doug Clove,Candace Avalos
Loretta Smith,Deian Salazar,Steph Routh,,,
Loretta Smith,Steph Routh,Jamie Dunphy,Terrence Hayes,Candace Avalos,
Candace Avalos,Timur Ender,Steph Routh,Jamie Dunphy,,
Candace Avalos,Timur Ender,Steph Routh,Jamie Dunphy,Cayle Tern,David Linn
Jamie Dunphy,,,,,
,,,,,
David Linn,Loretta Smith,Jamie Dunphy,Joe Allen,Michael (Mike) Sands,Terrence Hayes
Candace Avalos,Steph Routh,Cayle Tern,,,
Timur Ender,Steph Routh,Jamie Dunphy,David Linn,Loretta Smith,Terrence Hayes
Peggy Sue Owens,,,,,
Candace Avalos,Joe Allen,,,,
Terrence Hayes,Joe Allen,,,,
Peggy Sue Owens,,,,,
Steph Routh,Candace Avalos,,,,
David Linn,Cayle Tern,Jamie Dunphy,Steph Routh,,
Loretta Smith,Terrence Hayes,Noah Ernst,,,
Jamie Dunphy,Candace Avalos,Steph Routh,Timur Ender,,
Doug Clove,,,,,
Candace Avalos,Steph Routh,Timur Ender,,,
Candace Avalos,Timur Ender,Steph Routh,Jamie Dunphy,Cayle Tern,David Linn
Terrence Hayes,Loretta Smith,Candace Avalos,,,
Jamie Dunphy,,,,,
Joe Allen,,,,,
Deian Salazar,Terrence Hayes,Loretta Smith,,,
Joe Allen,Candace Avalos,Noah Ernst,Peggy Sue Owens,Cayle Tern,David Linn
Noah Ernst,Thomas Shervey,Timur Ender,,,
Noah Ernst,Timur Ender,Doug Clove,Terrence Hayes,Cayle Tern,Jamie Dunphy
Jamie Dunphy,Timur Ender,,,,
Candace Avalos,Peggy Sue Owens,Deian Salazar,Timur Ender,Loretta Smith,Cayle Tern
Steph Routh,Timur Ender,Candace Avalos,Cayle Tern,,
Doug Clove,Jamie Dunphy,Noah Ernst,David Linn,Joe Furi,Timur Ender
Doug Clove,Candace Avalos,Loretta Smith,Joe Furi,,
,,,,,
Peggy Sue Owens,,,,,
Peggy Sue Owens,Timur Ender,Noah Ernst,Candace Avalos,Joe Allen,David Linn
Terrence Hayes,Thomas Shervey,Doug Clove,Joe Allen,,
Loretta Smith,Timur Ender,Noah Ernst,Cayle Tern,Doug Clove,Steph Routh
Thomas Shervey,Jamie Dunphy,David Linn,Joe Allen,,
Jamie Dunphy,Candace Avalos,Steph Routh,Noah Ernst,Deian Salazar,Terrence Hayes
Jamie Dunphy,Noah Ernst,Steph Routh,Terrence Hayes,,
Steph Routh,,,,,
Timur Ender,Michael (Mike) Sands,Loretta Smith,,,
Noah Ernst,Loretta Smith,Terrence Hayes,,,
Jamie Dunphy,Steph Routh,Cayle Tern,,,
Terrence Hayes,David Linn,Timur Ender,Loretta Smith,Steph Routh,Cayle Tern
Steph Routh,Timur Ender,Jamie Dunphy,Candace Avalos,Write-in-120,
Timur Ender,Candace Avalos,David Linn,Cayle Tern,,
Candace Avalos,David Linn,Loretta Smith,Timur Ender,Steph Routh,Thomas Shervey
Candace Avalos,Loretta Smith,Terrence Hayes,Steph Routh,Timur Ender,Jamie Dunphy
Joe Allen,Noah Ernst,Michael (Mike) Sands,Terrence Hayes,Thomas Shervey,Doug Clove
Terrence Hayes,Loretta Smith,Deian Salazar,Cayle Tern,David Linn,Noah Ernst
Candace Avalos,Timur Ender,Loretta Smith,Jamie Dunphy,,
Loretta Smith,Noah Ernst,Terrence Hayes,Joe Furi,Doug Clove,
Timur Ender,Cayle Tern,Candace Avalos,,,
Doug Clove,Noah Ernst,Thomas Shervey,Terrence Hayes,Peggy Sue Owens,
Timur Ender,Loretta Smith,Terrence Hayes,Candace Avalos,Noah Ernst,Michael (Mike) Sands
Loretta Smith,Terrence Hayes,Joe Allen,Noah Ernst,Peggy Sue Owens,Candace Avalos
Candace Avalos,Jamie Dunphy,Steph Routh,David Linn,,
Timur Ender,Steph Routh,Jamie Dunphy,David Linn,Noah Ernst,Candace Avalos
Candace Avalos,Terrence Hayes,Noah Ernst,Timur Ender,,
Loretta Smith,Steph Routh,David Linn,Joe Allen,,
Doug Clove,Joe Furi,Deian Salazar,David Linn,Loretta Smith,Michael (Mike) Sands
Jamie Dunphy,Candace Avalos,,,,
Terrence Hayes,,,,,
Loretta Smith,Terrence Hayes,Timur Ender,Candace Avalos,Jamie Dunphy,Steph Routh
Terrence Hayes,Noah Ernst,Doug Clove,,,
Joe Allen,Peggy Sue Owens,David Linn,Steph Routh,Joe Furi,Terrence Hayes
Terrence Hayes,Jamie Dunphy,Loretta Smith,Joe Furi,Doug Clove,Candace Avalos
Candace Avalos,Michael (Mike) Sands,Steph Routh,Jamie Dunphy,Cayle Tern,
Timur Ender,Terrence Hayes,,,,
Loretta Smith,Terrence Hayes,Candace Avalos,Jamie Dunphy,Deian Salazar,
Terrence Hayes,Loretta Smith,,,,
Noah Ernst,Doug Clove,David Linn,Terrence Hayes,Jamie Dunphy,Steph Routh
Loretta Smith,Thomas Shervey,,,,
,,,,,
Doug Clove,Deian Salazar,Thomas Shervey,,,
David Linn,Timur Ender,Cayle Tern,Candace Avalos,,
Jamie Dunphy,Timur Ender,Deian Salazar,Cayle Tern,Candace Avalos,Michael (Mike) Sands
Steph Routh,Jamie Dunphy,Doug Clove,Timur Ender,,
Candace Avalos,Steph Routh,Jamie Dunphy,Timur Ender,Cayle Tern,
Steph Routh,Jamie Dunphy,Candace Avalos,Thomas Shervey,Terrence Hayes,David Linn
Jamie Dunphy,Candace Avalos,Steph Routh,,,
Candace Avalos,Jamie Dunphy,Steph Routh,,,
Loretta Smith,Timur Ender,Steph Routh,Candace Avalos,Terrence Hayes,
Peggy Sue Owens,Doug Clove,Jamie Dunphy,Deian Salazar,,
Candace Avalos,Steph Routh,Jamie Dunphy,Timur Ender,,
Jamie Dunphy,Candace Avalos,Joe Furi,Cayle Tern,,
Loretta Smith,Steph Routh,Terrence Hayes,,,
Loretta Smith,Candace Avalos,David Linn,Steph Routh,Timur Ender,Jamie Dunphy
Jamie Dunphy,Candace Avalos,Steph Routh,Loretta Smith,Timur Ender,Cayle Tern
Jamie Dunphy,Candace Avalos,Loretta Smith,Steph Routh,,
Terrence Hayes,Noah Ernst,Doug Clove,,,
Loretta Smith,Michael (Mike) Sands,Deian Salazar,Jamie Dunphy,Joe Allen,David Linn
Candace Avalos,Timur Ender,Doug Clove,Noah Ernst,Joe Allen,
Candace Avalos,Timur Ender,Cayle Tern,Steph Routh,Jamie Dunphy,
Candace Avalos,Cayle Tern,Timur Ender,,,
Thomas Shervey,Joe Allen,Doug Clove,Peggy Sue Owens,Noah Ernst,Write-in-122
Candace Avalos,Timur Ender,Deian Salazar,Joe Furi,Cayle Tern,Peggy Sue Owens
Noah Ernst,Terrence Hayes,Candace Avalos,Steph Routh,,
Candace Avalos,,,,,
Peggy Sue Owens,Loretta Smith,Jamie Dunphy,Candace Avalos,Cayle Tern,Michael (Mike) Sands
Loretta Smith,,,,,
Loretta Smith,Cayle Tern,Noah Ernst,Terrence Hayes,,
Terrence Hayes,Deian Salazar,Loretta Smith,David Linn,Peggy Sue Owens,Noah Ernst
Noah Ernst,Candace Avalos,Peggy Sue Owens,Cayle Tern,Terrence Hayes,Joe Allen
Steph Routh,Candace Avalos,David Linn,Jamie Dunphy,Cayle Tern,Timur Ender
Timur Ender,Candace Avalos,Joe Allen,Michael (Mike) Sands,Cayle Tern,Terrence Hayes
Terrence Hayes,Noah Ernst,,,,
Doug Clove,Loretta Smith,Noah Ernst,,,
Doug Clove,Thomas Shervey,Loretta Smith,Noah Ernst,Terrence Hayes,Michael (Mike) Sands
Terrence Hayes,Loretta Smith,Jamie Dunphy,,,
Peggy Sue Owens,Cayle Tern,Candace Avalos,Jamie Dunphy,Joe Allen,Terrence Hayes
Loretta Smith,David Linn,Jamie Dunphy,Noah Ernst,Doug Clove,Terrence Hayes
Jamie Dunphy,Loretta Smith,Timur Ender,Candace Avalos,Steph Routh,Joe Allen
Steph Routh,Jamie Dunphy,Thomas Shervey,Candace Avalos,Deian Salazar,Terrence Hayes
,,,,,
Timur Ender,Steph Routh,Candace Avalos,,,
Michael (Mike) Sands,Loretta Smith,Noah Ernst,,,
Loretta Smith,Candace Avalos,Doug Clove,Steph Routh,Terrence Hayes,
Doug Clove,Deian Salazar,Loretta Smith,,,
Loretta Smith,Jamie Dunphy,Terrence Hayes,Steph Routh,David Linn,Deian Salazar
Loretta Smith,Terrence Hayes,Candace Avalos,,,
Cayle Tern,Candace Avalos,Loretta Smith,Terrence Hayes,,
Timur Ender,,,,,
Terrence Hayes,Loretta Smith,,,,
Thomas Shervey,Steph Routh,,,,
Steph Routh,Jamie Dunphy,Noah Ernst,,,
Noah Ernst,Candace Avalos,Loretta Smith,,,
Cayle Tern,Deian Salazar,Michael (Mike) Sands,Terrence Hayes,Loretta Smith,Jamie Dunphy
Michael (Mike) Sands,,,,,
Noah Ernst,Terrence Hayes,Timur Ender,Deian Salazar,,
Jamie Dunphy,,,,,
Candace Avalos,Jamie Dunphy,Loretta Smith,Thomas Shervey,Timur Ender,Noah Ernst
Terrence Hayes,Noah Ernst,Doug Clove,,,
Jamie Dunphy,,,,,
Loretta Smith,Steph Routh,,,,
Candace Avalos,,,,,
Peggy Sue Owens,,,,,
Candace Avalos,Timur Ender,Steph Routh,Loretta Smith,,
Steph Routh,,,,,
Terrence Hayes,Steph Routh,David Linn,,,
Doug Clove,Loretta Smith,Terrence Hayes,Deian Salazar,,
Joe Allen,David Linn,Peggy Sue Owens,Deian Salazar,Thomas Shervey,Steph Routh
David Linn,,,,,
Jamie Dunphy,Candace Avalos,Steph Routh,David Linn,Deian Salazar,Timur Ender
Cayle Tern,,,,,
Terrence Hayes,Noah Ernst,Candace Avalos,,,
Deian Salazar,,,,,
Loretta Smith,Terrence Hayes,Candace Avalos,Jamie Dunphy,Timur Ender,Peggy Sue Owens
Joe Allen,Deian Salazar,Thomas Shervey,Jamie Dunphy,Loretta Smith,Joe Furi
Candace Avalos,Deian Salazar,Loretta Smith,,,
Joe Furi,Doug Clove,Noah Ernst,,,
Peggy Sue Owens,Deian Salazar,Steph Routh,,,
Candace Avalos,Jamie Dunphy,Loretta Smith,Steph Routh,Terrence Hayes,
Terrence Hayes,Loretta Smith,Candace Avalos,,,
Timur Ender,Noah Ernst,Terrence Hayes,Loretta Smith,Joe Allen,David Linn
Candace Avalos,Jamie Dunphy,,,,
Loretta Smith,Timur Ender,Noah Ernst,Cayle Tern,Doug Clove,Steph Routh
Timur Ender,Cayle Tern,Candace Avalos,Jamie Dunphy,David Linn,Deian Salazar
Loretta Smith,Terrence Hayes,Steph Routh,Deian Salazar,,
Loretta Smith,Terrence Hayes,Steph Routh,Thomas Shervey,Jamie Dunphy,Candace Avalos
David Linn,,,,,
Doug Clove,Noah Ernst,Terrence Hayes,David Linn,Timur Ender,Joe Furi
Jamie Dunphy,Candace Avalos,Steph Routh,Noah Ernst,David Linn,Loretta Smith
Steph Routh,Candace Avalos,Loretta Smith,Terrence Hayes,Jamie Dunphy,
Joe Allen,Doug Clove,Peggy Sue Owens,Noah Ernst,Thomas Shervey,David Linn
Jamie Dunphy,Steph Routh,Candace Avalos,Timur Ender,Cayle Tern,Loretta Smith
Steph Routh,Jamie Dunphy,David Linn,,,
Candace Avalos,Cayle Tern,David Linn,Steph Routh,Jamie Dunphy,
Steph Routh,Candace Avalos,Loretta Smith,Terrence Hayes,Timur Ender,
Doug Clove,Timur Ender,David Linn,Michael (Mike) Sands,,
Candace Avalos,,,,,
Doug Clove,Loretta Smith,Terrence Hayes,Deian Salazar,,
Loretta Smith,Terrence Hayes,Timur Ender,Thomas Shervey,,
Noah Ernst,Terrence Hayes,Steph Routh,,,
,,,,,
Loretta Smith,,,,,
Terrence Hayes,Candace Avalos,David Linn,Cayle Tern,Doug Clove,Joe Furi
Cayle Tern,David Linn,Terrence Hayes,Jamie Dunphy,,
Candace Avalos,Jamie Dunphy,Timur Ender,Steph Routh,Terrence Hayes,David Linn
Doug Clove,,,,,
Steph Routh,Candace Avalos,Loretta Smith,,,
Peggy Sue Owens,Timur Ender,Noah Ernst,Candace Avalos,Joe Allen,
Noah Ernst,,,,,
Michael (Mike) Sands,Steph Routh,Thomas Shervey,Jamie Dunphy,,
Deian Salazar,Doug Clove,Joe Furi,Candace Avalos,David Linn,Steph Routh
Steph Routh,,,,,
Loretta Smith,Terrence Hayes,Candace Avalos,,,
Jamie Dunphy,Steph Routh,Candace Avalos,,,
Terrence Hayes,Loretta Smith,,,,
Candace Avalos,Steph Routh,Timur Ender,Jamie Dunphy,Joe Furi,Loretta Smith
Jamie Dunphy,Candace Avalos,Steph Routh,Cayle Tern,Peggy Sue Owens,Joe Furi
Terrence Hayes,Steph Routh,Thomas Shervey,Timur Ender,,
Doug Clove,Loretta Smith,,,,
Peggy Sue Owens,Candace Avalos,David Linn,Deian Salazar,Noah Ernst,Joe Furi
Timur Ender,Cayle Tern,Michael (Mike) Sands,Thomas Shervey,Jamie Dunphy,Joe Allen
Peggy Sue Owens,Michael (Mike) Sands,Loretta Smith,,,
Candace Avalos,Cayle Tern,Timur Ender,Steph Routh,Jamie Dunphy,Terrence Hayes
Noah Ernst,,,,,
Steph Routh,Loretta Smith,Timur Ender,Candace Avalos,Jamie Dunphy,Terrence Hayes
Loretta Smith,Jamie Dunphy,Deian Salazar,,,
Loretta Smith,,,,,
Candace Avalos,Steph Routh,Timur Ender,Write-in-120,Cayle Tern,Terrence Hayes
Deian Salazar,,,,,
Michael (Mike) Sands,Joe Furi,Thomas Shervey,David Linn,Timur Ender,Cayle Tern
Joe Furi,Thomas Shervey,Terrence Hayes,Joe Allen,Cayle Tern,Jamie Dunphy
Terrence Hayes,Noah Ernst,Loretta Smith,,,
Loretta Smith,,,,,
Steph Routh,Loretta Smith,,,,
Cayle Tern,Loretta Smith,Candace Avalos,Deian Salazar,Timur Ender,Jamie Dunphy
Noah Ernst,Joe Furi,Loretta Smith,Deian Salazar,Cayle Tern,Candace Avalos
Terrence Hayes,Noah Ernst,Loretta Smith,,,
Loretta Smith,Peggy Sue Owens,Joe Allen,,,
Candace Avalos,Cayle Tern,Timur Ender,,,
Loretta Smith,Terrence Hayes,Candace Avalos,Noah Ernst,Timur Ender,Steph Routh
Peggy Sue Owens,Candace Avalos,Cayle Tern,Loretta Smith,Joe Allen,Jamie Dunphy
Candace Avalos,Steph Routh,Timur Ender,Jamie Dunphy,Michael (Mike) Sands,Loretta Smith
Loretta Smith,Jamie Dunphy,Steph Routh,Timur Ender,Candace Avalos,Terrence Hayes
Joe Allen,Peggy Sue Owens,Michael (Mike) Sands,Thomas Shervey,Steph Routh,David Linn
Michael (Mike) Sands,Loretta Smith,Steph Routh,Jamie Dunphy,Timur Ender,Candace Avalos
,,,,,
Michael (Mike) Sands,David Linn,Joe Allen,Terrence Hayes,Steph Routh,Peggy Sue Owens
Jamie Dunphy,Terrence Hayes,David Linn,Steph Routh,Loretta Smith,
Jamie Dunphy,Candace Avalos,Steph Routh,,,
Thomas Shervey,Candace Avalos,Steph Routh,Peggy Sue Owens,David Linn,Joe Furi
Noah Ernst,,,,,
Timur Ender,Candace Avalos,,,,
Candace Avalos,Loretta Smith,Cayle Tern,Doug Clove,Jamie Dunphy,Noah Ernst
Peggy Sue Owens,Noah Ernst,Deian Salazar,,,
Jamie Dunphy,Candace Avalos,Steph Routh,Noah Ernst,,
Loretta Smith,Terrence Hayes,Candace Avalos,Cayle Tern,,
Steph Routh,Jamie Dunphy,,,,
David Linn,Timur Ender,Steph Routh,,,
Steph Routh,Jamie Dunphy,Candace Avalos,,,
Loretta Smith,Jamie Dunphy,Terrence Hayes,David Linn,Timur Ender,
Timur Ender,Michael (Mike) Sands,Terrence Hayes,Steph Routh,Candace Avalos,
Terrence Hayes,Loretta Smith,,,,
Steph Routh,Candace Avalos,Timur Ender,,,
Jamie Dunphy,Candace Avalos,Steph Routh,Terrence Hayes,Noah Ernst,
Steph Routh,Candace Avalos,Jamie Dunphy,,,
Loretta Smith,,,,,
Doug Clove,David Linn,Timur Ender,,,
Deian Salazar,Michael (Mike) Sands,Noah Ernst,,,
Steph Routh,Candace Avalos,Timur Ender,,,
Terrence Hayes,,,,,
Michael (Mike) Sands,,,,,
Loretta Smith,,,,,
Steph Routh,Terrence Hayes,Thomas Shervey,,,
Steph Routh,Candace Avalos,Jamie Dunphy,Timur Ender,,
Jamie Dunphy,Candace Avalos,Cayle Tern,Terrence Hayes,Steph Routh,Loretta Smith
David Linn,,,,,
Michael (Mike) Sands,,,,,
Candace Avalos,Cayle Tern,David Linn,,,
Steph Routh,Jamie Dunphy,Loretta Smith,,,
Noah Ernst,,,,,
Noah Ernst,Doug Clove,Jamie Dunphy,Thomas Shervey,Michael (Mike) Sands,Joe Allen
Jamie Dunphy,Candace Avalos,Steph Routh,Loretta Smith,,
Candace Avalos,Cayle Tern,Noah Ernst,,,
Deian Salazar,Noah Ernst,,,,
Candace Avalos,Steph Routh,Timur Ender,,,
Thomas Shervey,Candace Avalos,Timur Ender,Jamie Dunphy,David Linn,
David Linn,Cayle Tern,Jamie Dunphy,Steph Routh,,
Jamie Dunphy,,,,,
Joe Allen,,,,,
Terrence Hayes,Noah Ernst,Loretta Smith,Timur Ender,,
Noah Ernst,Doug Clove,David Linn,,,
Noah Ernst,Timur Ender,David Linn,Cayle Tern,Candace Avalos,Deian Salazar
Loretta Smith,,,,,
Candace Avalos,Timur Ender,Steph Routh,Jamie Dunphy,Cayle Tern,David Linn
Jamie Dunphy,,,,,
Candace Avalos,Steph Routh,Timur Ender,Jamie Dunphy,Cayle Tern,Michael (Mike) Sands
Candace Avalos,Timur Ender,Steph Routh,Jamie Dunphy,Terrence Hayes,Noah Ernst
Steph Routh,Jamie Dunphy,Timur Ender,Terrence Hayes,Candace Avalos,David Linn
Jamie Dunphy,Candace Avalos,,,,
Loretta Smith,Noah Ernst,Doug Clove,David Linn,Michael (Mike) Sands,Terrence Hayes
Loretta Smith,Candace Avalos,Terrence Hayes,Steph Routh,,
Loretta Smith,Terrence Hayes,Candace Avalos,Deian Salazar,Thomas Shervey,Joe Furi
Jamie Dunphy,Steph Routh,Candace Avalos,,,
Steph Routh,Candace Avalos,Timur Ender,Noah Ernst,Loretta Smith,Peggy Sue Owens
Terrence Hayes,Jamie Dunphy,Steph Routh,Timur Ender,Candace Avalos,Noah Ernst
Noah Ernst,Doug Clove,Joe Furi,Terrence Hayes,Loretta Smith,
Noah Ernst,Terrence Hayes,Doug Clove,David Linn,Joe Allen,Thomas Shervey
Joe Allen,Joe Furi,,,,
Doug Clove,Terrence Hayes,Noah Ernst,,,
Terrence Hayes,,,,,
Steph Routh,Peggy Sue Owens,Joe Allen,Joe Furi,Thomas Shervey,Jamie Dunphy
Candace Avalos,Cayle Tern,Timur Ender,,,
Timur Ender,,,,,
Steph Routh,Timur Ender,Candace Avalos,Cayle Tern,Deian Salazar,Loretta Smith
Thomas Shervey,,,,,
Steph Routh,Timur Ender,Jamie Dunphy,Candace Avalos,Doug Clove,Terrence Hayes
Cayle Tern,Candace Avalos,Steph Routh,Loretta Smith,David Linn,Doug Clove
Candace Avalos,,,,,
Loretta Smith,Jamie Dunphy,David Linn,,,
Loretta Smith,Jamie Dunphy,Steph Routh,,,
Candace Avalos,Loretta Smith,Timur Ender,Steph Routh,Terrence Hayes,Cayle Tern
Candace Avalos,Timur Ender,Thomas Shervey,,,
Candace Avalos,Steph Routh,Timur Ender,,,
Candace Avalos,Cayle Tern,Timur Ender,,,
Terrence Hayes,Noah Ernst,Joe Furi,Loretta Smith,Doug Clove,Write-in-122
Candace Avalos,Cayle Tern,Steph Routh,,,
Candace Avalos,Jamie Dunphy,Steph Routh,David Linn,Noah Ernst,
Candace Avalos,Noah Ernst,David Linn,Loretta Smith,Steph Routh,Jamie Dunphy
Candace Avalos,Timur Ender,Steph Routh,Michael (Mike) Sands,Doug Clove,Joe Allen
Jamie Dunphy,Candace Avalos,Terrence Hayes,Steph Routh,,
Candace Avalos,Timur Ender,Jamie Dunphy,Cayle Tern,,
Loretta Smith,,,,,
Loretta Smith,Candace Avalos,Cayle Tern,,,
Michael (Mike) Sands,Terrence Hayes,Noah Ernst,,,
Candace Avalos,Jamie Dunphy,Steph Routh,,,
Noah Ernst,,,,,
Jamie Dunphy,Steph Routh,Candace Avalos,Timur Ender,Cayle Tern,
Terrence Hayes,Jamie Dunphy,Steph Routh,Cayle Tern,Timur Ender,Noah Ernst
Steph Routh,David Linn,Terrence Hayes,Thomas Shervey,Cayle Tern,
Loretta Smith,Timur Ender,Steph Routh,Michael (Mike) Sands,Jamie Dunphy,Joe Allen
Terrence Hayes,Loretta Smith,Jamie Dunphy,Deian Salazar,Candace Avalos,
Doug Clove,Steph Routh,,,,
Candace Avalos,Timur Ender,Steph Routh,,,
Terrence Hayes,Thomas Shervey,Noah Ernst,,,
Steph Routh,Loretta Smith,Candace Avalos,Michael (Mike) Sands,Deian Salazar,
David Linn,Loretta Smith,Steph Routh,,,
Candace Avalos,Timur Ender,Steph Routh,Cayle Tern,,
Candace Avalos,Timur Ender,Jamie Dunphy,Doug Clove,Steph Routh,David Linn
Jamie Dunphy,Steph Routh,Candace Avalos,Noah Ernst,,
Joe Furi,Doug Clove,,,,
Jamie Dunphy,Steph Routh,Deian Salazar,Michael (Mike) Sands,Noah Ernst,Timur Ender
Candace Avalos,Jamie Dunphy,Steph Routh,Loretta Smith,,
Loretta Smith,Terrence Hayes,Timur Ender,Steph Routh,Noah Ernst,Candace Avalos
Steph Routh,Jamie Dunphy,Candace Avalos,Timur Ender,,
Michael (Mike) Sands,Loretta Smith,Terrence Hayes,Peggy Sue Owens,,
Loretta Smith,Steph Routh,Jamie Dunphy,,,
Doug Clove,,,,,
Steph Routh,Loretta Smith,Terrence Hayes,Doug Clove,Peggy Sue Owens,Michael (Mike) Sands
Noah Ernst,Terrence Hayes,Doug Clove,Loretta Smith,,
Steph Routh,Loretta Smith,Candace Avalos,Peggy Sue Owens,Terrence Hayes,Jamie Dunphy
Michael (Mike) Sands,,,,,
Timur Ender,Loretta Smith,Doug Clove,Terrence Hayes,Jamie Dunphy,Steph Routh
Candace Avalos,Cayle Tern,Timur Ender,,,
Candace Avalos,Jamie Dunphy,Steph Routh,Timur Ender,Terrence Hayes,Loretta Smith
Candace Avalos,Jamie Dunphy,Steph Routh,Terrence Hayes,Cayle Tern,
Joe Allen,Cayle Tern,Noah Ernst,Michael (Mike) Sands,Timur Ender,Steph Routh
Candace Avalos,Timur Ender,,,,
Thomas Shervey,,,,,
Terrence Hayes,Thomas Shervey,Peggy Sue Owens,Cayle Tern,Loretta Smith,Steph Routh
Steph Routh,Timur Ender,Candace Avalos,Loretta Smith,,
Candace Avalos,Loretta Smith,Steph Routh,,,
Timur Ender,Steph Routh,Loretta Smith,Candace Avalos,Cayle Tern,Jamie Dunphy
Candace Avalos,Steph Routh,Timur Ender,Cayle Tern,Loretta Smith,Jamie Dunphy
Steph Routh,Jamie Dunphy,Candace Avalos,Timur Ender,Noah Ernst,David Linn
David Linn,Peggy Sue Owens,Jamie Dunphy,,,
Noah Ernst,Terrence Hayes,Steph Routh,,,
Timur Ender,Candace Avalos,Loretta Smith,Terrence Hayes,Steph Routh,Joe Furi
Loretta Smith,,,,,
Noah Ernst,Candace Avalos,Loretta Smith,,,
Jamie Dunphy,Candace Avalos,Steph Routh,,,
Doug Clove,,,,,
Candace Avalos,Jamie Dunphy,Steph Routh,Timur Ender,Cayle Tern,David Linn
Steph Routh,Timur Ender,David Linn,Joe Allen,Jamie Dunphy,Terrence Hayes
Loretta Smith,Timur Ender,Terrence Hayes,,,
Terrence Hayes,,,,,
Candace Avalos,Steph Routh,Timur Ender,Jamie Dunphy,,
Peggy Sue Owens,Cayle Tern,Noah Ernst,Candace Avalos,Joe Furi,Deian Salazar
Doug Clove,Michael (Mike) Sands,Noah Ernst,,,
David Linn,,,,,
Terrence Hayes,Loretta Smith,,,,
David Linn,Jamie Dunphy,Terrence Hayes,,,
Jamie Dunphy,Terrence Hayes,Steph Routh,Doug Clove,David Linn,Candace Avalos
Candace Avalos,Steph Routh,Timur Ender,Cayle Tern,Jamie Dunphy,David Linn
Timur Ender,Deian Salazar,,,,
Deian Salazar,,,,,
Terrence Hayes,Noah Ernst,Joe Furi,Loretta Smith,Doug Clove,Write-in-121
Candace Avalos,Steph Routh,Jamie Dunphy,,,
Loretta Smith,,,,,
Steph Routh,Loretta Smith,Terrence Hayes,Candace Avalos,Jamie Dunphy,
Terrence Hayes,Noah Ernst,Joe Furi,Loretta Smith,Doug Clove,Write-in-120
Noah Ernst,,,,,
Terrence Hayes,Thomas Shervey,,,,
Terrence Hayes,Noah Ernst,Joe Furi,Loretta Smith,Doug Clove,Write-in-120
Jamie Dunphy,Noah Ernst,Timur Ender,,,
Candace Avalos,Timur Ender,Steph Routh,Terrence Hayes,Cayle Tern,Noah Ernst
Michael (Mike) Sands,,,,,
Candace Avalos,Timur Ender,Loretta Smith,Terrence Hayes,Steph Routh,David Linn
,,,,,
Write-in-120,Write-in-121,Write-in-122,,,
Candace Avalos,Timur Ender,Terrence Hayes,Deian Salazar,Doug Clove,Jamie Dunphy
Jamie Dunphy,Candace Avalos,Steph Routh,,,
Candace Avalos,Timur Ender,Doug Clove,Steph Routh,Loretta Smith,Jamie Dunphy
Timur Ender,David Linn,Michael (Mike) Sands,,,
Loretta Smith,Steph Routh,Terrence Hayes,,,
Doug Clove,Peggy Sue Owens,Noah Ernst,David Linn,Joe Allen,Jamie Dunphy
Candace Avalos,Loretta Smith,Jamie Dunphy,,,
Loretta Smith,Terrence Hayes,Steph Routh,,,
Peggy Sue Owens,Candace Avalos,Jamie Dunphy,Steph Routh,Cayle Tern,Deian Salazar
Deian Salazar,Doug Clove,Noah Ernst,Joe Furi,,
Candace Avalos,Timur Ender,Steph Routh,Jamie Dunphy,,
Candace Avalos,Steph Routh,Timur Ender,Jamie Dunphy,Cayle Tern,
Candace Avalos,Jamie Dunphy,Steph Routh,Timur Ender,David Linn,Michael (Mike) Sands
Deian Salazar,Terrence Hayes,Thomas Shervey,,,
Timur Ender,Joe Furi,Terrence Hayes,,,
Terrence Hayes,Jamie Dunphy,,,,
Cayle Tern,Joe Allen,Loretta Smith,Terrence Hayes,Noah Ernst,Jamie Dunphy
Terrence Hayes,Loretta Smith,Noah Ernst,,,
Loretta Smith,Jamie Dunphy,Candace Avalos,,,
Terrence Hayes,,,,,
Jamie Dunphy,Candace Avalos,Steph Routh,,,
Candace Avalos,,,,,
Candace Avalos,David Linn,Doug Clove,Deian Salazar,Terrence Hayes,Joe Furi
Loretta Smith,David Linn,Doug Clove,Jamie Dunphy,Terrence Hayes,Candace Avalos
Terrence Hayes,Michael (Mike) Sands,Loretta Smith,Timur Ender,Candace Avalos,
Terrence Hayes,Loretta Smith,,,,
Terrence Hayes,Noah Ernst,Loretta Smith,,,
Joe Allen,Noah Ernst,Michael (Mike) Sands,Terrence Hayes,Thomas Shervey,Doug Clove
Terrence Hayes,,,,,
Loretta Smith,Steph Routh,Terrence Hayes,Timur Ender,Candace Avalos,Noah Ernst
Candace Avalos,Jamie Dunphy,Noah Ernst,Steph Routh,David Linn,Loretta Smith
Noah Ernst,,,,,
Doug Clove,Jamie Dunphy,Michael (Mike) Sands,Candace Avalos,,
Candace Avalos,Jamie Dunphy,Terrence Hayes,Loretta Smith,Steph Routh,Noah Ernst
Noah Ernst,Terrence Hayes,Loretta Smith,,,
Loretta Smith,Candace Avalos,Terrence Hayes,Steph Routh,David Linn,Jamie Dunphy
Loretta Smith,,,,,
Jamie Dunphy,Candace Avalos,Loretta Smith,Steph Routh,Terrence Hayes,Doug Clove
Michael (Mike) Sands,,,,,
Candace Avalos,Jamie Dunphy,Loretta Smith,Terrence Hayes,Noah Ernst,Steph Routh
Candace Avalos,Timur Ender,Cayle Tern,,,
Loretta Smith,Steph Routh,Terrence Hayes,,,
Jamie Dunphy,Michael (Mike) Sands,David Linn,Cayle Tern,Joe Allen,Timur Ender
Candace Avalos,Terrence Hayes,Cayle Tern,David Linn,Steph Routh,Timur Ender
Steph Routh,Candace Avalos,Timur Ender,Jamie Dunphy,David Linn,Cayle Tern
Loretta Smith,Peggy Sue Owens,Noah Ernst,Joe Allen,David Linn,Michael (Mike) Sands
Steph Routh,Candace Avalos,Jamie Dunphy,David Linn,Cayle Tern,
Loretta Smith,Terrence Hayes,Candace Avalos,,,
Loretta Smith,Candace Avalos,Peggy Sue Owens,Joe Furi,Jamie Dunphy,Cayle Tern
Loretta Smith,Terrence Hayes,Steph Routh,Thomas Shervey,Deian Salazar,Timur Ender
Jamie Dunphy,Terrence Hayes,Timur Ender,Candace Avalos,Steph Routh,Cayle Tern
Jamie Dunphy,Candace Avalos,Steph Routh,Noah Ernst,David Linn,Loretta Smith
Loretta Smith,Steph Routh,Doug Clove,Cayle Tern,Timur Ender,Noah Ernst
Loretta Smith,Timur Ender,Peggy Sue Owens,Candace Avalos,Cayle Tern,Jamie Dunphy
Doug Clove,Thomas Shervey,Loretta Smith,Jamie Dunphy,,
Michael (Mike) Sands,,,,,
Candace Avalos,Loretta Smith,Terrence Hayes,,,
,,,,,
Timur Ender,Candace Avalos,Cayle Tern,Deian Salazar,Loretta Smith,Jamie Dunphy
Terrence Hayes,Noah Ernst,Loretta Smith,Timur Ender,Jamie Dunphy,David Linn
Candace Avalos,Steph Routh,Timur Ender,Jamie Dunphy,Peggy Sue Owens,
Terrence Hayes,Noah Ernst,Candace Avalos,Loretta Smith,,
Loretta Smith,Terrence Hayes,Steph Routh,,,
Peggy Sue Owens,Noah Ernst,Michael (Mike) Sands,Steph Routh,Terrence Hayes,Loretta Smith
Timur Ender,Jamie Dunphy,Joe Furi,Steph Routh,Loretta Smith,Doug Clove
Loretta Smith,Noah Ernst,Terrence Hayes,Joe Furi,Candace Avalos,Thomas Shervey
Candace Avalos,Steph Routh,Cayle Tern,Timur Ender,,
Terrence Hayes,Loretta Smith,Candace Avalos,Timur Ender,Steph Routh,Jamie Dunphy
Jamie Dunphy,Candace Avalos,Steph Routh,Loretta Smith,,
Joe Allen,Joe Furi,Peggy Sue Owens,Cayle Tern,Candace Avalos,Michael (Mike) Sands
Candace Avalos,Loretta Smith,Deian Salazar,Steph Routh,,
Candace Avalos,Timur Ender,Steph Routh,Cayle Tern,Terrence Hayes,Loretta Smith
Noah Ernst,David Linn,Jamie Dunphy,,,
Candace Avalos,Steph Routh,Loretta Smith,,,
Loretta Smith,Peggy Sue Owens,Doug Clove,,,
Loretta Smith,Terrence Hayes,Candace Avalos,Jamie Dunphy,Deian Salazar,
Steph Routh,Doug Clove,Loretta Smith,Terrence Hayes,Noah Ernst,David Linn
Steph Routh,Jamie Dunphy,Candace Avalos,Noah Ernst,David Linn,Terrence Hayes
Jamie Dunphy,Candace Avalos,Steph Routh,Noah Ernst,David Linn,Terrence Hayes
Noah Ernst,Doug Clove,Timur Ender,Terrence Hayes,Steph Routh,Jamie Dunphy
Timur Ender,David Linn,Terrence Hayes,Steph Routh,Doug Clove,Cayle Tern
Candace Avalos,Steph Routh,Timur Ender,Jamie Dunphy,,
Candace Avalos,Terrence Hayes,Doug Clove,Loretta Smith,Timur Ender,Joe Allen
Loretta Smith,Candace Avalos,Timur Ender,Cayle Tern,Michael (Mike) Sands,David Linn
Loretta Smith,Noah Ernst,Joe Allen,Terrence Hayes,Doug Clove,Jamie Dunphy
Jamie Dunphy,Candace Avalos,Steph Routh,Timur Ender,Cayle Tern,Noah Ernst
Candace Avalos,Steph Routh,Jamie Dunphy,,,
Timur Ender,Candace Avalos,Steph Routh,Jamie Dunphy,Loretta Smith,Terrence Hayes
Doug Clove,Joe Furi,,,,
Loretta Smith,Candace Avalos,,,,
Doug Clove,Loretta Smith,David Linn,Noah Ernst,,
Steph Routh,Candace Avalos,Jamie Dunphy,Noah Ernst,,
Jamie Dunphy,Timur Ender,Loretta Smith,Terrence Hayes,,
Candace Avalos,Steph Routh,Timur Ender,Jamie Dunphy,Cayle Tern,David Linn
Jamie Dunphy,Candace Avalos,Timur Ender,,,
Jamie Dunphy,Steph Routh,Candace Avalos,,,
Peggy Sue Owens,Loretta Smith,Joe Furi,Joe Allen,,
Timur Ender,David Linn,Steph Routh,,,
Timur Ender,Steph Routh,Jamie Dunphy,,,
Candace Avalos,Cayle Tern,Timur Ender,Jamie Dunphy,David Linn,Steph Routh
Steph Routh,Noah Ernst,,,,
Terrence Hayes,Loretta Smith,Jamie Dunphy,Steph Routh,,
Jamie Dunphy,Thomas Shervey,Doug Clove,Deian Salazar,David Linn,Joe Furi
Loretta Smith,Terrence Hayes,Steph Routh,Candace Avalos,,
Noah Ernst,,,,,
Jamie Dunphy,Steph Routh,Candace Avalos,,,
Steph Routh,Jamie Dunphy,Cayle Tern,Candace Avalos,Noah Ernst,David Linn
Terrence Hayes,Deian Salazar,Noah Ernst,Joe Allen,Loretta Smith,Joe Furi
Steph Routh,Jamie Dunphy,Loretta Smith,,,
Candace Avalos,Noah Ernst,Terrence Hayes,,,
Terrence Hayes,David Linn,Joe Furi,Noah Ernst,Steph Routh,Deian Salazar
Loretta Smith,Thomas Shervey,Deian Salazar,Joe Allen,David Linn,Steph Routh
Steph Routh,Candace Avalos,Timur Ender,Jamie Dunphy,Doug Clove,Michael (Mike) Sands
Noah Ernst,Terrence Hayes,Joe Furi,Loretta Smith,Doug Clove,
Terrence Hayes,Loretta Smith,,,,
Terrence Hayes,Cayle Tern,Michael (Mike) Sands,Jamie Dunphy,Joe Allen,Timur Ender
Steph Routh,Timur Ender,Loretta Smith,Noah Ernst,Candace Avalos,Michael (Mike) Sands
Terrence Hayes,Noah Ernst,,,,
Candace Avalos,Steph Routh,Timur Ender,Jamie Dunphy,,
Steph Routh,Jamie Dunphy,Candace Avalos,Timur Ender,Noah Ernst,Cayle Tern
Michael (Mike) Sands,,,,,
Jamie Dunphy,Steph Routh,Candace Avalos,Timur Ender,Loretta Smith,Joe Allen
Steph Routh,,,,,
Deian Salazar,Joe Furi,Loretta Smith,,,
Timur Ender,,,,,
Candace Avalos,Terrence Hayes,Deian Salazar,Timur Ender,Steph Routh,Noah Ernst
Loretta Smith,Timur Ender,David Linn,,,
Timur Ender,Cayle Tern,Candace Avalos,David Linn,Michael (Mike) Sands,Steph Routh
Loretta Smith,,,,,
Terrence Hayes,Loretta Smith,David Linn,Timur Ender,Candace Avalos,Jamie Dunphy
Timur Ender,,,,,
Terrence Hayes,Candace Avalos,Timur Ender,Jamie Dunphy,,
Steph Routh,Candace Avalos,Jamie Dunphy,Cayle Tern,Terrence Hayes,Timur Ender
Steph Routh,Candace Avalos,Terrence Hayes,Timur Ender,David Linn,
Candace Avalos,Jamie Dunphy,Cayle Tern,Steph Routh,David Linn,Loretta Smith
Deian Salazar,Steph Routh,Candace Avalos,Loretta Smith,Joe Furi,Terrence Hayes
Steph Routh,Candace Avalos,,,,
Candace Avalos,Steph Routh,Loretta Smith,Timur Ender,Cayle Tern,Jamie Dunphy
Joe Allen,Loretta Smith,Terrence Hayes,David Linn,Deian Salazar,Noah Ernst
Noah Ernst,Terrence Hayes,Joe Furi,Loretta Smith,Doug Clove,
Steph Routh,Deian Salazar,Joe Furi,Doug Clove,Candace Avalos,Timur Ender
Candace Avalos,Timur Ender,Steph Routh,Jamie Dunphy,,
Steph Routh,,,,,
Jamie Dunphy,Steph Routh,Candace Avalos,Loretta Smith,Timur Ender,Terrence Hayes
Jamie Dunphy,Doug Clove,Michael (Mike) Sands,,,
Noah Ernst,,,,,
Terrence Hayes,Loretta Smith,Timur Ender,Candace Avalos,,
Timur Ender,Candace Avalos,Steph Routh,Cayle Tern,,
Noah Ernst,,,,,
Noah Ernst,Peggy Sue Owens,Doug Clove,,,
Cayle Tern,Candace Avalos,Michael (Mike) Sands,Steph Routh,Timur Ender,Noah Ernst
Steph Routh,Jamie Dunphy,Terrence Hayes,Loretta Smith,Thomas Shervey,
Jamie Dunphy,Steph Routh,Candace Avalos,,,
Timur Ender,Doug Clove,Loretta Smith,Thomas Shervey,Terrence Hayes,Steph Routh
Jamie Dunphy,Candace Avalos,Steph Routh,Terrence Hayes,Timur Ender,
Doug Clove,Terrence Hayes,Candace Avalos,,,
Candace Avalos,Steph Routh,Timur Ender,,,
Terrence Hayes,Doug Clove,Loretta Smith,,,
Jamie Dunphy,Candace Avalos,Steph Routh,David Linn,Loretta Smith,
Loretta Smith,,,,,
Peggy Sue Owens,Timur Ender,Noah Ernst,Candace Avalos,Joe Allen,David Linn
Loretta Smith,,,,,
Terrence Hayes,David Linn,Jamie Dunphy,Candace Avalos,Thomas Shervey,Steph Routh
Candace Avalos,Timur Ender,Steph Routh,,,
Terrence Hayes,Timur Ender,Steph Routh,,,
Terrence Hayes,Candace Avalos,Cayle Tern,David Linn,Loretta Smith,Steph Routh
Steph Routh,Terrence Hayes,Candace Avalos,Jamie Dunphy,Noah Ernst,
Candace Avalos,Jamie Dunphy,Steph Routh,Timur Ender,Loretta Smith,Terrence Hayes
Timur Ender,Candace Avalos,Steph Routh,Thomas Shervey,Doug Clove,Michael (Mike) Sands
Candace Avalos,Loretta Smith,Jamie Dunphy,Timur Ender,Steph Routh,Joe Furi
Jamie Dunphy,Candace Avalos,Steph Routh,Noah Ernst,David Linn,Loretta Smith
Doug Clove,Noah Ernst,Thomas Shervey,Loretta Smith,Terrence Hayes,Cayle Tern
Loretta Smith,,,,,
Timur Ender,Michael (Mike) Sands,Loretta Smith,Terrence Hayes,Steph Routh,
Loretta Smith,Jamie Dunphy,Steph Routh,Terrence Hayes,Candace Avalos,Timur Ender
Terrence Hayes,Noah Ernst,,,,
Jamie Dunphy,Steph Routh,Candace Avalos,,,
Terrence Hayes,Timur Ender,Steph Routh,Jamie Dunphy,Candace Avalos,Loretta Smith
Timur Ender,Candace Avalos,Steph Routh,Jamie Dunphy,Terrence Hayes,Loretta Smith
Terrence Hayes,,,,,
Terrence Hayes,Noah Ernst,Loretta Smith,,,
Loretta Smith,Jamie Dunphy,Joe Allen,Terrence Hayes,Timur Ender,Steph Routh
Noah Ernst,Deian Salazar,Loretta Smith,Terrence Hayes,Jamie Dunphy,Timur Ender
Joe Allen,Candace Avalos,Deian Salazar,Timur Ender,Peggy Sue Owens,Loretta Smith
Jamie Dunphy,Steph Routh,Candace Avalos,Loretta Smith,Timur Ender,
Timur Ender,Candace Avalos,Loretta Smith,,,
Candace Avalos,Steph Routh,Jamie Dunphy,Timur Ender,,
Noah Ernst,Doug Clove,Joe Allen,Timur Ender,Thomas Shervey,Terrence Hayes
Timur Ender,Candace Avalos,Jamie Dunphy,Joe Allen,,
Steph Routh,Loretta Smith,Doug Clove,Timur Ender,Jamie Dunphy,Candace Avalos
Noah Ernst,Doug Clove,Steph Routh,Joe Allen,Candace Avalos,Joe Furi
Candace Avalos,Steph Routh,Timur Ender,,,
Doug Clove,,,,,
Jamie Dunphy,Steph Routh,Candace Avalos,,,
Jamie Dunphy,Candace Avalos,Steph Routh,Timur Ender,David Linn,Deian Salazar
Thomas Shervey,Candace Avalos,Loretta Smith,,,
Loretta Smith,Noah Ernst,Terrence Hayes,Peggy Sue Owens,,
Doug Clove,,,,,
Peggy Sue Owens,,,,,
Jamie Dunphy,Candace Avalos,Noah Ernst,Steph Routh,,
Noah Ernst,Terrence Hayes,Joe Furi,Loretta Smith,Doug Clove,
Loretta Smith,Terrence Hayes,Noah Ernst,,,
Doug Clove,Michael (Mike) Sands,,,,
Peggy Sue Owens,David Linn,Loretta Smith,,,
Timur Ender,Noah Ernst,Terrence Hayes,Loretta Smith,Joe Allen,David Linn
Steph Routh,Loretta Smith,Cayle Tern,Candace Avalos,Peggy Sue Owens,Deian Salazar
Jamie Dunphy,Terrence Hayes,,,,
Candace Avalos,Jamie Dunphy,Steph Routh,,,
Candace Avalos,Deian Salazar,Terrence Hayes,Steph Routh,Jamie Dunphy,Peggy Sue Owens
Noah Ernst,Doug Clove,Joe Allen,Loretta Smith,Peggy Sue Owens,Joe Furi
Thomas Shervey,Terrence Hayes,Michael (Mike) Sands,Cayle Tern,Candace Avalos,Timur Ender
Doug Clove,Cayle Tern,Deian Salazar,Loretta Smith,,
Deian Salazar,Thomas Shervey,David Linn,,,
Loretta Smith,Terrence Hayes,Steph Routh,Candace Avalos,,
Steph Routh,Timur Ender,Jamie Dunphy,Joe Allen,Doug Clove,Michael (Mike) Sands
Peggy Sue Owens,Candace Avalos,Loretta Smith,Terrence Hayes,Steph Routh,Michael (Mike) Sands
Terrence Hayes,Steph Routh,Jamie Dunphy,Noah Ernst,,
Terrence Hayes,Loretta Smith,,,,
Doug Clove,Loretta Smith,Terrence Hayes,Deian Salazar,,
Candace Avalos,Jamie Dunphy,Timur Ender,Steph Routh,Cayle Tern,Thomas Shervey
Steph Routh,Loretta Smith,Candace Avalos,,,
David Linn,Steph Routh,Michael (Mike) Sands,Doug Clove,Timur Ender,Candace Avalos
Loretta Smith,Steph Routh,Terrence Hayes,Jamie Dunphy,Deian Salazar,Cayle Tern
Candace Avalos,Cayle Tern,Timur Ender,Steph Routh,Jamie Dunphy,
Noah Ernst,Doug Clove,,,,
Candace Avalos,Steph Routh,Timur Ender,Jamie Dunphy,,
Terrence Hayes,Timur Ender,Steph Routh,,,
Noah Ernst,Terrence Hayes,Doug Clove,Steph Routh,,
Timur Ender,Noah Ernst,Candace Avalos,Cayle Tern,Terrence Hayes,Steph Routh
Terrence Hayes,Steph Routh,,,,
David Linn,,,,,
Timur Ender,Candace Avalos,Cayle Tern,,,
Steph Routh,Loretta Smith,Jamie Dunphy,Deian Salazar,Timur Ender,Cayle Tern
Steph Routh,Timur Ender,Jamie Dunphy,Candace Avalos,Loretta Smith,
Jamie Dunphy,Steph Routh,Candace Avalos,Noah Ernst,Loretta Smith,
Steph Routh,Jamie Dunphy,Candace Avalos,Cayle Tern,Timur Ender,
Steph Routh,Jamie Dunphy,David Linn,Terrence Hayes,,
Steph Routh,Terrence Hayes,Loretta Smith,Jamie Dunphy,Deian Salazar,Timur Ender
,,,,,
Noah Ernst,Loretta Smith,Terrence Hayes,Candace Avalos,Jamie Dunphy,Timur Ender
Candace Avalos,Cayle Tern,Jamie Dunphy,,,
Timur Ender,Candace Avalos,Cayle Tern,Loretta Smith,,
Doug Clove,Loretta Smith,Joe Allen,,,
Jamie Dunphy,Peggy Sue Owens,Timur Ender,,,
Peggy Sue Owens,Deian Salazar,Timur Ender,Cayle Tern,Terrence Hayes,David Linn
Joe Furi,Terrence Hayes,Doug Clove,Cayle Tern,Michael (Mike) Sands,Peggy Sue Owens
Candace Avalos,,,,,
Steph Routh,Timur Ender,Terrence Hayes,Candace Avalos,Cayle Tern,Michael (Mike) Sands
Terrence Hayes,Loretta Smith,Doug Clove,Noah Ernst,,
Loretta Smith,Joe Allen,Candace Avalos,Terrence Hayes,Noah Ernst,Steph Routh
Terrence Hayes,Noah Ernst,Loretta Smith,,,
Timur Ender,Candace Avalos,Steph Routh,,,
Loretta Smith,Terrence Hayes,Timur Ender,Candace Avalos,Steph Routh,Jamie Dunphy
Jamie Dunphy,Noah Ernst,Candace Avalos,Steph Routh,David Linn,Loretta Smith
Loretta Smith,Jamie Dunphy,Candace Avalos,Terrence Hayes,,
Candace Avalos,Doug Clove,Timur Ender,Joe Furi,Cayle Tern,
Jamie Dunphy,Steph Routh,Loretta Smith,Terrence Hayes,Candace Avalos,Timur Ender
Peggy Sue Owens,Joe Furi,Loretta Smith,Terrence Hayes,Jamie Dunphy,Joe Allen
Deian Salazar,Noah Ernst,Terrence Hayes,David Linn,Joe Allen,Peggy Sue Owens
Michael (Mike) Sands,Candace Avalos,Cayle Tern,Timur Ender,,
Cayle Tern,Deian Salazar,Steph Routh,Loretta Smith,Timur Ender,Jamie Dunphy
Loretta Smith,Terrence Hayes,Steph Routh,Timur Ender,Candace Avalos,Michael (Mike) Sands
Noah Ernst,Terrence Hayes,Loretta Smith,,,
Candace Avalos,,,,,
Candace Avalos,Loretta Smith,Terrence Hayes,Deian Salazar,Thomas Shervey,Jamie Dunphy
Peggy Sue Owens,Deian Salazar,Joe Allen,Timur Ender,Steph Routh,Michael (Mike) Sands
Jamie Dunphy,Candace Avalos,Steph Routh,,,
Jamie Dunphy,Steph Routh,Terrence Hayes,Deian Salazar,Candace Avalos,Timur Ender
Jamie Dunphy,Candace Avalos,Steph Routh,David Linn,Loretta Smith,Terrence Hayes
Doug Clove,,,,,
Noah Ernst,Terrence Hayes,Joe Furi,Loretta Smith,Doug Clove,
Candace Avalos,Jamie Dunphy,Steph Routh,,,
Terrence Hayes,Noah Ernst,Joe Furi,Loretta Smith,,
Joe Allen,Steph Routh,Jamie Dunphy,,,
Noah Ernst,Terrence Hayes,Michael (Mike) Sands,,,
Deian Salazar,Noah Ernst,Doug Clove,Jamie Dunphy,,
Timur Ender,Candace Avalos,Jamie Dunphy,Cayle Tern,,
Terrence Hayes,,,,,
Candace Avalos,Cayle Tern,Timur Ender,,,
Noah Ernst,Joe Allen,Michael (Mike) Sands,David Linn,Thomas Shervey,Jamie Dunphy
Steph Routh,Loretta Smith,Terrence Hayes,Candace Avalos,Timur Ender,Jamie Dunphy
Candace Avalos,Joe Allen,Loretta Smith,Cayle Tern,Steph Routh,Joe Furi
Terrence Hayes,Loretta Smith,Doug Clove,Deian Salazar,,
Terrence Hayes,Noah Ernst,Doug Clove,,,
Deian Salazar,Candace Avalos,,,,
Joe Allen,,,,,
Candace Avalos,Cayle Tern,Timur Ender,,,
Candace Avalos,Jamie Dunphy,Steph Routh,Cayle Tern,Terrence Hayes,Timur Ender
Michael (Mike) Sands,Joe Furi,Jamie Dunphy,Joe Allen,Cayle Tern,Thomas Shervey
Noah Ernst,Joe Allen,Doug Clove,Terrence Hayes,David Linn,Steph Routh
David Linn,Candace Avalos,Loretta Smith,Timur Ender,Jamie Dunphy,Terrence Hayes
Loretta Smith,,,,,
David Linn,Peggy Sue Owens,Michael (Mike) Sands,Terrence Hayes,Doug Clove,Deian Salazar
Timur Ender,,,,,
Jamie Dunphy,Candace Avalos,Steph Routh,,,
Jamie Dunphy,Terrence Hayes,Timur Ender,Candace Avalos,Steph Routh,Loretta Smith
Loretta Smith,Candace Avalos,Steph Routh,Deian Salazar,Terrence Hayes,Thomas Shervey
Loretta Smith,Terrence Hayes,,,,
Noah Ernst,Doug Clove,Terrence Hayes,Joe Furi,,
Candace Avalos,David Linn,Steph Routh,Jamie Dunphy,Timur Ender,Cayle Tern
Candace Avalos,Steph Routh,Jamie Dunphy,Loretta Smith,,
Loretta Smith,,,,,
Joe Allen,David Linn,Cayle Tern,,,
Jamie Dunphy,Steph Routh,Candace Avalos,Timur Ender,,
David Linn,,,,,
Steph Routh,Candace Avalos,Write-in-120,,,
Timur Ender,Michael (Mike) Sands,Steph Routh,Terrence Hayes,Cayle Tern,Candace Avalos
Noah Ernst,,,,,
Michael (Mike) Sands,Loretta Smith,Timur Ender,,,
Loretta Smith,Peggy Sue Owens,Joe Furi,Candace Avalos,Steph Routh,Deian Salazar
Loretta Smith,Terrence Hayes,,,,
Candace Avalos,Steph Routh,Timur Ender,Jamie Dunphy,,
Doug Clove,Jamie Dunphy,Noah Ernst,David Linn,Joe Furi,Timur Ender
Peggy Sue Owens,Joe Allen,Loretta Smith,Doug Clove,Steph Routh,Thomas Shervey
,,,,,
Candace Avalos,Loretta Smith,Terrence Hayes,Steph Routh,Jamie Dunphy,
Candace Avalos,Steph Routh,Terrence Hayes,Timur Ender,,
Jamie Dunphy,Loretta Smith,Terrence Hayes,Steph Routh,Timur Ender,Candace Avalos
Timur Ender,David Linn,Steph Routh,Joe Furi,,
Michael (Mike) Sands,Jamie Dunphy,Timur Ender,Terrence Hayes,Cayle Tern,Loretta Smith
Michael (Mike) Sands,Terrence Hayes,Doug Clove,Noah Ernst,,
Terrence Hayes,Steph Routh,Noah Ernst,Loretta Smith,Doug Clove,
Jamie Dunphy,Steph Routh,Candace Avalos,Terrence Hayes,David Linn,Cayle Tern
Peggy Sue Owens,Loretta Smith,Noah Ernst,Candace Avalos,Doug Clove,Michael (Mike) Sands
Loretta Smith,Michael (Mike) Sands,Terrence Hayes,Steph Routh,Jamie Dunphy,Doug Clove
Peggy Sue Owens,Michael (Mike) Sands,Loretta Smith,Doug Clove,Candace Avalos,
,,,,,
Joe Allen,Joe Furi,Thomas Shervey,,,
Candace Avalos,Jamie Dunphy,Steph Routh,Timur Ender,David Linn,Deian Salazar
Loretta Smith,Terrence Hayes,Noah Ernst,,,
Candace Avalos,Deian Salazar,,,,
Noah Ernst,Doug Clove,Terrence Hayes,Jamie Dunphy,Michael (Mike) Sands,Cayle Tern
Loretta Smith,Candace Avalos,Jamie Dunphy,Terrence Hayes,David Linn,Timur Ender
Timur Ender,Candace Avalos,Deian Salazar,Steph Routh,Loretta Smith,
Jamie Dunphy,Steph Routh,,,,
Noah Ernst,Doug Clove,Loretta Smith,,,
Jamie Dunphy,Steph Routh,David Linn,Candace Avalos,Timur Ender,
Candace Avalos,Cayle Tern,Deian Salazar,Joe Furi,Steph Routh,Joe Allen
Jamie Dunphy,,,,,
Candace Avalos,David Linn,Timur Ender,Cayle Tern,Doug Clove,Loretta Smith
Timur Ender,David Linn,Deian Salazar,Thomas Shervey,Steph Routh,Peggy Sue Owens
Candace Avalos,Jamie Dunphy,Steph Routh,David Linn,,
Timur Ender,,,,,
Candace Avalos,Loretta Smith,Steph Routh,Jamie Dunphy,,
Timur Ender,Candace Avalos,Cayle Tern,Deian Salazar,Loretta Smith,Jamie Dunphy
Candace Avalos,,,,,
Terrence Hayes,Candace Avalos,Noah Ernst,,,
Candace Avalos,Jamie Dunphy,Joe Furi,David Linn,Steph Routh,Loretta Smith
Joe Allen,David Linn,Cayle Tern,Candace Avalos,Deian Salazar,Jamie Dunphy
Candace Avalos,Timur Ender,Steph Routh,Loretta Smith,Terrence Hayes,Jamie Dunphy
Candace Avalos,Loretta Smith,Thomas Shervey,Cayle Tern,Steph Routh,Jamie Dunphy
Michael (Mike) Sands,,,,,
Steph Routh,Candace Avalos,Timur Ender,Michael (Mike) Sands,Cayle Tern,Loretta Smith
Joe Allen,Michael (Mike) Sands,Doug Clove,,,
Candace Avalos,Steph Routh,Timur Ender,Jamie Dunphy,,
,,,,,
,,,,,
Jamie Dunphy,Candace Avalos,Timur Ender,Loretta Smith,Steph Routh,Noah Ernst
Terrence Hayes,Jamie Dunphy,Steph Routh,Loretta Smith,,
Candace Avalos,Steph Routh,,,,
Noah Ernst,,,,,
Loretta Smith,,,,,
Terrence Hayes,Noah Ernst,Doug Clove,,,
Steph Routh,Candace Avalos,Timur Ender,Jamie Dunphy,,
Candace Avalos,Jamie Dunphy,Loretta Smith,Steph Routh,Timur Ender,Noah Ernst
Cayle Tern,Deian Salazar,Loretta Smith,Terrence Hayes,Noah Ernst,Candace Avalos
Jamie Dunphy,Candace Avalos,Steph Routh,Noah Ernst,David Linn,Loretta Smith
Jamie Dunphy,Loretta Smith,Candace Avalos,Steph Routh,David Linn,
Joe Allen,David Linn,Cayle Tern,,,
Jamie Dunphy,Steph Routh,Candace Avalos,Timur Ender,,
Doug Clove,Joe Furi,Deian Salazar,Candace Avalos,Steph Routh,Terrence Hayes
Noah Ernst,,,,,
Doug Clove,,,,,
Cayle Tern,Candace Avalos,Timur Ender,Terrence Hayes,Steph Routh,Loretta Smith
Terrence Hayes,Noah Ernst,Candace Avalos,Loretta Smith,Timur Ender,Joe Allen
Write-in-120,Doug Clove,,,,
Candace Avalos,,,,,
Jamie Dunphy,Candace Avalos,Steph Routh,Timur Ender,,
Jamie Dunphy,Candace Avalos,Steph Routh,Noah Ernst,Loretta Smith,Terrence Hayes
Jamie Dunphy,Candace Avalos,Steph Routh,,,
Jamie Dunphy,Candace Avalos,Steph Routh,Noah Ernst,David Linn,Loretta Smith
Michael (Mike) Sands,Joe Allen,Doug Clove,Loretta Smith,Steph Routh,Jamie Dunphy
Doug Clove,Cayle Tern,,,,
Loretta Smith,Joe Allen,Candace Avalos,Cayle Tern,Steph Routh,Timur Ender
Candace Avalos,Steph Routh,Jamie Dunphy,,,
Loretta Smith,David Linn,Jamie Dunphy,Candace Avalos,Terrence Hayes,
David Linn,Loretta Smith,Terrence Hayes,Joe Furi,Cayle Tern,Jamie Dunphy
Cayle Tern,Doug Clove,Joe Furi,Michael (Mike) Sands,Deian Salazar,Loretta Smith
Candace Avalos,Steph Routh,Timur Ender,Jamie Dunphy,Loretta Smith,Cayle Tern
Jamie Dunphy,Candace Avalos,Terrence Hayes,Timur Ender,Joe Allen,Thomas Shervey
Loretta Smith,,,,,
Noah Ernst,Joe Furi,Doug Clove,Michael (Mike) Sands,Terrence Hayes,Peggy Sue Owens
Candace Avalos,Steph Routh,Timur Ender,,,
Terrence Hayes,Noah Ernst,Joe Furi,Loretta Smith,Doug Clove,Jamie Dunphy
Timur Ender,Steph Routh,Jamie Dunphy,Candace Avalos,Michael (Mike) Sands,Cayle Tern
Candace Avalos,Loretta Smith,Timur Ender,Steph Routh,,
,,,,,
David Linn,Deian Salazar,Candace Avalos,Cayle Tern,Terrence Hayes,Loretta Smith
Candace Avalos,Timur Ender,Steph Routh,,,
David Linn,Thomas Shervey,Doug Clove,,,
Loretta Smith,Steph Routh,Cayle Tern,Terrence Hayes,Noah Ernst,Joe Furi
Terrence Hayes,Candace Avalos,Timur Ender,Steph Routh,Noah Ernst,
Jamie Dunphy,Candace Avalos,Steph Routh,,,
Joe Furi,Michael (Mike) Sands,Noah Ernst,Candace Avalos,Joe Allen,David Linn
Jamie Dunphy,Candace Avalos,Steph Routh,Timur Ender,Loretta Smith,David Linn
,,,,,
Doug Clove,Joe Allen,Michael (Mike) Sands,Joe Furi,Thomas Shervey,Noah Ernst
Noah Ernst,Terrence Hayes,Loretta Smith,,,
Doug Clove,Steph Routh,Loretta Smith,Joe Furi,David Linn,Cayle Tern
Doug Clove,Cayle Tern,Joe Furi,Noah Ernst,Deian Salazar,Thomas Shervey
Loretta Smith,,,,,
Joe Allen,Cayle Tern,Michael (Mike) Sands,Loretta Smith,Terrence Hayes,Jamie Dunphy
Candace Avalos,Cayle Tern,Timur Ender,,,
Joe Allen,,,,,
Jamie Dunphy,Steph Routh,Cayle Tern,,,
Timur Ender,Candace Avalos,Steph Routh,,,
Michael (Mike) Sands,Timur Ender,Loretta Smith,Doug Clove,Noah Ernst,Terrence Hayes
Noah Ernst,Candace Avalos,Cayle Tern,Joe Furi,Thomas Shervey,Jamie Dunphy
Deian Salazar,Jamie Dunphy,Peggy Sue Owens,Candace Avalos,Joe Allen,Timur Ender
Jamie Dunphy,Steph Routh,Candace Avalos,,,
Candace Avalos,Steph Routh,Jamie Dunphy,,,
Terrence Hayes,David Linn,Cayle Tern,Timur Ender,Joe Furi,Loretta Smith
Timur Ender,Candace Avalos,Steph Routh,Jamie Dunphy,Loretta Smith,Terrence Hayes
Candace Avalos,Jamie Dunphy,Timur Ender,Steph Routh,David Linn,Cayle Tern
Deian Salazar,Michael (Mike) Sands,Joe Furi,Doug Clove,Cayle Tern,David Linn
Candace Avalos,Steph Routh,Cayle Tern,,,
Candace Avalos,Steph Routh,Timur Ender,Noah Ernst,,
Steph Routh,Timur Ender,Candace Avalos,Jamie Dunphy,Cayle Tern,Terrence Hayes
Steph Routh,Timur Ender,Candace Avalos,Loretta Smith,Jamie Dunphy,Michael (Mike) Sands
Jamie Dunphy,Joe Allen,Doug Clove,Loretta Smith,Michael (Mike) Sands,Terrence Hayes
Loretta Smith,Steph Routh,Timur Ender,Deian Salazar,Noah Ernst,Michael (Mike) Sands
Terrence Hayes,Noah Ernst,Doug Clove,Loretta Smith,Joe Furi,
,,,,,
Steph Routh,Candace Avalos,Michael (Mike) Sands,Timur Ender,Jamie Dunphy,Terrence Hayes
Candace Avalos,Noah Ernst,Terrence Hayes,,,
Candace Avalos,Steph Routh,Jamie Dunphy,David Linn,Noah Ernst,Timur Ender
Loretta Smith,Terrence Hayes,Steph Routh,,,
Candace Avalos,Steph Routh,Jamie Dunphy,Noah Ernst,David Linn,
Jamie Dunphy,Steph Routh,Candace Avalos,Timur Ender,Noah Ernst,David Linn
,,,,,
Noah Ernst,Doug Clove,Joe Allen,Timur Ender,Thomas Shervey,Terrence Hayes
Candace Avalos,Jamie Dunphy,Steph Routh,,,
Peggy Sue Owens,Candace Avalos,Loretta Smith,Steph Routh,Timur Ender,Joe Allen
Noah Ernst,Doug Clove,Terrence Hayes,Loretta Smith,Michael (Mike) Sands,
Noah Ernst,Terrence Hayes,Joe Furi,Loretta Smith,Doug Clove,Michael (Mike) Sands
Loretta Smith,,,,,
Candace Avalos,Timur Ender,Steph Routh,Jamie Dunphy,Joe Allen,David Linn
Michael (Mike) Sands,David Linn,Steph Routh,Deian Salazar,Doug Clove,Joe Allen
Doug Clove,Terrence Hayes,Noah Ernst,Cayle Tern,Peggy Sue Owens,Jamie Dunphy
Candace Avalos,Loretta Smith,Steph Routh,Terrence Hayes,Timur Ender,Deian Salazar
Jamie Dunphy,Steph Routh,Terrence Hayes,Doug Clove,Joe Furi,Thomas Shervey
Doug Clove,,,,,
David Linn,Loretta Smith,Candace Avalos,Steph Routh,Cayle Tern,Noah Ernst
Deian Salazar,Timur Ender,Terrence Hayes,,,
Thomas Shervey,Michael (Mike) Sands,Timur Ender,Doug Clove,Cayle Tern,Joe Furi
Timur Ender,,,,,
Candace Avalos,Steph Routh,David Linn,Terrence Hayes,Deian Salazar,Loretta Smith
Timur Ender,Jamie Dunphy,Steph Routh,Loretta Smith,Joe Furi,Joe Allen
Candace Avalos,Steph Routh,Timur Ender,,,
Terrence Hayes,Noah Ernst,Candace Avalos,,,
Loretta Smith,,,,,
Candace Avalos,Steph Routh,Cayle Tern,Timur Ender,,
Loretta Smith,Timur Ender,Michael (Mike) Sands,Deian Salazar,Terrence Hayes,
Loretta Smith,Noah Ernst,Terrence Hayes,Jamie Dunphy,Candace Avalos,David Linn
Jamie Dunphy,,,,,
Candace Avalos,Jamie Dunphy,Steph Routh,,,
Deian Salazar,Michael (Mike) Sands,Joe Allen,,,
Jamie Dunphy,Candace Avalos,Steph Routh,Noah Ernst,David Linn,Loretta Smith
Timur Ender,Doug Clove,Joe Furi,,,
Noah Ernst,David Linn,Joe Allen,Loretta Smith,Cayle Tern,Peggy Sue Owens
Steph Routh,Loretta Smith,Peggy Sue Owens,,,
Loretta Smith,Candace Avalos,Steph Routh,,,
Candace Avalos,Timur Ender,Cayle Tern,Steph Routh,Terrence Hayes,
Peggy Sue Owens,Jamie Dunphy,Joe Furi,Cayle Tern,Steph Routh,Joe Allen
Terrence Hayes,Noah Ernst,Joe Furi,Loretta Smith,Doug Clove,
Jamie Dunphy,Cayle Tern,,,,
Doug Clove,,,,,
Candace Avalos,Jamie Dunphy,Steph Routh,Timur Ender,Loretta Smith,Terrence Hayes
Noah Ernst,Terrence Hayes,,,,
Jamie Dunphy,Steph Routh,Candace Avalos,Loretta Smith,Timur Ender,
Cayle Tern,Candace Avalos,Timur Ender,,,
Timur Ender,Candace Avalos,Cayle Tern,Joe Furi,Thomas Shervey,Michael (Mike) Sands
Timur Ender,Candace Avalos,Thomas Shervey,Steph Routh,Deian Salazar,
Candace Avalos,Jamie Dunphy,Steph Routh,,,
Candace Avalos,Jamie Dunphy,Steph Routh,Cayle Tern,Timur Ender,Noah Ernst
Doug Clove,Terrence Hayes,Jamie Dunphy,Candace Avalos,David Linn,Deian Salazar
,,,,,
Steph Routh,,,,,
Cayle Tern,Steph Routh,Michael (Mike) Sands,Terrence Hayes,Timur Ender,Candace Avalos
Candace Avalos,David Linn,Loretta Smith,Steph Routh,Terrence Hayes,Jamie Dunphy
David Linn,Loretta Smith,Terrence Hayes,,,
Loretta Smith,,,,,
Doug Clove,Candace Avalos,Loretta Smith,Joe Allen,Noah Ernst,
Jamie Dunphy,Loretta Smith,Terrence Hayes,,,
Candace Avalos,Terrence Hayes,Steph Routh,Michael (Mike) Sands,David Linn,Deian Salazar
Terrence Hayes,Loretta Smith,Steph Routh,,,
Deian Salazar,Loretta Smith,Jamie Dunphy,Peggy Sue Owens,Candace Avalos,Michael (Mike) Sands
Terrence Hayes,,,,,
David Linn,,,,,
Candace Avalos,Steph Routh,Jamie Dunphy,Terrence Hayes,Timur Ender,
Cayle Tern,Michael (Mike) Sands,Candace Avalos,Timur Ender,,
Timur Ender,Candace Avalos,Loretta Smith,Terrence Hayes,,
Doug Clove,Loretta Smith,Thomas Shervey,Steph Routh,Michael (Mike) Sands,
Joe Furi,,,,,
Noah Ernst,Cayle Tern,Loretta Smith,Thomas Shervey,Doug Clove,Joe Allen
Candace Avalos,Cayle Tern,Timur Ender,,,
Timur Ender,Jamie Dunphy,Candace Avalos,Steph Routh,Terrence Hayes,Michael (Mike) Sands
Terrence Hayes,,,,,
Terrence Hayes,Noah Ernst,Jamie Dunphy,Steph Routh,,
Peggy Sue Owens,,,,,
Jamie Dunphy,Steph Routh,Loretta Smith,Terrence Hayes,,
Terrence Hayes,Candace Avalos,,,,
Loretta Smith,Candace Avalos,Deian Salazar,Steph Routh,Jamie Dunphy,Timur Ender
Cayle Tern,Candace Avalos,Jamie Dunphy,Timur Ender,Michael (Mike) Sands,
Candace Avalos,Jamie Dunphy,Steph Routh,Timur Ender,David Linn,
Terrence Hayes,Noah Ernst,Joe Furi,Loretta Smith,Doug Clove,David Linn
Candace Avalos,Steph Routh,Jamie Dunphy,Deian Salazar,Joe Furi,Timur Ender
Timur Ender,,,,,
David Linn,Timur Ender,Terrence Hayes,Candace Avalos,Steph Routh,Jamie Dunphy
Jamie Dunphy,Candace Avalos,Timur Ender,Steph Routh,Peggy Sue Owens,Loretta Smith
Doug Clove,Candace Avalos,,,,
Jamie Dunphy,Steph Routh,Candace Avalos,Loretta Smith,David Linn,Timur Ender
Timur Ender,Steph Routh,Joe Allen,Deian Salazar,Loretta Smith,Jamie Dunphy
,,,,,
Noah Ernst,Joe Allen,Joe Furi,Cayle Tern,Steph Routh,Deian Salazar
Candace Avalos,Deian Salazar,Loretta Smith,Jamie Dunphy,Steph Routh,Peggy Sue Owens
Candace Avalos,Michael (Mike) Sands,Loretta Smith,Terrence Hayes,Steph Routh,Timur Ender
Jamie Dunphy,Candace Avalos,Timur Ender,David Linn,,
David Linn,,,,,
Michael (Mike) Sands,Terrence Hayes,Timur Ender,,,
Loretta Smith,Joe Furi,Joe Allen,,,
Timur Ender,Loretta Smith,Candace Avalos,,,
Candace Avalos,Steph Routh,Jamie Dunphy,David Linn,Cayle Tern,Loretta Smith
Peggy Sue Owens,Candace Avalos,Cayle Tern,Loretta Smith,Terrence Hayes,Noah Ernst
Peggy Sue Owens,Steph Routh,Jamie Dunphy,,,
Steph Routh,Joe Furi,Michael (Mike) Sands,,,
Noah Ernst,Doug Clove,Thomas Shervey,Terrence Hayes,Deian Salazar,Cayle Tern
Loretta Smith,,,,,
Loretta Smith,Candace Avalos,Joe Furi,Jamie Dunphy,Michael (Mike) Sands,Timur Ender
Loretta Smith,Candace Avalos,Steph Routh,Terrence Hayes,Joe Furi,Deian Salazar
Candace Avalos,Terrence Hayes,Steph Routh,Jamie Dunphy,Loretta Smith,Timur Ender
Loretta Smith,Steph Routh,Terrence Hayes,Noah Ernst,,
Jamie Dunphy,Loretta Smith,Terrence Hayes,Noah Ernst,Timur Ender,Candace Avalos
Joe Allen,,,,,
Michael (Mike) Sands,Terrence Hayes,Steph Routh,,,
Candace Avalos,Jamie Dunphy,Steph Routh,Thomas Shervey,,
Jamie Dunphy,Loretta Smith,Doug Clove,Joe Allen,Candace Avalos,Cayle Tern
Noah Ernst,Doug Clove,David Linn,,,
Loretta Smith,Peggy Sue Owens,Joe Furi,,,
Steph Routh,Peggy Sue Owens,Doug Clove,Loretta Smith,,
Steph Routh,Candace Avalos,Loretta Smith,Terrence Hayes,Peggy Sue Owens,Jamie Dunphy
Steph Routh,Cayle Tern,Jamie Dunphy,,,
,,,,,
Candace Avalos,Michael (Mike) Sands,Steph Routh,Loretta Smith,,
Loretta Smith,Joe Allen,Timur Ender,Cayle Tern,David Linn,Jamie Dunphy
Jamie Dunphy,,,,,
Candace Avalos,Timur Ender,Steph Routh,Jamie Dunphy,Cayle Tern,David Linn
Jamie Dunphy,Candace Avalos,Steph Routh,Noah Ernst,David Linn,Loretta Smith
Jamie Dunphy,David Linn,Candace Avalos,Noah Ernst,Joe Furi,Loretta Smith
Noah Ernst,Doug Clove,Loretta Smith,Deian Salazar,Terrence Hayes,Thomas Shervey
Loretta Smith,Jamie Dunphy,Terrence Hayes,Candace Avalos,Timur Ender,David Linn
Peggy Sue Owens,Noah Ernst,Joe Allen,Cayle Tern,Joe Furi,Deian Salazar
Steph Routh,Loretta Smith,Candace Avalos,,,
Jamie Dunphy,Candace Avalos,,,,
Deian Salazar,Noah Ernst,Doug Clove,Joe Allen,,
Deian Salazar,Loretta Smith,Steph Routh,Jamie Dunphy,Candace Avalos,Terrence Hayes
Candace Avalos,Cayle Tern,Steph Routh,Doug Clove,David Linn,Joe Furi
Doug Clove,,,,,
Terrence Hayes,Loretta Smith,,,,
Noah Ernst,Loretta Smith,Terrence Hayes,Deian Salazar,,
Peggy Sue Owens,Candace Avalos,Joe Allen,Cayle Tern,Michael (Mike) Sands,Deian Salazar
Loretta Smith,Terrence Hayes,,,,
Steph Routh,Loretta Smith,Terrence Hayes,,,
David Linn,Cayle Tern,Joe Allen,Thomas Shervey,Jamie Dunphy,Loretta Smith
Timur Ender,Terrence Hayes,Loretta Smith,Steph Routh,Cayle Tern,Write-in-120
Thomas Shervey,Candace Avalos,Joe Allen,Cayle Tern,Timur Ender,
Candace Avalos,Timur Ender,Jamie Dunphy,Steph Routh,Cayle Tern,Loretta Smith
Timur Ender,Candace Avalos,David Linn,,,
Noah Ernst,Peggy Sue Owens,Joe Allen,Doug Clove,Candace Avalos,David Linn
Loretta Smith,Candace Avalos,,,,
Loretta Smith,Jamie Dunphy,Timur Ender,Cayle Tern,,
David Linn,Candace Avalos,Loretta Smith,,,
Jamie Dunphy,Timur Ender,Candace Avalos,Steph Routh,Loretta Smith,
Joe Furi,Doug Clove,Deian Salazar,,,
Steph Routh,Noah Ernst,Joe Furi,Joe Allen,Loretta Smith,Timur Ender
Michael (Mike) Sands,Thomas Shervey,David Linn,Peggy Sue Owens,Cayle Tern,Jamie Dunphy
Terrence Hayes,Loretta Smith,Deian Salazar,Candace Avalos,,
Terrence Hayes,Michael (Mike) Sands,David Linn,,,
Terrence Hayes,Michael (Mike) Sands,,,,
Terrence Hayes,Noah Ernst,Steph Routh,,,
Steph Routh,Timur Ender,Cayle Tern,David Linn,Write-in-122,Candace Avalos
Candace Avalos,Jamie Dunphy,Terrence Hayes,Steph Routh,Deian Salazar,Loretta Smith
Jamie Dunphy,Loretta Smith,,,,
Steph Routh,,,,,
Steph Routh,David Linn,Timur Ender,Joe Allen,,
Candace Avalos,Steph Routh,Terrence Hayes,Doug Clove,,
Candace Avalos,Cayle Tern,Timur Ender,Steph Routh,Jamie Dunphy,David Linn
Candace Avalos,Steph Routh,Timur Ender,Jamie Dunphy,Loretta Smith,Terrence Hayes
Loretta Smith,Steph Routh,Noah Ernst,Terrence Hayes,Jamie Dunphy,Thomas Shervey
Candace Avalos,Timur Ender,Steph Routh,Cayle Tern,Jamie Dunphy,Loretta Smith
Timur Ender,Michael (Mike) Sands,Joe Furi,Loretta Smith,Steph Routh,
Jamie Dunphy,Deian Salazar,Peggy Sue Owens,Michael (Mike) Sands,,
Jamie Dunphy,Candace Avalos,Steph Routh,Terrence Hayes,Doug Clove,Timur Ender
Jamie Dunphy,Candace Avalos,Steph Routh,,,
Candace Avalos,Cayle Tern,Timur Ender,Jamie Dunphy,Steph Routh,
Noah Ernst,Timur Ender,,,,
Terrence Hayes,Loretta Smith,Doug Clove,David Linn,,
Noah Ernst,Deian Salazar,Doug Clove,,,
Steph Routh,Candace Avalos,Jamie Dunphy,,,
Steph Routh,Thomas Shervey,Loretta Smith,Cayle Tern,Jamie Dunphy,Candace Avalos
Noah Ernst,Timur Ender,Candace Avalos,David Linn,Thomas Shervey,Terrence Hayes
Steph Routh,Jamie Dunphy,Candace Avalos,,,
Loretta Smith,,,,,
Timur Ender,Candace Avalos,Steph Routh,Loretta Smith,Jamie Dunphy,
David Linn,Steph Routh,Joe Furi,,,
Terrence Hayes,,,,,
Doug Clove,,,,,
Joe Allen,Loretta Smith,Terrence Hayes,,,
Candace Avalos,Steph Routh,Doug Clove,Loretta Smith,Terrence Hayes,Jamie Dunphy
Jamie Dunphy,Steph Routh,Candace Avalos,Timur Ender,Loretta Smith,Thomas Shervey
Candace Avalos,Steph Routh,Timur Ender,Jamie Dunphy,Loretta Smith,
Loretta Smith,Terrence Hayes,,,,
Loretta Smith,Deian Salazar,Terrence Hayes,Jamie Dunphy,Noah Ernst,Cayle Tern
Loretta Smith,Timur Ender,Candace Avalos,Steph Routh,Jamie Dunphy,Terrence Hayes
Terrence Hayes,Cayle Tern,Joe Furi,Noah Ernst,Michael (Mike) Sands,Jamie Dunphy
Candace Avalos,Joe Allen,Deian Salazar,,,
Michael (Mike) Sands,Thomas Shervey,Jamie Dunphy,Noah Ernst,Joe Allen,Doug Clove
Candace Avalos,Timur Ender,Loretta Smith,Jamie Dunphy,,
Timur Ender,Candace Avalos,Deian Salazar,Loretta Smith,Jamie Dunphy,
Candace Avalos,Jamie Dunphy,Steph Routh,Timur Ender,Terrence Hayes,Deian Salazar
Noah Ernst,Candace Avalos,Peggy Sue Owens,Cayle Tern,Deian Salazar,Loretta Smith
Noah Ernst,Doug Clove,,,,
Steph Routh,Candace Avalos,Timur Ender,Jamie Dunphy,Terrence Hayes,Joe Furi
Noah Ernst,,,,,
Noah Ernst,Doug Clove,Terrence Hayes,Loretta Smith,Joe Furi,
Noah Ernst,,,,,
Loretta Smith,Terrence Hayes,Noah Ernst,Timur Ender,Joe Allen,Deian Salazar
Doug Clove,Terrence Hayes,,,,
Steph Routh,Timur Ender,Candace Avalos,David Linn,Jamie Dunphy,Loretta Smith
Steph Routh,Loretta Smith,Noah Ernst,Joe Allen,,
Michael (Mike) Sands,Candace Avalos,Noah Ernst,Loretta Smith,Jamie Dunphy,Cayle Tern
Terrence Hayes,Loretta Smith,Candace Avalos,Deian Salazar,Peggy Sue Owens,David Linn
Doug Clove,Timur Ender,Noah Ernst,Terrence Hayes,Loretta Smith,
Terrence Hayes,Noah Ernst,Doug Clove,Joe Furi,David Linn,Loretta Smith
Doug Clove,Joe Furi,Steph Routh,,,
Steph Routh,Jamie Dunphy,,,,
Loretta Smith,,,,,
Candace Avalos,Timur Ender,Steph Routh,Cayle Tern,Loretta Smith,Jamie Dunphy
Candace Avalos,Steph Routh,,,,
Terrence Hayes,Jamie Dunphy,,,,
Peggy Sue Owens,Candace Avalos,Loretta Smith,Jamie Dunphy,Doug Clove,Timur Ender
Joe Allen,Michael (Mike) Sands,Loretta Smith,Noah Ernst,Jamie Dunphy,Doug Clove
David Linn,Timur Ender,Doug Clove,Steph Routh,,
Candace Avalos,Timur Ender,Loretta Smith,Terrence Hayes,,
,,,,,
Candace Avalos,,,,,
Deian Salazar,,,,,
Timur Ender,Loretta Smith,Doug Clove,,,
Terrence Hayes,Loretta Smith,Candace Avalos,,,
Noah Ernst,Thomas Shervey,Cayle Tern,Steph Routh,Joe Allen,
Terrence Hayes,Candace Avalos,Jamie Dunphy,Steph Routh,Timur Ender,
Steph Routh,Jamie Dunphy,Deian Salazar,Noah Ernst,,
Candace Avalos,,,,,
Timur Ender,Jamie Dunphy,Candace Avalos,,,
Terrence Hayes,Timur Ender,Steph Routh,Noah Ernst,,
Loretta Smith,Candace Avalos,Steph Routh,Terrence Hayes,Timur Ender,Jamie Dunphy
Steph Routh,,,,,
Doug Clove,Loretta Smith,Jamie Dunphy,Steph Routh,Terrence Hayes,David Linn
Steph Routh,Terrence Hayes,Deian Salazar,Timur Ender,Joe Furi,Loretta Smith
Doug Clove,Loretta Smith,Jamie Dunphy,Michael (Mike) Sands,,
Joe Allen,Doug Clove,Joe Furi,Michael (Mike) Sands,Noah Ernst,Thomas Shervey
Candace Avalos,Jamie Dunphy,Thomas Shervey,Steph Routh,Loretta Smith,Terrence Hayes
Doug Clove,Joe Furi,Jamie Dunphy,,,
Loretta Smith,,,,,
Jamie Dunphy,Timur Ender,Candace Avalos,Steph Routh,Loretta Smith,
Candace Avalos,Timur Ender,Steph Routh,Jamie Dunphy,David Linn,Cayle Tern
Candace Avalos,Cayle Tern,Loretta Smith,Thomas Shervey,Steph Routh,Terrence Hayes
Terrence Hayes,Noah Ernst,Joe Furi,Loretta Smith,Doug Clove,Write-in-120
Steph Routh,Terrence Hayes,Candace Avalos,Jamie Dunphy,Noah Ernst,
Noah Ernst,Steph Routh,,,,
Jamie Dunphy,Michael (Mike) Sands,David Linn,Thomas Shervey,Noah Ernst,Cayle Tern
Noah Ernst,,,,,
Candace Avalos,Steph Routh,Timur Ender,Terrence Hayes,,
Joe Allen,Cayle Tern,Joe Furi,Loretta Smith,Terrence Hayes,Jamie Dunphy
Jamie Dunphy,,,,,
Michael (Mike) Sands,Steph Routh,Jamie Dunphy,,,
Terrence Hayes,Timur Ender,Loretta Smith,Jamie Dunphy,Candace Avalos,Noah Ernst
Timur Ender,Loretta Smith,Steph Routh,Jamie Dunphy,,
Candace Avalos,Terrence Hayes,Noah Ernst,Steph Routh,Loretta Smith,Michael (Mike) Sands
Loretta Smith,Michael (Mike) Sands,Joe Allen,Thomas Shervey,Steph Routh,Peggy Sue Owens
Jamie Dunphy,Timur Ender,Noah Ernst,Cayle Tern,,
,,,,,
Candace Avalos,Jamie Dunphy,Steph Routh,Timur Ender,Noah Ernst,David Linn
Terrence Hayes,Noah Ernst,Loretta Smith,Steph Routh,David Linn,Timur Ender
,,,,,
Timur Ender,,,,,
Loretta Smith,Steph Routh,Candace Avalos,Noah Ernst,Timur Ender,Terrence Hayes
David Linn,Loretta Smith,Candace Avalos,,,
Candace Avalos,Joe Allen,Jamie Dunphy,Terrence Hayes,,
Jamie Dunphy,Loretta Smith,,,,
Steph Routh,Terrence Hayes,Jamie Dunphy,Timur Ender,,
Terrence Hayes,Candace Avalos,Loretta Smith,Jamie Dunphy,Steph Routh,
Peggy Sue Owens,Noah Ernst,David Linn,Doug Clove,Joe Furi,Michael (Mike) Sands
Terrence Hayes,,,,,
Candace Avalos,Steph Routh,Jamie Dunphy,Terrence Hayes,Cayle Tern,
Doug Clove,Timur Ender,,,,
Loretta Smith,Terrence Hayes,,,,
Write-in-120,,,,,
Loretta Smith,Timur Ender,Terrence Hayes,,,
Loretta Smith,Cayle Tern,Peggy Sue Owens,David Linn,Joe Furi,Deian Salazar
Jamie Dunphy,Candace Avalos,Steph Routh,Noah Ernst,Loretta Smith,David Linn
Candace Avalos,Steph Routh,Cayle Tern,Timur Ender,,
Doug Clove,Joe Furi,,,,
Timur Ender,,,,,
Loretta Smith,Terrence Hayes,Timur Ender,Joe Allen,Peggy Sue Owens,
,,,,,
Jamie Dunphy,,,,,
Jamie Dunphy,,,,,
Timur Ender,Noah Ernst,Steph Routh,,,
Timur Ender,Candace Avalos,Cayle Tern,Deian Salazar,,
Loretta Smith,Terrence Hayes,Steph Routh,,,
David Linn,Noah Ernst,Jamie Dunphy,Candace Avalos,Joe Furi,Loretta Smith
Michael (Mike) Sands,Steph Routh,Candace Avalos,Jamie Dunphy,,
Loretta Smith,Peggy Sue Owens,Terrence Hayes,Doug Clove,Joe Allen,
,,,,,
Loretta Smith,Candace Avalos,Cayle Tern,Deian Salazar,Terrence Hayes,David Linn
Timur Ender,Candace Avalos,Cayle Tern,,,
Peggy Sue Owens,,,,,
Candace Avalos,Steph Routh,Timur Ender,,,
Candace Avalos,Timur Ender,Jamie Dunphy,Cayle Tern,Terrence Hayes,
Noah Ernst,,,,,
Noah Ernst,David Linn,Doug Clove,,,
David Linn,,,,,
Noah Ernst,,,,,
Candace Avalos,Jamie Dunphy,Steph Routh,Timur Ender,,
Loretta Smith,David Linn,Terrence Hayes,Candace Avalos,,
Jamie Dunphy,Timur Ender,Candace Avalos,Thomas Shervey,Steph Routh,Loretta Smith
Candace Avalos,Loretta Smith,Terrence Hayes,,,
Deian Salazar,Doug Clove,Noah Ernst,Joe Allen,Thomas Shervey,Steph Routh
,,,,,
Loretta Smith,Joe Allen,Candace Avalos,Cayle Tern,Steph Routh,Timur Ender
Loretta Smith,,,,,
Noah Ernst,Thomas Shervey,Deian Salazar,Loretta Smith,Terrence Hayes,Doug Clove
Steph Routh,Terrence Hayes,Jamie Dunphy,Loretta Smith,Cayle Tern,
Loretta Smith,,,,,
Candace Avalos,Steph Routh,Jamie Dunphy,Loretta Smith,Timur Ender,Cayle Tern
Peggy Sue Owens,Noah Ernst,Joe Furi,Deian Salazar,Loretta Smith,Steph Routh
Candace Avalos,Timur Ender,Cayle Tern,Joe Allen,Michael (Mike) Sands,Terrence Hayes
Terrence Hayes,Steph Routh,Jamie Dunphy,,,
Loretta Smith,Jamie Dunphy,Terrence Hayes,Joe Furi,Cayle Tern,Candace Avalos
Jamie Dunphy,Candace Avalos,Steph Routh,,,
Loretta Smith,Terrence Hayes,Steph Routh,Candace Avalos,Michael (Mike) Sands,
Timur Ender,Michael (Mike) Sands,Joe Furi,Candace Avalos,Cayle Tern,Jamie Dunphy
Terrence Hayes,Candace Avalos,,,,
Timur Ender,Cayle Tern,Jamie Dunphy,,,
Jamie Dunphy,Candace Avalos,Timur Ender,,,
Loretta Smith,Terrence Hayes,Steph Routh,,,
Candace Avalos,David Linn,Loretta Smith,Terrence Hayes,Cayle Tern,Joe Allen
David Linn,Cayle Tern,Jamie Dunphy,Loretta Smith,Deian Salazar,Doug Clove
Deian Salazar,Doug Clove,Jamie Dunphy,Steph Routh,David Linn,Joe Allen
Candace Avalos,Timur Ender,Steph Routh,Jamie Dunphy,Cayle Tern,David Linn
Candace Avalos,Timur Ender,Steph Routh,Jamie Dunphy,Cayle Tern,David Linn
Noah Ernst,Doug Clove,Terrence Hayes,,,
Candace Avalos,Loretta Smith,Steph Routh,Terrence Hayes,Timur Ender,Jamie Dunphy
Timur Ender,Candace Avalos,Steph Routh,,,
Jamie Dunphy,Candace Avalos,Steph Routh,Noah Ernst,David Linn,Loretta Smith
Candace Avalos,Cayle Tern,David Linn,Steph Routh,Jamie Dunphy,
Candace Avalos,Loretta Smith,Timur Ender,,,
Loretta Smith,David Linn,Jamie Dunphy,,,
Doug Clove,Terrence Hayes,Steph Routh,Jamie Dunphy,Noah Ernst,Peggy Sue Owens
Loretta Smith,Terrence Hayes,Candace Avalos,Steph Routh,Deian Salazar,Michael (Mike) Sands
Doug Clove,Noah Ernst,Loretta Smith,,,
Candace Avalos,Steph Routh,Timur Ender,Cayle Tern,Loretta Smith,
Timur Ender,Candace Avalos,Terrence Hayes,Steph Routh,,
Noah Ernst,Terrence Hayes,Peggy Sue Owens,David Linn,Thomas Shervey,Michael (Mike) Sands
David Linn,Candace Avalos,Steph Routh,Terrence Hayes,Jamie Dunphy,Timur Ender
Doug Clove,David Linn,Timur Ender,,,
Timur Ender,Candace Avalos,Joe Furi,Terrence Hayes,Loretta Smith,Michael (Mike) Sands
Steph Routh,Cayle Tern,Jamie Dunphy,Terrence Hayes,Thomas Shervey,Noah Ernst
Write-in-122,,,,,
,,,,,
Loretta Smith,Noah Ernst,Terrence Hayes,Jamie Dunphy,,
Jamie Dunphy,Candace Avalos,Michael (Mike) Sands,David Linn,Steph Routh,Terrence Hayes
Jamie Dunphy,Candace Avalos,Timur Ender,Steph Routh,,
Loretta Smith,,,,,
Terrence Hayes,,,,,
Jamie Dunphy,Steph Routh,Candace Avalos,Timur Ender,Noah Ernst,
Peggy Sue Owens,Timur Ender,Noah Ernst,Cayle Tern,Steph Routh,Thomas Shervey
Timur Ender,,,,,
Candace Avalos,Steph Routh,Jamie Dunphy,Loretta Smith,Timur Ender,David Linn
David Linn,,,,,
Steph Routh,Joe Furi,Timur Ender,Loretta Smith,Candace Avalos,Thomas Shervey
Peggy Sue Owens,Candace Avalos,Loretta Smith,Jamie Dunphy,Cayle Tern,Doug Clove
Steph Routh,Loretta Smith,Doug Clove,Thomas Shervey,Candace Avalos,Michael (Mike) Sands
,,,,,
Doug Clove,,,,,
Loretta Smith,Timur Ender,Candace Avalos,Steph Routh,Jamie Dunphy,David Linn
Candace Avalos,Cayle Tern,Timur Ender,,,
Loretta Smith,,,,,
,,,,,
Candace Avalos,,,,,
Candace Avalos,Jamie Dunphy,Cayle Tern,,,
Jamie Dunphy,Candace Avalos,Steph Routh,Noah Ernst,Loretta Smith,David Linn
Loretta Smith,,,,,
Candace Avalos,Loretta Smith,Terrence Hayes,Steph Routh,,
Jamie Dunphy,Steph Routh,Candace Avalos,Timur Ender,Deian Salazar,
Michael (Mike) Sands,Loretta Smith,Noah Ernst,Steph Routh,Jamie Dunphy,David Linn
Peggy Sue Owens,Candace Avalos,Loretta Smith,,,
Candace Avalos,Timur Ender,Deian Salazar,Loretta Smith,Steph Routh,Jamie Dunphy
Candace Avalos,Steph Routh,Timur Ender,,,
Loretta Smith,Steph Routh,Terrence Hayes,Jamie Dunphy,David Linn,Cayle Tern
Timur Ender,Candace Avalos,,,,
Terrence Hayes,Loretta Smith,Timur Ender,,,
Cayle Tern,Candace Avalos,David Linn,Michael (Mike) Sands,Doug Clove,
Noah Ernst,Thomas Shervey,Steph Routh,Joe Furi,David Linn,Joe Allen
Noah Ernst,Thomas Shervey,Candace Avalos,,,
Candace Avalos,Noah Ernst,Loretta Smith,Steph Routh,Peggy Sue Owens,Doug Clove
Loretta Smith,Terrence Hayes,Jamie Dunphy,,,
Timur Ender,Noah Ernst,David Linn,Loretta Smith,Steph Routh,Jamie Dunphy
Jamie Dunphy,Candace Avalos,Steph Routh,Noah Ernst,David Linn,Deian Salazar
Jamie Dunphy,Loretta Smith,Steph Routh,Timur Ender,Terrence Hayes,Joe Allen
Steph Routh,Candace Avalos,Cayle Tern,Loretta Smith,Timur Ender,Jamie Dunphy
Candace Avalos,Loretta Smith,Jamie Dunphy,Steph Routh,,
Terrence Hayes,Candace Avalos,Jamie Dunphy,Noah Ernst,,
Peggy Sue Owens,Joe Furi,Noah Ernst,Timur Ender,,
Candace Avalos,Steph Routh,Jamie Dunphy,Timur Ender,,
Joe Allen,,,,,
Michael (Mike) Sands,Doug Clove,Steph Routh,Loretta Smith,Jamie Dunphy,Timur Ender
Candace Avalos,Steph Routh,Timur Ender,Jamie Dunphy,Terrence Hayes,Thomas Shervey
Timur Ender,Steph Routh,Loretta Smith,Candace Avalos,Jamie Dunphy,Terrence Hayes
Jamie Dunphy,Candace Avalos,Steph Routh,,,
Loretta Smith,Terrence Hayes,Jamie Dunphy,Candace Avalos,Steph Routh,
Candace Avalos,Jamie Dunphy,Steph Routh,Timur Ender,Cayle Tern,
Candace Avalos,Jamie Dunphy,Joe Furi,Cayle Tern,Steph Routh,Michael (Mike) Sands
Doug Clove,Candace Avalos,,,,
Noah Ernst,Terrence Hayes,Loretta Smith,,,
Steph Routh,Candace Avalos,David Linn,Loretta Smith,Terrence Hayes,Jamie Dunphy
Noah Ernst,Michael (Mike) Sands,David Linn,Loretta Smith,Terrence Hayes,
Noah Ernst,Terrence Hayes,Cayle Tern,,,
Candace Avalos,Noah Ernst,,,,
Loretta Smith,Jamie Dunphy,David Linn,Deian Salazar,Candace Avalos,Noah Ernst
Loretta Smith,Doug Clove,Noah Ernst,,,
David Linn,Loretta Smith,Candace Avalos,Jamie Dunphy,Cayle Tern,Terrence Hayes
Doug Clove,,,,,
Cayle Tern,Candace Avalos,Michael (Mike) Sands,Jamie Dunphy,Terrence Hayes,Deian Salazar
Noah Ernst,Terrence Hayes,Loretta Smith,,,
Steph Routh,Jamie Dunphy,Candace Avalos,,,
Candace Avalos,Steph Routh,Loretta Smith,Timur Ender,Jamie Dunphy,Cayle Tern
Steph Routh,,,,,
Candace Avalos,Cayle Tern,Timur Ender,Steph Routh,,
Steph Routh,Doug Clove,Loretta Smith,Terrence Hayes,,
Loretta Smith,Terrence Hayes,Noah Ernst,,,
Candace Avalos,Steph Routh,Terrence Hayes,,,
Loretta Smith,,,,,
Michael (Mike) Sands,Cayle Tern,Steph Routh,Jamie Dunphy,Candace Avalos,Joe Allen
Timur Ender,,,,,
Candace Avalos,Jamie Dunphy,Steph Routh,Timur Ender,,
Loretta Smith,Terrence Hayes,Steph Routh,Cayle Tern,Michael (Mike) Sands,David Linn
Deian Salazar,Candace Avalos,,,,
Loretta Smith,Terrence Hayes,Candace Avalos,Cayle Tern,Jamie Dunphy,Steph Routh
Terrence Hayes,Loretta Smith,Deian Salazar,,,
Peggy Sue Owens,Timur Ender,Noah Ernst,Candace Avalos,Joe Allen,David Linn
Loretta Smith,Peggy Sue Owens,Jamie Dunphy,Terrence Hayes,Timur Ender,
Candace Avalos,Timur Ender,Terrence Hayes,Deian Salazar,Steph Routh,Cayle Tern
Steph Routh,,,,,
Timur Ender,Loretta Smith,Terrence Hayes,Michael (Mike) Sands,Candace Avalos,Cayle Tern
Jamie Dunphy,Terrence Hayes,Loretta Smith,Michael (Mike) Sands,Doug Clove,Joe Allen
Candace Avalos,Steph Routh,Cayle Tern,,,
Michael (Mike) Sands,Noah Ernst,Joe Allen,David Linn,Doug Clove,Terrence Hayes
Candace Avalos,,,,,
Peggy Sue Owens,,,,,
Timur Ender,Jamie Dunphy,Steph Routh,Candace Avalos,,
Deian Salazar,Thomas Shervey,Doug Clove,Loretta Smith,Steph Routh,Noah Ernst
Doug Clove,,,,,
Steph Routh,Loretta Smith,Joe Furi,Timur Ender,,
Jamie Dunphy,Candace Avalos,Steph Routh,David Linn,Noah Ernst,Loretta Smith
Jamie Dunphy,,,,,
David Linn,Timur Ender,Jamie Dunphy,Steph Routh,Loretta Smith,Noah Ernst
Cayle Tern,Joe Allen,Noah Ernst,Timur Ender,,
Timur Ender,Candace Avalos,Jamie Dunphy,Loretta Smith,Steph Routh,Terrence Hayes
David Linn,Doug Clove,Thomas Shervey,Jamie Dunphy,Joe Allen,Noah Ernst
Noah Ernst,Deian Salazar,Thomas Shervey,,,
Terrence Hayes,Noah Ernst,Candace Avalos,,,
Write-in-120,,,,,
Loretta Smith,Terrence Hayes,Jamie Dunphy,,,
Candace Avalos,Steph Routh,Jamie Dunphy,,,
Candace Avalos,Steph Routh,Terrence Hayes,Cayle Tern,Thomas Shervey,David Linn
Candace Avalos,,,,,
Candace Avalos,Cayle Tern,Timur Ender,,,
Timur Ender,Jamie Dunphy,Loretta Smith,Michael (Mike) Sands,David Linn,Candace Avalos
Noah Ernst,,,,,
Timur Ender,Loretta Smith,Candace Avalos,Terrence Hayes,,
Jamie Dunphy,David Linn,Thomas Shervey,Loretta Smith,Terrence Hayes,Steph Routh
Steph Routh,Candace Avalos,Timur Ender,,,
Joe Furi,Joe Allen,Noah Ernst,,,
Steph Routh,Terrence Hayes,Loretta Smith,Timur Ender,,
Jamie Dunphy,Terrence Hayes,Deian Salazar,Candace Avalos,Timur Ender,Loretta Smith
Terrence Hayes,Noah Ernst,,,,
Loretta Smith,,,,,
Terrence Hayes,Noah Ernst,Loretta Smith,,,
Peggy Sue Owens,Noah Ernst,Thomas Shervey,Jamie Dunphy,,
Terrence Hayes,Steph Routh,Jamie Dunphy,Candace Avalos,Loretta Smith,Thomas Shervey
Jamie Dunphy,Loretta Smith,,,,
Noah Ernst,Joe Allen,David Linn,Doug Clove,Joe Furi,Michael (Mike) Sands
Timur Ender,,,,,
Candace Avalos,Doug Clove,Michael (Mike) Sands,Noah Ernst,Thomas Shervey,Cayle Tern
Steph Routh,Candace Avalos,Jamie Dunphy,Timur Ender,,
Candace Avalos,Steph Routh,Timur Ender,Jamie Dunphy,,
Joe Allen,Michael (Mike) Sands,Timur Ender,Cayle Tern,Steph Routh,David Linn
Doug Clove,Peggy Sue Owens,Noah Ernst,Jamie Dunphy,Joe Furi,Candace Avalos
Terrence Hayes,Noah Ernst,Doug Clove,,,
Timur Ender,Candace Avalos,David Linn,Cayle Tern,Loretta Smith,Terrence Hayes
Doug Clove,Michael (Mike) Sands,,,,
Candace Avalos,Steph Routh,Timur Ender,Jamie Dunphy,,
Timur Ender,David Linn,Michael (Mike) Sands,Loretta Smith,Terrence Hayes,Jamie Dunphy
Jamie Dunphy,Candace Avalos,Steph Routh,,,
Candace Avalos,Peggy Sue Owens,Steph Routh,Cayle Tern,Terrence Hayes,Timur Ender
Steph Routh,Candace Avalos,Timur Ender,,,
Timur Ender,Steph Routh,Candace Avalos,,,
Timur Ender,,,,,
Noah Ernst,Doug Clove,Terrence Hayes,Loretta Smith,Michael (Mike) Sands,
Timur Ender,David Linn,Jamie Dunphy,Steph Routh,,
Jamie Dunphy,Steph Routh,Candace Avalos,Timur Ender,,
Terrence Hayes,Doug Clove,Candace Avalos,Cayle Tern,,
Joe Allen,David Linn,Doug Clove,Michael (Mike) Sands,Terrence Hayes,Write-in-120
Candace Avalos,Terrence Hayes,Steph Routh,Cayle Tern,Deian Salazar,Timur Ender
Jamie Dunphy,David Linn,Michael (Mike) Sands,Doug Clove,Loretta Smith,Timur Ender
Candace Avalos,Timur Ender,Jamie Dunphy,Steph Routh,,
Terrence Hayes,Loretta Smith,Steph Routh,,,
Jamie Dunphy,Steph Routh,Candace Avalos,,,
Noah Ernst,Joe Allen,Timur Ender,,,
Steph Routh,Candace Avalos,Timur Ender,Jamie Dunphy,Cayle Tern,Loretta Smith
Jamie Dunphy,,,,,
Joe Allen,,,,,
Loretta Smith,Terrence Hayes,,,,
Candace Avalos,Timur Ender,Steph Routh,Jamie Dunphy,,
Candace Avalos,Steph Routh,,,,
Peggy Sue Owens,Candace Avalos,Loretta Smith,Steph Routh,Jamie Dunphy,Cayle Tern
Doug Clove,Joe Allen,Thomas Shervey,Steph Routh,Timur Ender,
Timur Ender,Steph Routh,Candace Avalos,Jamie Dunphy,Cayle Tern,David Linn
Loretta Smith,Terrence Hayes,David Linn,Timur Ender,Candace Avalos,
Doug Clove,Terrence Hayes,Noah Ernst,,,
Jamie Dunphy,Peggy Sue Owens,Noah Ernst,,,
Candace Avalos,Terrence Hayes,,,,
Candace Avalos,,,,,
Loretta Smith,Steph Routh,Candace Avalos,,,
Candace Avalos,Steph Routh,Noah Ernst,Jamie Dunphy,,
Candace Avalos,Timur Ender,Steph Routh,Jamie Dunphy,Cayle Tern,David Linn
Terrence Hayes,Doug Clove,Thomas Shervey,Loretta Smith,Deian Salazar,David Linn
Candace Avalos,Michael (Mike) Sands,David Linn,Write-in-122,,
Candace Avalos,Cayle Tern,Timur Ender,,,
,,,,,
Timur Ender,Candace Avalos,Steph Routh,Jamie Dunphy,Cayle Tern,
Noah Ernst,Timur Ender,Cayle Tern,David Linn,Candace Avalos,Joe Allen
Candace Avalos,,,,,
Loretta Smith,Timur Ender,Noah Ernst,Cayle Tern,Doug Clove,Steph Routh
Candace Avalos,Loretta Smith,Terrence Hayes,Cayle Tern,,
Steph Routh,Cayle Tern,Timur Ender,Candace Avalos,Michael (Mike) Sands,
Candace Avalos,Cayle Tern,Timur Ender,,,
Candace Avalos,Steph Routh,Terrence Hayes,Loretta Smith,Jamie Dunphy,Noah Ernst
Timur Ender,Candace Avalos,David Linn,,,
Steph Routh,Candace Avalos,Timur Ender,Joe Allen,Michael (Mike) Sands,
Timur Ender,Joe Allen,Jamie Dunphy,,,
Noah Ernst,Deian Salazar,Candace Avalos,Steph Routh,Loretta Smith,Timur Ender
Cayle Tern,Candace Avalos,Doug Clove,Steph Routh,David Linn,Peggy Sue Owens
Jamie Dunphy,Steph Routh,Candace Avalos,,,
Candace Avalos,Joe Furi,Terrence Hayes,,,
,,,,,
Candace Avalos,Steph Routh,Timur Ender,Jamie Dunphy,,
Candace Avalos,,,,,
Loretta Smith,Terrence Hayes,,,,
Candace Avalos,Cayle Tern,,,,
Steph Routh,Candace Avalos,Timur Ender,,,
Jamie Dunphy,Candace Avalos,Steph Routh,,,
Deian Salazar,Steph Routh,Write-in-120,Joe Allen,Cayle Tern,Peggy Sue Owens
Candace Avalos,Steph Routh,Jamie Dunphy,Timur Ender,,
Candace Avalos,Cayle Tern,David Linn,Doug Clove,Deian Salazar,Peggy Sue Owens
Noah Ernst,,,,,
Cayle Tern,,,,,
Loretta Smith,Timur Ender,Terrence Hayes,Jamie Dunphy,Candace Avalos,Steph Routh
Candace Avalos,Terrence Hayes,Noah Ernst,Joe Furi,Cayle Tern,Loretta Smith
Terrence Hayes,Peggy Sue Owens,Deian Salazar,Loretta Smith,Noah Ernst,Jamie Dunphy
Candace Avalos,Cayle Tern,Timur Ender,,,
Candace Avalos,Deian Salazar,Loretta Smith,Steph Routh,Cayle Tern,
Terrence Hayes,,,,,
Jamie Dunphy,Steph Routh,Cayle Tern,Michael (Mike) Sands,Timur Ender,Joe Allen
Jamie Dunphy,Steph Routh,Candace Avalos,Timur Ender,,
,,,,,
Loretta Smith,Terrence Hayes,Noah Ernst,Steph Routh,Jamie Dunphy,Candace Avalos
Loretta Smith,Jamie Dunphy,Terrence Hayes,Michael (Mike) Sands,Joe Furi,David Linn
Loretta Smith,Terrence Hayes,Timur Ender,Noah Ernst,,
Cayle Tern,David Linn,Jamie Dunphy,Steph Routh,Thomas Shervey,Loretta Smith
Noah Ernst,Terrence Hayes,Michael (Mike) Sands,,,
Jamie Dunphy,Steph Routh,Candace Avalos,Timur Ender,Cayle Tern,
David Linn,Terrence Hayes,,,,
Timur Ender,Terrence Hayes,Noah Ernst,David Linn,Deian Salazar,Steph Routh
Peggy Sue Owens,Timur Ender,Noah Ernst,Candace Avalos,Joe Allen,David Linn
Candace Avalos,Cayle Tern,Timur Ender,Steph Routh,Jamie Dunphy,David Linn
Candace Avalos,Jamie Dunphy,Steph Routh,Timur Ender,David Linn,Cayle Tern
Timur Ender,Jamie Dunphy,Noah Ernst,Cayle Tern,,
Timur Ender,Candace Avalos,David Linn,Michael (Mike) Sands,Steph Routh,Jamie Dunphy
Loretta Smith,Terrence Hayes,Michael (Mike) Sands,Joe Allen,Peggy Sue Owens,David Linn
Steph Routh,Terrence Hayes,Cayle Tern,,,
Steph Routh,Loretta Smith,,,,
Peggy Sue Owens,,,,,
Loretta Smith,,,,,
Loretta Smith,Terrence Hayes,,,,
Doug Clove,Noah Ernst,Loretta Smith,,,
Peggy Sue Owens,Candace Avalos,Loretta Smith,Steph Routh,Jamie Dunphy,Cayle Tern
Candace Avalos,Loretta Smith,Steph Routh,Jamie Dunphy,,
Jamie Dunphy,,,,,
Noah Ernst,David Linn,Loretta Smith,Terrence Hayes,,
Noah Ernst,,,,,
Loretta Smith,Terrence Hayes,Steph Routh,,,
Candace Avalos,,,,,
Loretta Smith,Noah Ernst,Terrence Hayes,Deian Salazar,Doug Clove,
Candace Avalos,Cayle Tern,Timur Ender,Jamie Dunphy,Steph Routh,
Noah Ernst,,,,,
Candace Avalos,Cayle Tern,Timur Ender,,,
Candace Avalos,Timur Ender,Steph Routh,Jamie Dunphy,Loretta Smith,
Terrence Hayes,Noah Ernst,Jamie Dunphy,,,
Loretta Smith,Michael (Mike) Sands,Candace Avalos,,,
,,,,,
Candace Avalos,Steph Routh,Timur Ender,Jamie Dunphy,Terrence Hayes,
Timur Ender,Candace Avalos,Steph Routh,Cayle Tern,Loretta Smith,Deian Salazar
Timur Ender,Joe Allen,Cayle Tern,Joe Furi,,
Timur Ender,Loretta Smith,Terrence Hayes,Steph Routh,,
Candace Avalos,Steph Routh,Jamie Dunphy,Terrence Hayes,Loretta Smith,
Candace Avalos,,,,,
Steph Routh,Loretta Smith,Terrence Hayes,Candace Avalos,Cayle Tern,Timur Ender
Noah Ernst,Terrence Hayes,Joe Furi,Loretta Smith,Doug Clove,
Candace Avalos,Loretta Smith,Steph Routh,Cayle Tern,Noah Ernst,Timur Ender
Loretta Smith,Candace Avalos,Steph Routh,Michael (Mike) Sands,Terrence Hayes,Deian Salazar
Noah Ernst,,,,,
Candace Avalos,Timur Ender,Steph Routh,,,
Loretta Smith,Steph Routh,Cayle Tern,,,
Candace Avalos,Timur Ender,Jamie Dunphy,Michael (Mike) Sands,,
Timur Ender,Noah Ernst,,,,
Noah Ernst,Doug Clove,Candace Avalos,Terrence Hayes,Loretta Smith,Deian Salazar
Joe Allen,David Linn,Noah Ernst,Michael (Mike) Sands,Deian Salazar,Terrence Hayes
Loretta Smith,Doug Clove,Joe Furi,Joe Allen,Peggy Sue Owens,Timur Ender
Jamie Dunphy,Steph Routh,Terrence Hayes,Loretta Smith,,
Steph Routh,Candace Avalos,Jamie Dunphy,Terrence Hayes,,
Jamie Dunphy,Doug Clove,Candace Avalos,Deian Salazar,,
David Linn,Jamie Dunphy,,,,
Jamie Dunphy,Timur Ender,Doug Clove,Michael (Mike) Sands,Steph Routh,
Peggy Sue Owens,,,,,
Candace Avalos,Cayle Tern,Timur Ender,Loretta Smith,Jamie Dunphy,Steph Routh
Timur Ender,,,,,
Jamie Dunphy,Joe Allen,,,,
Noah Ernst,Joe Furi,Doug Clove,,,
Noah Ernst,Candace Avalos,Cayle Tern,Terrence Hayes,Thomas Shervey,Steph Routh
Peggy Sue Owens,Candace Avalos,Cayle Tern,Loretta Smith,Steph Routh,Noah Ernst
Steph Routh,Candace Avalos,Timur Ender,Jamie Dunphy,Cayle Tern,Loretta Smith
Candace Avalos,David Linn,Joe Furi,Michael (Mike) Sands,Loretta Smith,Steph Routh
Doug Clove,,,,,
Doug Clove,Noah Ernst,,,,
Candace Avalos,Loretta Smith,Timur Ender,,,
Jamie Dunphy,Steph Routh,Candace Avalos,,,
Noah Ernst,,,,,
Terrence Hayes,Loretta Smith,Steph Routh,Jamie Dunphy,,
Loretta Smith,Peggy Sue Owens,Candace Avalos,David Linn,Jamie Dunphy,Michael (Mike) Sands
Steph Routh,Timur Ender,Candace Avalos,Jamie Dunphy,Cayle Tern,Michael (Mike) Sands
Peggy Sue Owens,Steph Routh,Noah Ernst,David Linn,Michael (Mike) Sands,Terrence Hayes
Doug Clove,Noah Ernst,Thomas Shervey,David Linn,Joe Allen,Steph Routh
Timur Ender,Candace Avalos,David Linn,Deian Salazar,,
Loretta Smith,Jamie Dunphy,Timur Ender,,,
Candace Avalos,Jamie Dunphy,Steph Routh,,,
Deian Salazar,,,,,
Candace Avalos,Peggy Sue Owens,Cayle Tern,Loretta Smith,Michael (Mike) Sands,Noah Ernst
Loretta Smith,Candace Avalos,Terrence Hayes,,,
Timur Ender,Joe Furi,Steph Routh,Terrence Hayes,Loretta Smith,Peggy Sue Owens
Jamie Dunphy,Timur Ender,Candace Avalos,Steph Routh,Cayle Tern,Joe Allen
Candace Avalos,Jamie Dunphy,Loretta Smith,,,
Noah Ernst,Candace Avalos,Loretta Smith,Cayle Tern,Deian Salazar,David Linn
Candace Avalos,Jamie Dunphy,Steph Routh,Timur Ender,Cayle Tern,Doug Clove
Jamie Dunphy,Doug Clove,Timur Ender,Noah Ernst,Michael (Mike) Sands,Loretta Smith
Loretta Smith,,,,,
Deian Salazar,Michael (Mike) Sands,Candace Avalos,Terrence Hayes,Jamie Dunphy,Loretta Smith
Candace Avalos,Terrence Hayes,Steph Routh,Cayle Tern,Timur Ender,Deian Salazar
Loretta Smith,Doug Clove,Terrence Hayes,Candace Avalos,Timur Ender,Noah Ernst
Joe Allen,Michael (Mike) Sands,Loretta Smith,Thomas Shervey,Jamie Dunphy,David Linn
Joe Allen,Doug Clove,Terrence Hayes,,,
Candace Avalos,Doug Clove,Terrence Hayes,Steph Routh,,
Loretta Smith,Candace Avalos,,,,
Steph Routh,Joe Allen,Loretta Smith,Jamie Dunphy,Terrence Hayes,
Steph Routh,Jamie Dunphy,Candace Avalos,Timur Ender,,
Doug Clove,Jamie Dunphy,,,,
Deian Salazar,Loretta Smith,Noah Ernst,Candace Avalos,Terrence Hayes,Timur Ender
Noah Ernst,,,,,
Jamie Dunphy,Candace Avalos,Steph Routh,,,
Timur Ender,Candace Avalos,Loretta Smith,,,
Michael (Mike) Sands,Steph Routh,Joe Allen,Noah Ernst,Terrence Hayes,Thomas Shervey
Loretta Smith,,,,,
Candace Avalos,Steph Routh,,,,
Steph Routh,Candace Avalos,Timur Ender,Jamie Dunphy,Loretta Smith,Noah Ernst
Candace Avalos,Noah Ernst,Steph Routh,Loretta Smith,Timur Ender,Cayle Tern
Doug Clove,Joe Furi,Deian Salazar,Loretta Smith,Terrence Hayes,Steph Routh
Timur Ender,,,,,
Terrence Hayes,Loretta Smith,Cayle Tern,David Linn,Noah Ernst,Candace Avalos
Candace Avalos,Steph Routh,Jamie Dunphy,,,
Loretta Smith,Steph Routh,David Linn,,,
Terrence Hayes,Noah Ernst,Loretta Smith,Candace Avalos,David Linn,Cayle Tern
Loretta Smith,Terrence Hayes,Timur Ender,Candace Avalos,Steph Routh,
Timur Ender,Joe Furi,Michael (Mike) Sands,Noah Ernst,,
Steph Routh,,,,,
Thomas Shervey,Steph Routh,Jamie Dunphy,Joe Furi,Doug Clove,Timur Ender
Timur Ender,Jamie Dunphy,Loretta Smith,Candace Avalos,Terrence Hayes,
Jamie Dunphy,Loretta Smith,Michael (Mike) Sands,David Linn,Deian Salazar,Joe Allen
Candace Avalos,Steph Routh,Loretta Smith,Jamie Dunphy,Timur Ender,David Linn
Jamie Dunphy,Candace Avalos,Steph Routh,,,
Joe Allen,Timur Ender,Cayle Tern,Candace Avalos,Loretta Smith,Jamie Dunphy
Joe Allen,Peggy Sue Owens,Noah Ernst,Cayle Tern,Joe Furi,Loretta Smith
David Linn,Joe Allen,Candace Avalos,,,
Terrence Hayes,,,,,
Loretta Smith,Terrence Hayes,Candace Avalos,Cayle Tern,David Linn,Jamie Dunphy
Candace Avalos,Jamie Dunphy,Steph Routh,,,
Candace Avalos,Timur Ender,Steph Routh,Jamie Dunphy,,
Thomas Shervey,Joe Allen,Loretta Smith,,,
Candace Avalos,Timur Ender,Michael (Mike) Sands,Noah Ernst,David Linn,Thomas Shervey
Cayle Tern,Timur Ender,Michael (Mike) Sands,,,
Joe Allen,Loretta Smith,Steph Routh,Jamie Dunphy,,
Michael (Mike) Sands,,,,,
Candace Avalos,Jamie Dunphy,Steph Routh,Timur Ender,Cayle Tern,Doug Clove
Timur Ender,Cayle Tern,Candace Avalos,Jamie Dunphy,David Linn,Deian Salazar
Jamie Dunphy,Terrence Hayes,Cayle Tern,Steph Routh,Candace Avalos,Michael (Mike) Sands
Steph Routh,Jamie Dunphy,Timur Ender,Candace Avalos,Joe Allen,Loretta Smith
Loretta Smith,Michael (Mike) Sands,Timur Ender,,,
Michael (Mike) Sands,Doug Clove,Jamie Dunphy,Steph Routh,Joe Allen,Timur Ender
Michael (Mike) Sands,,,,,
Joe Allen,,,,,
Noah Ernst,,,,,
Timur Ender,Steph Routh,Candace Avalos,,,
Jamie Dunphy,Steph Routh,Candace Avalos,,,
Terrence Hayes,Loretta Smith,Noah Ernst,,,
,,,,,
Candace Avalos,Loretta Smith,Cayle Tern,,,
Joe Allen,Loretta Smith,,,,
Loretta Smith,,,,,
Terrence Hayes,,,,,
Timur Ender,Candace Avalos,Loretta Smith,Terrence Hayes,Noah Ernst,Jamie Dunphy
Terrence Hayes,Noah Ernst,Joe Furi,Loretta Smith,Doug Clove,
Steph Routh,Candace Avalos,Timur Ender,,,
Loretta Smith,,,,,
Timur Ender,,,,,
Steph Routh,Candace Avalos,Timur Ender,Jamie Dunphy,Cayle Tern,
Candace Avalos,Terrence Hayes,Cayle Tern,Loretta Smith,Thomas Shervey,Michael (Mike) Sands
Peggy Sue Owens,Timur Ender,Noah Ernst,Candace Avalos,Joe Allen,David Linn
Jamie Dunphy,Candace Avalos,Steph Routh,Noah Ernst,David Linn,Loretta Smith
Steph Routh,Jamie Dunphy,Candace Avalos,Timur Ender,,
Jamie Dunphy,Candace Avalos,Steph Routh,Loretta Smith,Timur Ender,David Linn
Noah Ernst,Jamie Dunphy,Timur Ender,,,
Noah Ernst,Peggy Sue Owens,Doug Clove,,,
Timur Ender,Loretta Smith,Candace Avalos,,,
Peggy Sue Owens,Michael (Mike) Sands,Noah Ernst,Joe Furi,Cayle Tern,Thomas Shervey
Loretta Smith,,,,,
Loretta Smith,Candace Avalos,Cayle Tern,Timur Ender,Deian Salazar,Steph Routh
Loretta Smith,Terrence Hayes,Steph Routh,Timur Ender,Michael (Mike) Sands,Candace Avalos
Joe Furi,,,,,
Candace Avalos,Loretta Smith,Terrence Hayes,Timur Ender,Doug Clove,Steph Routh
Timur Ender,Jamie Dunphy,Steph Routh,David Linn,Cayle Tern,Candace Avalos
Candace Avalos,Timur Ender,Steph Routh,,,
Steph Routh,Loretta Smith,Deian Salazar,,,
Noah Ernst,Timur Ender,Loretta Smith,,,
Candace Avalos,Thomas Shervey,David Linn,Deian Salazar,Steph Routh,Timur Ender
Cayle Tern,,,,,
Timur Ender,Candace Avalos,Terrence Hayes,Loretta Smith,Steph Routh,Doug Clove
Jamie Dunphy,Michael (Mike) Sands,Joe Furi,David Linn,Joe Allen,Steph Routh
David Linn,Timur Ender,Terrence Hayes,Noah Ernst,,
Doug Clove,,,,,
Deian Salazar,Loretta Smith,Peggy Sue Owens,Terrence Hayes,Michael (Mike) Sands,Noah Ernst
Jamie Dunphy,,,,,
Jamie Dunphy,Candace Avalos,Cayle Tern,Timur Ender,,
Candace Avalos,,,,,
Doug Clove,,,,,
Candace Avalos,Terrence Hayes,Michael (Mike) Sands,Noah Ernst,David Linn,Steph Routh
,,,,,
Peggy Sue Owens,Terrence Hayes,Michael (Mike) Sands,Loretta Smith,Joe Allen,
Noah Ernst,,,,,
Candace Avalos,Steph Routh,Jamie Dunphy,Timur Ender,Cayle Tern,
Jamie Dunphy,Steph Routh,Candace Avalos,Timur Ender,,
Terrence Hayes,Loretta Smith,,,,
Candace Avalos,Timur Ender,Cayle Tern,Steph Routh,Loretta Smith,Jamie Dunphy
Thomas Shervey,Terrence Hayes,Steph Routh,Jamie Dunphy,Peggy Sue Owens,Candace Avalos
Noah Ernst,Candace Avalos,David Linn,Terrence Hayes,,
Doug Clove,Loretta Smith,Steph Routh,Candace Avalos,Timur Ender,Noah Ernst
Candace Avalos,Timur Ender,Jamie Dunphy,Steph Routh,Joe Allen,David Linn
,,,,,
,,,,,
Steph Routh,Timur Ender,Candace Avalos,Terrence Hayes,Loretta Smith,
Noah Ernst,,,,,
Noah Ernst,Joe Allen,Thomas Shervey,Joe Furi,Michael (Mike) Sands,Peggy Sue Owens
Joe Allen,Candace Avalos,Steph Routh,Jamie Dunphy,Loretta Smith,Terrence Hayes
Loretta Smith,Steph Routh,,,,
Candace Avalos,Timur Ender,Steph Routh,Jamie Dunphy,Cayle Tern,David Linn
Noah Ernst,Deian Salazar,Terrence Hayes,Jamie Dunphy,Steph Routh,Loretta Smith
David Linn,,,,,
Noah Ernst,Candace Avalos,Michael (Mike) Sands,Terrence Hayes,Deian Salazar,Jamie Dunphy
Candace Avalos,Jamie Dunphy,Cayle Tern,Steph Routh,,
Candace Avalos,Jamie Dunphy,Terrence Hayes,Timur Ender,Steph Routh,David Linn
Peggy Sue Owens,,,,,
Noah Ernst,Cayle Tern,Steph Routh,,,
Loretta Smith,,,,,
Jamie Dunphy,Timur Ender,Loretta Smith,Candace Avalos,Terrence Hayes,
Jamie Dunphy,Candace Avalos,Steph Routh,Noah Ernst,David Linn,Loretta Smith
Candace Avalos,Timur Ender,Steph Routh,Michael (Mike) Sands,Doug Clove,Joe Allen
Peggy Sue Owens,Candace Avalos,Cayle Tern,Michael (Mike) Sands,Steph Routh,Write-in-121
Jamie Dunphy,Steph Routh,Timur Ender,,,
Timur Ender,Noah Ernst,Candace Avalos,Cayle Tern,Terrence Hayes,Steph Routh
,,,,,
Timur Ender,Loretta Smith,Doug Clove,,,
Jamie Dunphy,Steph Routh,Timur Ender,Candace Avalos,Cayle Tern,David Linn
Timur Ender,Terrence Hayes,Jamie Dunphy,Steph Routh,Candace Avalos,Doug Clove
Steph Routh,Jamie Dunphy,Terrence Hayes,Loretta Smith,Candace Avalos,Cayle Tern
Doug Clove,David Linn,Deian Salazar,Loretta Smith,Steph Routh,Joe Allen
Candace Avalos,Timur Ender,Steph Routh,Jamie Dunphy,,
Loretta Smith,Terrence Hayes,Steph Routh,Timur Ender,Candace Avalos,Cayle Tern
Noah Ernst,Terrence Hayes,Deian Salazar,,,
Noah Ernst,Deian Salazar,Jamie Dunphy,,,
Loretta Smith,Terrence Hayes,Steph Routh,,,
Jamie Dunphy,Steph Routh,Candace Avalos,,,
Candace Avalos,Peggy Sue Owens,Deian Salazar,Loretta Smith,Steph Routh,Joe Furi
Terrence Hayes,Noah Ernst,Joe Furi,Loretta Smith,Doug Clove,Jamie Dunphy
Noah Ernst,Doug Clove,David Linn,Peggy Sue Owens,Thomas Shervey,Joe Furi
Candace Avalos,Timur Ender,Terrence Hayes,Write-in-120,Deian Salazar,Cayle Tern
Candace Avalos,Steph Routh,Jamie Dunphy,Deian Salazar,Joe Furi,Timur Ender
Timur Ender,Steph Routh,Cayle Tern,David Linn,Candace Avalos,Jamie Dunphy
Terrence Hayes,Doug Clove,Michael (Mike) Sands,Loretta Smith,Jamie Dunphy,Joe Furi
Doug Clove,Deian Salazar,,,,
Candace Avalos,Cayle Tern,Steph Routh,,,
Candace Avalos,Deian Salazar,Loretta Smith,,,
Jamie Dunphy,Steph Routh,Timur Ender,,,
Doug Clove,David Linn,Loretta Smith,Terrence Hayes,Steph Routh,Jamie Dunphy
Cayle Tern,Doug Clove,Joe Furi,Michael (Mike) Sands,Deian Salazar,Loretta Smith
Deian Salazar,Thomas Shervey,Joe Furi,Doug Clove,,
Candace Avalos,Cayle Tern,Timur Ender,,,
Jamie Dunphy,Steph Routh,Candace Avalos,Loretta Smith,Terrence Hayes,
Jamie Dunphy,Loretta Smith,Candace Avalos,Peggy Sue Owens,Deian Salazar,Michael (Mike) Sands
Joe Furi,,,,,
Noah Ernst,,,,,
Jamie Dunphy,Candace Avalos,Steph Routh,Noah Ernst,David Linn,Loretta Smith
Candace Avalos,Jamie Dunphy,Joe Allen,,,
Jamie Dunphy,Timur Ender,Steph Routh,Candace Avalos,,
Noah Ernst,Loretta Smith,Terrence Hayes,,,
Jamie Dunphy,Terrence Hayes,Noah Ernst,Candace Avalos,,
,,,,,
Noah Ernst,Doug Clove,Steph Routh,Cayle Tern,Candace Avalos,Terrence Hayes
Timur Ender,Michael (Mike) Sands,Loretta Smith,Cayle Tern,David Linn,Noah Ernst
Terrence Hayes,Timur Ender,,,,
Terrence Hayes,Loretta Smith,Candace Avalos,David Linn,Joe Furi,Deian Salazar
Jamie Dunphy,Steph Routh,Timur Ender,Loretta Smith,David Linn,
Terrence Hayes,Candace Avalos,Steph Routh,Deian Salazar,Joe Allen,Peggy Sue Owens
Steph Routh,Timur Ender,Candace Avalos,Loretta Smith,,
Jamie Dunphy,,,,,
Jamie Dunphy,Steph Routh,Timur Ender,Candace Avalos,Cayle Tern,
Terrence Hayes,Loretta Smith,Jamie Dunphy,Doug Clove,,
Terrence Hayes,Loretta Smith,Candace Avalos,Deian Salazar,Steph Routh,Jamie Dunphy
Doug Clove,,,,,
Jamie Dunphy,,,,,
Steph Routh,Michael (Mike) Sands,Timur Ender,,,
Terrence Hayes,Jamie Dunphy,Candace Avalos,,,
Steph Routh,Timur Ender,Jamie Dunphy,Cayle Tern,Loretta Smith,Candace Avalos
Noah Ernst,Steph Routh,Jamie Dunphy,,,
David Linn,Candace Avalos,Doug Clove,Steph Routh,Cayle Tern,Loretta Smith
Joe Furi,Joe Allen,Noah Ernst,,,
Candace Avalos,,,,,
Jamie Dunphy,Candace Avalos,Steph Routh,Noah Ernst,David Linn,Loretta Smith
Jamie Dunphy,Steph Routh,Candace Avalos,,,
Terrence Hayes,Loretta Smith,Noah Ernst,Steph Routh,Timur Ender,
Terrence Hayes,,,,,
Terrence Hayes,Candace Avalos,Loretta Smith,Steph Routh,,
Loretta Smith,Terrence Hayes,Noah Ernst,Candace Avalos,,
Jamie Dunphy,Candace Avalos,Loretta Smith,Steph Routh,Timur Ender,Cayle Tern
Noah Ernst,,,,,
Loretta Smith,Timur Ender,David Linn,Jamie Dunphy,Noah Ernst,Terrence Hayes
Loretta Smith,Terrence Hayes,Noah Ernst,Steph Routh,Deian Salazar,Michael (Mike) Sands
Jamie Dunphy,,,,,
Loretta Smith,Terrence Hayes,Candace Avalos,,,
Candace Avalos,Timur Ender,Steph Routh,Jamie Dunphy,Cayle Tern,David Linn
Candace Avalos,Steph Routh,Timur Ender,Jamie Dunphy,Cayle Tern,David Linn
Joe Allen,Candace Avalos,Peggy Sue Owens,Thomas Shervey,Doug Clove,David Linn
Michael (Mike) Sands,,,,,
Steph Routh,Terrence Hayes,Loretta Smith,David Linn,Noah Ernst,Jamie Dunphy
Jamie Dunphy,Steph Routh,Candace Avalos,,,
Candace Avalos,Michael (Mike) Sands,Steph Routh,Jamie Dunphy,Thomas Shervey,
Jamie Dunphy,,,,,
Loretta Smith,Jamie Dunphy,David Linn,Candace Avalos,Noah Ernst,Doug Clove
Loretta Smith,Terrence Hayes,David Linn,,,
Noah Ernst,Timur Ender,Deian Salazar,Terrence Hayes,Steph Routh,Doug Clove
Timur Ender,Steph Routh,Joe Furi,David Linn,Cayle Tern,
Peggy Sue Owens,Candace Avalos,Loretta Smith,,,
Loretta Smith,Cayle Tern,Terrence Hayes,Steph Routh,David Linn,Noah Ernst
Candace Avalos,Timur Ender,Steph Routh,Jamie Dunphy,Cayle Tern,David Linn
Candace Avalos,Write-in-120,Terrence Hayes,Steph Routh,Timur Ender,Joe Furi
Joe Allen,,,,,
Jamie Dunphy,Deian Salazar,Timur Ender,,,
Terrence Hayes,Noah Ernst,Candace Avalos,,,
Candace Avalos,Steph Routh,Timur Ender,Jamie Dunphy,,
Candace Avalos,Noah Ernst,Doug Clove,Jamie Dunphy,Terrence Hayes,Peggy Sue Owens
Loretta Smith,,,,,
Steph Routh,Candace Avalos,Timur Ender,Jamie Dunphy,,
Jamie Dunphy,Candace Avalos,Steph Routh,David Linn,Terrence Hayes,
Loretta Smith,,,,,
Noah Ernst,Deian Salazar,Thomas Shervey,Loretta Smith,Joe Furi,Joe Allen
Joe Allen,Doug Clove,Noah Ernst,Terrence Hayes,Deian Salazar,Thomas Shervey
Steph Routh,Timur Ender,Jamie Dunphy,Candace Avalos,,
Jamie Dunphy,Loretta Smith,Candace Avalos,David Linn,Cayle Tern,
Candace Avalos,Timur Ender,Jamie Dunphy,David Linn,Cayle Tern,
Peggy Sue Owens,Deian Salazar,Cayle Tern,Write-in-120,Steph Routh,Candace Avalos
Timur Ender,Candace Avalos,,,,
Candace Avalos,Terrence Hayes,Timur Ender,Cayle Tern,Noah Ernst,Loretta Smith
Cayle Tern,Joe Furi,Peggy Sue Owens,Deian Salazar,Candace Avalos,Steph Routh
Candace Avalos,Loretta Smith,Steph Routh,,,
Candace Avalos,,,,,
Steph Routh,Loretta Smith,Candace Avalos,Terrence Hayes,Jamie Dunphy,Cayle Tern
Doug Clove,Joe Furi,,,,
Peggy Sue Owens,Joe Allen,Doug Clove,Jamie Dunphy,Thomas Shervey,Timur Ender
Loretta Smith,Steph Routh,Jamie Dunphy,Thomas Shervey,Cayle Tern,Candace Avalos
Loretta Smith,Candace Avalos,Noah Ernst,,,
Peggy Sue Owens,,,,,
Steph Routh,Candace Avalos,Timur Ender,Jamie Dunphy,,
Candace Avalos,Loretta Smith,Terrence Hayes,,,
Steph Routh,,,,,
Jamie Dunphy,Candace Avalos,Steph Routh,Loretta Smith,David Linn,Terrence Hayes
Timur Ender,Noah Ernst,Joe Allen,Doug Clove,Joe Furi,Deian Salazar
Timur Ender,Terrence Hayes,Loretta Smith,,,
Candace Avalos,Jamie Dunphy,Timur Ender,Terrence Hayes,Steph Routh,David Linn
Jamie Dunphy,Terrence Hayes,Loretta Smith,Timur Ender,Noah Ernst,Steph Routh
Candace Avalos,Loretta Smith,Terrence Hayes,,,
Loretta Smith,Terrence Hayes,Jamie Dunphy,,,
Candace Avalos,Loretta Smith,Timur Ender,Deian Salazar,,
Candace Avalos,Steph Routh,Timur Ender,Jamie Dunphy,,
Loretta Smith,,,,,
Timur Ender,Candace Avalos,,,,
Candace Avalos,,,,,
Noah Ernst,Loretta Smith,,,,
Loretta Smith,Terrence Hayes,Candace Avalos,,,
Jamie Dunphy,Candace Avalos,Steph Routh,Timur Ender,Terrence Hayes,Loretta Smith
Deian Salazar,,,,,
Timur Ender,Thomas Shervey,Candace Avalos,Steph Routh,,
Loretta Smith,Terrence Hayes,Noah Ernst,,,
Terrence Hayes,Jamie Dunphy,Michael (Mike) Sands,David Linn,Noah Ernst,Peggy Sue Owens
Candace Avalos,Steph Routh,Timur Ender,Jamie Dunphy,Loretta Smith,David Linn
Candace Avalos,Michael (Mike) Sands,Deian Salazar,David Linn,Terrence Hayes,Peggy Sue Owens
Deian Salazar,Steph Routh,Terrence Hayes,,,
Jamie Dunphy,David Linn,Candace Avalos,Steph Routh,Timur Ender,Noah Ernst
Joe Allen,,,,,
,,,,,
,,,,,
Joe Allen,Joe Furi,Noah Ernst,Thomas Shervey,Loretta Smith,Doug Clove
Candace Avalos,Cayle Tern,Timur Ender,,,
Candace Avalos,Cayle Tern,Timur Ender,,,
Cayle Tern,Peggy Sue Owens,Loretta Smith,,,
Noah Ernst,Timur Ender,Thomas Shervey,,,
Peggy Sue Owens,Timur Ender,Joe Allen,Michael (Mike) Sands,Jamie Dunphy,Loretta Smith
Jamie Dunphy,Candace Avalos,Steph Routh,,,
Peggy Sue Owens,Cayle Tern,,,,
Candace Avalos,Cayle Tern,Timur Ender,Jamie Dunphy,Steph Routh,
Loretta Smith,Terrence Hayes,Jamie Dunphy,Noah Ernst,David Linn,Deian Salazar
Terrence Hayes,Noah Ernst,Deian Salazar,Joe Allen,Jamie Dunphy,Steph Routh
Timur Ender,,,,,
Terrence Hayes,Steph Routh,Loretta Smith,Candace Avalos,Jamie Dunphy,Joe Allen
Candace Avalos,Steph Routh,Terrence Hayes,Loretta Smith,Jamie Dunphy,Noah Ernst
Candace Avalos,Cayle Tern,Terrence Hayes,,,
Candace Avalos,Timur Ender,Steph Routh,Jamie Dunphy,,
Terrence Hayes,Loretta Smith,,,,
Joe Allen,Michael (Mike) Sands,Cayle Tern,Steph Routh,Doug Clove,David Linn
Candace Avalos,David Linn,Michael (Mike) Sands,Loretta Smith,Steph Routh,Doug Clove
Candace Avalos,Cayle Tern,Timur Ender,,,
Michael (Mike) Sands,Terrence Hayes,Doug Clove,Joe Allen,Jamie Dunphy,Cayle Tern
Noah Ernst,Deian Salazar,David Linn,Write-in-120,Thomas Shervey,
David Linn,Terrence Hayes,Michael (Mike) Sands,Joe Allen,Timur Ender,Noah Ernst
David Linn,Write-in-120,Terrence Hayes,Joe Furi,,
Noah Ernst,Joe Allen,Joe Furi,,,
Loretta Smith,Terrence Hayes,,,,
Terrence Hayes,Thomas Shervey,Joe Allen,David Linn,Steph Routh,Jamie Dunphy
Peggy Sue Owens,Joe Allen,Joe Furi,Michael (Mike) Sands,Loretta Smith,Candace Avalos
Terrence Hayes,Steph Routh,Jamie Dunphy,,,
Loretta Smith,Steph Routh,Timur Ender,Terrence Hayes,David Linn,
Candace Avalos,Jamie Dunphy,Steph Routh,Timur Ender,Michael (Mike) Sands,David Linn
Steph Routh,Timur Ender,Candace Avalos,Thomas Shervey,Doug Clove,Jamie Dunphy
Noah Ernst,,,,,
Thomas Shervey,Loretta Smith,Doug Clove,David Linn,Noah Ernst,Timur Ender
Steph Routh,Terrence Hayes,Jamie Dunphy,Candace Avalos,Joe Allen,
Cayle Tern,Deian Salazar,Joe Furi,,,
Jamie Dunphy,,,,,
Cayle Tern,Candace Avalos,Terrence Hayes,Steph Routh,Doug Clove,Timur Ender
Loretta Smith,Deian Salazar,Terrence Hayes,Candace Avalos,Steph Routh,Michael (Mike) Sands
Cayle Tern,Steph Routh,David Linn,Timur Ender,Candace Avalos,Jamie Dunphy
Jamie Dunphy,Candace Avalos,Steph Routh,Loretta Smith,Terrence Hayes,Deian Salazar
Terrence Hayes,Doug Clove,Michael (Mike) Sands,Loretta Smith,Jamie Dunphy,Joe Furi
Joe Allen,Peggy Sue Owens,,,,
Jamie Dunphy,Candace Avalos,,,,
Terrence Hayes,,,,,
Candace Avalos,Cayle Tern,Timur Ender,Jamie Dunphy,Steph Routh,David Linn
Loretta Smith,Deian Salazar,Candace Avalos,Jamie Dunphy,Terrence Hayes,Thomas Shervey
Loretta Smith,Candace Avalos,David Linn,Jamie Dunphy,Steph Routh,Doug Clove
Timur Ender,David Linn,Thomas Shervey,,,
Timur Ender,Candace Avalos,Cayle Tern,,,
Jamie Dunphy,Candace Avalos,Steph Routh,Noah Ernst,David Linn,Loretta Smith
Loretta Smith,Steph Routh,,,,
Steph Routh,Loretta Smith,Terrence Hayes,Timur Ender,Candace Avalos,Jamie Dunphy
Michael (Mike) Sands,Loretta Smith,,,,
Jamie Dunphy,Candace Avalos,Steph Routh,,,
Candace Avalos,Cayle Tern,Timur Ender,,,
Terrence Hayes,Loretta Smith,,,,
Candace Avalos,Timur Ender,Cayle Tern,Jamie Dunphy,Steph Routh,David Linn
Peggy Sue Owens,Candace Avalos,Michael (Mike) Sands,Loretta Smith,Terrence Hayes,Jamie Dunphy
Timur Ender,Peggy Sue Owens,Noah Ernst,Terrence Hayes,Michael (Mike) Sands,Steph Routh
Loretta Smith,Terrence Hayes,Candace Avalos,,,
Candace Avalos,Timur Ender,Steph Routh,,,
Timur Ender,Candace Avalos,Doug Clove,Loretta Smith,,
Candace Avalos,Michael (Mike) Sands,Steph Routh,Jamie Dunphy,Timur Ender,David Linn
Timur Ender,Noah Ernst,Deian Salazar,Thomas Shervey,Terrence Hayes,Jamie Dunphy
Joe Furi,Loretta Smith,Timur Ender,Michael (Mike) Sands,Peggy Sue Owens,Cayle Tern
Timur Ender,Candace Avalos,,,,
Doug Clove,Terrence Hayes,Noah Ernst,David Linn,Peggy Sue Owens,
Jamie Dunphy,Timur Ender,David Linn,Deian Salazar,Candace Avalos,Noah Ernst
Peggy Sue Owens,Loretta Smith,Steph Routh,Jamie Dunphy,Deian Salazar,Cayle Tern
Steph Routh,,,,,
Candace Avalos,Jamie Dunphy,Noah Ernst,Terrence Hayes,Steph Routh,
Loretta Smith,Candace Avalos,Terrence Hayes,Jamie Dunphy,Deian Salazar,David Linn
Timur Ender,,,,,
Timur Ender,Candace Avalos,Loretta Smith,Steph Routh,Jamie Dunphy,Terrence Hayes
Steph Routh,Doug Clove,Candace Avalos,Thomas Shervey,Joe Furi,Jamie Dunphy
Terrence Hayes,Jamie Dunphy,Doug Clove,Joe Furi,Candace Avalos,Timur Ender
Candace Avalos,Jamie Dunphy,Steph Routh,Terrence Hayes,Cayle Tern,
Noah Ernst,Terrence Hayes,Michael (Mike) Sands,,,
Loretta Smith,Timur Ender,David Linn,Jamie Dunphy,Noah Ernst,Terrence Hayes
Candace Avalos,Cayle Tern,Timur Ender,Jamie Dunphy,David Linn,
Thomas Shervey,Candace Avalos,Cayle Tern,Jamie Dunphy,Noah Ernst,Terrence Hayes
Doug Clove,Joe Furi,Michael (Mike) Sands,Deian Salazar,Loretta Smith,Thomas Shervey
Candace Avalos,Steph Routh,Timur Ender,Jamie Dunphy,David Linn,
Steph Routh,Terrence Hayes,Michael (Mike) Sands,Joe Furi,Cayle Tern,Candace Avalos
Timur Ender,,,,,
Candace Avalos,Steph Routh,Jamie Dunphy,,,
Peggy Sue Owens,Loretta Smith,Candace Avalos,Jamie Dunphy,Steph Routh,Cayle Tern
Loretta Smith,Thomas Shervey,Steph Routh,Jamie Dunphy,Noah Ernst,David Linn
Jamie Dunphy,Candace Avalos,,,,
Terrence Hayes,Loretta Smith,Jamie Dunphy,Candace Avalos,David Linn,Cayle Tern
Timur Ender,Candace Avalos,,,,
Candace Avalos,Steph Routh,Timur Ender,Jamie Dunphy,,
Steph Routh,Candace Avalos,Jamie Dunphy,,,
Noah Ernst,Terrence Hayes,,,,
Noah Ernst,,,,,
,,,,,
Steph Routh,Jamie Dunphy,Candace Avalos,,,
Steph Routh,Candace Avalos,Timur Ender,,,
Deian Salazar,Peggy Sue Owens,Loretta Smith,Steph Routh,Joe Furi,
Steph Routh,Jamie Dunphy,Candace Avalos,Loretta Smith,David Linn,Noah Ernst
Terrence Hayes,Noah Ernst,Doug Clove,Joe Furi,Jamie Dunphy,Loretta Smith
David Linn,Steph Routh,Deian Salazar,Terrence Hayes,Joe Furi,Loretta Smith
Candace Avalos,Terrence Hayes,Peggy Sue Owens,David Linn,Timur Ender,Noah Ernst
Terrence Hayes,Candace Avalos,Loretta Smith,Doug Clove,Noah Ernst,Timur Ender
Candace Avalos,,,,,
Candace Avalos,Steph Routh,Timur Ender,Jamie Dunphy,,
Loretta Smith,,,,,
Timur Ender,Loretta Smith,Jamie Dunphy,Steph Routh,Terrence Hayes,David Linn
Timur Ender,Jamie Dunphy,Michael (Mike) Sands,Steph Routh,Terrence Hayes,Loretta Smith
Jamie Dunphy,Candace Avalos,Steph Routh,David Linn,Loretta Smith,
Peggy Sue Owens,Candace Avalos,Cayle Tern,Loretta Smith,Steph Routh,Jamie Dunphy
Timur Ender,David Linn,Steph Routh,Thomas Shervey,Cayle Tern,
Loretta Smith,Candace Avalos,,,,
Noah Ernst,,,,,
Joe Furi,Noah Ernst,,,,
Jamie Dunphy,Candace Avalos,Steph Routh,,,
Candace Avalos,Loretta Smith,Terrence Hayes,,,
Terrence Hayes,Candace Avalos,,,,
Terrence Hayes,Steph Routh,Candace Avalos,Cayle Tern,Jamie Dunphy,David Linn
Terrence Hayes,,,,,
Terrence Hayes,Noah Ernst,Timur Ender,David Linn,Peggy Sue Owens,Joe Furi
Cayle Tern,David Linn,Terrence Hayes,,,
Terrence Hayes,Loretta Smith,Steph Routh,Jamie Dunphy,Deian Salazar,
Candace Avalos,Loretta Smith,Steph Routh,Timur Ender,Jamie Dunphy,Cayle Tern
Candace Avalos,Timur Ender,Steph Routh,Jamie Dunphy,Cayle Tern,David Linn
Candace Avalos,Timur Ender,Jamie Dunphy,Cayle Tern,,
Loretta Smith,Jamie Dunphy,,,,
Loretta Smith,Terrence Hayes,Joe Allen,Peggy Sue Owens,Jamie Dunphy,Timur Ender
Candace Avalos,Steph Routh,Timur Ender,Jamie Dunphy,,
Loretta Smith,Steph Routh,Jamie Dunphy,Deian Salazar,Joe Allen,Doug Clove
Terrence Hayes,Candace Avalos,Jamie Dunphy,,,
Noah Ernst,Terrence Hayes,Loretta Smith,,,
Loretta Smith,Jamie Dunphy,Steph Routh,Terrence Hayes,,
Loretta Smith,Michael (Mike) Sands,Terrence Hayes,Steph Routh,,
Candace Avalos,Steph Routh,Timur Ender,Jamie Dunphy,,
Doug Clove,Joe Allen,Timur Ender,,,
Loretta Smith,Terrence Hayes,David Linn,Jamie Dunphy,Steph Routh,
Steph Routh,Candace Avalos,Timur Ender,Thomas Shervey,Terrence Hayes,Jamie Dunphy
Terrence Hayes,Loretta Smith,,,,
Candace Avalos,Timur Ender,Steph Routh,Jamie Dunphy,Cayle Tern,David Linn
Loretta Smith,Steph Routh,Cayle Tern,,,
Noah Ernst,Terrence Hayes,Joe Furi,Loretta Smith,Doug Clove,
Loretta Smith,,,,,
Noah Ernst,Doug Clove,,,,
Noah Ernst,,,,,
Loretta Smith,Candace Avalos,Jamie Dunphy,Steph Routh,Terrence Hayes,Peggy Sue Owens
Loretta Smith,Terrence Hayes,Candace Avalos,,,
Deian Salazar,,,,,
Jamie Dunphy,Steph Routh,Timur Ender,Noah Ernst,Candace Avalos,Doug Clove
Jamie Dunphy,Candace Avalos,Steph Routh,Noah Ernst,David Linn,Loretta Smith
Timur Ender,Candace Avalos,Cayle Tern,,,
Candace Avalos,Michael (Mike) Sands,David Linn,Loretta Smith,Jamie Dunphy,Terrence Hayes
Michael (Mike) Sands,,,,,
Terrence Hayes,Cayle Tern,,,,
Noah Ernst,Doug Clove,Terrence Hayes,,,
Jamie Dunphy,Noah Ernst,Joe Furi,Terrence Hayes,Doug Clove,Peggy Sue Owens
Timur Ender,Peggy Sue Owens,Loretta Smith,Joe Furi,Cayle Tern,David Linn
Candace Avalos,Cayle Tern,Timur Ender,,,
Candace Avalos,,,,,
Jamie Dunphy,Cayle Tern,David Linn,Steph Routh,Timur Ender,Candace Avalos
Candace Avalos,Cayle Tern,Timur Ender,,,
Noah Ernst,Michael (Mike) Sands,Terrence Hayes,Steph Routh,Jamie Dunphy,
Jamie Dunphy,Steph Routh,Timur Ender,,,
Candace Avalos,Terrence Hayes,Deian Salazar,Cayle Tern,Thomas Shervey,Steph Routh
Doug Clove,Joe Allen,Steph Routh,Candace Avalos,Jamie Dunphy,Michael (Mike) Sands
Candace Avalos,Jamie Dunphy,Steph Routh,David Linn,Noah Ernst,
Timur Ender,Joe Allen,Doug Clove,Noah Ernst,David Linn,Joe Furi
Noah Ernst,Terrence Hayes,Loretta Smith,,,
Loretta Smith,Candace Avalos,Cayle Tern,Michael (Mike) Sands,Deian Salazar,Terrence Hayes
Loretta Smith,Candace Avalos,Steph Routh,Jamie Dunphy,Deian Salazar,Peggy Sue Owens
Noah Ernst,David Linn,Joe Allen,Steph Routh,Thomas Shervey,Joe Furi
Candace Avalos,Steph Routh,Jamie Dunphy,Timur Ender,,
Candace Avalos,Cayle Tern,Timur Ender,,,
Jamie Dunphy,Steph Routh,Candace Avalos,Timur Ender,Loretta Smith,
Jamie Dunphy,Steph Routh,Timur Ender,,,
Candace Avalos,Steph Routh,Timur Ender,Jamie Dunphy,,
Timur Ender,Noah Ernst,Jamie Dunphy,,,
Candace Avalos,,,,,
Terrence Hayes,,,,,
Noah Ernst,Terrence Hayes,Deian Salazar,,,
Timur Ender,Steph Routh,Loretta Smith,,,
Candace Avalos,Timur Ender,Steph Routh,,,
Candace Avalos,Cayle Tern,Timur Ender,,,
Jamie Dunphy,Timur Ender,,,,
Candace Avalos,Loretta Smith,Terrence Hayes,Steph Routh,Cayle Tern,Jamie Dunphy
Candace Avalos,Cayle Tern,Timur Ender,Steph Routh,Jamie Dunphy,Michael (Mike) Sands
Jamie Dunphy,Candace Avalos,Steph Routh,Noah Ernst,,
Terrence Hayes,Jamie Dunphy,Steph Routh,Thomas Shervey,David Linn,
Peggy Sue Owens,Timur Ender,Noah Ernst,Candace Avalos,Joe Allen,David Linn
Terrence Hayes,Loretta Smith,Doug Clove,David Linn,Noah Ernst,Joe Allen
Loretta Smith,Candace Avalos,Thomas Shervey,,,
David Linn,,,,,
Noah Ernst,Terrence Hayes,Joe Furi,Loretta Smith,Doug Clove,
Loretta Smith,,,,,
Timur Ender,Jamie Dunphy,Steph Routh,Candace Avalos,Noah Ernst,David Linn
Terrence Hayes,Steph Routh,Peggy Sue Owens,Candace Avalos,Noah Ernst,David Linn
Jamie Dunphy,Candace Avalos,Steph Routh,,,
Candace Avalos,Cayle Tern,Timur Ender,,,
Candace Avalos,Jamie Dunphy,Loretta Smith,David Linn,Timur Ender,Steph Routh
Steph Routh,Cayle Tern,Timur Ender,,,
Noah Ernst,Steph Routh,Candace Avalos,Loretta Smith,David Linn,Terrence Hayes
Timur Ender,Joe Allen,Thomas Shervey,David Linn,,
Steph Routh,Loretta Smith,Candace Avalos,Jamie Dunphy,Cayle Tern,Doug Clove
Doug Clove,,,,,
Terrence Hayes,Noah Ernst,Doug Clove,,,
Candace Avalos,Timur Ender,Steph Routh,Jamie Dunphy,Cayle Tern,David Linn
Jamie Dunphy,Candace Avalos,Steph Routh,Noah Ernst,David Linn,Loretta Smith
Jamie Dunphy,Terrence Hayes,Michael (Mike) Sands,David Linn,Doug Clove,Steph Routh
Jamie Dunphy,,,,,
Steph Routh,,,,,
Noah Ernst,,,,,
Loretta Smith,,,,,
Jamie Dunphy,,,,,
Candace Avalos,Jamie Dunphy,Steph Routh,,,
Timur Ender,Candace Avalos,Joe Allen,Thomas Shervey,Joe Furi,Loretta Smith
Jamie Dunphy,Loretta Smith,Steph Routh,,,
Candace Avalos,Steph Routh,Timur Ender,Jamie Dunphy,,
Candace Avalos,Deian Salazar,Peggy Sue Owens,,,
Deian Salazar,Loretta Smith,Timur Ender,Cayle Tern,Doug Clove,
Noah Ernst,Peggy Sue Owens,Timur Ender,Candace Avalos,Joe Allen,David Linn
Loretta Smith,Timur Ender,Cayle Tern,Candace Avalos,David Linn,
Loretta Smith,Jamie Dunphy,Terrence Hayes,Candace Avalos,Steph Routh,Timur Ender
Noah Ernst,Loretta Smith,Deian Salazar,,,
Noah Ernst,Terrence Hayes,,,,
Timur Ender,Steph Routh,Loretta Smith,Candace Avalos,Deian Salazar,Michael (Mike) Sands
Candace Avalos,Steph Routh,Jamie Dunphy,Timur Ender,David Linn,Doug Clove
Michael (Mike) Sands,Deian Salazar,Timur Ender,Candace Avalos,Cayle Tern,Joe Allen
Candace Avalos,Timur Ender,Terrence Hayes,Jamie Dunphy,Cayle Tern,
Steph Routh,Candace Avalos,Jamie Dunphy,Thomas Shervey,Terrence Hayes,Timur Ender
Timur Ender,Candace Avalos,,,,
Doug Clove,Joe Furi,Terrence Hayes,Jamie Dunphy,Timur Ender,Noah Ernst
Loretta Smith,Terrence Hayes,Noah Ernst,Doug Clove,Steph Routh,Cayle Tern
Joe Allen,,,,,
Steph Routh,Jamie Dunphy,Candace Avalos,David Linn,Noah Ernst,Terrence Hayes
Joe Furi,David Linn,Doug Clove,,,
Terrence Hayes,Loretta Smith,Deian Salazar,,,
Jamie Dunphy,Terrence Hayes,Thomas Shervey,Doug Clove,,
Peggy Sue Owens,Loretta Smith,Doug Clove,Cayle Tern,,
Jamie Dunphy,Steph Routh,Peggy Sue Owens,Candace Avalos,,
Noah Ernst,Joe Furi,Terrence Hayes,Loretta Smith,Timur Ender,Candace Avalos
Loretta Smith,,,,,
Loretta Smith,Noah Ernst,Steph Routh,Terrence Hayes,Timur Ender,Jamie Dunphy
Terrence Hayes,Timur Ender,Loretta Smith,Peggy Sue Owens,Noah Ernst,Candace Avalos
Jamie Dunphy,David Linn,Candace Avalos,Noah Ernst,Joe Furi,Loretta Smith
Timur Ender,Candace Avalos,,,,
Timur Ender,Loretta Smith,Steph Routh,Cayle Tern,Candace Avalos,Terrence Hayes
Deian Salazar,Candace Avalos,Doug Clove,Loretta Smith,Peggy Sue Owens,David Linn
Thomas Shervey,,,,,
Doug Clove,Joe Furi,Jamie Dunphy,,,
Doug Clove,Deian Salazar,Thomas Shervey,Steph Routh,Cayle Tern,Joe Allen
Steph Routh,David Linn,Cayle Tern,Candace Avalos,Timur Ender,Jamie Dunphy
Terrence Hayes,Loretta Smith,Candace Avalos,,,
Candace Avalos,Timur Ender,Steph Routh,Jamie Dunphy,Cayle Tern,David Linn
Peggy Sue Owens,,,,,
Noah Ernst,Loretta Smith,Candace Avalos,Deian Salazar,Joe Allen,Doug Clove
Loretta Smith,Steph Routh,Terrence Hayes,Timur Ender,Candace Avalos,Jamie Dunphy
Loretta Smith,Terrence Hayes,Steph Routh,,,
Candace Avalos,Steph Routh,Noah Ernst,Jamie Dunphy,Loretta Smith,Cayle Tern
Write-in-122,,,,,
Candace Avalos,Terrence Hayes,David Linn,,,
Steph Routh,Jamie Dunphy,Terrence Hayes,Joe Allen,Thomas Shervey,David Linn
Timur Ender,Candace Avalos,Steph Routh,Jamie Dunphy,Joe Furi,
Loretta Smith,Peggy Sue Owens,,,,
Steph Routh,Jamie Dunphy,Terrence Hayes,Candace Avalos,Thomas Shervey,David Linn
Jamie Dunphy,Candace Avalos,Cayle Tern,Timur Ender,Steph Routh,
Doug Clove,,,,,
Jamie Dunphy,Candace Avalos,Terrence Hayes,,,
Jamie Dunphy,Steph Routh,Loretta Smith,Timur Ender,Candace Avalos,Terrence Hayes
Jamie Dunphy,Candace Avalos,Steph Routh,Timur Ender,Thomas Shervey,Loretta Smith
Candace Avalos,Cayle Tern,Timur Ender,,,
Terrence Hayes,Noah Ernst,Doug Clove,,,
Noah Ernst,Terrence Hayes,Joe Furi,Loretta Smith,Doug Clove,
Cayle Tern,Loretta Smith,,,,
Jamie Dunphy,Steph Routh,Candace Avalos,Terrence Hayes,,
Candace Avalos,Loretta Smith,Terrence Hayes,,,
Timur Ender,Cayle Tern,Thomas Shervey,Jamie Dunphy,Joe Furi,Joe Allen
David Linn,Steph Routh,Candace Avalos,Timur Ender,Jamie Dunphy,
David Linn,Cayle Tern,Timur Ender,,,
Jamie Dunphy,,,,,
Loretta Smith,Peggy Sue Owens,Candace Avalos,Jamie Dunphy,Cayle Tern,Terrence Hayes
Timur Ender,Candace Avalos,Cayle Tern,Jamie Dunphy,Steph Routh,David Linn
Noah Ernst,Timur Ender,Steph Routh,Jamie Dunphy,Michael (Mike) Sands,Loretta Smith
Candace Avalos,Timur Ender,Steph Routh,Cayle Tern,Jamie Dunphy,David Linn
Loretta Smith,Noah Ernst,David Linn,Joe Furi,Terrence Hayes,Cayle Tern
Terrence Hayes,Noah Ernst,Joe Furi,Loretta Smith,Doug Clove,Write-in-120
Timur Ender,Candace Avalos,Steph Routh,Loretta Smith,Jamie Dunphy,Deian Salazar
Noah Ernst,Terrence Hayes,Loretta Smith,,,
Timur Ender,Steph Routh,Jamie Dunphy,David Linn,Noah Ernst,Candace Avalos
Steph Routh,Timur Ender,Loretta Smith,Cayle Tern,Terrence Hayes,Doug Clove
Noah Ernst,Doug Clove,Loretta Smith,,,
Timur Ender,Steph Routh,Jamie Dunphy,Candace Avalos,Loretta Smith,Noah Ernst
Terrence Hayes,,,,,
Steph Routh,Loretta Smith,Jamie Dunphy,,,
Loretta Smith,Jamie Dunphy,Terrence Hayes,Steph Routh,Deian Salazar,Thomas Shervey
Timur Ender,Terrence Hayes,Michael (Mike) Sands,Doug Clove,Joe Allen,Jamie Dunphy
Candace Avalos,Steph Routh,Timur Ender,,,
Jamie Dunphy,Noah Ernst,Steph Routh,Loretta Smith,David Linn,Candace Avalos
Jamie Dunphy,Michael (Mike) Sands,Joe Allen,David Linn,Doug Clove,
Steph Routh,Candace Avalos,Cayle Tern,,,
Terrence Hayes,Noah Ernst,Joe Furi,Loretta Smith,Doug Clove,
Loretta Smith,,,,,
Candace Avalos,Timur Ender,Steph Routh,Jamie Dunphy,David Linn,Michael (Mike) Sands
Noah Ernst,Thomas Shervey,Loretta Smith,,,
Loretta Smith,Terrence Hayes,,,,
Peggy Sue Owens,Candace Avalos,Cayle Tern,Deian Salazar,Jamie Dunphy,Michael (Mike) Sands
Candace Avalos,Cayle Tern,Timur Ender,Jamie Dunphy,Steph Routh,David Linn
Terrence Hayes,,,,,
Timur Ender,Jamie Dunphy,Loretta Smith,,,
Steph Routh,Thomas Shervey,Doug Clove,,,
Jamie Dunphy,Candace Avalos,Steph Routh,Noah Ernst,David Linn,Loretta Smith
Terrence Hayes,Joe Allen,Loretta Smith,Jamie Dunphy,Candace Avalos,Michael (Mike) Sands
Noah Ernst,Doug Clove,Loretta Smith,Deian Salazar,Joe Furi,Joe Allen
Doug Clove,Loretta Smith,David Linn,Noah Ernst,,
Terrence Hayes,Noah Ernst,Joe Furi,Loretta Smith,Doug Clove,Write-in-120
Candace Avalos,Cayle Tern,Timur Ender,,,
Doug Clove,Deian Salazar,Joe Allen,Noah Ernst,Michael (Mike) Sands,
Noah Ernst,,,,,
Noah Ernst,Timur Ender,Candace Avalos,David Linn,Cayle Tern,Michael (Mike) Sands
Candace Avalos,Steph Routh,Jamie Dunphy,Timur Ender,Loretta Smith,David Linn
Write-in-120,Write-in-122,,,,
Loretta Smith,Steph Routh,Candace Avalos,Jamie Dunphy,David Linn,Timur Ender
Jamie Dunphy,Candace Avalos,Steph Routh,David Linn,Noah Ernst,Loretta Smith
Steph Routh,Candace Avalos,Cayle Tern,,,
Loretta Smith,Candace Avalos,Terrence Hayes,Timur Ender,Steph Routh,David Linn
Terrence Hayes,,,,,
Timur Ender,Michael (Mike) Sands,Noah Ernst,Deian Salazar,Cayle Tern,
Timur Ender,Steph Routh,,,,
,,,,,
Joe Allen,,,,,
Loretta Smith,Peggy Sue Owens,Candace Avalos,,,
Terrence Hayes,Noah Ernst,Loretta Smith,,,
Candace Avalos,Timur Ender,David Linn,Michael (Mike) Sands,Joe Furi,Jamie Dunphy
Doug Clove,Noah Ernst,Timur Ender,Deian Salazar,Loretta Smith,
Loretta Smith,,,,,
Joe Allen,,,,,
Peggy Sue Owens,,,,,
Candace Avalos,Cayle Tern,Timur Ender,,,
Steph Routh,Jamie Dunphy,,,,
Loretta Smith,,,,,
,,,,,
Write-in-120,,,,,
Loretta Smith,Terrence Hayes,Steph Routh,,,
Noah Ernst,Michael (Mike) Sands,Deian Salazar,Doug Clove,,
Terrence Hayes,Noah Ernst,Candace Avalos,,,
Candace Avalos,Timur Ender,David Linn,Jamie Dunphy,Steph Routh,Cayle Tern
Steph Routh,Noah Ernst,Jamie Dunphy,,,
Cayle Tern,David Linn,Jamie Dunphy,,,
Candace Avalos,Cayle Tern,Noah Ernst,,,
Jamie Dunphy,Terrence Hayes,Steph Routh,Candace Avalos,Timur Ender,Michael (Mike) Sands
Terrence Hayes,Noah Ernst,Candace Avalos,,,
Steph Routh,Terrence Hayes,Loretta Smith,Jamie Dunphy,,
Terrence Hayes,Noah Ernst,Candace Avalos,,,
Peggy Sue Owens,,,,,
Joe Allen,Noah Ernst,Doug Clove,,,
Jamie Dunphy,Loretta Smith,,,,
Terrence Hayes,Michael (Mike) Sands,Doug Clove,Joe Allen,Peggy Sue Owens,
Candace Avalos,Steph Routh,Timur Ender,Terrence Hayes,,
Doug Clove,Noah Ernst,Timur Ender,Candace Avalos,Joe Furi,Deian Salazar
Doug Clove,Loretta Smith,David Linn,,,
Noah Ernst,,,,,
Steph Routh,Timur Ender,Candace Avalos,Jamie Dunphy,Cayle Tern,Terrence Hayes
Jamie Dunphy,Candace Avalos,Steph Routh,,,
Doug Clove,Terrence Hayes,Noah Ernst,Loretta Smith,,
Thomas Shervey,Steph Routh,Joe Allen,David Linn,Doug Clove,Peggy Sue Owens
Steph Routh,,,,,
Write-in-120,Write-in-121,Write-in-122,,,
Timur Ender,Candace Avalos,Loretta Smith,Terrence Hayes,Steph Routh,Joe Furi
David Linn,Michael (Mike) Sands,Timur Ender,Steph Routh,Candace Avalos,Cayle Tern
Terrence Hayes,Noah Ernst,Doug Clove,Loretta Smith,Joe Furi,
Steph Routh,Loretta Smith,Terrence Hayes,Timur Ender,Jamie Dunphy,
Steph Routh,Timur Ender,Candace Avalos,David Linn,,
Timur Ender,Terrence Hayes,Loretta Smith,Steph Routh,,
Noah Ernst,Jamie Dunphy,,,,
Terrence Hayes,Noah Ernst,,,,
Joe Furi,,,,,
Jamie Dunphy,Candace Avalos,Cayle Tern,Timur Ender,David Linn,
Joe Allen,David Linn,Cayle Tern,Doug Clove,Joe Furi,Michael (Mike) Sands
Candace Avalos,Steph Routh,Timur Ender,Jamie Dunphy,Noah Ernst,Loretta Smith
Terrence Hayes,Joe Furi,Joe Allen,David Linn,Cayle Tern,Loretta Smith
Noah Ernst,Timur Ender,Candace Avalos,Terrence Hayes,Jamie Dunphy,Doug Clove
Noah Ernst,,,,,
Candace Avalos,Steph Routh,Jamie Dunphy,Timur Ender,,
Cayle Tern,Joe Allen,Deian Salazar,Joe Furi,Steph Routh,Timur Ender
Noah Ernst,Joe Allen,Doug Clove,Terrence Hayes,David Linn,Steph Routh
Candace Avalos,Steph Routh,Timur Ender,Jamie Dunphy,Loretta Smith,Deian Salazar
Terrence Hayes,Steph Routh,Jamie Dunphy,Loretta Smith,Timur Ender,Deian Salazar
Timur Ender,Joe Allen,Doug Clove,Deian Salazar,Thomas Shervey,Jamie Dunphy
Terrence Hayes,,,,,
Noah Ernst,Doug Clove,Peggy Sue Owens,Terrence Hayes,Joe Allen,
Jamie Dunphy,,,,,
Terrence Hayes,Joe Furi,Steph Routh,Cayle Tern,Timur Ender,Write-in-120
Peggy Sue Owens,,,,,
Terrence Hayes,Jamie Dunphy,Steph Routh,Loretta Smith,Timur Ender,Cayle Tern
Steph Routh,Noah Ernst,Jamie Dunphy,,,
Thomas Shervey,Cayle Tern,Joe Furi,Jamie Dunphy,,
Deian Salazar,Cayle Tern,Joe Allen,,,
Steph Routh,Doug Clove,Loretta Smith,Terrence Hayes,Peggy Sue Owens,Timur Ender
Terrence Hayes,,,,,
Candace Avalos,Jamie Dunphy,Joe Allen,Terrence Hayes,Cayle Tern,Steph Routh
Timur Ender,David Linn,Loretta Smith,Steph Routh,,
Candace Avalos,Timur Ender,Steph Routh,Jamie Dunphy,Cayle Tern,Joe Furi
Thomas Shervey,Joe Allen,Doug Clove,Peggy Sue Owens,Noah Ernst,Write-in-122
Noah Ernst,Steph Routh,Terrence Hayes,Timur Ender,Loretta Smith,Candace Avalos
Loretta Smith,Candace Avalos,Peggy Sue Owens,Jamie Dunphy,Noah Ernst,Cayle Tern
Write-in-120,,,,,
Noah Ernst,,,,,
Candace Avalos,,,,,
Loretta Smith,Thomas Shervey,Jamie Dunphy,Terrence Hayes,,
Joe Allen,Peggy Sue Owens,Deian Salazar,Loretta Smith,Noah Ernst,
David Linn,Steph Routh,Candace Avalos,Timur Ender,Michael (Mike) Sands,Doug Clove
Doug Clove,Loretta Smith,Jamie Dunphy,David Linn,Noah Ernst,
Doug Clove,Loretta Smith,Jamie Dunphy,Michael (Mike) Sands,Cayle Tern,Candace Avalos
Candace Avalos,Timur Ender,Terrence Hayes,,,
Loretta Smith,,,,,
Michael (Mike) Sands,David Linn,,,,
Steph Routh,Jamie Dunphy,Timur Ender,Candace Avalos,,
Loretta Smith,Michael (Mike) Sands,David Linn,Thomas Shervey,Terrence Hayes,
,,,,,
Candace Avalos,Deian Salazar,Terrence Hayes,Loretta Smith,Cayle Tern,Timur Ender
Candace Avalos,Doug Clove,Timur Ender,,,
Candace Avalos,Timur Ender,Jamie Dunphy,Steph Routh,,
Candace Avalos,Timur Ender,Steph Routh,Jamie Dunphy,,
Jamie Dunphy,Noah Ernst,Steph Routh,David Linn,Loretta Smith,Candace Avalos
Deian Salazar,Doug Clove,Noah Ernst,Joe Furi,,
Noah Ernst,Terrence Hayes,Steph Routh,Jamie Dunphy,Doug Clove,David Linn
Doug Clove,Cayle Tern,Joe Allen,Jamie Dunphy,Michael (Mike) Sands,Thomas Shervey
Candace Avalos,Timur Ender,,,,
Candace Avalos,Timur Ender,Steph Routh,Jamie Dunphy,Cayle Tern,David Linn
Loretta Smith,Steph Routh,Candace Avalos,Joe Allen,David Linn,Terrence Hayes
Candace Avalos,Michael (Mike) Sands,,,,
,,,,,
Timur Ender,Terrence Hayes,Loretta Smith,Steph Routh,Jamie Dunphy,Joe Furi
Candace Avalos,,,,,
Loretta Smith,Terrence Hayes,,,,
Candace Avalos,Joe Furi,Steph Routh,,,
Candace Avalos,Steph Routh,Timur Ender,Jamie Dunphy,,
Jamie Dunphy,Candace Avalos,Steph Routh,,,
Timur Ender,,,,,
Timur Ender,Cayle Tern,Steph Routh,Jamie Dunphy,Candace Avalos,Michael (Mike) Sands
Noah Ernst,,,,,
Noah Ernst,Loretta Smith,Terrence Hayes,,,
Noah Ernst,Steph Routh,Candace Avalos,Timur Ender,,
Jamie Dunphy,Loretta Smith,Steph Routh,Noah Ernst,Joe Allen,Candace Avalos
Steph Routh,,,,,
Jamie Dunphy,Candace Avalos,Timur Ender,Noah Ernst,Steph Routh,Loretta Smith
Noah Ernst,Terrence Hayes,Michael (Mike) Sands,Loretta Smith,Joe Furi,Jamie Dunphy
Doug Clove,Noah Ernst,Deian Salazar,Loretta Smith,Terrence Hayes,
Steph Routh,Terrence Hayes,Candace Avalos,Timur Ender,Loretta Smith,
Candace Avalos,Cayle Tern,Steph Routh,Jamie Dunphy,,
Loretta Smith,Terrence Hayes,Timur Ender,Steph Routh,Noah Ernst,Candace Avalos
Candace Avalos,Steph Routh,,,,
Cayle Tern,Candace Avalos,Terrence Hayes,Loretta Smith,,
Noah Ernst,Doug Clove,Terrence Hayes,,,
Candace Avalos,Timur Ender,Steph Routh,,,
,,,,,
Timur Ender,Jamie Dunphy,,,,
Steph Routh,Loretta Smith,Jamie Dunphy,Timur Ender,Candace Avalos,David Linn
Doug Clove,Joe Allen,Loretta Smith,David Linn,Noah Ernst,Joe Furi
Timur Ender,Candace Avalos,Loretta Smith,,,
Jamie Dunphy,Terrence Hayes,Steph Routh,Doug Clove,David Linn,Joe Allen
Doug Clove,,,,,
Loretta Smith,Noah Ernst,,,,
Terrence Hayes,Jamie Dunphy,Candace Avalos,Noah Ernst,David Linn,Loretta Smith
Steph Routh,Candace Avalos,Jamie Dunphy,Timur Ender,David Linn,Cayle Tern
Candace Avalos,Jamie Dunphy,Steph Routh,Loretta Smith,Cayle Tern,Peggy Sue Owens
Deian Salazar,Michael (Mike) Sands,Doug Clove,Joe Allen,Loretta Smith,
Jamie Dunphy,Steph Routh,Candace Avalos,Loretta Smith,,
Jamie Dunphy,Candace Avalos,Steph Routh,Loretta Smith,David Linn,
Jamie Dunphy,Michael (Mike) Sands,Steph Routh,Loretta Smith,,
Candace Avalos,Michael (Mike) Sands,Steph Routh,Loretta Smith,Timur Ender,Cayle Tern
Thomas Shervey,Deian Salazar,Joe Allen,,,
Steph Routh,Candace Avalos,Jamie Dunphy,Terrence Hayes,Timur Ender,Loretta Smith
Terrence Hayes,,,,,
Candace Avalos,Timur Ender,Steph Routh,Jamie Dunphy,Noah Ernst,Loretta Smith
Candace Avalos,Steph Routh,Timur Ender,Jamie Dunphy,,
Timur Ender,Cayle Tern,Terrence Hayes,,,
Candace Avalos,Michael (Mike) Sands,Peggy Sue Owens,Joe Allen,Jamie Dunphy,
Steph Routh,Timur Ender,Candace Avalos,,,
Noah Ernst,Joe Allen,David Linn,,,
Candace Avalos,Loretta Smith,Terrence Hayes,,,
Jamie Dunphy,,,,,
Michael (Mike) Sands,,,,,
Timur Ender,David Linn,Candace Avalos,Jamie Dunphy,Joe Allen,Cayle Tern
Candace Avalos,Steph Routh,Jamie Dunphy,Peggy Sue Owens,,
Candace Avalos,Cayle Tern,Steph Routh,,,
Noah Ernst,Terrence Hayes,,,,
Loretta Smith,Thomas Shervey,Deian Salazar,Michael (Mike) Sands,Jamie Dunphy,David Linn
Cayle Tern,Terrence Hayes,Timur Ender,David Linn,Candace Avalos,Jamie Dunphy
Joe Allen,Noah Ernst,David Linn,Doug Clove,Joe Furi,Michael (Mike) Sands
Timur Ender,Steph Routh,Jamie Dunphy,Candace Avalos,,
Terrence Hayes,Loretta Smith,Noah Ernst,,,
Timur Ender,Loretta Smith,Noah Ernst,,,
Steph Routh,Candace Avalos,Timur Ender,Noah Ernst,Loretta Smith,Peggy Sue Owens
Joe Furi,Deian Salazar,David Linn,,,
Candace Avalos,Joe Allen,David Linn,Loretta Smith,Steph Routh,Jamie Dunphy
Candace Avalos,Steph Routh,Timur Ender,Jamie Dunphy,,
Cayle Tern,Jamie Dunphy,Peggy Sue Owens,,,
Candace Avalos,Steph Routh,Terrence Hayes,Deian Salazar,Cayle Tern,Thomas Shervey
Doug Clove,Peggy Sue Owens,Deian Salazar,Candace Avalos,David Linn,Joe Furi
Candace Avalos,Cayle Tern,Timur Ender,,,
Steph Routh,Timur Ender,Noah Ernst,David Linn,Loretta Smith,
Doug Clove,Terrence Hayes,Noah Ernst,,,
Timur Ender,Candace Avalos,Loretta Smith,Terrence Hayes,Noah Ernst,Jamie Dunphy
Michael (Mike) Sands,Jamie Dunphy,Candace Avalos,Cayle Tern,Loretta Smith,Terrence Hayes
Loretta Smith,Terrence Hayes,Joe Furi,,,
Timur Ender,Noah Ernst,Candace Avalos,Joe Furi,Terrence Hayes,Loretta Smith
Timur Ender,Jamie Dunphy,Loretta Smith,Steph Routh,Candace Avalos,Cayle Tern
Candace Avalos,Steph Routh,David Linn,,,
Steph Routh,Jamie Dunphy,Candace Avalos,Timur Ender,,
Candace Avalos,Timur Ender,Jamie Dunphy,Steph Routh,Terrence Hayes,Loretta Smith
Terrence Hayes,Timur Ender,Noah Ernst,David Linn,Deian Salazar,Loretta Smith
Jamie Dunphy,Noah Ernst,David Linn,,,
Jamie Dunphy,Steph Routh,Candace Avalos,,,
Steph Routh,Candace Avalos,Cayle Tern,Timur Ender,,
,,,,,
Candace Avalos,,,,,
Terrence Hayes,Cayle Tern,Michael (Mike) Sands,Jamie Dunphy,Joe Allen,Timur Ender
Loretta Smith,Candace Avalos,Terrence Hayes,,,
Terrence Hayes,Loretta Smith,Steph Routh,Jamie Dunphy,,
Candace Avalos,Steph Routh,Timur Ender,Cayle Tern,David Linn,Jamie Dunphy
Deian Salazar,,,,,
Candace Avalos,Steph Routh,Timur Ender,Jamie Dunphy,,
Timur Ender,Candace Avalos,Joe Furi,Loretta Smith,,
Doug Clove,Noah Ernst,Joe Allen,,,
Terrence Hayes,Candace Avalos,Michael (Mike) Sands,Loretta Smith,Jamie Dunphy,Peggy Sue Owens
Loretta Smith,Candace Avalos,,,,
Loretta Smith,,,,,
Noah Ernst,Terrence Hayes,Steph Routh,David Linn,Cayle Tern,
Loretta Smith,Terrence Hayes,Steph Routh,Candace Avalos,Timur Ender,Jamie Dunphy
Steph Routh,Jamie Dunphy,Noah Ernst,Michael (Mike) Sands,Joe Furi,Doug Clove
Loretta Smith,Steph Routh,Timur Ender,David Linn,Cayle Tern,Deian Salazar
Jamie Dunphy,Candace Avalos,Steph Routh,Timur Ender,,
Joe Allen,Jamie Dunphy,Michael (Mike) Sands,Terrence Hayes,,
,,,,,
Michael (Mike) Sands,Timur Ender,Deian Salazar,Cayle Tern,Loretta Smith,Terrence Hayes
Candace Avalos,Timur Ender,Jamie Dunphy,Steph Routh,David Linn,Thomas Shervey
Loretta Smith,Jamie Dunphy,Steph Routh,Cayle Tern,Candace Avalos,Timur Ender
,,,,,
Peggy Sue Owens,Michael (Mike) Sands,Jamie Dunphy,Deian Salazar,Joe Furi,Joe Allen
Loretta Smith,Timur Ender,Terrence Hayes,Steph Routh,,
Candace Avalos,,,,,
Jamie Dunphy,Steph Routh,Timur Ender,Candace Avalos,Terrence Hayes,
Noah Ernst,,,,,
Timur Ender,Candace Avalos,David Linn,Michael (Mike) Sands,,
,,,,,
Joe Allen,Timur Ender,Candace Avalos,,,
Steph Routh,Loretta Smith,Michael (Mike) Sands,Candace Avalos,Timur Ender,Terrence Hayes
Doug Clove,Candace Avalos,Cayle Tern,Loretta Smith,Steph Routh,Joe Allen
Noah Ernst,Thomas Shervey,Michael (Mike) Sands,Peggy Sue Owens,David Linn,Terrence Hayes
Joe Allen,,,,,
Candace Avalos,Loretta Smith,Cayle Tern,Terrence Hayes,Timur Ender,Jamie Dunphy
Candace Avalos,Cayle Tern,Peggy Sue Owens,Timur Ender,Loretta Smith,David Linn
Noah Ernst,Jamie Dunphy,Doug Clove,Steph Routh,Loretta Smith,Terrence Hayes
Jamie Dunphy,Candace Avalos,Steph Routh,,,
Candace Avalos,,,,,
Candace Avalos,Timur Ender,Jamie Dunphy,Steph Routh,Terrence Hayes,Loretta Smith
Thomas Shervey,Timur Ender,Loretta Smith,,,
Peggy Sue Owens,Noah Ernst,Steph Routh,Candace Avalos,Timur Ender,Joe Furi
Candace Avalos,Timur Ender,Steph Routh,Jamie Dunphy,Cayle Tern,David Linn
Noah Ernst,Peggy Sue Owens,Candace Avalos,David Linn,Cayle Tern,Doug Clove
Steph Routh,Candace Avalos,Timur Ender,,,
Loretta Smith,Joe Furi,Doug Clove,,,
Peggy Sue Owens,,,,,
Terrence Hayes,Noah Ernst,Joe Furi,Loretta Smith,Doug Clove,Write-in-120
Jamie Dunphy,Candace Avalos,Steph Routh,Noah Ernst,David Linn,Loretta Smith
Noah Ernst,Terrence Hayes,Michael (Mike) Sands,Loretta Smith,Joe Furi,Jamie Dunphy
Noah Ernst,Doug Clove,,,,
Terrence Hayes,Noah Ernst,Joe Furi,Loretta Smith,Doug Clove,Write-in-120
Joe Allen,Peggy Sue Owens,Noah Ernst,Jamie Dunphy,Steph Routh,Terrence Hayes
Michael (Mike) Sands,Candace Avalos,Joe Allen,Jamie Dunphy,,
Loretta Smith,,,,,
Jamie Dunphy,Steph Routh,Timur Ender,Cayle Tern,Terrence Hayes,Candace Avalos
Terrence Hayes,Deian Salazar,Candace Avalos,Jamie Dunphy,Thomas Shervey,David Linn
Candace Avalos,Jamie Dunphy,Steph Routh,Loretta Smith,Terrence Hayes,Cayle Tern
Timur Ender,,,,,
Candace Avalos,Steph Routh,Terrence Hayes,Loretta Smith,Jamie Dunphy,David Linn
Joe Allen,Candace Avalos,Noah Ernst,Joe Furi,Michael (Mike) Sands,Doug Clove
Loretta Smith,Candace Avalos,Michael (Mike) Sands,Deian Salazar,Terrence Hayes,Peggy Sue Owens
Noah Ernst,Jamie Dunphy,Doug Clove,Joe Furi,Terrence Hayes,Cayle Tern
Candace Avalos,Cayle Tern,Timur Ender,,,
Candace Avalos,Steph Routh,Timur Ender,,,
Doug Clove,Timur Ender,Deian Salazar,Terrence Hayes,,
Terrence Hayes,Timur Ender,,,,
Loretta Smith,Joe Allen,Steph Routh,Candace Avalos,,
Noah Ernst,Terrence Hayes,Doug Clove,,,
Terrence Hayes,Noah Ernst,Candace Avalos,Steph Routh,Cayle Tern,Loretta Smith
Jamie Dunphy,Candace Avalos,Steph Routh,Timur Ender,,
Candace Avalos,Steph Routh,Timur Ender,Cayle Tern,,
Terrence Hayes,,,,,
Loretta Smith,Candace Avalos,Timur Ender,Cayle Tern,,
,,,,,
Joe Allen,Terrence Hayes,Timur Ender,,,
Terrence Hayes,Noah Ernst,Loretta Smith,,,
Noah Ernst,Candace Avalos,Terrence Hayes,,,
Timur Ender,Noah Ernst,Joe Allen,Cayle Tern,Joe Furi,Deian Salazar
Loretta Smith,Terrence Hayes,David Linn,,,
Jamie Dunphy,Terrence Hayes,Timur Ender,Candace Avalos,Cayle Tern,Loretta Smith
Steph Routh,Timur Ender,Jamie Dunphy,Candace Avalos,Terrence Hayes,Loretta Smith
Noah Ernst,Timur Ender,Joe Allen,Doug Clove,Deian Salazar,Joe Furi
Candace Avalos,Cayle Tern,Jamie Dunphy,Deian Salazar,Timur Ender,Steph Routh
Doug Clove,Steph Routh,,,,
Cayle Tern,Steph Routh,David Linn,Michael (Mike) Sands,Peggy Sue Owens,Candace Avalos
Loretta Smith,,,,,
Noah Ernst,Steph Routh,Timur Ender,,,
David Linn,,,,,
Noah Ernst,Joe Furi,Loretta Smith,Steph Routh,Doug Clove,Candace Avalos
Terrence Hayes,Loretta Smith,,,,
Cayle Tern,Peggy Sue Owens,Candace Avalos,Loretta Smith,Terrence Hayes,Jamie Dunphy
Jamie Dunphy,Candace Avalos,Steph Routh,,,
Noah Ernst,Joe Allen,Doug Clove,Joe Furi,Michael (Mike) Sands,Thomas Shervey
Noah Ernst,Terrence Hayes,Joe Furi,Loretta Smith,Doug Clove,
Terrence Hayes,Loretta Smith,,,,
Candace Avalos,Deian Salazar,Jamie Dunphy,Peggy Sue Owens,Doug Clove,Michael (Mike) Sands
Loretta Smith,,,,,
Loretta Smith,Peggy Sue Owens,Joe Allen,Joe Furi,Candace Avalos,Michael (Mike) Sands
Doug Clove,Michael (Mike) Sands,,,,
Loretta Smith,Peggy Sue Owens,,,,
Michael (Mike) Sands,Deian Salazar,Peggy Sue Owens,Jamie Dunphy,Loretta Smith,Candace Avalos
Joe Allen,Terrence Hayes,Doug Clove,Candace Avalos,Timur Ender,Peggy Sue Owens
Candace Avalos,Steph Routh,Timur Ender,Jamie Dunphy,Loretta Smith,Cayle Tern
Noah Ernst,Joe Allen,Timur Ender,,,
Timur Ender,Candace Avalos,Doug Clove,Loretta Smith,Terrence Hayes,Steph Routh
Doug Clove,Joe Furi,Steph Routh,Noah Ernst,Joe Allen,Candace Avalos
Jamie Dunphy,Candace Avalos,Steph Routh,Terrence Hayes,Timur Ender,Doug Clove
Noah Ernst,Joe Allen,David Linn,Cayle Tern,Doug Clove,Michael (Mike) Sands
Michael (Mike) Sands,Noah Ernst,Doug Clove,David Linn,Joe Furi,Joe Allen
Terrence Hayes,,,,,
Timur Ender,Loretta Smith,Terrence Hayes,Michael (Mike) Sands,Candace Avalos,Cayle Tern
Noah Ernst,Doug Clove,Loretta Smith,Deian Salazar,Terrence Hayes,Steph Routh
Terrence Hayes,Doug Clove,Loretta Smith,Steph Routh,Jamie Dunphy,Noah Ernst
Candace Avalos,Timur Ender,Loretta Smith,Deian Salazar,Cayle Tern,Steph Routh
Terrence Hayes,Joe Allen,Thomas Shervey,,,
Jamie Dunphy,Candace Avalos,Steph Routh,Cayle Tern,David Linn,Loretta Smith
David Linn,Noah Ernst,Jamie Dunphy,Candace Avalos,Joe Furi,Loretta Smith
Candace Avalos,Cayle Tern,Timur Ender,,,
Loretta Smith,Candace Avalos,Steph Routh,Timur Ender,Jamie Dunphy,Cayle Tern
Steph Routh,Loretta Smith,Jamie Dunphy,Terrence Hayes,Michael (Mike) Sands,Doug Clove
Timur Ender,Loretta Smith,Steph Routh,Terrence Hayes,Michael (Mike) Sands,David Linn
Doug Clove,Noah Ernst,David Linn,Candace Avalos,Terrence Hayes,Thomas Shervey
Candace Avalos,David Linn,Deian Salazar,Loretta Smith,Steph Routh,Jamie Dunphy
Deian Salazar,Jamie Dunphy,David Linn,Cayle Tern,,
Noah Ernst,Loretta Smith,Jamie Dunphy,,,
Jamie Dunphy,Candace Avalos,Steph Routh,Noah Ernst,David Linn,Loretta Smith
Timur Ender,Candace Avalos,Doug Clove,Peggy Sue Owens,Michael (Mike) Sands,Thomas Shervey
Steph Routh,Terrence Hayes,Timur Ender,David Linn,Candace Avalos,Jamie Dunphy
Doug Clove,Terrence Hayes,Deian Salazar,,,
Terrence Hayes,Noah Ernst,Joe Furi,Loretta Smith,Doug Clove,Write-in-120
,,,,,
Jamie Dunphy,Steph Routh,Terrence Hayes,,,
Candace Avalos,Cayle Tern,Timur Ender,,,
Candace Avalos,Timur Ender,Terrence Hayes,Loretta Smith,Steph Routh,Deian Salazar
Candace Avalos,Terrence Hayes,Steph Routh,Cayle Tern,Timur Ender,David Linn
Loretta Smith,Terrence Hayes,Michael (Mike) Sands,Candace Avalos,Deian Salazar,
Jamie Dunphy,Steph Routh,Candace Avalos,Timur Ender,David Linn,
Jamie Dunphy,Candace Avalos,Steph Routh,,,
Jamie Dunphy,Candace Avalos,Steph Routh,,,
Noah Ernst,Terrence Hayes,Joe Furi,Loretta Smith,Doug Clove,
Candace Avalos,Timur Ender,Steph Routh,Terrence Hayes,Jamie Dunphy,Cayle Tern
Loretta Smith,Terrence Hayes,Candace Avalos,,,
Noah Ernst,David Linn,Joe Allen,Loretta Smith,Cayle Tern,Peggy Sue Owens
Candace Avalos,Steph Routh,Jamie Dunphy,,,
Timur Ender,Noah Ernst,Joe Allen,Doug Clove,Joe Furi,Deian Salazar
Joe Allen,Joe Furi,Michael (Mike) Sands,,,
Candace Avalos,Timur Ender,Terrence Hayes,,,
Noah Ernst,Joe Allen,David Linn,Doug Clove,Joe Furi,Thomas Shervey
Loretta Smith,,,,,
Terrence Hayes,Noah Ernst,,,,
Noah Ernst,Candace Avalos,Steph Routh,,,
Candace Avalos,Timur Ender,Steph Routh,Jamie Dunphy,Cayle Tern,David Linn
Candace Avalos,Cayle Tern,Timur Ender,,,
Candace Avalos,Loretta Smith,Terrence Hayes,Steph Routh,Joe Furi,Joe Allen
Timur Ender,Candace Avalos,,,,
Jamie Dunphy,Cayle Tern,Steph Routh,David Linn,,
Thomas Shervey,Jamie Dunphy,Timur Ender,,,
Timur Ender,Thomas Shervey,Terrence Hayes,Steph Routh,,
Timur Ender,,,,,
Candace Avalos,Steph Routh,Jamie Dunphy,Timur Ender,,
Noah Ernst,Terrence Hayes,Loretta Smith,,,
Noah Ernst,Thomas Shervey,Deian Salazar,Loretta Smith,Terrence Hayes,Doug Clove
Noah Ernst,Timur Ender,Steph Routh,Jamie Dunphy,Deian Salazar,
Loretta Smith,Peggy Sue Owens,Candace Avalos,Noah Ernst,Joe Furi,Jamie Dunphy
Loretta Smith,Terrence Hayes,Steph Routh,,,
Doug Clove,,,,,
Jamie Dunphy,Timur Ender,Candace Avalos,,,
,,,,,
Loretta Smith,,,,,
Noah Ernst,Terrence Hayes,Joe Furi,Doug Clove,Loretta Smith,
Terrence Hayes,Jamie Dunphy,Loretta Smith,,,
Loretta Smith,Candace Avalos,Terrence Hayes,,,
Candace Avalos,Timur Ender,Steph Routh,Jamie Dunphy,,
Terrence Hayes,Steph Routh,Jamie Dunphy,,,
Terrence Hayes,Loretta Smith,Joe Furi,Doug Clove,,
Loretta Smith,Steph Routh,Terrence Hayes,,,
Terrence Hayes,Timur Ender,,,,
Jamie Dunphy,Candace Avalos,Steph Routh,Noah Ernst,David Linn,Loretta Smith
Terrence Hayes,Timur Ender,Candace Avalos,,,
Jamie Dunphy,Candace Avalos,,,,
Jamie Dunphy,Candace Avalos,Steph Routh,Noah Ernst,David Linn,Loretta Smith
Jamie Dunphy,Loretta Smith,,,,
Candace Avalos,Timur Ender,Cayle Tern,Steph Routh,Terrence Hayes,David Linn
Candace Avalos,Steph Routh,Timur Ender,Jamie Dunphy,Terrence Hayes,Cayle Tern
Candace Avalos,Cayle Tern,Loretta Smith,,,
Candace Avalos,Steph Routh,Loretta Smith,Terrence Hayes,Cayle Tern,David Linn
Loretta Smith,Deian Salazar,Michael (Mike) Sands,Candace Avalos,Peggy Sue Owens,Noah Ernst
Loretta Smith,Timur Ender,Candace Avalos,Terrence Hayes,,
Jamie Dunphy,Candace Avalos,David Linn,Terrence Hayes,Steph Routh,Timur Ender
Joe Allen,Doug Clove,Thomas Shervey,David Linn,Steph Routh,Jamie Dunphy
Loretta Smith,Timur Ender,Noah Ernst,Steph Routh,David Linn,
Noah Ernst,Steph Routh,Loretta Smith,Peggy Sue Owens,Thomas Shervey,
Candace Avalos,Loretta Smith,Timur Ender,,,
Steph Routh,Timur Ender,Candace Avalos,David Linn,Jamie Dunphy,Cayle Tern
Loretta Smith,,,,,
,,,,,
Candace Avalos,,,,,
Loretta Smith,Candace Avalos,Terrence Hayes,,,
Steph Routh,Loretta Smith,Terrence Hayes,Candace Avalos,Cayle Tern,Timur Ender
Candace Avalos,Cayle Tern,Loretta Smith,Jamie Dunphy,Peggy Sue Owens,Michael (Mike) Sands
Jamie Dunphy,Cayle Tern,Steph Routh,Loretta Smith,Candace Avalos,Terrence Hayes
Steph Routh,Jamie Dunphy,,,,
Steph Routh,Timur Ender,Cayle Tern,Loretta Smith,,
Loretta Smith,Terrence Hayes,Timur Ender,Cayle Tern,Candace Avalos,Jamie Dunphy
Steph Routh,Jamie Dunphy,Candace Avalos,Cayle Tern,Timur Ender,
Candace Avalos,Timur Ender,Cayle Tern,David Linn,,
Jamie Dunphy,Loretta Smith,Doug Clove,Joe Allen,Candace Avalos,Cayle Tern
Peggy Sue Owens,Joe Allen,Noah Ernst,Michael (Mike) Sands,Doug Clove,Cayle Tern
Timur Ender,Candace Avalos,Steph Routh,Jamie Dunphy,Deian Salazar,
Loretta Smith,Terrence Hayes,Steph Routh,Timur Ender,Jamie Dunphy,Candace Avalos
Joe Furi,,,,,
Candace Avalos,Timur Ender,Steph Routh,Jamie Dunphy,Cayle Tern,David Linn
Noah Ernst,Doug Clove,Joe Allen,Candace Avalos,Terrence Hayes,
Candace Avalos,Timur Ender,Loretta Smith,,,
Terrence Hayes,Thomas Shervey,David Linn,Steph Routh,Write-in-121,Loretta Smith
Candace Avalos,Cayle Tern,Timur Ender,,,
Michael (Mike) Sands,Candace Avalos,David Linn,,,
Doug Clove,,,,,
Loretta Smith,Terrence Hayes,Timur Ender,Deian Salazar,Steph Routh,David Linn
Loretta Smith,Timur Ender,Noah Ernst,Joe Allen,Candace Avalos,Cayle Tern
Candace Avalos,Steph Routh,Loretta Smith,Jamie Dunphy,,
Jamie Dunphy,Cayle Tern,David Linn,Timur Ender,Candace Avalos,Steph Routh
Peggy Sue Owens,Timur Ender,Candace Avalos,Cayle Tern,Joe Furi,Deian Salazar
Loretta Smith,Peggy Sue Owens,Doug Clove,Noah Ernst,Jamie Dunphy,David Linn
Timur Ender,Candace Avalos,Cayle Tern,Steph Routh,Jamie Dunphy,David Linn
Loretta Smith,Steph Routh,Candace Avalos,Timur Ender,Noah Ernst,
Candace Avalos,Timur Ender,Cayle Tern,Steph Routh,,
Noah Ernst,,,,,
Candace Avalos,Jamie Dunphy,Steph Routh,Timur Ender,Cayle Tern,Doug Clove
Noah Ernst,Terrence Hayes,,,,
Timur Ender,Loretta Smith,Terrence Hayes,Jamie Dunphy,,
Noah Ernst,Terrence Hayes,Joe Furi,Loretta Smith,Doug Clove,
Steph Routh,,,,,
Loretta Smith,,,,,
Candace Avalos,Steph Routh,David Linn,,,
Candace Avalos,Timur Ender,Terrence Hayes,,,
Noah Ernst,Deian Salazar,Loretta Smith,,,
Steph Routh,Thomas Shervey,Michael (Mike) Sands,Jamie Dunphy,Joe Allen,Joe Furi
David Linn,Joe Allen,Loretta Smith,Terrence Hayes,Noah Ernst,Jamie Dunphy
Terrence Hayes,Candace Avalos,Cayle Tern,David Linn,Loretta Smith,Steph Routh
Steph Routh,Joe Allen,Doug Clove,David Linn,Michael (Mike) Sands,Terrence Hayes
Terrence Hayes,Steph Routh,David Linn,,,
Candace Avalos,Cayle Tern,Timur Ender,,,
Terrence Hayes,Noah Ernst,Doug Clove,,,
,,,,,
Timur Ender,Steph Routh,Jamie Dunphy,Candace Avalos,Michael (Mike) Sands,Cayle Tern
Candace Avalos,Cayle Tern,Timur Ender,Steph Routh,Jamie Dunphy,David Linn
Terrence Hayes,Loretta Smith,Steph Routh,Jamie Dunphy,Michael (Mike) Sands,David Linn
Candace Avalos,Noah Ernst,Jamie Dunphy,Loretta Smith,Terrence Hayes,Steph Routh
Candace Avalos,Steph Routh,Timur Ender,Jamie Dunphy,,
Joe Furi,,,,,
Doug Clove,Loretta Smith,,,,
Loretta Smith,Terrence Hayes,Jamie Dunphy,,,
Candace Avalos,Cayle Tern,Timur Ender,Loretta Smith,,
Jamie Dunphy,Candace Avalos,Steph Routh,Noah Ernst,David Linn,Terrence Hayes
Noah Ernst,,,,,
Candace Avalos,,,,,
Noah Ernst,,,,,
Noah Ernst,Doug Clove,Joe Allen,,,
Noah Ernst,Terrence Hayes,,,,
Steph Routh,Timur Ender,David Linn,Candace Avalos,Terrence Hayes,Loretta Smith
Candace Avalos,Doug Clove,Noah Ernst,Loretta Smith,Cayle Tern,Steph Routh
Michael (Mike) Sands,Loretta Smith,Steph Routh,,,
Michael (Mike) Sands,Loretta Smith,Jamie Dunphy,Timur Ender,Steph Routh,Joe Allen
Joe Furi,Timur Ender,Candace Avalos,Joe Allen,Michael (Mike) Sands,Jamie Dunphy
Timur Ender,Noah Ernst,,,,
Candace Avalos,Joe Allen,Cayle Tern,Doug Clove,Joe Furi,Deian Salazar
Noah Ernst,Joe Allen,Cayle Tern,Doug Clove,Deian Salazar,Jamie Dunphy
Jamie Dunphy,Candace Avalos,Noah Ernst,Steph Routh,,
Candace Avalos,Steph Routh,Timur Ender,Cayle Tern,David Linn,Jamie Dunphy
Candace Avalos,Deian Salazar,Loretta Smith,Peggy Sue Owens,Joe Allen,Terrence Hayes
Jamie Dunphy,Candace Avalos,Steph Routh,,,
Peggy Sue Owens,Loretta Smith,Steph Routh,Jamie Dunphy,Candace Avalos,Cayle Tern
Loretta Smith,Michael (Mike) Sands,Joe Allen,Joe Furi,Noah Ernst,Terrence Hayes
Timur Ender,Candace Avalos,Cayle Tern,,,
Noah Ernst,Doug Clove,David Linn,Thomas Shervey,Steph Routh,
Michael (Mike) Sands,Timur Ender,,,,
Steph Routh,Candace Avalos,,,,
Michael (Mike) Sands,Peggy Sue Owens,Joe Allen,Doug Clove,Steph Routh,David Linn
Joe Allen,Michael (Mike) Sands,,,,
Noah Ernst,Terrence Hayes,Doug Clove,Steph Routh,,
Noah Ernst,,,,,
Loretta Smith,Timur Ender,Jamie Dunphy,,,
Noah Ernst,Doug Clove,Terrence Hayes,Steph Routh,,
Loretta Smith,Steph Routh,Jamie Dunphy,Terrence Hayes,Candace Avalos,
,,,,,
Terrence Hayes,Loretta Smith,Michael (Mike) Sands,Joe Allen,Noah Ernst,David Linn
Noah Ernst,,,,,
Timur Ender,Steph Routh,,,,
Loretta Smith,Candace Avalos,Joe Furi,Michael (Mike) Sands,Steph Routh,Terrence Hayes
Noah Ernst,Joe Furi,Loretta Smith,Doug Clove,,
Timur Ender,Cayle Tern,Candace Avalos,,,
Candace Avalos,Timur Ender,Loretta Smith,Terrence Hayes,Jamie Dunphy,Steph Routh
Terrence Hayes,Loretta Smith,David Linn,,,
Loretta Smith,Timur Ender,Terrence Hayes,Steph Routh,Jamie Dunphy,
Timur Ender,Noah Ernst,Joe Allen,Joe Furi,Terrence Hayes,Peggy Sue Owens
Candace Avalos,Timur Ender,Joe Allen,Terrence Hayes,Jamie Dunphy,Steph Routh
Terrence Hayes,Noah Ernst,Candace Avalos,,,
Candace Avalos,Cayle Tern,Doug Clove,Jamie Dunphy,Loretta Smith,Noah Ernst
Joe Allen,Doug Clove,Thomas Shervey,Steph Routh,Loretta Smith,Cayle Tern
Candace Avalos,Timur Ender,Jamie Dunphy,Write-in-120,,
Joe Allen,Steph Routh,David Linn,Jamie Dunphy,Terrence Hayes,Timur Ender
Deian Salazar,Candace Avalos,Michael (Mike) Sands,Peggy Sue Owens,Loretta Smith,Jamie Dunphy
Timur Ender,,,,,
Timur Ender,Noah Ernst,Joe Furi,,,
Jamie Dunphy,Candace Avalos,Steph Routh,Timur Ender,Cayle Tern,David Linn
Doug Clove,Joe Allen,Timur Ender,Noah Ernst,Loretta Smith,Candace Avalos
Loretta Smith,Terrence Hayes,Deian Salazar,David Linn,Candace Avalos,Thomas Shervey
Loretta Smith,,,,,
Timur Ender,Candace Avalos,Jamie Dunphy,Cayle Tern,Steph Routh,Terrence Hayes
Timur Ender,,,,,
Terrence Hayes,Noah Ernst,,,,
Timur Ender,Michael (Mike) Sands,Terrence Hayes,Candace Avalos,,
Terrence Hayes,,,,,
Noah Ernst,Timur Ender,Michael (Mike) Sands,Joe Allen,Joe Furi,David Linn
Steph Routh,Timur Ender,Candace Avalos,,,
Candace Avalos,Steph Routh,Timur Ender,,,
Candace Avalos,Terrence Hayes,Loretta Smith,,,
Noah Ernst,Terrence Hayes,Joe Furi,,,
Timur Ender,,,,,
Steph Routh,Timur Ender,Candace Avalos,David Linn,Michael (Mike) Sands,Loretta Smith
Timur Ender,Loretta Smith,Jamie Dunphy,Steph Routh,Candace Avalos,
Candace Avalos,Loretta Smith,Terrence Hayes,Noah Ernst,Steph Routh,
Jamie Dunphy,Candace Avalos,,,,
Jamie Dunphy,Candace Avalos,Steph Routh,Loretta Smith,Terrence Hayes,Timur Ender
David Linn,Noah Ernst,Peggy Sue Owens,Loretta Smith,,
Loretta Smith,Timur Ender,Terrence Hayes,Noah Ernst,Candace Avalos,David Linn
Loretta Smith,Candace Avalos,,,,
Terrence Hayes,Noah Ernst,Loretta Smith,,,
Loretta Smith,Steph Routh,Timur Ender,Jamie Dunphy,,
Jamie Dunphy,Candace Avalos,Loretta Smith,,,
Doug Clove,,,,,
Doug Clove,Thomas Shervey,Cayle Tern,Michael (Mike) Sands,,
Loretta Smith,Steph Routh,Joe Allen,Doug Clove,Joe Furi,Jamie Dunphy
Candace Avalos,Timur Ender,Steph Routh,Jamie Dunphy,Cayle Tern,David Linn
Doug Clove,Steph Routh,Timur Ender,Thomas Shervey,Cayle Tern,Jamie Dunphy
Noah Ernst,Joe Allen,Doug Clove,Deian Salazar,Loretta Smith,Jamie Dunphy
Noah Ernst,Doug Clove,Terrence Hayes,,,
Doug Clove,Thomas Shervey,Noah Ernst,Timur Ender,Steph Routh,Terrence Hayes
Candace Avalos,Peggy Sue Owens,Loretta Smith,,,
Noah Ernst,Candace Avalos,Terrence Hayes,,,
Michael (Mike) Sands,Doug Clove,Jamie Dunphy,Steph Routh,Joe Allen,Timur Ender
Joe Allen,Loretta Smith,Candace Avalos,Cayle Tern,David Linn,Steph Routh
Steph Routh,Timur Ender,Candace Avalos,Terrence Hayes,,
Timur Ender,,,,,
Steph Routh,Candace Avalos,Loretta Smith,David Linn,,
Noah Ernst,Michael (Mike) Sands,Doug Clove,Jamie Dunphy,,
Terrence Hayes,Noah Ernst,Doug Clove,Joe Furi,Deian Salazar,
Loretta Smith,,,,,
Jamie Dunphy,,,,,
Noah Ernst,,,,,
Terrence Hayes,Joe Furi,,,,
Candace Avalos,Timur Ender,David Linn,Thomas Shervey,Cayle Tern,Loretta Smith
Doug Clove,,,,,
Steph Routh,Candace Avalos,Cayle Tern,Thomas Shervey,Doug Clove,Jamie Dunphy
Steph Routh,David Linn,Timur Ender,,,
Noah Ernst,,,,,
Jamie Dunphy,Timur Ender,Doug Clove,Michael (Mike) Sands,Steph Routh,
Terrence Hayes,,,,,
Michael (Mike) Sands,,,,,
David Linn,Cayle Tern,Timur Ender,Loretta Smith,Steph Routh,
Noah Ernst,Timur Ender,Doug Clove,Steph Routh,Cayle Tern,Jamie Dunphy
Joe Allen,Terrence Hayes,Timur Ender,,,
Noah Ernst,,,,,
Doug Clove,Joe Furi,Terrence Hayes,Jamie Dunphy,Timur Ender,Noah Ernst
Terrence Hayes,Noah Ernst,Candace Avalos,Timur Ender,Steph Routh,Jamie Dunphy
Terrence Hayes,Joe Furi,Cayle Tern,Joe Allen,,
Terrence Hayes,Noah Ernst,Candace Avalos,,,
Candace Avalos,Steph Routh,Timur Ender,Jamie Dunphy,David Linn,Cayle Tern
Noah Ernst,Doug Clove,Thomas Shervey,Terrence Hayes,,
Michael (Mike) Sands,Candace Avalos,Jamie Dunphy,Peggy Sue Owens,Joe Allen,Steph Routh
Timur Ender,Candace Avalos,Loretta Smith,,,
Loretta Smith,Candace Avalos,Peggy Sue Owens,Jamie Dunphy,Joe Allen,Michael (Mike) Sands
Timur Ender,Candace Avalos,Loretta Smith,Cayle Tern,Steph Routh,David Linn
Noah Ernst,Joe Allen,Doug Clove,Thomas Shervey,Terrence Hayes,
Loretta Smith,,,,,
Candace Avalos,Timur Ender,Steph Routh,Cayle Tern,Jamie Dunphy,David Linn
Loretta Smith,,,,,
Terrence Hayes,Loretta Smith,Joe Allen,Timur Ender,Steph Routh,Candace Avalos
Timur Ender,Candace Avalos,Cayle Tern,,,
Jamie Dunphy,Steph Routh,Cayle Tern,Candace Avalos,Timur Ender,
Cayle Tern,Timur Ender,,,,
Jamie Dunphy,Candace Avalos,Cayle Tern,Loretta Smith,Noah Ernst,Joe Furi
Steph Routh,Timur Ender,Candace Avalos,David Linn,Cayle Tern,Jamie Dunphy
Noah Ernst,Doug Clove,,,,
Loretta Smith,Steph Routh,,,,
Jamie Dunphy,Timur Ender,Loretta Smith,Terrence Hayes,Steph Routh,Deian Salazar
Loretta Smith,Thomas Shervey,Steph Routh,Jamie Dunphy,Noah Ernst,Timur Ender
Loretta Smith,Steph Routh,,,,
Jamie Dunphy,Candace Avalos,Loretta Smith,Timur Ender,,
Timur Ender,Candace Avalos,Steph Routh,Jamie Dunphy,Cayle Tern,
Steph Routh,Thomas Shervey,Michael (Mike) Sands,Doug Clove,Terrence Hayes,Loretta Smith
Terrence Hayes,Noah Ernst,Jamie Dunphy,Steph Routh,,
Loretta Smith,Terrence Hayes,Michael (Mike) Sands,Joe Allen,Peggy Sue Owens,Joe Furi
Terrence Hayes,,,,,
Steph Routh,Candace Avalos,Jamie Dunphy,David Linn,Terrence Hayes,
Candace Avalos,Timur Ender,Cayle Tern,Steph Routh,Jamie Dunphy,
Candace Avalos,Cayle Tern,Timur Ender,Loretta Smith,Terrence Hayes,Steph Routh
Timur Ender,Loretta Smith,Candace Avalos,Jamie Dunphy,David Linn,
Loretta Smith,,,,,
Steph Routh,Candace Avalos,Timur Ender,Jamie Dunphy,Michael (Mike) Sands,Doug Clove
Noah Ernst,,,,,
Doug Clove,Noah Ernst,Terrence Hayes,,,
Jamie Dunphy,Steph Routh,Loretta Smith,Timur Ender,Noah Ernst,Candace Avalos
Terrence Hayes,Loretta Smith,Noah Ernst,Timur Ender,,
Candace Avalos,Peggy Sue Owens,Deian Salazar,Loretta Smith,Jamie Dunphy,Steph Routh
Steph Routh,Timur Ender,Terrence Hayes,David Linn,Candace Avalos,Doug Clove
Loretta Smith,Candace Avalos,Jamie Dunphy,Terrence Hayes,Noah Ernst,Steph Routh
Steph Routh,Jamie Dunphy,Timur Ender,Candace Avalos,Loretta Smith,Noah Ernst
Steph Routh,Candace Avalos,Timur Ender,Jamie Dunphy,,
Candace Avalos,Steph Routh,Timur Ender,Jamie Dunphy,,
Jamie Dunphy,Michael (Mike) Sands,David Linn,Cayle Tern,Joe Allen,Timur Ender
Terrence Hayes,Noah Ernst,Joe Furi,Loretta Smith,Doug Clove,Write-in-120
Loretta Smith,Steph Routh,Timur Ender,Jamie Dunphy,Terrence Hayes,Candace Avalos
Jamie Dunphy,Steph Routh,Candace Avalos,Noah Ernst,David Linn,Loretta Smith
Loretta Smith,Doug Clove,Cayle Tern,Terrence Hayes,,
Loretta Smith,,,,,
Timur Ender,Jamie Dunphy,,,,
Joe Allen,Joe Furi,Loretta Smith,Terrence Hayes,Doug Clove,Michael (Mike) Sands
Peggy Sue Owens,,,,,
David Linn,Steph Routh,Jamie Dunphy,Loretta Smith,Terrence Hayes,
Steph Routh,Candace Avalos,Loretta Smith,Jamie Dunphy,,
Jamie Dunphy,Steph Routh,Candace Avalos,Timur Ender,Loretta Smith,
Timur Ender,Loretta Smith,,,,
Timur Ender,Candace Avalos,Steph Routh,Jamie Dunphy,Cayle Tern,David Linn
David Linn,Joe Furi,Doug Clove,Steph Routh,,
Loretta Smith,Peggy Sue Owens,Noah Ernst,Candace Avalos,Thomas Shervey,Timur Ender
Noah Ernst,Doug Clove,Terrence Hayes,Steph Routh,Jamie Dunphy,Thomas Shervey
Timur Ender,Candace Avalos,Steph Routh,,,
Terrence Hayes,Jamie Dunphy,Steph Routh,,,
Steph Routh,Jamie Dunphy,Candace Avalos,,,
Steph Routh,Candace Avalos,Jamie Dunphy,,,
Candace Avalos,Jamie Dunphy,Loretta Smith,Cayle Tern,Timur Ender,Deian Salazar
Candace Avalos,Timur Ender,Cayle Tern,Deian Salazar,,
Jamie Dunphy,Candace Avalos,Cayle Tern,Timur Ender,Peggy Sue Owens,Joe Allen
Michael (Mike) Sands,Loretta Smith,Deian Salazar,,,
Loretta Smith,Cayle Tern,Peggy Sue Owens,David Linn,Joe Furi,Deian Salazar
Doug Clove,Noah Ernst,,,,
Loretta Smith,Cayle Tern,Candace Avalos,,,
Deian Salazar,Michael (Mike) Sands,David Linn,Timur Ender,Joe Furi,Candace Avalos
Loretta Smith,Michael (Mike) Sands,Doug Clove,Joe Allen,Steph Routh,Peggy Sue Owens
Loretta Smith,Terrence Hayes,Timur Ender,Noah Ernst,,
Michael (Mike) Sands,Loretta Smith,,,,
Timur Ender,Steph Routh,,,,
David Linn,Peggy Sue Owens,Noah Ernst,Deian Salazar,Loretta Smith,Steph Routh
Steph Routh,Terrence Hayes,Jamie Dunphy,Joe Allen,Timur Ender,Cayle Tern
Candace Avalos,Timur Ender,Jamie Dunphy,Loretta Smith,Cayle Tern,Steph Routh
Steph Routh,Jamie Dunphy,,,,
Terrence Hayes,Joe Furi,Candace Avalos,Peggy Sue Owens,Thomas Shervey,Deian Salazar
David Linn,Loretta Smith,Timur Ender,,,
Terrence Hayes,Loretta Smith,Noah Ernst,Peggy Sue Owens,Candace Avalos,Steph Routh
Jamie Dunphy,Steph Routh,Candace Avalos,Loretta Smith,David Linn,
Candace Avalos,Jamie Dunphy,Steph Routh,,,
Timur Ender,Doug Clove,Loretta Smith,Candace Avalos,,
Jamie Dunphy,Candace Avalos,Steph Routh,Noah Ernst,David Linn,Loretta Smith
Jamie Dunphy,Steph Routh,Candace Avalos,,,
Steph Routh,Jamie Dunphy,Noah Ernst,Michael (Mike) Sands,Joe Furi,Doug Clove
David Linn,Thomas Shervey,,,,
Candace Avalos,,,,,
Doug Clove,Peggy Sue Owens,David Linn,Timur Ender,Candace Avalos,Loretta Smith
Terrence Hayes,Steph Routh,Candace Avalos,Loretta Smith,Peggy Sue Owens,Timur Ender
Jamie Dunphy,Timur Ender,Loretta Smith,Terrence Hayes,Steph Routh,Deian Salazar
David Linn,Doug Clove,Loretta Smith,Jamie Dunphy,Peggy Sue Owens,Joe Furi
Noah Ernst,Terrence Hayes,Joe Furi,Loretta Smith,Doug Clove,
Candace Avalos,David Linn,Jamie Dunphy,Timur Ender,Terrence Hayes,Steph Routh
David Linn,Steph Routh,Timur Ender,Terrence Hayes,Cayle Tern,Candace Avalos
Timur Ender,Candace Avalos,David Linn,Loretta Smith,Terrence Hayes,Steph Routh
Steph Routh,Loretta Smith,Michael (Mike) Sands,,,
Terrence Hayes,Loretta Smith,Deian Salazar,,,
Michael (Mike) Sands,Candace Avalos,Cayle Tern,Timur Ender,,
Loretta Smith,Steph Routh,Michael (Mike) Sands,David Linn,Doug Clove,Jamie Dunphy
Candace Avalos,Jamie Dunphy,Timur Ender,Steph Routh,David Linn,Loretta Smith
Jamie Dunphy,Candace Avalos,Steph Routh,Noah Ernst,,
David Linn,Joe Furi,Thomas Shervey,Noah Ernst,Steph Routh,Michael (Mike) Sands
Jamie Dunphy,Steph Routh,Candace Avalos,Doug Clove,Cayle Tern,Timur Ender
Jamie Dunphy,Candace Avalos,Steph Routh,Noah Ernst,David Linn,Loretta Smith
Jamie Dunphy,Timur Ender,Loretta Smith,,,
Steph Routh,Cayle Tern,Candace Avalos,Joe Allen,,
Candace Avalos,Jamie Dunphy,Steph Routh,David Linn,Terrence Hayes,Cayle Tern
Loretta Smith,Terrence Hayes,Timur Ender,Candace Avalos,Doug Clove,Joe Furi
Noah Ernst,,,,,
Terrence Hayes,Candace Avalos,Timur Ender,Cayle Tern,Jamie Dunphy,
Doug Clove,Candace Avalos,Terrence Hayes,Timur Ender,Noah Ernst,Jamie Dunphy
Timur Ender,David Linn,Doug Clove,Michael (Mike) Sands,,
Candace Avalos,Steph Routh,Timur Ender,,,
Noah Ernst,Doug Clove,Thomas Shervey,,,
Candace Avalos,Loretta Smith,Cayle Tern,Noah Ernst,Joe Allen,Thomas Shervey
Timur Ender,,,,,
Noah Ernst,Loretta Smith,Terrence Hayes,,,
Doug Clove,,,,,
Steph Routh,Doug Clove,Joe Furi,Michael (Mike) Sands,Noah Ernst,Timur Ender
Peggy Sue Owens,Timur Ender,Noah Ernst,Candace Avalos,Joe Allen,David Linn
Candace Avalos,Jamie Dunphy,Timur Ender,Loretta Smith,Terrence Hayes,Steph Routh
Noah Ernst,Joe Allen,Cayle Tern,Joe Furi,Thomas Shervey,Steph Routh
Jamie Dunphy,Candace Avalos,Steph Routh,Noah Ernst,David Linn,Loretta Smith
Candace Avalos,Noah Ernst,Cayle Tern,David Linn,Steph Routh,Timur Ender
Noah Ernst,Terrence Hayes,Michael (Mike) Sands,Joe Allen,Doug Clove,Joe Furi
Steph Routh,Jamie Dunphy,Loretta Smith,,,
Steph Routh,Jamie Dunphy,,,,
Jamie Dunphy,Candace Avalos,Cayle Tern,Joe Allen,Thomas Shervey,Steph Routh
Candace Avalos,Timur Ender,Loretta Smith,Terrence Hayes,Steph Routh,Jamie Dunphy
Candace Avalos,Jamie Dunphy,Timur Ender,,,
Terrence Hayes,Noah Ernst,Doug Clove,,,
Jamie Dunphy,Steph Routh,Timur Ender,Terrence Hayes,Candace Avalos,Cayle Tern
Timur Ender,Terrence Hayes,Joe Allen,David Linn,Steph Routh,Candace Avalos
Loretta Smith,Jamie Dunphy,,,,
Steph Routh,Candace Avalos,Cayle Tern,Jamie Dunphy,,
Candace Avalos,Loretta Smith,Cayle Tern,Timur Ender,Jamie Dunphy,
Timur Ender,,,,,
Noah Ernst,Deian Salazar,Steph Routh,Timur Ender,David Linn,Cayle Tern
Terrence Hayes,Steph Routh,Loretta Smith,Jamie Dunphy,Noah Ernst,
Jamie Dunphy,,,,,
Loretta Smith,Terrence Hayes,Jamie Dunphy,David Linn,Candace Avalos,
Loretta Smith,Candace Avalos,Timur Ender,Jamie Dunphy,Cayle Tern,Michael (Mike) Sands
Steph Routh,,,,,
Noah Ernst,Terrence Hayes,Doug Clove,Michael (Mike) Sands,Loretta Smith,Thomas Shervey
Steph Routh,Candace Avalos,Cayle Tern,,,
Candace Avalos,Loretta Smith,Steph Routh,,,
Loretta Smith,Jamie Dunphy,Steph Routh,Noah Ernst,David Linn,Doug Clove
Noah Ernst,Terrence Hayes,Candace Avalos,Joe Furi,David Linn,Thomas Shervey
Loretta Smith,Terrence Hayes,Noah Ernst,Jamie Dunphy,Deian Salazar,David Linn
Loretta Smith,,,,,
Candace Avalos,Jamie Dunphy,Terrence Hayes,Cayle Tern,,
Loretta Smith,Candace Avalos,Cayle Tern,,,
Peggy Sue Owens,Michael (Mike) Sands,Noah Ernst,Joe Furi,Cayle Tern,Thomas Shervey
Loretta Smith,Thomas Shervey,,,,
Doug Clove,,,,,
Noah Ernst,,,,,
Cayle Tern,Noah Ernst,Doug Clove,Loretta Smith,Terrence Hayes,Deian Salazar
Timur Ender,Candace Avalos,Jamie Dunphy,Steph Routh,Terrence Hayes,Loretta Smith
Terrence Hayes,Timur Ender,,,,
Thomas Shervey,Loretta Smith,,,,
Candace Avalos,Cayle Tern,Timur Ender,Steph Routh,,
Steph Routh,Timur Ender,Jamie Dunphy,Candace Avalos,,
David Linn,,,,,
Cayle Tern,,,,,
Candace Avalos,Cayle Tern,Timur Ender,Jamie Dunphy,Steph Routh,David Linn
Jamie Dunphy,Candace Avalos,Steph Routh,Noah Ernst,David Linn,Loretta Smith
Jamie Dunphy,Steph Routh,Timur Ender,Candace Avalos,Loretta Smith,David Linn
Jamie Dunphy,Candace Avalos,Steph Routh,,,
Michael (Mike) Sands,,,,,
Candace Avalos,,,,,
Timur Ender,Joe Allen,Steph Routh,,,
Candace Avalos,Timur Ender,Steph Routh,Jamie Dunphy,Cayle Tern,David Linn
Candace Avalos,Steph Routh,Timur Ender,Jamie Dunphy,Noah Ernst,Terrence Hayes
David Linn,Cayle Tern,Candace Avalos,Loretta Smith,Terrence Hayes,Jamie Dunphy
Candace Avalos,Timur Ender,Jamie Dunphy,Steph Routh,Cayle Tern,
Terrence Hayes,Timur Ender,Candace Avalos,Steph Routh,Jamie Dunphy,
Candace Avalos,Steph Routh,Timur Ender,Cayle Tern,,
Doug Clove,,,,,
Terrence Hayes,Noah Ernst,Peggy Sue Owens,,,
Candace Avalos,Jamie Dunphy,Steph Routh,,,
Jamie Dunphy,,,,,
Jamie Dunphy,Loretta Smith,Steph Routh,David Linn,Candace Avalos,Terrence Hayes
David Linn,Michael (Mike) Sands,Candace Avalos,,,
Loretta Smith,Jamie Dunphy,,,,
Timur Ender,Candace Avalos,Steph Routh,Cayle Tern,,
Michael (Mike) Sands,,,,,
Joe Allen,Doug Clove,Deian Salazar,Terrence Hayes,Jamie Dunphy,Noah Ernst
Joe Furi,Michael (Mike) Sands,Steph Routh,Jamie Dunphy,Deian Salazar,Noah Ernst
Michael (Mike) Sands,Doug Clove,Loretta Smith,,,
Noah Ernst,Doug Clove,Thomas Shervey,,,
Candace Avalos,Timur Ender,Steph Routh,Jamie Dunphy,Cayle Tern,David Linn
Steph Routh,Candace Avalos,Loretta Smith,Jamie Dunphy,Timur Ender,Terrence Hayes
Loretta Smith,Terrence Hayes,Timur Ender,Noah Ernst,Candace Avalos,David Linn
Cayle Tern,Timur Ender,Jamie Dunphy,,,
Write-in-120,,,,,
Michael (Mike) Sands,Loretta Smith,Jamie Dunphy,,,
Jamie Dunphy,Candace Avalos,Steph Routh,Loretta Smith,David Linn,Terrence Hayes
Steph Routh,,,,,
Candace Avalos,Timur Ender,Steph Routh,Jamie Dunphy,Cayle Tern,David Linn
Steph Routh,Jamie Dunphy,Terrence Hayes,Candace Avalos,Thomas Shervey,David Linn
Doug Clove,Timur Ender,Noah Ernst,David Linn,Cayle Tern,Michael (Mike) Sands
Noah Ernst,David Linn,Cayle Tern,Terrence Hayes,,
Noah Ernst,,,,,
Loretta Smith,David Linn,Peggy Sue Owens,Joe Furi,Timur Ender,Cayle Tern
Loretta Smith,Jamie Dunphy,,,,
Noah Ernst,,,,,
Jamie Dunphy,Steph Routh,Loretta Smith,Timur Ender,Candace Avalos,Peggy Sue Owens
Terrence Hayes,Loretta Smith,David Linn,Candace Avalos,Doug Clove,Jamie Dunphy
Noah Ernst,Terrence Hayes,Joe Furi,Loretta Smith,Doug Clove,
Candace Avalos,Cayle Tern,Timur Ender,,,
Candace Avalos,David Linn,Timur Ender,Terrence Hayes,Steph Routh,Noah Ernst
David Linn,Terrence Hayes,Peggy Sue Owens,Michael (Mike) Sands,Joe Allen,Noah Ernst
Cayle Tern,Candace Avalos,Steph Routh,Timur Ender,,
Candace Avalos,Timur Ender,Steph Routh,Jamie Dunphy,Thomas Shervey,David Linn
Timur Ender,Candace Avalos,Steph Routh,Terrence Hayes,Jamie Dunphy,Loretta Smith
David Linn,,,,,
Timur Ender,,,,,
Noah Ernst,David Linn,Doug Clove,Joe Furi,Michael (Mike) Sands,Joe Allen
Candace Avalos,Timur Ender,Steph Routh,Jamie Dunphy,,
Noah Ernst,,,,,
Loretta Smith,Jamie Dunphy,Terrence Hayes,David Linn,Timur Ender,
Noah Ernst,David Linn,,,,
Candace Avalos,,,,,
Candace Avalos,,,,,
Noah Ernst,Terrence Hayes,Timur Ender,Cayle Tern,,
David Linn,Doug Clove,Loretta Smith,Terrence Hayes,Jamie Dunphy,Steph Routh
Joe Allen,Thomas Shervey,David Linn,Timur Ender,Loretta Smith,Doug Clove
,,,,,
Steph Routh,Candace Avalos,Jamie Dunphy,,,
Loretta Smith,,,,,
Timur Ender,Loretta Smith,Terrence Hayes,Jamie Dunphy,,
Noah Ernst,,,,,
Steph Routh,Candace Avalos,Terrence Hayes,Deian Salazar,Loretta Smith,Cayle Tern
Jamie Dunphy,Terrence Hayes,Timur Ender,David Linn,Candace Avalos,Loretta Smith
Candace Avalos,,,,,
Candace Avalos,Cayle Tern,Timur Ender,,,
Cayle Tern,Timur Ender,Candace Avalos,Noah Ernst,Joe Allen,Terrence Hayes
Candace Avalos,Cayle Tern,Timur Ender,,,
Joe Furi,,,,,
Noah Ernst,Loretta Smith,,,,
Loretta Smith,Candace Avalos,Terrence Hayes,,,
Loretta Smith,Terrence Hayes,Candace Avalos,David Linn,Steph Routh,Jamie Dunphy
Timur Ender,Deian Salazar,Michael (Mike) Sands,Steph Routh,Terrence Hayes,Loretta Smith
Terrence Hayes,Noah Ernst,Candace Avalos,,,
David Linn,,,,,
Steph Routh,Candace Avalos,Timur Ender,,,
Timur Ender,Cayle Tern,Loretta Smith,Candace Avalos,Terrence Hayes,
Candace Avalos,Timur Ender,Cayle Tern,Steph Routh,Jamie Dunphy,
Jamie Dunphy,Steph Routh,Candace Avalos,Terrence Hayes,,
Timur Ender,Noah Ernst,Candace Avalos,Joe Allen,David Linn,Cayle Tern
Terrence Hayes,,,,,
Candace Avalos,Timur Ender,Steph Routh,,,
Jamie Dunphy,Candace Avalos,Steph Routh,Noah Ernst,David Linn,Loretta Smith
Terrence Hayes,Candace Avalos,,,,
Joe Allen,Steph Routh,,,,
Loretta Smith,Terrence Hayes,Candace Avalos,Noah Ernst,,
Terrence Hayes,Candace Avalos,Steph Routh,Loretta Smith,Doug Clove,David Linn
Terrence Hayes,Jamie Dunphy,Steph Routh,Candace Avalos,Thomas Shervey,
Steph Routh,Jamie Dunphy,Timur Ender,Terrence Hayes,,
Jamie Dunphy,Terrence Hayes,Loretta Smith,Candace Avalos,,
Candace Avalos,Timur Ender,Michael (Mike) Sands,Doug Clove,Terrence Hayes,Jamie Dunphy
Candace Avalos,Timur Ender,Terrence Hayes,Steph Routh,Jamie Dunphy,Cayle Tern
Steph Routh,Timur Ender,Candace Avalos,Terrence Hayes,Loretta Smith,Cayle Tern
Candace Avalos,Steph Routh,Timur Ender,Jamie Dunphy,,
Candace Avalos,Cayle Tern,Timur Ender,David Linn,Steph Routh,Jamie Dunphy
Jamie Dunphy,Terrence Hayes,Timur Ender,Candace Avalos,Noah Ernst,
Doug Clove,Joe Allen,Deian Salazar,Thomas Shervey,Steph Routh,
Candace Avalos,Cayle Tern,Timur Ender,,,
Terrence Hayes,Loretta Smith,Noah Ernst,,,
Doug Clove,,,,,
Candace Avalos,Timur Ender,Cayle Tern,Michael (Mike) Sands,,
Noah Ernst,,,,,
David Linn,Michael (Mike) Sands,Timur Ender,Cayle Tern,,
Joe Furi,Candace Avalos,Cayle Tern,David Linn,Deian Salazar,Thomas Shervey
Noah Ernst,Terrence Hayes,Joe Furi,Loretta Smith,Doug Clove,
Noah Ernst,Timur Ender,Steph Routh,Jamie Dunphy,Michael (Mike) Sands,Loretta Smith
Timur Ender,,,,,
Steph Routh,Terrence Hayes,Doug Clove,Timur Ender,,
Jamie Dunphy,,,,,
Joe Furi,Candace Avalos,Thomas Shervey,Jamie Dunphy,Cayle Tern,Peggy Sue Owens
Candace Avalos,Loretta Smith,,,,
Jamie Dunphy,Steph Routh,Doug Clove,Joe Allen,David Linn,Peggy Sue Owens
Steph Routh,Loretta Smith,Terrence Hayes,,,
,,,,,
Steph Routh,Doug Clove,Timur Ender,David Linn,Candace Avalos,
Steph Routh,Michael (Mike) Sands,Terrence Hayes,Jamie Dunphy,Timur Ender,Cayle Tern
Noah Ernst,Terrence Hayes,Loretta Smith,,,
Joe Allen,Joe Furi,Thomas Shervey,Deian Salazar,Jamie Dunphy,Cayle Tern
Terrence Hayes,Joe Furi,Thomas Shervey,Loretta Smith,David Linn,Cayle Tern
Candace Avalos,Steph Routh,Loretta Smith,,,
Jamie Dunphy,,,,,
Terrence Hayes,Steph Routh,Jamie Dunphy,,,
Candace Avalos,Timur Ender,Cayle Tern,Jamie Dunphy,Steph Routh,David Linn
Noah Ernst,David Linn,Cayle Tern,Terrence Hayes,,
Jamie Dunphy,Noah Ernst,Steph Routh,Candace Avalos,,
Peggy Sue Owens,Joe Allen,Cayle Tern,Thomas Shervey,Terrence Hayes,Michael (Mike) Sands
Deian Salazar,David Linn,Doug Clove,Joe Furi,Cayle Tern,Terrence Hayes
Deian Salazar,,,,,
Doug Clove,Jamie Dunphy,Thomas Shervey,Terrence Hayes,Deian Salazar,Joe Allen
Timur Ender,Loretta Smith,Candace Avalos,Cayle Tern,Deian Salazar,
Noah Ernst,Timur Ender,Deian Salazar,Doug Clove,Joe Allen,Joe Furi
Jamie Dunphy,Candace Avalos,Steph Routh,Noah Ernst,,
Noah Ernst,Loretta Smith,Deian Salazar,Joe Allen,Doug Clove,Terrence Hayes
Deian Salazar,,,,,
Loretta Smith,Terrence Hayes,Candace Avalos,Steph Routh,Deian Salazar,Jamie Dunphy
Loretta Smith,Terrence Hayes,Candace Avalos,Cayle Tern,Deian Salazar,Thomas Shervey
Candace Avalos,Jamie Dunphy,Timur Ender,,,
Timur Ender,,,,,
Timur Ender,Candace Avalos,Cayle Tern,Terrence Hayes,Jamie Dunphy,Loretta Smith
Doug Clove,,,,,
Joe Allen,Jamie Dunphy,Candace Avalos,Timur Ender,Steph Routh,Michael (Mike) Sands
Doug Clove,Terrence Hayes,Loretta Smith,Joe Allen,,
Timur Ender,Steph Routh,Candace Avalos,Cayle Tern,Jamie Dunphy,Michael (Mike) Sands
Steph Routh,Timur Ender,David Linn,Cayle Tern,Jamie Dunphy,Candace Avalos
Doug Clove,Loretta Smith,,,,
David Linn,Doug Clove,Loretta Smith,Steph Routh,Noah Ernst,Jamie Dunphy
David Linn,,,,,
Terrence Hayes,Timur Ender,Candace Avalos,Doug Clove,Deian Salazar,Noah Ernst
Noah Ernst,David Linn,Doug Clove,Loretta Smith,Steph Routh,
Terrence Hayes,Doug Clove,Timur Ender,David Linn,Candace Avalos,Noah Ernst
,,,,,
Steph Routh,Deian Salazar,Candace Avalos,Terrence Hayes,Thomas Shervey,Michael (Mike) Sands
Peggy Sue Owens,Candace Avalos,Cayle Tern,Deian Salazar,Loretta Smith,Steph Routh
Candace Avalos,Jamie Dunphy,Steph Routh,Timur Ender,,
Jamie Dunphy,Candace Avalos,,,,
Cayle Tern,,,,,
Terrence Hayes,Steph Routh,Candace Avalos,Loretta Smith,Timur Ender,
Timur Ender,Cayle Tern,Doug Clove,Steph Routh,Terrence Hayes,Thomas Shervey
Steph Routh,Candace Avalos,Timur Ender,Joe Allen,David Linn,
Candace Avalos,Steph Routh,Jamie Dunphy,Michael (Mike) Sands,Timur Ender,David Linn
Loretta Smith,,,,,
Candace Avalos,Cayle Tern,Timur Ender,,,
Noah Ernst,Deian Salazar,Joe Allen,Candace Avalos,Terrence Hayes,
Candace Avalos,Steph Routh,Timur Ender,Jamie Dunphy,Peggy Sue Owens,Loretta Smith
David Linn,Terrence Hayes,Loretta Smith,,,
Joe Allen,,,,,
Joe Furi,,,,,
Steph Routh,Noah Ernst,Peggy Sue Owens,Loretta Smith,Jamie Dunphy,Joe Furi
Candace Avalos,Timur Ender,Steph Routh,Jamie Dunphy,,
Noah Ernst,Candace Avalos,Peggy Sue Owens,Loretta Smith,Steph Routh,Doug Clove
Candace Avalos,Steph Routh,Terrence Hayes,,,
Noah Ernst,Terrence Hayes,Doug Clove,Loretta Smith,,
Deian Salazar,,,,,
Candace Avalos,Steph Routh,Jamie Dunphy,,,
Jamie Dunphy,Candace Avalos,Steph Routh,,,
Jamie Dunphy,Terrence Hayes,Loretta Smith,Candace Avalos,,
Noah Ernst,,,,,
Steph Routh,,,,,
Timur Ender,Steph Routh,Candace Avalos,Jamie Dunphy,,
Jamie Dunphy,Steph Routh,Timur Ender,Cayle Tern,Terrence Hayes,Candace Avalos
Peggy Sue Owens,Loretta Smith,Joe Furi,Joe Allen,,
Terrence Hayes,Loretta Smith,Steph Routh,,,
Doug Clove,,,,,
Noah Ernst,Doug Clove,,,,
,,,,,
Noah Ernst,,,,,
Candace Avalos,Loretta Smith,Terrence Hayes,,,
Candace Avalos,Timur Ender,Steph Routh,Cayle Tern,Jamie Dunphy,
Noah Ernst,,,,,
Terrence Hayes,Timur Ender,Candace Avalos,Steph Routh,Michael (Mike) Sands,Jamie Dunphy
Loretta Smith,Terrence Hayes,Steph Routh,David Linn,,
Steph Routh,Candace Avalos,Timur Ender,Jamie Dunphy,,
Steph Routh,Terrence Hayes,Candace Avalos,Timur Ender,Jamie Dunphy,
Steph Routh,,,,,
Candace Avalos,Timur Ender,Steph Routh,Jamie Dunphy,,
Terrence Hayes,Noah Ernst,Doug Clove,,,
Terrence Hayes,Noah Ernst,Candace Avalos,Michael (Mike) Sands,,
Loretta Smith,,,,,
Jamie Dunphy,Candace Avalos,Steph Routh,Noah Ernst,David Linn,Loretta Smith
,,,,,
Timur Ender,Deian Salazar,Michael (Mike) Sands,Jamie Dunphy,Terrence Hayes,Thomas Shervey
Peggy Sue Owens,,,,,
Candace Avalos,Cayle Tern,,,,
Jamie Dunphy,Candace Avalos,Steph Routh,Noah Ernst,David Linn,Loretta Smith
Peggy Sue Owens,,,,,
Jamie Dunphy,Loretta Smith,Steph Routh,Terrence Hayes,Deian Salazar,Candace Avalos
Candace Avalos,Jamie Dunphy,Timur Ender,,,
Candace Avalos,Steph Routh,Jamie Dunphy,Timur Ender,Terrence Hayes,
Timur Ender,Candace Avalos,Cayle Tern,Steph Routh,Jamie Dunphy,David Linn
Candace Avalos,Cayle Tern,Michael (Mike) Sands,Joe Furi,Terrence Hayes,Jamie Dunphy
Michael (Mike) Sands,Jamie Dunphy,Terrence Hayes,Loretta Smith,Doug Clove,Deian Salazar
Timur Ender,Michael (Mike) Sands,Loretta Smith,Terrence Hayes,Steph Routh,
Terrence Hayes,Candace Avalos,Steph Routh,Loretta Smith,,
Candace Avalos,Jamie Dunphy,,,,
Candace Avalos,Steph Routh,Terrence Hayes,Deian Salazar,Cayle Tern,Jamie Dunphy
Candace Avalos,David Linn,Doug Clove,Joe Furi,Loretta Smith,Jamie Dunphy
Terrence Hayes,Noah Ernst,Joe Furi,Loretta Smith,Doug Clove,Write-in-120
David Linn,Terrence Hayes,Joe Allen,Loretta Smith,Jamie Dunphy,Steph Routh
Jamie Dunphy,Candace Avalos,Timur Ender,Steph Routh,David Linn,
Terrence Hayes,Loretta Smith,Noah Ernst,,,
Michael (Mike) Sands,,,,,
Candace Avalos,Cayle Tern,Timur Ender,,,
Joe Allen,Joe Furi,Doug Clove,Loretta Smith,Terrence Hayes,
Jamie Dunphy,Deian Salazar,Candace Avalos,Cayle Tern,Michael (Mike) Sands,Steph Routh
Loretta Smith,,,,,
Candace Avalos,Steph Routh,Timur Ender,Jamie Dunphy,Cayle Tern,David Linn
Loretta Smith,Timur Ender,Cayle Tern,Steph Routh,Jamie Dunphy,Candace Avalos
Candace Avalos,Timur Ender,David Linn,Steph Routh,Jamie Dunphy,Loretta Smith
Jamie Dunphy,Steph Routh,Candace Avalos,,,
Joe Furi,,,,,
Steph Routh,Jamie Dunphy,Loretta Smith,Terrence Hayes,,
Timur Ender,Candace Avalos,Jamie Dunphy,Steph Routh,Cayle Tern,Noah Ernst
Noah Ernst,David Linn,Michael (Mike) Sands,,,
Timur Ender,Candace Avalos,Jamie Dunphy,Loretta Smith,Steph Routh,Terrence Hayes
Jamie Dunphy,David Linn,Loretta Smith,,,
Candace Avalos,Loretta Smith,Timur Ender,,,
Steph Routh,David Linn,Loretta Smith,Jamie Dunphy,,
Noah Ernst,Loretta Smith,Terrence Hayes,Cayle Tern,Deian Salazar,Steph Routh
Cayle Tern,Candace Avalos,Steph Routh,Loretta Smith,Peggy Sue Owens,Joe Furi
Noah Ernst,Jamie Dunphy,Terrence Hayes,,,
Joe Allen,Cayle Tern,Terrence Hayes,Jamie Dunphy,Michael (Mike) Sands,Doug Clove
Loretta Smith,Noah Ernst,Cayle Tern,,,
Candace Avalos,Timur Ender,,,,
Jamie Dunphy,Steph Routh,Loretta Smith,Candace Avalos,Timur Ender,
Terrence Hayes,Noah Ernst,Joe Furi,Loretta Smith,Doug Clove,Write-in-120
Cayle Tern,Candace Avalos,Timur Ender,,,
Candace Avalos,Steph Routh,Jamie Dunphy,,,
Peggy Sue Owens,Candace Avalos,Michael (Mike) Sands,Loretta Smith,Steph Routh,Jamie Dunphy
Candace Avalos,Cayle Tern,Timur Ender,Jamie Dunphy,David Linn,Steph Routh
Steph Routh,Doug Clove,Joe Allen,Loretta Smith,Deian Salazar,Jamie Dunphy
Candace Avalos,Cayle Tern,Timur Ender,,,
Joe Allen,Candace Avalos,Doug Clove,David Linn,Jamie Dunphy,Peggy Sue Owens
Terrence Hayes,Noah Ernst,,,,
Michael (Mike) Sands,,,,,
Candace Avalos,Timur Ender,Steph Routh,Jamie Dunphy,Cayle Tern,David Linn
Steph Routh,Jamie Dunphy,,,,
Candace Avalos,Cayle Tern,Timur Ender,,,
Loretta Smith,Thomas Shervey,Joe Furi,Candace Avalos,Peggy Sue Owens,Write-in-122
Candace Avalos,Steph Routh,Michael (Mike) Sands,Noah Ernst,Timur Ender,
Steph Routh,Candace Avalos,Jamie Dunphy,,,
Jamie Dunphy,Thomas Shervey,Doug Clove,Deian Salazar,David Linn,Joe Furi
Candace Avalos,Timur Ender,Steph Routh,,,
Loretta Smith,,,,,
Candace Avalos,Jamie Dunphy,Steph Routh,Timur Ender,,
Timur Ender,Candace Avalos,Deian Salazar,Steph Routh,Cayle Tern,Terrence Hayes
Steph Routh,David Linn,,,,
David Linn,Joe Allen,Loretta Smith,Terrence Hayes,Noah Ernst,Jamie Dunphy
Jamie Dunphy,Candace Avalos,Steph Routh,Noah Ernst,David Linn,Loretta Smith
Timur Ender,Steph Routh,Thomas Shervey,Terrence Hayes,Jamie Dunphy,Joe Allen
Candace Avalos,Jamie Dunphy,Steph Routh,Timur Ender,David Linn,Cayle Tern
Noah Ernst,,,,,
Steph Routh,Deian Salazar,,,,
Candace Avalos,,,,,
Steph Routh,Candace Avalos,Timur Ender,Jamie Dunphy,,
Joe Furi,Joe Allen,Steph Routh,Terrence Hayes,Noah Ernst,Peggy Sue Owens
Noah Ernst,Terrence Hayes,Candace Avalos,,,
Thomas Shervey,David Linn,Candace Avalos,Peggy Sue Owens,Loretta Smith,Cayle Tern
Noah Ernst,Loretta Smith,Joe Furi,Doug Clove,Joe Allen,
Terrence Hayes,Steph Routh,Candace Avalos,Timur Ender,,
Timur Ender,Cayle Tern,Candace Avalos,Terrence Hayes,Jamie Dunphy,Loretta Smith
Deian Salazar,Steph Routh,Noah Ernst,Doug Clove,Joe Allen,Loretta Smith
Timur Ender,David Linn,Cayle Tern,Candace Avalos,Jamie Dunphy,Steph Routh
Steph Routh,Noah Ernst,Jamie Dunphy,Loretta Smith,Terrence Hayes,Cayle Tern
Michael (Mike) Sands,,,,,
Noah Ernst,Peggy Sue Owens,Candace Avalos,Loretta Smith,Steph Routh,David Linn
Joe Furi,Joe Allen,Michael (Mike) Sands,Noah Ernst,David Linn,Thomas Shervey
Noah Ernst,Peggy Sue Owens,Candace Avalos,Timur Ender,David Linn,Joe Allen
Noah Ernst,Doug Clove,Joe Allen,Terrence Hayes,,
Loretta Smith,,,,,
Noah Ernst,Doug Clove,Joe Allen,Jamie Dunphy,Terrence Hayes,Deian Salazar
Candace Avalos,Timur Ender,Steph Routh,Jamie Dunphy,Cayle Tern,David Linn
Candace Avalos,Cayle Tern,Timur Ender,,,
Loretta Smith,Terrence Hayes,Candace Avalos,Peggy Sue Owens,Jamie Dunphy,Timur Ender
Timur Ender,Noah Ernst,,,,
Doug Clove,Thomas Shervey,Joe Allen,,,
Joe Furi,,,,,
Candace Avalos,Cayle Tern,Timur Ender,,,
Cayle Tern,Jamie Dunphy,Candace Avalos,Steph Routh,,
Jamie Dunphy,Candace Avalos,Steph Routh,,,
Doug Clove,Candace Avalos,Joe Allen,Deian Salazar,Steph Routh,Jamie Dunphy
Loretta Smith,Jamie Dunphy,Candace Avalos,,,
Candace Avalos,Terrence Hayes,Jamie Dunphy,Peggy Sue Owens,,
Jamie Dunphy,Candace Avalos,Steph Routh,David Linn,Loretta Smith,Timur Ender
Michael (Mike) Sands,,,,,
Loretta Smith,Michael (Mike) Sands,David Linn,Cayle Tern,Candace Avalos,Peggy Sue Owens
Jamie Dunphy,Loretta Smith,Joe Furi,,,
Terrence Hayes,,,,,
Jamie Dunphy,Steph Routh,Candace Avalos,,,
Peggy Sue Owens,Jamie Dunphy,,,,
Steph Routh,Peggy Sue Owens,Candace Avalos,Loretta Smith,Cayle Tern,Jamie Dunphy
Jamie Dunphy,Terrence Hayes,Steph Routh,Loretta Smith,Timur Ender,Cayle Tern
Candace Avalos,Steph Routh,Terrence Hayes,Jamie Dunphy,,
Candace Avalos,Cayle Tern,Timur Ender,,,
Steph Routh,Jamie Dunphy,Terrence Hayes,,,
Loretta Smith,Noah Ernst,Jamie Dunphy,Terrence Hayes,Candace Avalos,Timur Ender
Candace Avalos,Joe Allen,Loretta Smith,Steph Routh,Deian Salazar,Michael (Mike) Sands
Jamie Dunphy,Candace Avalos,Loretta Smith,Terrence Hayes,Steph Routh,Noah Ernst
Noah Ernst,Terrence Hayes,Cayle Tern,Thomas Shervey,Peggy Sue Owens,Candace Avalos
Jamie Dunphy,Candace Avalos,Steph Routh,Noah Ernst,David Linn,Loretta Smith
Deian Salazar,Peggy Sue Owens,Joe Allen,Joe Furi,Thomas Shervey,Steph Routh
Candace Avalos,Timur Ender,Steph Routh,,,
Terrence Hayes,,,,,
Noah Ernst,Cayle Tern,Doug Clove,,,
Candace Avalos,Timur Ender,Loretta Smith,Terrence Hayes,,
Loretta Smith,Terrence Hayes,Jamie Dunphy,,,
Jamie Dunphy,Steph Routh,Candace Avalos,,,
Jamie Dunphy,Candace Avalos,Steph Routh,Peggy Sue Owens,Michael (Mike) Sands,David Linn
Candace Avalos,Cayle Tern,Loretta Smith,Steph Routh,,
Loretta Smith,Timur Ender,Candace Avalos,Terrence Hayes,Steph Routh,Noah Ernst
Noah Ernst,Doug Clove,Terrence Hayes,Thomas Shervey,Joe Furi,Jamie Dunphy
Candace Avalos,Jamie Dunphy,Timur Ender,Steph Routh,,
Doug Clove,Terrence Hayes,Noah Ernst,,,
Doug Clove,Terrence Hayes,Noah Ernst,Loretta Smith,,
Candace Avalos,Deian Salazar,Loretta Smith,Terrence Hayes,David Linn,Peggy Sue Owens
Terrence Hayes,Candace Avalos,,,,
Deian Salazar,Noah Ernst,Michael (Mike) Sands,,,
Terrence Hayes,Candace Avalos,Deian Salazar,Noah Ernst,Jamie Dunphy,Timur Ender
Candace Avalos,Steph Routh,Timur Ender,Jamie Dunphy,Cayle Tern,
Noah Ernst,Terrence Hayes,Joe Furi,Loretta Smith,Doug Clove,
David Linn,Noah Ernst,Joe Furi,Loretta Smith,Terrence Hayes,Steph Routh
Doug Clove,Terrence Hayes,Deian Salazar,Noah Ernst,Joe Allen,Joe Furi
Steph Routh,Timur Ender,Candace Avalos,Jamie Dunphy,Terrence Hayes,Loretta Smith
Joe Allen,Loretta Smith,David Linn,Peggy Sue Owens,Timur Ender,Cayle Tern
Terrence Hayes,Jamie Dunphy,,,,
Candace Avalos,Terrence Hayes,Steph Routh,Loretta Smith,Jamie Dunphy,Cayle Tern
Jamie Dunphy,Candace Avalos,Steph Routh,Noah Ernst,David Linn,Loretta Smith
Candace Avalos,Cayle Tern,Timur Ender,,,
Steph Routh,Jamie Dunphy,Timur Ender,David Linn,,
Noah Ernst,,,,,
Loretta Smith,Steph Routh,Candace Avalos,,,
Steph Routh,Jamie Dunphy,Candace Avalos,Peggy Sue Owens,,
Terrence Hayes,Cayle Tern,Jamie Dunphy,Loretta Smith,Michael (Mike) Sands,Candace Avalos
Terrence Hayes,,,,,
Noah Ernst,Timur Ender,Jamie Dunphy,Terrence Hayes,Loretta Smith,
Jamie Dunphy,Candace Avalos,Steph Routh,Cayle Tern,David Linn,Loretta Smith
Candace Avalos,Steph Routh,Terrence Hayes,,,
,,,,,
Doug Clove,Michael (Mike) Sands,,,,
Timur Ender,Noah Ernst,,,,
Jamie Dunphy,Candace Avalos,Loretta Smith,Steph Routh,,
Candace Avalos,David Linn,Terrence Hayes,Jamie Dunphy,Joe Furi,Joe Allen
Candace Avalos,Steph Routh,Loretta Smith,,,
Candace Avalos,Steph Routh,Timur Ender,,,
Candace Avalos,Loretta Smith,Peggy Sue Owens,Terrence Hayes,Steph Routh,Joe Allen
Terrence Hayes,Noah Ernst,Loretta Smith,,,
Candace Avalos,Steph Routh,Timur Ender,Jamie Dunphy,,
Noah Ernst,David Linn,Doug Clove,,,
Terrence Hayes,Deian Salazar,Michael (Mike) Sands,Joe Allen,,
Steph Routh,Joe Allen,Thomas Shervey,Terrence Hayes,Loretta Smith,Noah Ernst
David Linn,Candace Avalos,Cayle Tern,Loretta Smith,Thomas Shervey,Terrence Hayes
Doug Clove,,,,,
Steph Routh,Terrence Hayes,Jamie Dunphy,Timur Ender,Loretta Smith,
Michael (Mike) Sands,Loretta Smith,David Linn,Cayle Tern,Jamie Dunphy,Terrence Hayes
Noah Ernst,Cayle Tern,Terrence Hayes,,,
Terrence Hayes,Noah Ernst,Loretta Smith,Doug Clove,Write-in-120,
Jamie Dunphy,Candace Avalos,Steph Routh,Noah Ernst,David Linn,Loretta Smith
Doug Clove,Noah Ernst,Terrence Hayes,,,
Candace Avalos,Loretta Smith,Jamie Dunphy,Steph Routh,David Linn,Deian Salazar
Noah Ernst,Candace Avalos,Terrence Hayes,Loretta Smith,David Linn,Jamie Dunphy
Noah Ernst,David Linn,Terrence Hayes,,,
Candace Avalos,Cayle Tern,Loretta Smith,Jamie Dunphy,Terrence Hayes,Steph Routh
Noah Ernst,Terrence Hayes,Loretta Smith,Michael (Mike) Sands,,
Candace Avalos,Steph Routh,Terrence Hayes,Jamie Dunphy,Loretta Smith,Cayle Tern
Timur Ender,Steph Routh,Candace Avalos,Cayle Tern,Jamie Dunphy,Terrence Hayes
Jamie Dunphy,Candace Avalos,Steph Routh,David Linn,Terrence Hayes,Noah Ernst
Terrence Hayes,Candace Avalos,Cayle Tern,Thomas Shervey,,
Jamie Dunphy,Joe Furi,Loretta Smith,Michael (Mike) Sands,Joe Allen,Cayle Tern
Candace Avalos,Jamie Dunphy,Steph Routh,,,
Loretta Smith,,,,,
Jamie Dunphy,Steph Routh,Candace Avalos,,,
Terrence Hayes,Loretta Smith,Doug Clove,Michael (Mike) Sands,Joe Allen,Noah Ernst
Peggy Sue Owens,Candace Avalos,Cayle Tern,Loretta Smith,Steph Routh,Jamie Dunphy
Jamie Dunphy,Timur Ender,Steph Routh,Candace Avalos,David Linn,
David Linn,Peggy Sue Owens,Doug Clove,Thomas Shervey,Steph Routh,Jamie Dunphy
Timur Ender,Noah Ernst,Doug Clove,Michael (Mike) Sands,Steph Routh,Jamie Dunphy
Peggy Sue Owens,Loretta Smith,Candace Avalos,,,
Timur Ender,Joe Allen,Joe Furi,Jamie Dunphy,Steph Routh,Cayle Tern
Jamie Dunphy,Candace Avalos,David Linn,,,
Noah Ernst,Doug Clove,Cayle Tern,,,
Candace Avalos,Jamie Dunphy,Steph Routh,Terrence Hayes,,
Doug Clove,Terrence Hayes,Noah Ernst,,,
Jamie Dunphy,Candace Avalos,Steph Routh,,,
Candace Avalos,Timur Ender,Terrence Hayes,Deian Salazar,Steph Routh,Cayle Tern
Candace Avalos,,,,,
Doug Clove,David Linn,Noah Ernst,Joe Furi,Loretta Smith,Steph Routh
,,,,,
Timur Ender,Steph Routh,Cayle Tern,Candace Avalos,,
Loretta Smith,Candace Avalos,Terrence Hayes,Cayle Tern,Timur Ender,Noah Ernst
Loretta Smith,Candace Avalos,Doug Clove,,,
Candace Avalos,Cayle Tern,Timur Ender,,,
Steph Routh,Candace Avalos,Loretta Smith,,,
Noah Ernst,Steph Routh,Cayle Tern,Michael (Mike) Sands,Timur Ender,Deian Salazar
David Linn,Thomas Shervey,Doug Clove,Noah Ernst,Loretta Smith,Joe Furi
Loretta Smith,Terrence Hayes,Steph Routh,,,
Timur Ender,Candace Avalos,Steph Routh,,,
Jamie Dunphy,,,,,
Jamie Dunphy,Timur Ender,Candace Avalos,Cayle Tern,Steph Routh,Michael (Mike) Sands
Timur Ender,Candace Avalos,David Linn,Cayle Tern,Joe Furi,Deian Salazar
Candace Avalos,Deian Salazar,Terrence Hayes,David Linn,Loretta Smith,Noah Ernst
Steph Routh,Candace Avalos,Loretta Smith,Jamie Dunphy,,
Doug Clove,Terrence Hayes,Deian Salazar,David Linn,Candace Avalos,Cayle Tern
Candace Avalos,Steph Routh,Terrence Hayes,Loretta Smith,Timur Ender,
Loretta Smith,Terrence Hayes,,,,
Terrence Hayes,Noah Ernst,Candace Avalos,Deian Salazar,Steph Routh,Timur Ender
Jamie Dunphy,Candace Avalos,Steph Routh,,,
Thomas Shervey,Loretta Smith,,,,
Noah Ernst,Terrence Hayes,Joe Furi,Loretta Smith,Doug Clove,Write-in-120
Terrence Hayes,,,,,
Steph Routh,,,,,
Noah Ernst,Joe Allen,Thomas Shervey,Timur Ender,Terrence Hayes,Joe Furi
Michael (Mike) Sands,Cayle Tern,,,,
Steph Routh,Jamie Dunphy,Candace Avalos,,,
Steph Routh,Candace Avalos,Loretta Smith,Jamie Dunphy,Joe Allen,Joe Furi
Jamie Dunphy,Timur Ender,Terrence Hayes,Loretta Smith,Steph Routh,Candace Avalos
Loretta Smith,Candace Avalos,Terrence Hayes,Steph Routh,,
Terrence Hayes,Candace Avalos,Peggy Sue Owens,,,
Cayle Tern,Doug Clove,,,,
Noah Ernst,David Linn,Terrence Hayes,Michael (Mike) Sands,Doug Clove,Candace Avalos
Candace Avalos,Timur Ender,David Linn,Cayle Tern,Jamie Dunphy,
Timur Ender,Noah Ernst,Candace Avalos,Deian Salazar,Terrence Hayes,Steph Routh
Noah Ernst,Michael (Mike) Sands,,,,
Loretta Smith,,,,,
Jamie Dunphy,Candace Avalos,Steph Routh,Noah Ernst,David Linn,Loretta Smith
Timur Ender,Candace Avalos,David Linn,Michael (Mike) Sands,,
Peggy Sue Owens,,,,,
Terrence Hayes,Noah Ernst,David Linn,,,
Joe Allen,Timur Ender,David Linn,Steph Routh,Cayle Tern,Noah Ernst
Timur Ender,Candace Avalos,Loretta Smith,Cayle Tern,David Linn,Steph Routh
Loretta Smith,Steph Routh,Jamie Dunphy,Terrence Hayes,,
Thomas Shervey,,,,,
Steph Routh,Loretta Smith,Timur Ender,Terrence Hayes,David Linn,Jamie Dunphy
,,,,,
Timur Ender,,,,,
Terrence Hayes,Loretta Smith,Jamie Dunphy,Timur Ender,,
Steph Routh,Noah Ernst,,,,
Steph Routh,Loretta Smith,Cayle Tern,,,
Candace Avalos,Thomas Shervey,,,,
Terrence Hayes,Cayle Tern,Deian Salazar,Jamie Dunphy,Peggy Sue Owens,Candace Avalos
Joe Furi,Noah Ernst,,,,
Peggy Sue Owens,Noah Ernst,David Linn,Loretta Smith,Michael (Mike) Sands,Thomas Shervey
Noah Ernst,Doug Clove,Joe Furi,Joe Allen,,
Loretta Smith,,,,,
Candace Avalos,Timur Ender,Steph Routh,Cayle Tern,Michael (Mike) Sands,
Candace Avalos,Terrence Hayes,Steph Routh,Jamie Dunphy,Loretta Smith,Timur Ender
Jamie Dunphy,Terrence Hayes,Steph Routh,Cayle Tern,David Linn,Michael (Mike) Sands
Timur Ender,Candace Avalos,Steph Routh,Thomas Shervey,David Linn,Jamie Dunphy
Joe Furi,Doug Clove,Deian Salazar,Steph Routh,Thomas Shervey,Terrence Hayes
Joe Allen,Michael (Mike) Sands,Loretta Smith,Thomas Shervey,Peggy Sue Owens,Jamie Dunphy
Steph Routh,Candace Avalos,Timur Ender,Jamie Dunphy,,
Noah Ernst,Michael (Mike) Sands,Loretta Smith,Peggy Sue Owens,Jamie Dunphy,David Linn
Doug Clove,Joe Allen,Candace Avalos,Jamie Dunphy,,
Candace Avalos,Steph Routh,Cayle Tern,Timur Ender,David Linn,Jamie Dunphy
Loretta Smith,Joe Allen,Joe Furi,,,
Jamie Dunphy,Terrence Hayes,Timur Ender,Loretta Smith,Candace Avalos,Noah Ernst
Candace Avalos,Steph Routh,Timur Ender,Jamie Dunphy,,
Terrence Hayes,Noah Ernst,Candace Avalos,Timur Ender,,
Michael (Mike) Sands,,,,,
Loretta Smith,Terrence Hayes,Doug Clove,Candace Avalos,Noah Ernst,Steph Routh
Noah Ernst,Candace Avalos,Steph Routh,Jamie Dunphy,Timur Ender,Terrence Hayes
Joe Allen,,,,,
Terrence Hayes,,,,,
Michael (Mike) Sands,Thomas Shervey,,,,
Noah Ernst,Deian Salazar,Terrence Hayes,,,
Candace Avalos,Timur Ender,,,,
Steph Routh,Timur Ender,Candace Avalos,,,
Noah Ernst,,,,,
Doug Clove,,,,,
Candace Avalos,Steph Routh,Terrence Hayes,Loretta Smith,Noah Ernst,Timur Ender
Terrence Hayes,Noah Ernst,Joe Furi,Loretta Smith,Doug Clove,Write-in-120
David Linn,Loretta Smith,Joe Allen,Terrence Hayes,Steph Routh,Jamie Dunphy
Michael (Mike) Sands,Noah Ernst,Peggy Sue Owens,David Linn,Joe Furi,Steph Routh
David Linn,Candace Avalos,Cayle Tern,Timur Ender,Jamie Dunphy,Steph Routh
Timur Ender,David Linn,Candace Avalos,Steph Routh,Thomas Shervey,Jamie Dunphy
Steph Routh,Timur Ender,Candace Avalos,Jamie Dunphy,Loretta Smith,Terrence Hayes
Candace Avalos,Timur Ender,Steph Routh,,,
Cayle Tern,Loretta Smith,Terrence Hayes,Candace Avalos,Doug Clove,Steph Routh
Terrence Hayes,Steph Routh,,,,
Noah Ernst,,,,,
Candace Avalos,Loretta Smith,Timur Ender,Cayle Tern,David Linn,
Steph Routh,Timur Ender,Jamie Dunphy,Candace Avalos,Doug Clove,Terrence Hayes
Candace Avalos,,,,,
Candace Avalos,Timur Ender,Steph Routh,Jamie Dunphy,Cayle Tern,David Linn
Steph Routh,Cayle Tern,Timur Ender,,,
Michael (Mike) Sands,Joe Furi,Thomas Shervey,Terrence Hayes,Jamie Dunphy,Steph Routh
Noah Ernst,Doug Clove,,,,
Doug Clove,Deian Salazar,Cayle Tern,David Linn,Noah Ernst,Timur Ender
Candace Avalos,Deian Salazar,Jamie Dunphy,Steph Routh,Loretta Smith,
Candace Avalos,Timur Ender,Michael (Mike) Sands,Noah Ernst,David Linn,Thomas Shervey
Candace Avalos,Timur Ender,,,,
Loretta Smith,Joe Allen,Jamie Dunphy,,,
Candace Avalos,Cayle Tern,Jamie Dunphy,Timur Ender,Noah Ernst,
Timur Ender,Jamie Dunphy,Steph Routh,Candace Avalos,Michael (Mike) Sands,
Candace Avalos,Steph Routh,Jamie Dunphy,Timur Ender,,
Jamie Dunphy,Cayle Tern,Timur Ender,Candace Avalos,Steph Routh,Michael (Mike) Sands
Loretta Smith,Timur Ender,Noah Ernst,Joe Allen,Candace Avalos,Cayle Tern
Steph Routh,Timur Ender,Candace Avalos,,,
Deian Salazar,David Linn,Candace Avalos,,,
Jamie Dunphy,Candace Avalos,Terrence Hayes,Steph Routh,,
Timur Ender,Candace Avalos,Terrence Hayes,Steph Routh,Doug Clove,David Linn
Terrence Hayes,Candace Avalos,Noah Ernst,Michael (Mike) Sands,Timur Ender,Doug Clove
Candace Avalos,Steph Routh,Timur Ender,Cayle Tern,Jamie Dunphy,
Jamie Dunphy,Noah Ernst,Loretta Smith,Timur Ender,Candace Avalos,Steph Routh
Loretta Smith,Jamie Dunphy,Steph Routh,Michael (Mike) Sands,Candace Avalos,Timur Ender
Noah Ernst,Thomas Shervey,,,,
Loretta Smith,Steph Routh,,,,
Terrence Hayes,David Linn,Cayle Tern,Joe Allen,Michael (Mike) Sands,Loretta Smith
,,,,,
Terrence Hayes,Thomas Shervey,Loretta Smith,Noah Ernst,Candace Avalos,Steph Routh
Peggy Sue Owens,Steph Routh,Joe Allen,Joe Furi,Noah Ernst,Loretta Smith
Steph Routh,Noah Ernst,Candace Avalos,Timur Ender,Loretta Smith,Cayle Tern
Noah Ernst,David Linn,Thomas Shervey,Timur Ender,Joe Furi,
Candace Avalos,Cayle Tern,David Linn,,,
Jamie Dunphy,Candace Avalos,Terrence Hayes,Thomas Shervey,Loretta Smith,
Noah Ernst,Doug Clove,Joe Furi,,,
Noah Ernst,Terrence Hayes,Jamie Dunphy,,,
Loretta Smith,Cayle Tern,Steph Routh,,,
Terrence Hayes,Steph Routh,Loretta Smith,David Linn,Joe Allen,Noah Ernst
Timur Ender,Steph Routh,Cayle Tern,David Linn,Candace Avalos,Jamie Dunphy
Terrence Hayes,Steph Routh,Candace Avalos,Jamie Dunphy,Noah Ernst,
Steph Routh,,,,,
Noah Ernst,Terrence Hayes,Joe Furi,Loretta Smith,Doug Clove,
Deian Salazar,Timur Ender,Terrence Hayes,,,
Loretta Smith,Peggy Sue Owens,Deian Salazar,Steph Routh,Candace Avalos,Joe Allen
Noah Ernst,Deian Salazar,Doug Clove,Timur Ender,Loretta Smith,Jamie Dunphy
Steph Routh,Candace Avalos,Jamie Dunphy,,,
Cayle Tern,Candace Avalos,Peggy Sue Owens,Michael (Mike) Sands,Deian Salazar,Joe Furi
Loretta Smith,Candace Avalos,Doug Clove,Terrence Hayes,Peggy Sue Owens,Jamie Dunphy
Steph Routh,Candace Avalos,Terrence Hayes,Jamie Dunphy,Deian Salazar,Michael (Mike) Sands
David Linn,Noah Ernst,Candace Avalos,,,
Peggy Sue Owens,David Linn,Loretta Smith,Terrence Hayes,Noah Ernst,Doug Clove
Jamie Dunphy,,,,,
Jamie Dunphy,Steph Routh,Deian Salazar,Candace Avalos,Joe Furi,Noah Ernst
Timur Ender,Terrence Hayes,Jamie Dunphy,,,
Doug Clove,Noah Ernst,Thomas Shervey,Joe Allen,Terrence Hayes,Steph Routh
Steph Routh,,,,,
Candace Avalos,Cayle Tern,Timur Ender,,,
Timur Ender,Loretta Smith,Candace Avalos,Terrence Hayes,Joe Allen,Jamie Dunphy
Candace Avalos,Steph Routh,Jamie Dunphy,Noah Ernst,Loretta Smith,David Linn
Loretta Smith,Terrence Hayes,,,,
Candace Avalos,Timur Ender,Steph Routh,Jamie Dunphy,Cayle Tern,David Linn
Candace Avalos,Steph Routh,Jamie Dunphy,Cayle Tern,Noah Ernst,Loretta Smith
Loretta Smith,,,,,
Peggy Sue Owens,,,,,
Jamie Dunphy,Candace Avalos,Steph Routh,Timur Ender,,
Candace Avalos,Jamie Dunphy,Noah Ernst,Timur Ender,,
Timur Ender,Michael (Mike) Sands,Candace Avalos,,,
Candace Avalos,,,,,
Loretta Smith,Terrence Hayes,,,,
Steph Routh,,,,,
Noah Ernst,David Linn,Michael (Mike) Sands,,,
Terrence Hayes,Loretta Smith,David Linn,Candace Avalos,Noah Ernst,Timur Ender
Loretta Smith,,,,,
Noah Ernst,,,,,
Terrence Hayes,Loretta Smith,Joe Furi,Candace Avalos,Timur Ender,Cayle Tern
Timur Ender,Doug Clove,Loretta Smith,,,
Joe Allen,Terrence Hayes,Steph Routh,Jamie Dunphy,Noah Ernst,Michael (Mike) Sands
Loretta Smith,Terrence Hayes,Steph Routh,,,
Noah Ernst,Terrence Hayes,Timur Ender,Candace Avalos,Joe Furi,Deian Salazar
Timur Ender,Jamie Dunphy,Candace Avalos,Joe Allen,Terrence Hayes,
Candace Avalos,Steph Routh,Timur Ender,Jamie Dunphy,,
Candace Avalos,Noah Ernst,Terrence Hayes,Jamie Dunphy,,
Doug Clove,,,,,
Timur Ender,Joe Allen,Doug Clove,,,
Terrence Hayes,Thomas Shervey,Peggy Sue Owens,Jamie Dunphy,Deian Salazar,Michael (Mike) Sands
Steph Routh,Joe Allen,Noah Ernst,Doug Clove,David Linn,Joe Furi
Terrence Hayes,Candace Avalos,Timur Ender,Steph Routh,,
Noah Ernst,,,,,
Terrence Hayes,,,,,
Terrence Hayes,David Linn,Jamie Dunphy,Doug Clove,Thomas Shervey,
Jamie Dunphy,Candace Avalos,Steph Routh,,,
Timur Ender,Cayle Tern,Doug Clove,Terrence Hayes,Loretta Smith,
Terrence Hayes,,,,,
Candace Avalos,Jamie Dunphy,Steph Routh,,,
Timur Ender,Loretta Smith,Candace Avalos,Terrence Hayes,Joe Allen,Jamie Dunphy
Candace Avalos,Jamie Dunphy,Steph Routh,Terrence Hayes,,
Doug Clove,Noah Ernst,Michael (Mike) Sands,Terrence Hayes,Steph Routh,Joe Furi
Loretta Smith,Terrence Hayes,Michael (Mike) Sands,Cayle Tern,Candace Avalos,
Michael (Mike) Sands,Terrence Hayes,,,,
Steph Routh,Loretta Smith,Doug Clove,,,
Cayle Tern,Steph Routh,Timur Ender,Noah Ernst,,
,,,,,
Candace Avalos,Steph Routh,Timur Ender,Jamie Dunphy,,
Thomas Shervey,Cayle Tern,Steph Routh,,,
Steph Routh,Loretta Smith,Jamie Dunphy,Terrence Hayes,David Linn,Candace Avalos
Timur Ender,Steph Routh,Candace Avalos,Joe Allen,Doug Clove,Deian Salazar
Candace Avalos,Jamie Dunphy,Steph Routh,David Linn,Loretta Smith,
Loretta Smith,Terrence Hayes,Deian Salazar,Candace Avalos,,
Jamie Dunphy,Candace Avalos,Steph Routh,Noah Ernst,David Linn,Loretta Smith
Steph Routh,Candace Avalos,Jamie Dunphy,,,
Loretta Smith,Joe Furi,David Linn,Terrence Hayes,Steph Routh,Timur Ender
Loretta Smith,Steph Routh,Timur Ender,Jamie Dunphy,,
Candace Avalos,Steph Routh,Timur Ender,Jamie Dunphy,,
Michael (Mike) Sands,David Linn,Steph Routh,Noah Ernst,,
David Linn,Loretta Smith,Doug Clove,Timur Ender,Steph Routh,Cayle Tern
Jamie Dunphy,Steph Routh,David Linn,Loretta Smith,Candace Avalos,Timur Ender
Steph Routh,Candace Avalos,Loretta Smith,,,
Jamie Dunphy,Candace Avalos,Steph Routh,Noah Ernst,David Linn,Loretta Smith
Candace Avalos,Cayle Tern,Timur Ender,,,
Jamie Dunphy,Steph Routh,David Linn,Candace Avalos,Loretta Smith,
Jamie Dunphy,Candace Avalos,Steph Routh,Loretta Smith,,
Noah Ernst,Doug Clove,Terrence Hayes,Joe Furi,,
Timur Ender,Joe Allen,David Linn,Doug Clove,Thomas Shervey,Write-in-120
Terrence Hayes,Jamie Dunphy,Noah Ernst,Steph Routh,Candace Avalos,
Loretta Smith,,,,,
Steph Routh,Jamie Dunphy,Timur Ender,Candace Avalos,Loretta Smith,Terrence Hayes
Timur Ender,Noah Ernst,Candace Avalos,Joe Allen,,
Peggy Sue Owens,,,,,
Thomas Shervey,Joe Furi,Joe Allen,David Linn,Noah Ernst,Candace Avalos
Steph Routh,Loretta Smith,Cayle Tern,,,
Noah Ernst,Doug Clove,Terrence Hayes,Timur Ender,Deian Salazar,
Steph Routh,Loretta Smith,Terrence Hayes,Candace Avalos,Jamie Dunphy,
Doug Clove,Noah Ernst,Jamie Dunphy,Steph Routh,David Linn,Candace Avalos
,,,,,
Candace Avalos,Jamie Dunphy,Cayle Tern,Timur Ender,Steph Routh,
Candace Avalos,Cayle Tern,Timur Ender,,,
Steph Routh,Terrence Hayes,Noah Ernst,Candace Avalos,Jamie Dunphy,
Noah Ernst,Loretta Smith,Deian Salazar,David Linn,Joe Allen,Jamie Dunphy
Cayle Tern,Candace Avalos,Timur Ender,David Linn,Steph Routh,Jamie Dunphy
Timur Ender,Loretta Smith,Joe Allen,,,
Terrence Hayes,Noah Ernst,David Linn,Loretta Smith,Steph Routh,Timur Ender
Loretta Smith,Terrence Hayes,Doug Clove,Joe Furi,Michael (Mike) Sands,Cayle Tern
Peggy Sue Owens,Loretta Smith,Steph Routh,Jamie Dunphy,,
Loretta Smith,Jamie Dunphy,Steph Routh,Candace Avalos,Terrence Hayes,Timur Ender
Candace Avalos,Steph Routh,Timur Ender,Jamie Dunphy,Loretta Smith,Cayle Tern
Cayle Tern,,,,,
Noah Ernst,Terrence Hayes,Joe Furi,Loretta Smith,Doug Clove,
Peggy Sue Owens,Joe Allen,Michael (Mike) Sands,Thomas Shervey,Doug Clove,Cayle Tern
Doug Clove,Loretta Smith,,,,
Loretta Smith,Candace Avalos,Peggy Sue Owens,,,
Candace Avalos,Timur Ender,Steph Routh,Jamie Dunphy,Cayle Tern,David Linn
Noah Ernst,Peggy Sue Owens,Loretta Smith,Joe Allen,Doug Clove,Steph Routh
Candace Avalos,Steph Routh,Cayle Tern,Timur Ender,Jamie Dunphy,David Linn
Candace Avalos,Jamie Dunphy,Steph Routh,Timur Ender,Cayle Tern,
Candace Avalos,Timur Ender,Steph Routh,Cayle Tern,Jamie Dunphy,
Doug Clove,,,,,
Steph Routh,Jamie Dunphy,Candace Avalos,Timur Ender,Cayle Tern,
Thomas Shervey,Peggy Sue Owens,Joe Allen,Jamie Dunphy,Joe Furi,Loretta Smith
Candace Avalos,Loretta Smith,Peggy Sue Owens,Steph Routh,Deian Salazar,Jamie Dunphy
Steph Routh,Noah Ernst,Peggy Sue Owens,Loretta Smith,Jamie Dunphy,Joe Furi
Candace Avalos,Cayle Tern,Timur Ender,,,
Joe Allen,Timur Ender,Cayle Tern,Candace Avalos,Loretta Smith,Jamie Dunphy
Steph Routh,Candace Avalos,Timur Ender,Jamie Dunphy,Loretta Smith,Cayle Tern
Terrence Hayes,Noah Ernst,Joe Furi,Loretta Smith,Doug Clove,
Peggy Sue Owens,Noah Ernst,David Linn,Timur Ender,Cayle Tern,Deian Salazar
Noah Ernst,Terrence Hayes,Joe Furi,Loretta Smith,Doug Clove,
Candace Avalos,Jamie Dunphy,Steph Routh,,,
Joe Allen,Noah Ernst,Loretta Smith,Steph Routh,,
Loretta Smith,Terrence Hayes,,,,
Jamie Dunphy,Candace Avalos,Steph Routh,,,
Noah Ernst,Thomas Shervey,,,,
Steph Routh,Terrence Hayes,Jamie Dunphy,Deian Salazar,Candace Avalos,Noah Ernst
Candace Avalos,,,,,
Jamie Dunphy,Candace Avalos,Steph Routh,,,
Jamie Dunphy,Candace Avalos,Loretta Smith,Timur Ender,,
Cayle Tern,Noah Ernst,Loretta Smith,Joe Furi,Doug Clove,Timur Ender
Loretta Smith,David Linn,,,,
Loretta Smith,Timur Ender,Peggy Sue Owens,,,
Michael (Mike) Sands,Noah Ernst,Terrence Hayes,Doug Clove,,
Steph Routh,Candace Avalos,Jamie Dunphy,,,
Jamie Dunphy,Candace Avalos,Steph Routh,Noah Ernst,David Linn,Loretta Smith
Terrence Hayes,Jamie Dunphy,Steph Routh,Candace Avalos,,
Doug Clove,Joe Allen,David Linn,Steph Routh,Cayle Tern,Terrence Hayes
Candace Avalos,Steph Routh,Timur Ender,Jamie Dunphy,,
Michael (Mike) Sands,,,,,
Terrence Hayes,Loretta Smith,Timur Ender,Joe Allen,Candace Avalos,Noah Ernst
Noah Ernst,Steph Routh,Timur Ender,,,
Jamie Dunphy,Steph Routh,Candace Avalos,,,
Candace Avalos,,,,,
Candace Avalos,Timur Ender,Steph Routh,Cayle Tern,Jamie Dunphy,David Linn
Jamie Dunphy,Steph Routh,Candace Avalos,,,
Terrence Hayes,,,,,
Michael (Mike) Sands,Timur Ender,Cayle Tern,Loretta Smith,Terrence Hayes,
Noah Ernst,Terrence Hayes,Joe Furi,Loretta Smith,,
Candace Avalos,Steph Routh,Jamie Dunphy,David Linn,,
Steph Routh,Noah Ernst,Candace Avalos,Jamie Dunphy,,
Steph Routh,Jamie Dunphy,Candace Avalos,Timur Ender,,
Terrence Hayes,Timur Ender,Steph Routh,Jamie Dunphy,,
Joe Furi,Terrence Hayes,,,,
Loretta Smith,Terrence Hayes,,,,
Noah Ernst,,,,,
Doug Clove,Joe Furi,Terrence Hayes,Jamie Dunphy,Timur Ender,Noah Ernst
Jamie Dunphy,Candace Avalos,Steph Routh,,,
Steph Routh,Jamie Dunphy,Loretta Smith,Candace Avalos,Timur Ender,Terrence Hayes
Terrence Hayes,Noah Ernst,Loretta Smith,Jamie Dunphy,,
Noah Ernst,Candace Avalos,Joe Allen,,,
Noah Ernst,Timur Ender,Terrence Hayes,Steph Routh,Loretta Smith,
Loretta Smith,Jamie Dunphy,Timur Ender,,,
Candace Avalos,Loretta Smith,Steph Routh,Deian Salazar,Doug Clove,
Jamie Dunphy,Candace Avalos,Steph Routh,,,
Jamie Dunphy,Loretta Smith,Steph Routh,Terrence Hayes,,
Candace Avalos,Cayle Tern,Deian Salazar,Loretta Smith,Thomas Shervey,Jamie Dunphy
Candace Avalos,Timur Ender,Cayle Tern,David Linn,,
Candace Avalos,Terrence Hayes,Noah Ernst,,,
Timur Ender,Terrence Hayes,Steph Routh,Loretta Smith,Cayle Tern,Candace Avalos
Jamie Dunphy,Timur Ender,David Linn,Joe Allen,Candace Avalos,Cayle Tern
Terrence Hayes,Jamie Dunphy,Candace Avalos,,,
Steph Routh,,,,,
Candace Avalos,Jamie Dunphy,Timur Ender,Cayle Tern,Steph Routh,David Linn
Loretta Smith,,,,,
Noah Ernst,Michael (Mike) Sands,,,,
Terrence Hayes,Doug Clove,Candace Avalos,,,
Loretta Smith,,,,,
Steph Routh,Jamie Dunphy,,,,
Joe Furi,Joe Allen,Doug Clove,,,
Deian Salazar,Loretta Smith,Terrence Hayes,David Linn,Joe Allen,Timur Ender
Michael (Mike) Sands,Terrence Hayes,Steph Routh,Jamie Dunphy,Loretta Smith,Candace Avalos
Peggy Sue Owens,Timur Ender,Noah Ernst,Candace Avalos,Joe Allen,David Linn
Thomas Shervey,Terrence Hayes,,,,
Terrence Hayes,Timur Ender,Loretta Smith,Doug Clove,Candace Avalos,Steph Routh
Jamie Dunphy,Timur Ender,Terrence Hayes,Loretta Smith,Steph Routh,Candace Avalos
Terrence Hayes,Candace Avalos,Jamie Dunphy,David Linn,,
Timur Ender,Candace Avalos,David Linn,Steph Routh,,
Noah Ernst,Michael (Mike) Sands,,,,
Joe Allen,Loretta Smith,Terrence Hayes,Thomas Shervey,Joe Furi,Candace Avalos
Peggy Sue Owens,Joe Allen,Noah Ernst,Joe Furi,Deian Salazar,Michael (Mike) Sands
Thomas Shervey,Doug Clove,Steph Routh,Joe Allen,Joe Furi,Peggy Sue Owens
Steph Routh,Jamie Dunphy,David Linn,Cayle Tern,,
Candace Avalos,Timur Ender,Jamie Dunphy,Cayle Tern,Steph Routh,
Loretta Smith,Timur Ender,David Linn,Jamie Dunphy,Cayle Tern,Deian Salazar
Candace Avalos,Michael (Mike) Sands,Loretta Smith,Terrence Hayes,Steph Routh,David Linn
Jamie Dunphy,Noah Ernst,,,,
Terrence Hayes,Steph Routh,Michael (Mike) Sands,Timur Ender,Loretta Smith,Deian Salazar
Noah Ernst,Doug Clove,Loretta Smith,Joe Furi,Timur Ender,Terrence Hayes
Candace Avalos,Steph Routh,Timur Ender,Cayle Tern,Jamie Dunphy,David Linn
Terrence Hayes,Loretta Smith,Timur Ender,Jamie Dunphy,Candace Avalos,Steph Routh
Candace Avalos,Jamie Dunphy,Steph Routh,,,
Michael (Mike) Sands,,,,,
Candace Avalos,Timur Ender,Jamie Dunphy,Steph Routh,Loretta Smith,
Jamie Dunphy,Candace Avalos,Steph Routh,,,
Timur Ender,Thomas Shervey,Loretta Smith,,,
Jamie Dunphy,Thomas Shervey,Joe Allen,Noah Ernst,Doug Clove,Terrence Hayes
David Linn,Michael (Mike) Sands,Loretta Smith,,,
Timur Ender,Joe Allen,Doug Clove,Deian Salazar,Terrence Hayes,Jamie Dunphy
Peggy Sue Owens,Timur Ender,Noah Ernst,Candace Avalos,Joe Allen,David Linn
Noah Ernst,Candace Avalos,David Linn,Jamie Dunphy,Timur Ender,
Noah Ernst,,,,,
Candace Avalos,Deian Salazar,,,,
Noah Ernst,Terrence Hayes,Loretta Smith,,,
Noah Ernst,Doug Clove,Loretta Smith,Deian Salazar,Joe Allen,Terrence Hayes
Noah Ernst,Terrence Hayes,Joe Furi,Loretta Smith,Doug Clove,
Jamie Dunphy,,,,,
Timur Ender,Loretta Smith,Candace Avalos,Michael (Mike) Sands,Thomas Shervey,Steph Routh
Jamie Dunphy,Timur Ender,Steph Routh,David Linn,Candace Avalos,Loretta Smith
Peggy Sue Owens,Timur Ender,Noah Ernst,Candace Avalos,Joe Allen,David Linn
Jamie Dunphy,Candace Avalos,Steph Routh,,,
Noah Ernst,Terrence Hayes,Joe Furi,Loretta Smith,Doug Clove,
Doug Clove,Thomas Shervey,,,,
Terrence Hayes,,,,,
Jamie Dunphy,Candace Avalos,,,,
Terrence Hayes,Steph Routh,Loretta Smith,Michael (Mike) Sands,,
Loretta Smith,Jamie Dunphy,Timur Ender,Candace Avalos,Steph Routh,
Loretta Smith,Terrence Hayes,Candace Avalos,Timur Ender,Michael (Mike) Sands,Steph Routh
Loretta Smith,Peggy Sue Owens,Candace Avalos,,,
Jamie Dunphy,Candace Avalos,Loretta Smith,Steph Routh,,
Doug Clove,Terrence Hayes,Deian Salazar,Noah Ernst,Joe Allen,Joe Furi
Candace Avalos,Cayle Tern,Terrence Hayes,Steph Routh,Loretta Smith,Jamie Dunphy
Loretta Smith,Deian Salazar,Steph Routh,Terrence Hayes,Candace Avalos,David Linn
Doug Clove,Deian Salazar,,,,
Noah Ernst,Candace Avalos,,,,
Michael (Mike) Sands,Timur Ender,Cayle Tern,Candace Avalos,Steph Routh,Terrence Hayes
Jamie Dunphy,Steph Routh,Terrence Hayes,Timur Ender,David Linn,Noah Ernst
Doug Clove,,,,,
Michael (Mike) Sands,David Linn,,,,
Terrence Hayes,David Linn,Jamie Dunphy,Steph Routh,,
,,,,,
Loretta Smith,,,,,
Noah Ernst,Terrence Hayes,,,,
Candace Avalos,Timur Ender,Steph Routh,,,
Noah Ernst,,,,,
Noah Ernst,,,,,
Candace Avalos,Timur Ender,Jamie Dunphy,Cayle Tern,Thomas Shervey,David Linn
Timur Ender,Doug Clove,Terrence Hayes,,,
Loretta Smith,Peggy Sue Owens,Candace Avalos,Jamie Dunphy,Cayle Tern,
Noah Ernst,Doug Clove,Terrence Hayes,Steph Routh,Jamie Dunphy,Thomas Shervey
Timur Ender,Candace Avalos,Joe Allen,,,
Loretta Smith,Timur Ender,Jamie Dunphy,Doug Clove,Terrence Hayes,
Jamie Dunphy,Steph Routh,Candace Avalos,Timur Ender,,
Steph Routh,Terrence Hayes,Loretta Smith,Michael (Mike) Sands,Deian Salazar,David Linn
Timur Ender,Cayle Tern,,,,
David Linn,Candace Avalos,Loretta Smith,Terrence Hayes,Steph Routh,Jamie Dunphy
Terrence Hayes,Jamie Dunphy,Noah Ernst,Candace Avalos,Thomas Shervey,Loretta Smith
Loretta Smith,Terrence Hayes,Michael (Mike) Sands,,,
Noah Ernst,Michael (Mike) Sands,Terrence Hayes,Doug Clove,Thomas Shervey,Joe Allen
Loretta Smith,,,,,
Loretta Smith,Candace Avalos,Timur Ender,Steph Routh,Jamie Dunphy,
Doug Clove,Noah Ernst,Terrence Hayes,,,
Peggy Sue Owens,Doug Clove,,,,
Jamie Dunphy,Candace Avalos,,,,
Doug Clove,,,,,
Timur Ender,,,,,
Doug Clove,Noah Ernst,Deian Salazar,Joe Furi,Loretta Smith,Terrence Hayes
Doug Clove,Joe Allen,Thomas Shervey,Steph Routh,,
Loretta Smith,Terrence Hayes,Candace Avalos,Peggy Sue Owens,Cayle Tern,Deian Salazar
Loretta Smith,Timur Ender,Terrence Hayes,Steph Routh,,
Loretta Smith,Jamie Dunphy,Doug Clove,David Linn,Deian Salazar,Steph Routh
Terrence Hayes,Deian Salazar,Loretta Smith,Cayle Tern,Steph Routh,Jamie Dunphy
Doug Clove,Steph Routh,Terrence Hayes,Thomas Shervey,,
Candace Avalos,Timur Ender,Jamie Dunphy,Steph Routh,Cayle Tern,David Linn
Loretta Smith,Deian Salazar,David Linn,Steph Routh,Doug Clove,Terrence Hayes
Loretta Smith,David Linn,Terrence Hayes,Michael (Mike) Sands,Doug Clove,Peggy Sue Owens
Cayle Tern,Timur Ender,Terrence Hayes,Joe Furi,Jamie Dunphy,Steph Routh
Candace Avalos,Doug Clove,Jamie Dunphy,Timur Ender,Steph Routh,Thomas Shervey
Timur Ender,Michael (Mike) Sands,Candace Avalos,Steph Routh,,
Terrence Hayes,Candace Avalos,Noah Ernst,Michael (Mike) Sands,Timur Ender,Doug Clove
Noah Ernst,Terrence Hayes,Loretta Smith,,,
Michael (Mike) Sands,,,,,
Candace Avalos,Jamie Dunphy,Steph Routh,,,
Michael (Mike) Sands,Thomas Shervey,David Linn,Peggy Sue Owens,Cayle Tern,Jamie Dunphy
Noah Ernst,Loretta Smith,Terrence Hayes,,,
Terrence Hayes,Noah Ernst,Joe Furi,Loretta Smith,Doug Clove,Write-in-122
Loretta Smith,Terrence Hayes,Timur Ender,Cayle Tern,Candace Avalos,Steph Routh
Loretta Smith,Jamie Dunphy,Candace Avalos,Timur Ender,Noah Ernst,Michael (Mike) Sands
Loretta Smith,Steph Routh,David Linn,,,
Candace Avalos,Loretta Smith,Steph Routh,Jamie Dunphy,,
Candace Avalos,Steph Routh,Jamie Dunphy,Timur Ender,,
Jamie Dunphy,Loretta Smith,Timur Ender,Candace Avalos,Steph Routh,Joe Furi
Jamie Dunphy,Loretta Smith,Noah Ernst,Steph Routh,Terrence Hayes,Candace Avalos
Candace Avalos,Steph Routh,Timur Ender,Jamie Dunphy,,
Candace Avalos,Jamie Dunphy,Timur Ender,Doug Clove,Noah Ernst,Steph Routh
Terrence Hayes,,,,,
Terrence Hayes,Noah Ernst,Doug Clove,,,
David Linn,Loretta Smith,Deian Salazar,Joe Allen,Michael (Mike) Sands,Terrence Hayes
Loretta Smith,Terrence Hayes,Steph Routh,Joe Furi,Cayle Tern,Candace Avalos
Candace Avalos,Steph Routh,Timur Ender,Jamie Dunphy,,
Jamie Dunphy,David Linn,,,,
Noah Ernst,Terrence Hayes,Joe Furi,Loretta Smith,Doug Clove,
Peggy Sue Owens,Noah Ernst,Joe Allen,Doug Clove,Loretta Smith,Michael (Mike) Sands
Loretta Smith,Terrence Hayes,Steph Routh,Jamie Dunphy,Candace Avalos,
Peggy Sue Owens,Thomas Shervey,Jamie Dunphy,Cayle Tern,Michael (Mike) Sands,Noah Ernst
Deian Salazar,Jamie Dunphy,Michael (Mike) Sands,Terrence Hayes,Cayle Tern,Thomas Shervey
Steph Routh,Candace Avalos,Timur Ender,Jamie Dunphy,David Linn,Cayle Tern
Candace Avalos,Loretta Smith,,,,
Candace Avalos,Steph Routh,Jamie Dunphy,Timur Ender,,
Terrence Hayes,Candace Avalos,Timur Ender,Steph Routh,Deian Salazar,
Jamie Dunphy,Timur Ender,Terrence Hayes,Candace Avalos,,
Joe Allen,David Linn,Joe Furi,Doug Clove,Thomas Shervey,Michael (Mike) Sands
Loretta Smith,Joe Allen,Peggy Sue Owens,Joe Furi,Write-in-120,Candace Avalos
Jamie Dunphy,Steph Routh,Candace Avalos,Timur Ender,Cayle Tern,Noah Ernst
Jamie Dunphy,Steph Routh,Candace Avalos,Timur Ender,Joe Allen,Cayle Tern
Noah Ernst,,,,,
Terrence Hayes,Steph Routh,Joe Furi,Timur Ender,Doug Clove,Candace Avalos
David Linn,Thomas Shervey,Cayle Tern,Jamie Dunphy,Loretta Smith,Candace Avalos
Candace Avalos,Cayle Tern,Timur Ender,Steph Routh,Jamie Dunphy,David Linn
Candace Avalos,Cayle Tern,Timur Ender,,,
Candace Avalos,Cayle Tern,Timur Ender,Steph Routh,Jamie Dunphy,
Candace Avalos,,,,,
Candace Avalos,Cayle Tern,Timur Ender,Jamie Dunphy,Steph Routh,David Linn
Terrence Hayes,Loretta Smith,Jamie Dunphy,Steph Routh,,
Candace Avalos,Timur Ender,Jamie Dunphy,Steph Routh,Cayle Tern,Terrence Hayes
Peggy Sue Owens,David Linn,Joe Allen,Thomas Shervey,Steph Routh,Loretta Smith
Jamie Dunphy,Candace Avalos,Steph Routh,Noah Ernst,David Linn,Loretta Smith
Noah Ernst,Joe Allen,,,,
Steph Routh,Peggy Sue Owens,Candace Avalos,Loretta Smith,Cayle Tern,Jamie Dunphy
Timur Ender,Candace Avalos,Cayle Tern,Michael (Mike) Sands,Terrence Hayes,Jamie Dunphy
Noah Ernst,,,,,
Noah Ernst,Terrence Hayes,Doug Clove,,,
Steph Routh,Jamie Dunphy,Timur Ender,Loretta Smith,,
Jamie Dunphy,,,,,
Doug Clove,Loretta Smith,Jamie Dunphy,Timur Ender,Joe Allen,David Linn
Joe Allen,Timur Ender,Candace Avalos,Cayle Tern,Joe Furi,Loretta Smith
Cayle Tern,Candace Avalos,Steph Routh,Timur Ender,,
Jamie Dunphy,Steph Routh,Candace Avalos,Timur Ender,Cayle Tern,Loretta Smith
Timur Ender,Terrence Hayes,,,,
Candace Avalos,Jamie Dunphy,Timur Ender,,,
Jamie Dunphy,Candace Avalos,Steph Routh,Noah Ernst,David Linn,Loretta Smith
Timur Ender,Candace Avalos,Jamie Dunphy,Steph Routh,,
Jamie Dunphy,Candace Avalos,Steph Routh,Noah Ernst,David Linn,Loretta Smith
Terrence Hayes,,,,,
Timur Ender,Noah Ernst,Terrence Hayes,Loretta Smith,Jamie Dunphy,Steph Routh
Terrence Hayes,,,,,
Jamie Dunphy,Terrence Hayes,Loretta Smith,Michael (Mike) Sands,Doug Clove,Candace Avalos
Candace Avalos,Loretta Smith,Steph Routh,Terrence Hayes,Cayle Tern,Timur Ender
Joe Furi,Jamie Dunphy,David Linn,Deian Salazar,Joe Allen,Michael (Mike) Sands
Doug Clove,Candace Avalos,Loretta Smith,Timur Ender,,
Timur Ender,Cayle Tern,Deian Salazar,Steph Routh,Write-in-120,
Terrence Hayes,Noah Ernst,Doug Clove,,,
Jamie Dunphy,Candace Avalos,Steph Routh,,,
Loretta Smith,Steph Routh,Doug Clove,,,
Steph Routh,Candace Avalos,Jamie Dunphy,Timur Ender,,
Timur Ender,David Linn,Doug Clove,Deian Salazar,Thomas Shervey,Steph Routh
Timur Ender,Candace Avalos,David Linn,Loretta Smith,Terrence Hayes,Steph Routh
Noah Ernst,Terrence Hayes,Loretta Smith,Steph Routh,,
Loretta Smith,Terrence Hayes,Candace Avalos,Jamie Dunphy,Timur Ender,
Joe Allen,Loretta Smith,,,,
Deian Salazar,Noah Ernst,Joe Allen,Terrence Hayes,Doug Clove,
Timur Ender,Steph Routh,Candace Avalos,,,
Terrence Hayes,Steph Routh,Jamie Dunphy,,,
Deian Salazar,Cayle Tern,,,,
Loretta Smith,David Linn,Doug Clove,Candace Avalos,Terrence Hayes,
Candace Avalos,,,,,
Jamie Dunphy,Steph Routh,Candace Avalos,Timur Ender,Peggy Sue Owens,Noah Ernst
Steph Routh,Michael (Mike) Sands,Terrence Hayes,Jamie Dunphy,Loretta Smith,Deian Salazar
Timur Ender,Terrence Hayes,Noah Ernst,,,
Joe Allen,Noah Ernst,David Linn,Doug Clove,Michael (Mike) Sands,Joe Furi
Terrence Hayes,Steph Routh,Loretta Smith,,,
David Linn,Peggy Sue Owens,Joe Furi,Loretta Smith,Terrence Hayes,Michael (Mike) Sands
Write-in-120,Candace Avalos,Steph Routh,Jamie Dunphy,Terrence Hayes,
Terrence Hayes,Loretta Smith,Candace Avalos,,,
Steph Routh,Candace Avalos,Timur Ender,Jamie Dunphy,Thomas Shervey,
Candace Avalos,Timur Ender,Cayle Tern,Jamie Dunphy,,
Jamie Dunphy,Candace Avalos,Timur Ender,Steph Routh,,
Jamie Dunphy,,,,,
Candace Avalos,Timur Ender,Steph Routh,Jamie Dunphy,Cayle Tern,David Linn
Candace Avalos,Cayle Tern,Timur Ender,,,
Loretta Smith,,,,,
Thomas Shervey,Steph Routh,David Linn,Noah Ernst,Joe Allen,Cayle Tern
Candace Avalos,Jamie Dunphy,Steph Routh,Thomas Shervey,,
Loretta Smith,Candace Avalos,Timur Ender,,,
Terrence Hayes,Loretta Smith,Steph Routh,Jamie Dunphy,Deian Salazar,
Noah Ernst,David Linn,Doug Clove,,,
Candace Avalos,,,,,
Doug Clove,Joe Allen,Joe Furi,Noah Ernst,,
Terrence Hayes,Noah Ernst,Candace Avalos,,,
Steph Routh,Loretta Smith,Timur Ender,Candace Avalos,Terrence Hayes,Jamie Dunphy
Steph Routh,Candace Avalos,Timur Ender,Jamie Dunphy,,
Jamie Dunphy,Candace Avalos,Steph Routh,David Linn,Loretta Smith,Terrence Hayes
Loretta Smith,Noah Ernst,Terrence Hayes,Joe Furi,Doug Clove,
Terrence Hayes,Noah Ernst,Candace Avalos,,,
Terrence Hayes,Steph Routh,Loretta Smith,Candace Avalos,Deian Salazar,Timur Ender
Michael (Mike) Sands,Joe Furi,Peggy Sue Owens,Write-in-120,Terrence Hayes,Deian Salazar
Candace Avalos,Timur Ender,Steph Routh,Terrence Hayes,,
Candace Avalos,Jamie Dunphy,Timur Ender,Cayle Tern,David Linn,Steph Routh
Loretta Smith,,,,,
Joe Allen,Timur Ender,Joe Furi,,,
Candace Avalos,Steph Routh,,,,
Loretta Smith,,,,,
Noah Ernst,Terrence Hayes,Jamie Dunphy,Steph Routh,Cayle Tern,Loretta Smith
Terrence Hayes,Candace Avalos,Steph Routh,Loretta Smith,Doug Clove,David Linn
Noah Ernst,Doug Clove,Deian Salazar,,,
Steph Routh,Timur Ender,Candace Avalos,,,
,,,,,
Steph Routh,Candace Avalos,Jamie Dunphy,Timur Ender,,
Joe Furi,Timur Ender,Noah Ernst,Joe Allen,,
Candace Avalos,Steph Routh,,,,
,,,,,
Loretta Smith,Terrence Hayes,Steph Routh,Doug Clove,Timur Ender,Candace Avalos
Loretta Smith,Steph Routh,Terrence Hayes,Jamie Dunphy,Timur Ender,Candace Avalos
Terrence Hayes,Noah Ernst,Candace Avalos,,,
Steph Routh,Timur Ender,Jamie Dunphy,Candace Avalos,Cayle Tern,David Linn
Terrence Hayes,Loretta Smith,Noah Ernst,,,
Jamie Dunphy,,,,,
Jamie Dunphy,Candace Avalos,Steph Routh,Loretta Smith,,
Candace Avalos,,,,,
Terrence Hayes,Jamie Dunphy,Loretta Smith,Steph Routh,Joe Furi,Candace Avalos
Candace Avalos,Steph Routh,Timur Ender,,,
Terrence Hayes,Noah Ernst,Candace Avalos,,,
Timur Ender,Loretta Smith,Candace Avalos,Cayle Tern,Steph Routh,Jamie Dunphy
Jamie Dunphy,Candace Avalos,Steph Routh,,,
Timur Ender,Terrence Hayes,Michael (Mike) Sands,Doug Clove,Joe Allen,Jamie Dunphy
Loretta Smith,,,,,
Jamie Dunphy,Candace Avalos,Timur Ender,Steph Routh,,
Candace Avalos,Cayle Tern,Timur Ender,,,
Peggy Sue Owens,Noah Ernst,Doug Clove,Deian Salazar,Jamie Dunphy,Timur Ender
Noah Ernst,Steph Routh,Deian Salazar,,,
Candace Avalos,Cayle Tern,Timur Ender,,,
Loretta Smith,Jamie Dunphy,Timur Ender,Steph Routh,,
Peggy Sue Owens,Joe Allen,Write-in-122,Joe Furi,Terrence Hayes,
Candace Avalos,Steph Routh,Timur Ender,,,
Terrence Hayes,Noah Ernst,Joe Furi,Loretta Smith,Doug Clove,Write-in-122
Candace Avalos,Cayle Tern,Timur Ender,,,
Terrence Hayes,Loretta Smith,Noah Ernst,Deian Salazar,Candace Avalos,Cayle Tern
Terrence Hayes,Noah Ernst,Deian Salazar,Joe Allen,Jamie Dunphy,Steph Routh
Joe Allen,Doug Clove,Loretta Smith,,,
Loretta Smith,Terrence Hayes,David Linn,,,
Timur Ender,Jamie Dunphy,Steph Routh,,,
Noah Ernst,Terrence Hayes,Joe Furi,Loretta Smith,Doug Clove,
Doug Clove,,,,,
Steph Routh,Loretta Smith,Candace Avalos,,,
Loretta Smith,Terrence Hayes,Cayle Tern,David Linn,Joe Furi,Steph Routh
Jamie Dunphy,Candace Avalos,Steph Routh,Thomas Shervey,Timur Ender,Noah Ernst
Deian Salazar,Loretta Smith,Jamie Dunphy,,,
Jamie Dunphy,Loretta Smith,Candace Avalos,,,
Terrence Hayes,Jamie Dunphy,Doug Clove,,,
Loretta Smith,Terrence Hayes,,,,
Cayle Tern,,,,,
Loretta Smith,Terrence Hayes,Candace Avalos,,,
Peggy Sue Owens,Write-in-120,David Linn,Doug Clove,Terrence Hayes,Candace Avalos
Joe Allen,Candace Avalos,Peggy Sue Owens,Steph Routh,Joe Furi,Timur Ender
Michael (Mike) Sands,Joe Furi,Doug Clove,Cayle Tern,David Linn,Joe Allen
Loretta Smith,Timur Ender,Noah Ernst,Joe Allen,Candace Avalos,Cayle Tern
Candace Avalos,Deian Salazar,Loretta Smith,Steph Routh,Peggy Sue Owens,Jamie Dunphy
Peggy Sue Owens,,,,,
Joe Allen,Loretta Smith,,,,
Candace Avalos,Timur Ender,Cayle Tern,Steph Routh,,
Michael (Mike) Sands,Jamie Dunphy,Terrence Hayes,Loretta Smith,Steph Routh,David Linn
Loretta Smith,,,,,
Terrence Hayes,Candace Avalos,Michael (Mike) Sands,Jamie Dunphy,David Linn,
Doug Clove,Timur Ender,,,,
Steph Routh,,,,,
Candace Avalos,Timur Ender,Loretta Smith,,,
Loretta Smith,Candace Avalos,Jamie Dunphy,,,
Candace Avalos,Jamie Dunphy,Steph Routh,Timur Ender,Loretta Smith,Terrence Hayes
Joe Allen,Thomas Shervey,Terrence Hayes,Candace Avalos,Timur Ender,Noah Ernst
Peggy Sue Owens,Timur Ender,Noah Ernst,,,
David Linn,,,,,
Candace Avalos,Cayle Tern,Timur Ender,Jamie Dunphy,Steph Routh,Loretta Smith
Candace Avalos,Steph Routh,Timur Ender,,,
Timur Ender,Steph Routh,Jamie Dunphy,Candace Avalos,David Linn,Joe Furi
Loretta Smith,Terrence Hayes,,,,
Loretta Smith,Terrence Hayes,Candace Avalos,Steph Routh,Jamie Dunphy,
Joe Furi,Steph Routh,Jamie Dunphy,Deian Salazar,Doug Clove,Joe Allen
Candace Avalos,Noah Ernst,David Linn,Steph Routh,,
Steph Routh,Jamie Dunphy,Terrence Hayes,Candace Avalos,Timur Ender,Loretta Smith
Jamie Dunphy,Loretta Smith,Terrence Hayes,Cayle Tern,Steph Routh,Candace Avalos
Steph Routh,Jamie Dunphy,Candace Avalos,Terrence Hayes,Thomas Shervey,David Linn
Timur Ender,,,,,
Peggy Sue Owens,Candace Avalos,David Linn,Deian Salazar,Noah Ernst,Joe Furi
Candace Avalos,Steph Routh,Cayle Tern,Timur Ender,Deian Salazar,Jamie Dunphy
Loretta Smith,Terrence Hayes,Jamie Dunphy,Timur Ender,David Linn,Candace Avalos
Doug Clove,Noah Ernst,,,,
Doug Clove,Deian Salazar,Terrence Hayes,Jamie Dunphy,Candace Avalos,Timur Ender
Candace Avalos,Michael (Mike) Sands,Terrence Hayes,Jamie Dunphy,Timur Ender,Cayle Tern
David Linn,Candace Avalos,Cayle Tern,Jamie Dunphy,Steph Routh,Thomas Shervey
Loretta Smith,Steph Routh,Timur Ender,Jamie Dunphy,Candace Avalos,Deian Salazar
Candace Avalos,Joe Furi,Peggy Sue Owens,Thomas Shervey,Michael (Mike) Sands,Write-in-121
Loretta Smith,Terrence Hayes,Candace Avalos,Peggy Sue Owens,Jamie Dunphy,Michael (Mike) Sands
Terrence Hayes,Thomas Shervey,Loretta Smith,Candace Avalos,Deian Salazar,Cayle Tern
Candace Avalos,Steph Routh,Timur Ender,Jamie Dunphy,,
Noah Ernst,Joe Furi,Doug Clove,Deian Salazar,,
Peggy Sue Owens,Candace Avalos,Cayle Tern,Michael (Mike) Sands,Steph Routh,Write-in-121
Candace Avalos,Cayle Tern,Timur Ender,Jamie Dunphy,Steph Routh,David Linn
Timur Ender,Jamie Dunphy,Terrence Hayes,,,
Timur Ender,,,,,
Jamie Dunphy,Timur Ender,Loretta Smith,Candace Avalos,Terrence Hayes,David Linn
Timur Ender,Terrence Hayes,Noah Ernst,David Linn,Steph Routh,Deian Salazar
Loretta Smith,Terrence Hayes,Joe Allen,Steph Routh,Michael (Mike) Sands,Noah Ernst
Cayle Tern,Candace Avalos,Terrence Hayes,Doug Clove,Steph Routh,Timur Ender
Loretta Smith,Noah Ernst,Deian Salazar,Cayle Tern,Steph Routh,Doug Clove
Jamie Dunphy,Loretta Smith,Steph Routh,Joe Allen,Candace Avalos,Timur Ender
Doug Clove,Michael (Mike) Sands,,,,
,,,,,
Terrence Hayes,Steph Routh,Jamie Dunphy,Loretta Smith,David Linn,Candace Avalos
Peggy Sue Owens,Candace Avalos,Loretta Smith,Jamie Dunphy,Terrence Hayes,Cayle Tern
Candace Avalos,Loretta Smith,Cayle Tern,Timur Ender,David Linn,Jamie Dunphy
Jamie Dunphy,Candace Avalos,Steph Routh,Noah Ernst,David Linn,Loretta Smith
Terrence Hayes,Timur Ender,Candace Avalos,Steph Routh,,
Loretta Smith,Terrence Hayes,Steph Routh,Candace Avalos,Noah Ernst,Cayle Tern
Jamie Dunphy,Steph Routh,,,,
Joe Allen,Noah Ernst,Doug Clove,Michael (Mike) Sands,Thomas Shervey,Terrence Hayes
Candace Avalos,David Linn,Loretta Smith,,,
Loretta Smith,Jamie Dunphy,Deian Salazar,,,
Jamie Dunphy,,,,,
Doug Clove,Noah Ernst,Joe Allen,Thomas Shervey,Terrence Hayes,Steph Routh
Noah Ernst,Timur Ender,David Linn,Joe Furi,Jamie Dunphy,Candace Avalos
Candace Avalos,Cayle Tern,Timur Ender,Steph Routh,Jamie Dunphy,David Linn
Noah Ernst,,,,,
,,,,,
Doug Clove,,,,,
Jamie Dunphy,Steph Routh,Timur Ender,Candace Avalos,,
Steph Routh,Deian Salazar,,,,
Noah Ernst,Loretta Smith,Doug Clove,,,
Terrence Hayes,Loretta Smith,Timur Ender,,,
Candace Avalos,Timur Ender,Steph Routh,,,
Candace Avalos,Timur Ender,Loretta Smith,Terrence Hayes,Steph Routh,Jamie Dunphy
David Linn,Doug Clove,Cayle Tern,Terrence Hayes,Joe Allen,Steph Routh
Terrence Hayes,Steph Routh,,,,
Noah Ernst,Terrence Hayes,Joe Furi,Loretta Smith,Doug Clove,
Peggy Sue Owens,Candace Avalos,Cayle Tern,Loretta Smith,Steph Routh,Jamie Dunphy
Steph Routh,Timur Ender,Candace Avalos,David Linn,Jamie Dunphy,Cayle Tern
Steph Routh,Jamie Dunphy,Candace Avalos,,,
Candace Avalos,,,,,
Loretta Smith,Timur Ender,Jamie Dunphy,Terrence Hayes,David Linn,Candace Avalos
Candace Avalos,Deian Salazar,Loretta Smith,Peggy Sue Owens,Terrence Hayes,David Linn
Noah Ernst,Terrence Hayes,Jamie Dunphy,Steph Routh,Deian Salazar,
Candace Avalos,Timur Ender,Steph Routh,David Linn,Write-in-120,Michael (Mike) Sands
Candace Avalos,Doug Clove,Cayle Tern,Timur Ender,Jamie Dunphy,
Loretta Smith,,,,,
Loretta Smith,Candace Avalos,Steph Routh,Peggy Sue Owens,Timur Ender,Joe Furi
Noah Ernst,Terrence Hayes,Loretta Smith,Jamie Dunphy,Timur Ender,Steph Routh
Cayle Tern,Candace Avalos,Terrence Hayes,,,
Candace Avalos,Steph Routh,,,,
Steph Routh,Doug Clove,Terrence Hayes,David Linn,Cayle Tern,Loretta Smith
Noah Ernst,Terrence Hayes,,,,
Candace Avalos,Loretta Smith,,,,
Candace Avalos,Noah Ernst,Jamie Dunphy,Timur Ender,,
Timur Ender,Candace Avalos,Loretta Smith,David Linn,Terrence Hayes,
Timur Ender,Steph Routh,Jamie Dunphy,Candace Avalos,Cayle Tern,David Linn
Michael (Mike) Sands,Loretta Smith,Jamie Dunphy,Candace Avalos,Doug Clove,Deian Salazar
Loretta Smith,Terrence Hayes,Candace Avalos,,,
Candace Avalos,,,,,
Loretta Smith,Candace Avalos,Timur Ender,Jamie Dunphy,Cayle Tern,Michael (Mike) Sands
,,,,,
David Linn,Noah Ernst,Thomas Shervey,Doug Clove,Jamie Dunphy,Michael (Mike) Sands
Steph Routh,Terrence Hayes,Noah Ernst,Timur Ender,Jamie Dunphy,Joe Furi
Steph Routh,Candace Avalos,Jamie Dunphy,Timur Ender,David Linn,Cayle Tern
Steph Routh,Loretta Smith,Deian Salazar,Cayle Tern,Timur Ender,Doug Clove
Candace Avalos,Steph Routh,Loretta Smith,Timur Ender,Cayle Tern,
Jamie Dunphy,Timur Ender,Terrence Hayes,Steph Routh,Candace Avalos,Noah Ernst
Joe Allen,Doug Clove,Loretta Smith,,,
Peggy Sue Owens,,,,,
Candace Avalos,Cayle Tern,Timur Ender,Michael (Mike) Sands,Joe Furi,Doug Clove
Jamie Dunphy,,,,,
Candace Avalos,Terrence Hayes,Steph Routh,,,
Loretta Smith,Terrence Hayes,Candace Avalos,,,
Thomas Shervey,Deian Salazar,Jamie Dunphy,,,
Candace Avalos,Timur Ender,Terrence Hayes,Steph Routh,Cayle Tern,
Loretta Smith,Steph Routh,Peggy Sue Owens,,,
Jamie Dunphy,Steph Routh,Candace Avalos,,,
Jamie Dunphy,Steph Routh,Candace Avalos,Terrence Hayes,Timur Ender,
Terrence Hayes,,,,,
Jamie Dunphy,Candace Avalos,Steph Routh,Loretta Smith,,
Noah Ernst,Terrence Hayes,Joe Furi,Loretta Smith,Doug Clove,
Deian Salazar,,,,,
Noah Ernst,David Linn,Jamie Dunphy,Steph Routh,Joe Allen,Timur Ender
Jamie Dunphy,Candace Avalos,Steph Routh,,,
Candace Avalos,David Linn,Deian Salazar,Thomas Shervey,,
Terrence Hayes,Jamie Dunphy,Steph Routh,Candace Avalos,,
Steph Routh,Candace Avalos,Jamie Dunphy,,,
Loretta Smith,Peggy Sue Owens,David Linn,Michael (Mike) Sands,Joe Allen,Jamie Dunphy
Candace Avalos,,,,,
Doug Clove,,,,,
Timur Ender,Steph Routh,Terrence Hayes,Jamie Dunphy,Candace Avalos,Loretta Smith
Terrence Hayes,Doug Clove,Joe Allen,Michael (Mike) Sands,Thomas Shervey,Loretta Smith
Timur Ender,Candace Avalos,Loretta Smith,Terrence Hayes,Steph Routh,
Timur Ender,Loretta Smith,David Linn,Cayle Tern,Deian Salazar,Steph Routh
Candace Avalos,Cayle Tern,Timur Ender,Loretta Smith,Deian Salazar,Terrence Hayes
Joe Allen,,,,,
Candace Avalos,Cayle Tern,Jamie Dunphy,Deian Salazar,Steph Routh,Timur Ender
Loretta Smith,Terrence Hayes,Candace Avalos,,,
Timur Ender,Noah Ernst,Doug Clove,Deian Salazar,Steph Routh,Terrence Hayes
Jamie Dunphy,Candace Avalos,Steph Routh,David Linn,Loretta Smith,Noah Ernst
Peggy Sue Owens,Loretta Smith,,,,
Candace Avalos,Steph Routh,Jamie Dunphy,Loretta Smith,Timur Ender,Peggy Sue Owens
Candace Avalos,Steph Routh,Timur Ender,Jamie Dunphy,,
Steph Routh,Doug Clove,Cayle Tern,,,
Noah Ernst,David Linn,Doug Clove,Michael (Mike) Sands,Loretta Smith,Terrence Hayes
Steph Routh,Candace Avalos,Jamie Dunphy,,,
Loretta Smith,David Linn,Candace Avalos,Deian Salazar,Peggy Sue Owens,Jamie Dunphy
Steph Routh,Terrence Hayes,Deian Salazar,Timur Ender,Noah Ernst,
Candace Avalos,Steph Routh,Timur Ender,,,
Jamie Dunphy,Loretta Smith,Candace Avalos,Timur Ender,Steph Routh,Doug Clove
Candace Avalos,Steph Routh,Timur Ender,Jamie Dunphy,,
Terrence Hayes,Deian Salazar,,,,
Candace Avalos,Jamie Dunphy,Timur Ender,,,
Steph Routh,Jamie Dunphy,Terrence Hayes,,,
Loretta Smith,Noah Ernst,Terrence Hayes,,,
Timur Ender,Candace Avalos,Terrence Hayes,Steph Routh,Jamie Dunphy,Cayle Tern
Noah Ernst,Michael (Mike) Sands,Doug Clove,Peggy Sue Owens,,
Jamie Dunphy,Candace Avalos,Steph Routh,,,
Noah Ernst,,,,,
Cayle Tern,David Linn,Jamie Dunphy,Steph Routh,Thomas Shervey,Loretta Smith
Terrence Hayes,Noah Ernst,Candace Avalos,Deian Salazar,Michael (Mike) Sands,Loretta Smith
Noah Ernst,Terrence Hayes,Joe Furi,Loretta Smith,Doug Clove,
Jamie Dunphy,Candace Avalos,Loretta Smith,Steph Routh,,
Timur Ender,Jamie Dunphy,Steph Routh,,,
Doug Clove,Noah Ernst,Deian Salazar,Joe Furi,,
Thomas Shervey,,,,,
Candace Avalos,Steph Routh,Timur Ender,,,
Jamie Dunphy,Candace Avalos,Timur Ender,,,
Candace Avalos,Steph Routh,Jamie Dunphy,,,
Jamie Dunphy,,,,,
Jamie Dunphy,Candace Avalos,Steph Routh,,,
Timur Ender,Candace Avalos,Cayle Tern,Michael (Mike) Sands,Doug Clove,Peggy Sue Owens
Steph Routh,Cayle Tern,Terrence Hayes,Loretta Smith,Noah Ernst,Jamie Dunphy
Candace Avalos,Cayle Tern,Timur Ender,Loretta Smith,Deian Salazar,Terrence Hayes
Candace Avalos,David Linn,Joe Furi,Michael (Mike) Sands,Loretta Smith,Steph Routh
Candace Avalos,Loretta Smith,Terrence Hayes,Steph Routh,Jamie Dunphy,
Jamie Dunphy,Thomas Shervey,Deian Salazar,Joe Allen,Doug Clove,Noah Ernst
Candace Avalos,Steph Routh,Timur Ender,,,
Thomas Shervey,Terrence Hayes,Loretta Smith,,,
Noah Ernst,Terrence Hayes,Jamie Dunphy,,,
Noah Ernst,,,,,
Doug Clove,,,,,
Jamie Dunphy,Candace Avalos,Steph Routh,,,
Candace Avalos,Cayle Tern,Timur Ender,Steph Routh,,
Peggy Sue Owens,Joe Allen,David Linn,Terrence Hayes,Joe Furi,
Steph Routh,Timur Ender,Terrence Hayes,,,
Terrence Hayes,Loretta Smith,,,,
Terrence Hayes,Loretta Smith,Steph Routh,Joe Allen,Candace Avalos,Thomas Shervey
Timur Ender,,,,,
Terrence Hayes,Candace Avalos,Jamie Dunphy,Timur Ender,David Linn,
Steph Routh,Doug Clove,Terrence Hayes,Loretta Smith,Candace Avalos,David Linn
Jamie Dunphy,Candace Avalos,Steph Routh,,,
Jamie Dunphy,Candace Avalos,Cayle Tern,Steph Routh,Timur Ender,Noah Ernst
Joe Allen,David Linn,Cayle Tern,Doug Clove,Joe Furi,Michael (Mike) Sands
Michael (Mike) Sands,Peggy Sue Owens,Joe Allen,Steph Routh,Loretta Smith,Deian Salazar
Loretta Smith,Terrence Hayes,Steph Routh,Candace Avalos,,
Terrence Hayes,Loretta Smith,,,,
Timur Ender,Steph Routh,Thomas Shervey,Terrence Hayes,,
Deian Salazar,Loretta Smith,Jamie Dunphy,Peggy Sue Owens,Steph Routh,Candace Avalos
Steph Routh,Loretta Smith,Candace Avalos,Terrence Hayes,Timur Ender,Jamie Dunphy
Candace Avalos,Jamie Dunphy,Steph Routh,Thomas Shervey,,
Candace Avalos,Steph Routh,Timur Ender,Jamie Dunphy,,
Candace Avalos,Jamie Dunphy,Steph Routh,,,
Michael (Mike) Sands,Loretta Smith,Terrence Hayes,,,
Noah Ernst,Joe Furi,Jamie Dunphy,Thomas Shervey,Timur Ender,Candace Avalos
Jamie Dunphy,Noah Ernst,Joe Allen,Thomas Shervey,Terrence Hayes,Timur Ender
Peggy Sue Owens,Candace Avalos,Noah Ernst,Thomas Shervey,Michael (Mike) Sands,Terrence Hayes
Cayle Tern,Joe Allen,Deian Salazar,Joe Furi,Steph Routh,Timur Ender
Terrence Hayes,Deian Salazar,Noah Ernst,Doug Clove,Cayle Tern,
Peggy Sue Owens,Candace Avalos,Deian Salazar,Doug Clove,Terrence Hayes,Jamie Dunphy
Candace Avalos,Terrence Hayes,Steph Routh,Timur Ender,Loretta Smith,Jamie Dunphy
David Linn,Timur Ender,Loretta Smith,Write-in-120,Cayle Tern,Peggy Sue Owens
Terrence Hayes,Candace Avalos,Steph Routh,Timur Ender,,
Candace Avalos,Jamie Dunphy,Steph Routh,Timur Ender,,
Candace Avalos,Jamie Dunphy,Steph Routh,Loretta Smith,Cayle Tern,Terrence Hayes
Steph Routh,Jamie Dunphy,Timur Ender,,,
Jamie Dunphy,Candace Avalos,Steph Routh,,,
Steph Routh,,,,,
Timur Ender,Loretta Smith,Candace Avalos,Jamie Dunphy,Terrence Hayes,Cayle Tern
Thomas Shervey,Candace Avalos,Terrence Hayes,,,
Candace Avalos,Timur Ender,Steph Routh,,,
Steph Routh,Jamie Dunphy,Timur Ender,Cayle Tern,Candace Avalos,Loretta Smith
Steph Routh,Timur Ender,Candace Avalos,Jamie Dunphy,David Linn,Loretta Smith
David Linn,Deian Salazar,Jamie Dunphy,,,
Steph Routh,Noah Ernst,Terrence Hayes,,,
Noah Ernst,Doug Clove,Terrence Hayes,Loretta Smith,Deian Salazar,Joe Allen
Timur Ender,Jamie Dunphy,Loretta Smith,Terrence Hayes,,
Candace Avalos,Terrence Hayes,Steph Routh,Loretta Smith,Jamie Dunphy,Timur Ender
Cayle Tern,,,,,
Candace Avalos,Timur Ender,Cayle Tern,Jamie Dunphy,Steph Routh,
Candace Avalos,Steph Routh,Timur Ender,,,
Candace Avalos,Jamie Dunphy,Timur Ender,Steph Routh,Loretta Smith,
Terrence Hayes,Jamie Dunphy,Candace Avalos,Steph Routh,,
Loretta Smith,Candace Avalos,Jamie Dunphy,Timur Ender,Steph Routh,Terrence Hayes
Terrence Hayes,,,,,
Jamie Dunphy,Candace Avalos,Steph Routh,,,
Candace Avalos,Michael (Mike) Sands,Loretta Smith,Deian Salazar,David Linn,Cayle Tern
Loretta Smith,Candace Avalos,,,,
Cayle Tern,Jamie Dunphy,Candace Avalos,Steph Routh,,
Terrence Hayes,Deian Salazar,Candace Avalos,,,
Candace Avalos,David Linn,Steph Routh,Terrence Hayes,Jamie Dunphy,Thomas Shervey
Doug Clove,Noah Ernst,Terrence Hayes,,,
Jamie Dunphy,,,,,
Steph Routh,Terrence Hayes,Timur Ender,Candace Avalos,,
Candace Avalos,Steph Routh,Timur Ender,Cayle Tern,Jamie Dunphy,Loretta Smith
Noah Ernst,Doug Clove,Peggy Sue Owens,,,
Candace Avalos,Jamie Dunphy,Loretta Smith,Timur Ender,Noah Ernst,Terrence Hayes
Candace Avalos,Terrence Hayes,Cayle Tern,,,
Jamie Dunphy,Candace Avalos,Steph Routh,Cayle Tern,Terrence Hayes,Noah Ernst
Noah Ernst,Deian Salazar,,,,
Terrence Hayes,Loretta Smith,Noah Ernst,,,
Loretta Smith,,,,,
Jamie Dunphy,Steph Routh,Terrence Hayes,Timur Ender,Cayle Tern,
David Linn,Loretta Smith,Terrence Hayes,Steph Routh,Jamie Dunphy,
Loretta Smith,,,,,
Peggy Sue Owens,,,,,
Doug Clove,Steph Routh,Loretta Smith,,,
Doug Clove,Joe Allen,Noah Ernst,,,
Candace Avalos,Timur Ender,Steph Routh,Jamie Dunphy,Cayle Tern,David Linn
Deian Salazar,Noah Ernst,Doug Clove,Terrence Hayes,Thomas Shervey,
Terrence Hayes,Candace Avalos,Steph Routh,Deian Salazar,Joe Allen,Peggy Sue Owens
Steph Routh,Terrence Hayes,Jamie Dunphy,Candace Avalos,Joe Allen,
,,,,,
Jamie Dunphy,Candace Avalos,Steph Routh,Noah Ernst,,
Steph Routh,Timur Ender,Candace Avalos,Cayle Tern,Jamie Dunphy,Loretta Smith
Joe Allen,Terrence Hayes,Noah Ernst,,,
Candace Avalos,Timur Ender,Steph Routh,,,
Deian Salazar,Jamie Dunphy,Terrence Hayes,,,
Noah Ernst,Joe Allen,Loretta Smith,,,
Michael (Mike) Sands,Loretta Smith,Steph Routh,,,
Steph Routh,Jamie Dunphy,Candace Avalos,David Linn,Joe Allen,Loretta Smith
Candace Avalos,Steph Routh,Timur Ender,David Linn,Jamie Dunphy,Cayle Tern
Loretta Smith,Steph Routh,Candace Avalos,Michael (Mike) Sands,Terrence Hayes,David Linn
Joe Allen,Doug Clove,Michael (Mike) Sands,Jamie Dunphy,Thomas Shervey,Timur Ender
Steph Routh,,,,,
Terrence Hayes,David Linn,Joe Furi,Loretta Smith,Jamie Dunphy,Noah Ernst
Candace Avalos,Steph Routh,Timur Ender,Jamie Dunphy,,
Terrence Hayes,Noah Ernst,Doug Clove,,,
Loretta Smith,Candace Avalos,Jamie Dunphy,Timur Ender,Steph Routh,Terrence Hayes
Loretta Smith,,,,,
Jamie Dunphy,Steph Routh,Candace Avalos,,,
Steph Routh,Candace Avalos,Jamie Dunphy,Timur Ender,Cayle Tern,David Linn
Candace Avalos,Cayle Tern,Michael (Mike) Sands,Loretta Smith,Terrence Hayes,Deian Salazar
Noah Ernst,Terrence Hayes,Michael (Mike) Sands,Steph Routh,,
Jamie Dunphy,Candace Avalos,Timur Ender,Terrence Hayes,Steph Routh,Loretta Smith
Michael (Mike) Sands,Timur Ender,Cayle Tern,,,
Loretta Smith,Peggy Sue Owens,Candace Avalos,,,
Doug Clove,Terrence Hayes,Steph Routh,,,
Steph Routh,Terrence Hayes,Jamie Dunphy,,,
Cayle Tern,,,,,
Loretta Smith,Noah Ernst,,,,
Jamie Dunphy,Loretta Smith,Steph Routh,Timur Ender,Noah Ernst,David Linn
Candace Avalos,Terrence Hayes,Steph Routh,Loretta Smith,Jamie Dunphy,Michael (Mike) Sands
Timur Ender,Candace Avalos,Jamie Dunphy,David Linn,Loretta Smith,
Doug Clove,Loretta Smith,Steph Routh,Jamie Dunphy,,
Candace Avalos,Steph Routh,Timur Ender,Jamie Dunphy,,
Loretta Smith,Noah Ernst,Deian Salazar,Terrence Hayes,,
Doug Clove,Timur Ender,Candace Avalos,Cayle Tern,,
Jamie Dunphy,Candace Avalos,Steph Routh,Noah Ernst,David Linn,Loretta Smith
Michael (Mike) Sands,Terrence Hayes,Noah Ernst,Candace Avalos,,
Loretta Smith,Terrence Hayes,David Linn,Steph Routh,,
Terrence Hayes,Steph Routh,Jamie Dunphy,David Linn,Michael (Mike) Sands,Joe Allen
Terrence Hayes,Loretta Smith,Steph Routh,Timur Ender,,
Loretta Smith,Noah Ernst,Terrence Hayes,Deian Salazar,,
Peggy Sue Owens,Loretta Smith,Steph Routh,,,
Steph Routh,Jamie Dunphy,,,,
Michael (Mike) Sands,Loretta Smith,Doug Clove,,,
Jamie Dunphy,Candace Avalos,Steph Routh,Noah Ernst,David Linn,Timur Ender
Candace Avalos,Loretta Smith,Timur Ender,Steph Routh,Terrence Hayes,Jamie Dunphy
Jamie Dunphy,Candace Avalos,Steph Routh,Loretta Smith,David Linn,Terrence Hayes
Jamie Dunphy,Candace Avalos,Steph Routh,Noah Ernst,David Linn,Loretta Smith
Candace Avalos,Jamie Dunphy,Steph Routh,Timur Ender,Cayle Tern,
Noah Ernst,Terrence Hayes,Joe Furi,Doug Clove,,
Loretta Smith,Steph Routh,Michael (Mike) Sands,,,
Peggy Sue Owens,Joe Allen,Jamie Dunphy,,,
Steph Routh,,,,,
Doug Clove,Deian Salazar,Noah Ernst,Timur Ender,David Linn,
Doug Clove,,,,,
Candace Avalos,Cayle Tern,David Linn,Steph Routh,Jamie Dunphy,
Noah Ernst,Terrence Hayes,Loretta Smith,Doug Clove,Joe Furi,
Cayle Tern,,,,,
Candace Avalos,Steph Routh,,,,
Loretta Smith,Joe Furi,Joe Allen,Peggy Sue Owens,Candace Avalos,Cayle Tern
Steph Routh,,,,,
Jamie Dunphy,Steph Routh,,,,
Jamie Dunphy,Steph Routh,Timur Ender,Candace Avalos,,
Candace Avalos,Jamie Dunphy,Terrence Hayes,Michael (Mike) Sands,,
Doug Clove,Noah Ernst,,,,
Loretta Smith,David Linn,Candace Avalos,,,
Noah Ernst,,,,,
Doug Clove,Steph Routh,Jamie Dunphy,Loretta Smith,,
Noah Ernst,Doug Clove,Thomas Shervey,,,
Loretta Smith,Candace Avalos,Terrence Hayes,Doug Clove,Timur Ender,Peggy Sue Owens
Noah Ernst,,,,,
Loretta Smith,Doug Clove,Timur Ender,,,
Joe Allen,Joe Furi,Noah Ernst,Thomas Shervey,,
Steph Routh,Timur Ender,Jamie Dunphy,Candace Avalos,,
Candace Avalos,Steph Routh,Timur Ender,Jamie Dunphy,Loretta Smith,
Jamie Dunphy,Loretta Smith,Cayle Tern,Candace Avalos,Deian Salazar,Timur Ender
Candace Avalos,Terrence Hayes,Deian Salazar,Steph Routh,Cayle Tern,
Timur Ender,David Linn,Michael (Mike) Sands,Steph Routh,Jamie Dunphy,
Loretta Smith,Timur Ender,Terrence Hayes,Candace Avalos,David Linn,Jamie Dunphy
Noah Ernst,Thomas Shervey,David Linn,Deian Salazar,Peggy Sue Owens,Cayle Tern
Deian Salazar,Loretta Smith,Terrence Hayes,Jamie Dunphy,David Linn,Joe Allen
Steph Routh,Candace Avalos,David Linn,Jamie Dunphy,Cayle Tern,Timur Ender
Loretta Smith,Terrence Hayes,Candace Avalos,Timur Ender,Doug Clove,Joe Furi
Candace Avalos,Joe Furi,Doug Clove,,,
Jamie Dunphy,Peggy Sue Owens,David Linn,Candace Avalos,Joe Furi,Terrence Hayes
Terrence Hayes,,,,,
Terrence Hayes,,,,,
Timur Ender,Steph Routh,,,,
Candace Avalos,,,,,
Noah Ernst,Joe Furi,Doug Clove,Peggy Sue Owens,Cayle Tern,Terrence Hayes
Jamie Dunphy,Steph Routh,Peggy Sue Owens,,,
Loretta Smith,,,,,
Joe Allen,Thomas Shervey,Michael (Mike) Sands,Jamie Dunphy,Terrence Hayes,Cayle Tern
Jamie Dunphy,Steph Routh,,,,
Loretta Smith,Terrence Hayes,Candace Avalos,,,
Timur Ender,Thomas Shervey,Candace Avalos,,,
Loretta Smith,Timur Ender,Terrence Hayes,,,
Candace Avalos,Deian Salazar,Terrence Hayes,,,
Noah Ernst,Joe Allen,Deian Salazar,Peggy Sue Owens,Steph Routh,Write-in-120
Terrence Hayes,Loretta Smith,Jamie Dunphy,Steph Routh,,
Steph Routh,Jamie Dunphy,Candace Avalos,Loretta Smith,Terrence Hayes,Cayle Tern
Doug Clove,Deian Salazar,Loretta Smith,Timur Ender,Candace Avalos,Jamie Dunphy
Jamie Dunphy,Timur Ender,Deian Salazar,Terrence Hayes,Loretta Smith,Candace Avalos
Terrence Hayes,Noah Ernst,Thomas Shervey,Jamie Dunphy,Joe Allen,
Timur Ender,Jamie Dunphy,Steph Routh,David Linn,Michael (Mike) Sands,Candace Avalos
Jamie Dunphy,Terrence Hayes,Loretta Smith,Doug Clove,Candace Avalos,Joe Furi
Steph Routh,Jamie Dunphy,Candace Avalos,Timur Ender,,
Loretta Smith,Terrence Hayes,,,,
Candace Avalos,Jamie Dunphy,Cayle Tern,Loretta Smith,Joe Furi,Timur Ender
Candace Avalos,Jamie Dunphy,Steph Routh,David Linn,Terrence Hayes,Timur Ender
Noah Ernst,Cayle Tern,Joe Allen,Doug Clove,Deian Salazar,Terrence Hayes
Timur Ender,Candace Avalos,Cayle Tern,Terrence Hayes,Jamie Dunphy,
Steph Routh,Deian Salazar,David Linn,,,
Joe Allen,Candace Avalos,Noah Ernst,Joe Furi,Michael (Mike) Sands,Doug Clove
Noah Ernst,Jamie Dunphy,Thomas Shervey,Deian Salazar,Doug Clove,Cayle Tern
Michael (Mike) Sands,Candace Avalos,Deian Salazar,Terrence Hayes,Peggy Sue Owens,David Linn
David Linn,Candace Avalos,Timur Ender,Terrence Hayes,,
Candace Avalos,Cayle Tern,Timur Ender,,,
Candace Avalos,Cayle Tern,Timur Ender,,,
Jamie Dunphy,Candace Avalos,Steph Routh,Peggy Sue Owens,Loretta Smith,Terrence Hayes
Timur Ender,Candace Avalos,David Linn,Cayle Tern,Thomas Shervey,Jamie Dunphy
Noah Ernst,,,,,
Terrence Hayes,Loretta Smith,Noah Ernst,Joe Allen,Doug Clove,
Terrence Hayes,,,,,
Jamie Dunphy,Candace Avalos,Steph Routh,,,
Steph Routh,Terrence Hayes,Timur Ender,Candace Avalos,Loretta Smith,
Candace Avalos,,,,,
Steph Routh,,,,,
Steph Routh,Candace Avalos,Timur Ender,Jamie Dunphy,Peggy Sue Owens,Terrence Hayes
Noah Ernst,Deian Salazar,Terrence Hayes,,,
Doug Clove,Loretta Smith,Timur Ender,David Linn,Terrence Hayes,Michael (Mike) Sands
Peggy Sue Owens,Candace Avalos,Cayle Tern,,,
Jamie Dunphy,Candace Avalos,Steph Routh,,,
Noah Ernst,Cayle Tern,Doug Clove,Candace Avalos,Timur Ender,Peggy Sue Owens
Loretta Smith,Steph Routh,Candace Avalos,Timur Ender,Terrence Hayes,Jamie Dunphy
Noah Ernst,Loretta Smith,Jamie Dunphy,Cayle Tern,Candace Avalos,Peggy Sue Owens
Timur Ender,Candace Avalos,Jamie Dunphy,,,
Thomas Shervey,,,,,
Steph Routh,Loretta Smith,Timur Ender,Terrence Hayes,Jamie Dunphy,Candace Avalos
Michael (Mike) Sands,,,,,
Loretta Smith,David Linn,Terrence Hayes,Michael (Mike) Sands,,
Candace Avalos,Michael (Mike) Sands,Loretta Smith,Steph Routh,Jamie Dunphy,David Linn
Steph Routh,Jamie Dunphy,Candace Avalos,Timur Ender,David Linn,
Thomas Shervey,Doug Clove,Noah Ernst,Joe Allen,Joe Furi,Timur Ender
David Linn,Jamie Dunphy,Steph Routh,Candace Avalos,Timur Ender,Cayle Tern
Steph Routh,,,,,
Timur Ender,,,,,
David Linn,,,,,
Candace Avalos,Loretta Smith,Terrence Hayes,Steph Routh,Jamie Dunphy,Timur Ender
Joe Furi,,,,,
Candace Avalos,Steph Routh,Noah Ernst,,,
Terrence Hayes,,,,,
David Linn,,,,,
Terrence Hayes,Noah Ernst,Timur Ender,Joe Furi,David Linn,Loretta Smith
Jamie Dunphy,Candace Avalos,Steph Routh,Noah Ernst,David Linn,Loretta Smith
Candace Avalos,Loretta Smith,Thomas Shervey,Cayle Tern,Jamie Dunphy,Steph Routh
Jamie Dunphy,Candace Avalos,Steph Routh,,,
Timur Ender,Michael (Mike) Sands,Jamie Dunphy,Terrence Hayes,Steph Routh,Loretta Smith
Candace Avalos,Jamie Dunphy,Steph Routh,Thomas Shervey,Loretta Smith,Deian Salazar
Candace Avalos,Timur Ender,Jamie Dunphy,Thomas Shervey,Terrence Hayes,Steph Routh
Noah Ernst,Joe Furi,Deian Salazar,Terrence Hayes,,
Candace Avalos,Timur Ender,Terrence Hayes,Steph Routh,,
Steph Routh,Candace Avalos,Jamie Dunphy,Loretta Smith,,
Loretta Smith,Terrence Hayes,Timur Ender,Candace Avalos,Noah Ernst,Steph Routh
Jamie Dunphy,Terrence Hayes,,,,
Jamie Dunphy,Candace Avalos,Steph Routh,Noah Ernst,,
Noah Ernst,,,,,
Candace Avalos,Loretta Smith,Steph Routh,Terrence Hayes,Write-in-120,David Linn
Noah Ernst,Doug Clove,Terrence Hayes,Steph Routh,Joe Furi,Cayle Tern
Noah Ernst,,,,,
Candace Avalos,Steph Routh,Timur Ender,Peggy Sue Owens,Terrence Hayes,
Noah Ernst,Terrence Hayes,Joe Furi,Loretta Smith,Doug Clove,Peggy Sue Owens
Jamie Dunphy,Candace Avalos,Steph Routh,,,
Timur Ender,,,,,
Candace Avalos,Loretta Smith,Terrence Hayes,David Linn,Joe Furi,Timur Ender
Loretta Smith,Candace Avalos,Steph Routh,Timur Ender,Jamie Dunphy,
Noah Ernst,Joe Furi,Thomas Shervey,Loretta Smith,,
Jamie Dunphy,Steph Routh,Cayle Tern,Candace Avalos,Timur Ender,Terrence Hayes
Loretta Smith,Candace Avalos,,,,
Timur Ender,Jamie Dunphy,Candace Avalos,,,
Steph Routh,Candace Avalos,Jamie Dunphy,Loretta Smith,Deian Salazar,Terrence Hayes
Terrence Hayes,Noah Ernst,Doug Clove,,,
Loretta Smith,,,,,
Terrence Hayes,Candace Avalos,Joe Furi,Steph Routh,Jamie Dunphy,Loretta Smith
Write-in-120,Write-in-121,Write-in-122,,,
Jamie Dunphy,Steph Routh,Peggy Sue Owens,Candace Avalos,,
Loretta Smith,Jamie Dunphy,David Linn,Terrence Hayes,Steph Routh,Michael (Mike) Sands
Candace Avalos,Jamie Dunphy,Steph Routh,David Linn,Timur Ender,
Candace Avalos,Steph Routh,Timur Ender,,,
Michael (Mike) Sands,Jamie Dunphy,Cayle Tern,Timur Ender,Candace Avalos,
Steph Routh,Loretta Smith,Jamie Dunphy,Candace Avalos,Michael (Mike) Sands,Joe Furi
Loretta Smith,Candace Avalos,Michael (Mike) Sands,Steph Routh,Doug Clove,Jamie Dunphy
Doug Clove,Loretta Smith,Noah Ernst,Terrence Hayes,,
Loretta Smith,Terrence Hayes,Noah Ernst,Jamie Dunphy,Candace Avalos,Timur Ender
Cayle Tern,Jamie Dunphy,Steph Routh,Deian Salazar,Candace Avalos,Loretta Smith
Noah Ernst,Deian Salazar,Doug Clove,,,
Peggy Sue Owens,Joe Furi,Loretta Smith,,,
Doug Clove,,,,,
Loretta Smith,Steph Routh,Timur Ender,Terrence Hayes,,
Candace Avalos,Jamie Dunphy,Steph Routh,Loretta Smith,Timur Ender,
Timur Ender,Candace Avalos,Joe Allen,Steph Routh,Deian Salazar,Cayle Tern
Jamie Dunphy,Thomas Shervey,Joe Furi,Joe Allen,Noah Ernst,Timur Ender
Terrence Hayes,Loretta Smith,Noah Ernst,,,
Candace Avalos,Cayle Tern,Timur Ender,,,
Candace Avalos,Timur Ender,Steph Routh,Jamie Dunphy,Cayle Tern,David Linn
Candace Avalos,Timur Ender,,,,
,,,,,
Loretta Smith,Deian Salazar,David Linn,,,
Steph Routh,Timur Ender,Jamie Dunphy,Candace Avalos,Loretta Smith,
Loretta Smith,,,,,
Terrence Hayes,Noah Ernst,Loretta Smith,,,
Noah Ernst,,,,,
Peggy Sue Owens,,,,,
Loretta Smith,Candace Avalos,Timur Ender,,,
Timur Ender,Candace Avalos,Jamie Dunphy,Cayle Tern,Steph Routh,David Linn
Loretta Smith,Terrence Hayes,Steph Routh,,,
Steph Routh,Loretta Smith,Timur Ender,Terrence Hayes,David Linn,Jamie Dunphy
Loretta Smith,Steph Routh,Jamie Dunphy,Candace Avalos,Timur Ender,
Timur Ender,Doug Clove,Jamie Dunphy,Cayle Tern,David Linn,Candace Avalos
Jamie Dunphy,Candace Avalos,Steph Routh,,,
Candace Avalos,Timur Ender,Steph Routh,,,
Steph Routh,David Linn,Loretta Smith,,,
Thomas Shervey,Joe Furi,Cayle Tern,,,
Loretta Smith,Cayle Tern,Candace Avalos,Peggy Sue Owens,Deian Salazar,Steph Routh
David Linn,Timur Ender,Candace Avalos,Terrence Hayes,Cayle Tern,
Joe Allen,Loretta Smith,,,,
Jamie Dunphy,Terrence Hayes,Loretta Smith,,,
Jamie Dunphy,Steph Routh,Timur Ender,,,
Loretta Smith,Doug Clove,Joe Allen,Terrence Hayes,Timur Ender,
Timur Ender,Loretta Smith,Steph Routh,Jamie Dunphy,Terrence Hayes,Doug Clove
Noah Ernst,Joe Allen,Jamie Dunphy,Thomas Shervey,Deian Salazar,Cayle Tern
Michael (Mike) Sands,Loretta Smith,Jamie Dunphy,,,
Timur Ender,Jamie Dunphy,Joe Allen,Doug Clove,Deian Salazar,Steph Routh
Jamie Dunphy,Terrence Hayes,Peggy Sue Owens,Steph Routh,Loretta Smith,Noah Ernst
Loretta Smith,Terrence Hayes,Deian Salazar,Candace Avalos,Jamie Dunphy,Cayle Tern
Steph Routh,Loretta Smith,Candace Avalos,,,
Deian Salazar,Joe Furi,Joe Allen,Terrence Hayes,Loretta Smith,Jamie Dunphy
Steph Routh,Timur Ender,Candace Avalos,Jamie Dunphy,Cayle Tern,
Timur Ender,David Linn,Candace Avalos,Terrence Hayes,Loretta Smith,Joe Furi
Terrence Hayes,Candace Avalos,Steph Routh,Cayle Tern,Jamie Dunphy,Joe Furi
Noah Ernst,Terrence Hayes,Deian Salazar,Joe Furi,Doug Clove,Loretta Smith
Loretta Smith,Timur Ender,Candace Avalos,Terrence Hayes,Steph Routh,Cayle Tern
Terrence Hayes,Steph Routh,Candace Avalos,Jamie Dunphy,Loretta Smith,Michael (Mike) Sands
Steph Routh,David Linn,Timur Ender,,,
Terrence Hayes,,,,,
Jamie Dunphy,Candace Avalos,Steph Routh,Noah Ernst,David Linn,Loretta Smith
Loretta Smith,Steph Routh,Candace Avalos,Cayle Tern,Timur Ender,Noah Ernst
Candace Avalos,Jamie Dunphy,Timur Ender,Steph Routh,David Linn,Noah Ernst
Timur Ender,,,,,
Terrence Hayes,Loretta Smith,Timur Ender,Candace Avalos,Joe Furi,
Timur Ender,Steph Routh,Candace Avalos,Loretta Smith,Terrence Hayes,
Peggy Sue Owens,Loretta Smith,Joe Allen,Candace Avalos,Noah Ernst,Joe Furi
Candace Avalos,Steph Routh,Timur Ender,,,
Loretta Smith,Doug Clove,Peggy Sue Owens,Jamie Dunphy,Terrence Hayes,Michael (Mike) Sands
Jamie Dunphy,Candace Avalos,Steph Routh,,,
Timur Ender,Candace Avalos,Steph Routh,Jamie Dunphy,Michael (Mike) Sands,Cayle Tern
Candace Avalos,Steph Routh,Timur Ender,,,
Terrence Hayes,Loretta Smith,,,,
Steph Routh,Candace Avalos,Timur Ender,David Linn,Noah Ernst,
Jamie Dunphy,Steph Routh,Timur Ender,,,
Doug Clove,Peggy Sue Owens,Jamie Dunphy,Cayle Tern,,
Loretta Smith,Terrence Hayes,Noah Ernst,,,
Jamie Dunphy,Loretta Smith,Steph Routh,Terrence Hayes,,
Loretta Smith,,,,,
Jamie Dunphy,Steph Routh,Terrence Hayes,Noah Ernst,David Linn,Timur Ender
Terrence Hayes,Jamie Dunphy,Loretta Smith,,,
David Linn,Peggy Sue Owens,Loretta Smith,Steph Routh,Jamie Dunphy,Deian Salazar
Candace Avalos,Cayle Tern,Jamie Dunphy,Steph Routh,Timur Ender,David Linn
Jamie Dunphy,Timur Ender,Steph Routh,Terrence Hayes,Loretta Smith,
Doug Clove,Candace Avalos,Noah Ernst,Joe Furi,Deian Salazar,Jamie Dunphy
Terrence Hayes,Loretta Smith,Doug Clove,Candace Avalos,Timur Ender,Cayle Tern
Michael (Mike) Sands,,,,,
Steph Routh,,,,,
Steph Routh,,,,,
Michael (Mike) Sands,Peggy Sue Owens,Noah Ernst,Joe Allen,Doug Clove,Thomas Shervey
Terrence Hayes,Noah Ernst,Joe Furi,Loretta Smith,Doug Clove,Write-in-120
Jamie Dunphy,,,,,
Peggy Sue Owens,Doug Clove,Michael (Mike) Sands,Jamie Dunphy,Terrence Hayes,Candace Avalos
Timur Ender,Noah Ernst,Terrence Hayes,Doug Clove,Thomas Shervey,Deian Salazar
Loretta Smith,Candace Avalos,Terrence Hayes,Steph Routh,Jamie Dunphy,David Linn
Timur Ender,Candace Avalos,Steph Routh,Loretta Smith,Jamie Dunphy,
Candace Avalos,Timur Ender,Terrence Hayes,Cayle Tern,Jamie Dunphy,Steph Routh
Candace Avalos,Steph Routh,Terrence Hayes,Loretta Smith,Timur Ender,Cayle Tern
Noah Ernst,Terrence Hayes,Joe Furi,Loretta Smith,Doug Clove,Michael (Mike) Sands
Loretta Smith,Jamie Dunphy,David Linn,Michael (Mike) Sands,Candace Avalos,Noah Ernst
Loretta Smith,Candace Avalos,Peggy Sue Owens,,,
Steph Routh,Candace Avalos,,,,
Joe Allen,David Linn,Loretta Smith,Jamie Dunphy,Michael (Mike) Sands,Peggy Sue Owens
Jamie Dunphy,,,,,
Jamie Dunphy,Candace Avalos,Timur Ender,Loretta Smith,Cayle Tern,
Michael (Mike) Sands,Loretta Smith,Terrence Hayes,,,
Timur Ender,Loretta Smith,Steph Routh,Jamie Dunphy,Cayle Tern,Terrence Hayes
Steph Routh,Jamie Dunphy,,,,
Candace Avalos,Steph Routh,Timur Ender,Jamie Dunphy,Loretta Smith,David Linn
Terrence Hayes,Joe Allen,Candace Avalos,,,
Terrence Hayes,Noah Ernst,Doug Clove,,,
Terrence Hayes,Steph Routh,Candace Avalos,,,
Michael (Mike) Sands,Deian Salazar,Loretta Smith,Thomas Shervey,Terrence Hayes,Steph Routh
Timur Ender,Steph Routh,Loretta Smith,Jamie Dunphy,Doug Clove,Michael (Mike) Sands
Timur Ender,Candace Avalos,,,,
Jamie Dunphy,Candace Avalos,Steph Routh,Timur Ender,,
Terrence Hayes,Doug Clove,Candace Avalos,,,
Timur Ender,Steph Routh,Candace Avalos,David Linn,Loretta Smith,Jamie Dunphy
Timur Ender,Candace Avalos,Jamie Dunphy,Cayle Tern,Steph Routh,Terrence Hayes
Candace Avalos,Steph Routh,Jamie Dunphy,,,
Cayle Tern,Candace Avalos,Loretta Smith,Jamie Dunphy,Deian Salazar,
Loretta Smith,Terrence Hayes,Candace Avalos,Thomas Shervey,Steph Routh,Cayle Tern
Candace Avalos,Cayle Tern,Doug Clove,,,
Candace Avalos,Cayle Tern,Timur Ender,Jamie Dunphy,Steph Routh,David Linn
Loretta Smith,Terrence Hayes,Candace Avalos,David Linn,,
Deian Salazar,Candace Avalos,Terrence Hayes,Thomas Shervey,David Linn,Timur Ender
Steph Routh,Candace Avalos,Jamie Dunphy,Timur Ender,,
Timur Ender,Candace Avalos,Loretta Smith,,,
Steph Routh,Candace Avalos,Cayle Tern,Loretta Smith,Terrence Hayes,Peggy Sue Owens
Jamie Dunphy,Steph Routh,Michael (Mike) Sands,Timur Ender,Candace Avalos,Terrence Hayes
Jamie Dunphy,Candace Avalos,Steph Routh,,,
Terrence Hayes,,,,,
Jamie Dunphy,Candace Avalos,Steph Routh,Noah Ernst,David Linn,Loretta Smith
Noah Ernst,Loretta Smith,Steph Routh,Jamie Dunphy,Timur Ender,
Steph Routh,Jamie Dunphy,Candace Avalos,,,
Candace Avalos,Cayle Tern,Timur Ender,,,
Steph Routh,Candace Avalos,Noah Ernst,Jamie Dunphy,Timur Ender,Terrence Hayes
Candace Avalos,Steph Routh,Timur Ender,Jamie Dunphy,David Linn,Cayle Tern
Deian Salazar,Candace Avalos,Joe Furi,David Linn,Steph Routh,Thomas Shervey
Timur Ender,David Linn,Doug Clove,Michael (Mike) Sands,Loretta Smith,Jamie Dunphy
Doug Clove,,,,,
Noah Ernst,,,,,
Doug Clove,Michael (Mike) Sands,Noah Ernst,Joe Allen,,
Jamie Dunphy,Candace Avalos,Timur Ender,Loretta Smith,,
Doug Clove,Noah Ernst,Joe Allen,Deian Salazar,Terrence Hayes,Loretta Smith
Terrence Hayes,Steph Routh,Timur Ender,Noah Ernst,Loretta Smith,Candace Avalos
Candace Avalos,Timur Ender,Steph Routh,Jamie Dunphy,,
Timur Ender,Candace Avalos,,,,
Steph Routh,Candace Avalos,Noah Ernst,Jamie Dunphy,Timur Ender,Terrence Hayes
Jamie Dunphy,Thomas Shervey,Cayle Tern,Joe Allen,Noah Ernst,
Loretta Smith,Cayle Tern,Noah Ernst,Deian Salazar,Joe Furi,Joe Allen
Jamie Dunphy,Steph Routh,Candace Avalos,,,
Steph Routh,,,,,
Jamie Dunphy,Candace Avalos,Steph Routh,Noah Ernst,David Linn,Loretta Smith
Candace Avalos,Steph Routh,Cayle Tern,Jamie Dunphy,Timur Ender,
,,,,,
Joe Furi,Candace Avalos,,,,
Jamie Dunphy,Steph Routh,Candace Avalos,,,
David Linn,Cayle Tern,Michael (Mike) Sands,Steph Routh,Jamie Dunphy,Candace Avalos
Loretta Smith,Noah Ernst,David Linn,Michael (Mike) Sands,Steph Routh,Peggy Sue Owens
Jamie Dunphy,Candace Avalos,Steph Routh,Terrence Hayes,Timur Ender,Loretta Smith
,,,,,
Candace Avalos,Loretta Smith,Timur Ender,Steph Routh,,
Noah Ernst,Terrence Hayes,Joe Furi,Loretta Smith,Doug Clove,
Timur Ender,Cayle Tern,Deian Salazar,Steph Routh,Write-in-120,
Terrence Hayes,Noah Ernst,Loretta Smith,Timur Ender,Jamie Dunphy,David Linn
Write-in-122,,,,,
Terrence Hayes,,,,,
Terrence Hayes,Noah Ernst,Loretta Smith,,,
Loretta Smith,,,,,
Loretta Smith,Terrence Hayes,Candace Avalos,Jamie Dunphy,Peggy Sue Owens,Deian Salazar
Timur Ender,David Linn,Thomas Shervey,,,
Steph Routh,,,,,
Timur Ender,Steph Routh,Candace Avalos,Jamie Dunphy,Loretta Smith,Noah Ernst
Noah Ernst,Doug Clove,Joe Furi,Peggy Sue Owens,Deian Salazar,Write-in-120
Jamie Dunphy,,,,,
Noah Ernst,Doug Clove,Loretta Smith,Terrence Hayes,Deian Salazar,Joe Allen
Terrence Hayes,,,,,
Terrence Hayes,Noah Ernst,,,,
Loretta Smith,Noah Ernst,Terrence Hayes,Jamie Dunphy,Cayle Tern,
Jamie Dunphy,Steph Routh,Candace Avalos,,,
Candace Avalos,Steph Routh,Timur Ender,Jamie Dunphy,Cayle Tern,David Linn
Candace Avalos,Loretta Smith,Steph Routh,Jamie Dunphy,Deian Salazar,David Linn
Timur Ender,,,,,
Terrence Hayes,Noah Ernst,Doug Clove,,,
David Linn,Timur Ender,Doug Clove,Steph Routh,,
Jamie Dunphy,Peggy Sue Owens,Loretta Smith,,,
Terrence Hayes,Jamie Dunphy,,,,
Jamie Dunphy,Steph Routh,Loretta Smith,Noah Ernst,Doug Clove,Terrence Hayes
Jamie Dunphy,Candace Avalos,Steph Routh,,,
Terrence Hayes,Loretta Smith,Candace Avalos,David Linn,,
Loretta Smith,Timur Ender,Candace Avalos,Jamie Dunphy,Steph Routh,
Candace Avalos,Timur Ender,Steph Routh,Jamie Dunphy,Cayle Tern,David Linn
Candace Avalos,Jamie Dunphy,Steph Routh,Noah Ernst,Terrence Hayes,Loretta Smith
Candace Avalos,Steph Routh,Timur Ender,,,
Terrence Hayes,Joe Allen,Joe Furi,Doug Clove,Thomas Shervey,
Doug Clove,,,,,
Loretta Smith,,,,,
Terrence Hayes,,,,,
Candace Avalos,Timur Ender,Steph Routh,Jamie Dunphy,,
Timur Ender,Joe Furi,Loretta Smith,Thomas Shervey,Steph Routh,Terrence Hayes
Timur Ender,Candace Avalos,Noah Ernst,Terrence Hayes,Jamie Dunphy,
Steph Routh,Loretta Smith,Jamie Dunphy,Deian Salazar,Timur Ender,Cayle Tern
Timur Ender,,,,,
Noah Ernst,Timur Ender,Loretta Smith,Terrence Hayes,Steph Routh,Jamie Dunphy
Loretta Smith,Terrence Hayes,Jamie Dunphy,,,
Loretta Smith,Thomas Shervey,Terrence Hayes,Steph Routh,Jamie Dunphy,Deian Salazar
Doug Clove,Loretta Smith,Peggy Sue Owens,Joe Allen,Candace Avalos,Jamie Dunphy
Jamie Dunphy,Candace Avalos,Steph Routh,Thomas Shervey,Joe Allen,Noah Ernst
Peggy Sue Owens,Candace Avalos,Michael (Mike) Sands,Loretta Smith,Steph Routh,Jamie Dunphy
Michael (Mike) Sands,Thomas Shervey,Terrence Hayes,Steph Routh,,
David Linn,Peggy Sue Owens,Doug Clove,Joe Furi,Deian Salazar,Thomas Shervey
Doug Clove,Noah Ernst,,,,
Candace Avalos,Steph Routh,Loretta Smith,Jamie Dunphy,Terrence Hayes,Michael (Mike) Sands
Noah Ernst,Doug Clove,,,,
Terrence Hayes,Noah Ernst,Deian Salazar,Joe Allen,,
Steph Routh,Candace Avalos,Jamie Dunphy,Timur Ender,,
Cayle Tern,Candace Avalos,Steph Routh,Loretta Smith,Terrence Hayes,Jamie Dunphy
Michael (Mike) Sands,Loretta Smith,Peggy Sue Owens,Doug Clove,Jamie Dunphy,Noah Ernst
Candace Avalos,Steph Routh,,,,
Candace Avalos,Loretta Smith,Timur Ender,Cayle Tern,Deian Salazar,Terrence Hayes
Terrence Hayes,Noah Ernst,Deian Salazar,Steph Routh,Joe Furi,David Linn
Cayle Tern,Candace Avalos,Michael (Mike) Sands,Timur Ender,Joe Furi,Steph Routh
Cayle Tern,Peggy Sue Owens,Terrence Hayes,Candace Avalos,Loretta Smith,Doug Clove
Noah Ernst,Terrence Hayes,Loretta Smith,,,
Candace Avalos,Deian Salazar,Steph Routh,Peggy Sue Owens,Thomas Shervey,Write-in-120
Noah Ernst,Terrence Hayes,Loretta Smith,Michael (Mike) Sands,Thomas Shervey,Deian Salazar
Joe Furi,Thomas Shervey,Terrence Hayes,Joe Allen,Cayle Tern,Jamie Dunphy
Candace Avalos,Timur Ender,Jamie Dunphy,Loretta Smith,,
Noah Ernst,Doug Clove,Michael (Mike) Sands,Terrence Hayes,Loretta Smith,David Linn
Candace Avalos,Joe Furi,Steph Routh,,,
Timur Ender,Candace Avalos,David Linn,Deian Salazar,,
Steph Routh,Loretta Smith,Candace Avalos,,,
Noah Ernst,,,,,
Terrence Hayes,,,,,
Jamie Dunphy,Candace Avalos,Steph Routh,Noah Ernst,David Linn,Timur Ender
Candace Avalos,Doug Clove,,,,
Joe Allen,Candace Avalos,Jamie Dunphy,Steph Routh,,
Steph Routh,Loretta Smith,Terrence Hayes,Noah Ernst,Joe Furi,Deian Salazar
Doug Clove,,,,,
Steph Routh,Candace Avalos,David Linn,,,
Terrence Hayes,Jamie Dunphy,,,,
Deian Salazar,Cayle Tern,Michael (Mike) Sands,Joe Allen,Loretta Smith,Jamie Dunphy
Loretta Smith,Steph Routh,Michael (Mike) Sands,David Linn,Candace Avalos,Timur Ender
Steph Routh,Loretta Smith,Candace Avalos,Peggy Sue Owens,Thomas Shervey,Deian Salazar
Noah Ernst,Joe Allen,Terrence Hayes,Doug Clove,Thomas Shervey,
Jamie Dunphy,Candace Avalos,Steph Routh,Noah Ernst,David Linn,Loretta Smith
Deian Salazar,Jamie Dunphy,Cayle Tern,Candace Avalos,Loretta Smith,Doug Clove
,,,,,
Candace Avalos,Timur Ender,Steph Routh,,,
Jamie Dunphy,Steph Routh,,,,
Joe Allen,Candace Avalos,David Linn,Doug Clove,Peggy Sue Owens,Michael (Mike) Sands
Terrence Hayes,Loretta Smith,Doug Clove,Steph Routh,,
Thomas Shervey,,,,,
Noah Ernst,,,,,
Michael (Mike) Sands,Jamie Dunphy,Candace Avalos,Timur Ender,Joe Allen,Steph Routh
Loretta Smith,Doug Clove,Cayle Tern,Joe Allen,Terrence Hayes,Noah Ernst
,,,,,
Timur Ender,Steph Routh,Terrence Hayes,Deian Salazar,Loretta Smith,Jamie Dunphy
Loretta Smith,Peggy Sue Owens,Timur Ender,Noah Ernst,Candace Avalos,Joe Allen
Jamie Dunphy,Candace Avalos,Steph Routh,Noah Ernst,David Linn,Loretta Smith
Loretta Smith,,,,,
David Linn,Steph Routh,Timur Ender,Candace Avalos,Cayle Tern,Loretta Smith
Timur Ender,David Linn,Noah Ernst,Cayle Tern,Doug Clove,Terrence Hayes
Noah Ernst,Joe Allen,Timur Ender,Steph Routh,Terrence Hayes,Joe Furi
Timur Ender,Michael (Mike) Sands,,,,
Timur Ender,Steph Routh,Candace Avalos,,,
Candace Avalos,Timur Ender,Steph Routh,Cayle Tern,Jamie Dunphy,
Jamie Dunphy,Steph Routh,Candace Avalos,,,
Deian Salazar,Terrence Hayes,Peggy Sue Owens,,,
Terrence Hayes,Steph Routh,Candace Avalos,Jamie Dunphy,Loretta Smith,Michael (Mike) Sands
Noah Ernst,Doug Clove,Loretta Smith,Deian Salazar,Joe Furi,Joe Allen
Loretta Smith,Steph Routh,Jamie Dunphy,David Linn,Peggy Sue Owens,Noah Ernst
Candace Avalos,Noah Ernst,Steph Routh,,,
Terrence Hayes,Noah Ernst,,,,
David Linn,,,,,
Loretta Smith,Steph Routh,Terrence Hayes,Joe Allen,,
Jamie Dunphy,,,,,
Peggy Sue Owens,Steph Routh,Jamie Dunphy,Timur Ender,,
Candace Avalos,Loretta Smith,Thomas Shervey,Jamie Dunphy,Joe Furi,David Linn
Jamie Dunphy,Candace Avalos,Noah Ernst,Loretta Smith,Terrence Hayes,Timur Ender
Terrence Hayes,Candace Avalos,Deian Salazar,Jamie Dunphy,Loretta Smith,Noah Ernst
Steph Routh,Jamie Dunphy,Candace Avalos,Timur Ender,Cayle Tern,
Loretta Smith,Candace Avalos,Doug Clove,Terrence Hayes,Joe Furi,
Loretta Smith,,,,,
Jamie Dunphy,Steph Routh,Candace Avalos,,,
Loretta Smith,Steph Routh,,,,
Terrence Hayes,Candace Avalos,Joe Furi,Loretta Smith,Doug Clove,
Noah Ernst,Loretta Smith,Joe Allen,Joe Furi,Peggy Sue Owens,Jamie Dunphy
Jamie Dunphy,Timur Ender,Candace Avalos,Steph Routh,Loretta Smith,Doug Clove
Candace Avalos,Steph Routh,Terrence Hayes,Timur Ender,Loretta Smith,Jamie Dunphy
Steph Routh,Jamie Dunphy,Timur Ender,Candace Avalos,,
Candace Avalos,Timur Ender,Steph Routh,Cayle Tern,Jamie Dunphy,David Linn
Candace Avalos,,,,,
Terrence Hayes,Michael (Mike) Sands,Deian Salazar,,,
Timur Ender,Candace Avalos,David Linn,Doug Clove,Michael (Mike) Sands,Terrence Hayes
Noah Ernst,Terrence Hayes,Deian Salazar,Loretta Smith,Steph Routh,
Noah Ernst,Doug Clove,Terrence Hayes,Joe Furi,,
Joe Allen,Doug Clove,Loretta Smith,Michael (Mike) Sands,Terrence Hayes,
David Linn,Terrence Hayes,Steph Routh,Jamie Dunphy,Deian Salazar,Noah Ernst
Noah Ernst,Loretta Smith,Terrence Hayes,,,
Cayle Tern,Steph Routh,Joe Allen,Candace Avalos,Timur Ender,Peggy Sue Owens
Terrence Hayes,Loretta Smith,David Linn,,,
Joe Allen,Loretta Smith,,,,
Loretta Smith,Terrence Hayes,Peggy Sue Owens,Jamie Dunphy,Doug Clove,Candace Avalos
Loretta Smith,Terrence Hayes,Steph Routh,Timur Ender,Deian Salazar,Doug Clove
Terrence Hayes,Loretta Smith,,,,
Candace Avalos,Cayle Tern,Timur Ender,David Linn,,
Terrence Hayes,,,,,
Timur Ender,Candace Avalos,David Linn,Steph Routh,,
Jamie Dunphy,,,,,
Steph Routh,Thomas Shervey,Deian Salazar,,,
Candace Avalos,Timur Ender,Steph Routh,Jamie Dunphy,Cayle Tern,
Timur Ender,Cayle Tern,Peggy Sue Owens,Deian Salazar,Terrence Hayes,David Linn
Timur Ender,Candace Avalos,Steph Routh,Loretta Smith,,
Jamie Dunphy,Steph Routh,Terrence Hayes,Thomas Shervey,Loretta Smith,Deian Salazar
Jamie Dunphy,Candace Avalos,Cayle Tern,Timur Ender,,
Peggy Sue Owens,David Linn,Joe Furi,Loretta Smith,Terrence Hayes,Steph Routh
Noah Ernst,,,,,
Jamie Dunphy,Terrence Hayes,Loretta Smith,Candace Avalos,Timur Ender,Steph Routh
Candace Avalos,Timur Ender,Terrence Hayes,Loretta Smith,Steph Routh,Michael (Mike) Sands
Candace Avalos,,,,,
Steph Routh,Terrence Hayes,,,,
Candace Avalos,Jamie Dunphy,Steph Routh,Loretta Smith,Terrence Hayes,Timur Ender
Loretta Smith,Peggy Sue Owens,David Linn,Joe Allen,Doug Clove,Steph Routh
Noah Ernst,,,,,
Doug Clove,Michael (Mike) Sands,Deian Salazar,Steph Routh,Jamie Dunphy,Cayle Tern
Loretta Smith,,,,,
Loretta Smith,Terrence Hayes,Steph Routh,,,
Candace Avalos,Jamie Dunphy,Steph Routh,Cayle Tern,Timur Ender,Noah Ernst
Thomas Shervey,Joe Furi,Candace Avalos,Jamie Dunphy,Timur Ender,Doug Clove
Jamie Dunphy,Steph Routh,Timur Ender,Candace Avalos,,
Timur Ender,Joe Allen,Cayle Tern,Steph Routh,Loretta Smith,Terrence Hayes
Steph Routh,Timur Ender,Candace Avalos,Jamie Dunphy,Cayle Tern,Michael (Mike) Sands
Timur Ender,Cayle Tern,David Linn,Michael (Mike) Sands,Steph Routh,Loretta Smith
Candace Avalos,Jamie Dunphy,Steph Routh,,,
Loretta Smith,Candace Avalos,Timur Ender,Steph Routh,Jamie Dunphy,Doug Clove
Candace Avalos,Loretta Smith,Terrence Hayes,,,
Loretta Smith,Candace Avalos,Cayle Tern,Terrence Hayes,David Linn,Steph Routh
Timur Ender,Candace Avalos,Cayle Tern,Loretta Smith,Terrence Hayes,
Terrence Hayes,Steph Routh,Doug Clove,David Linn,Timur Ender,Jamie Dunphy
Loretta Smith,Terrence Hayes,Deian Salazar,Candace Avalos,Jamie Dunphy,
Candace Avalos,Timur Ender,Cayle Tern,Jamie Dunphy,Steph Routh,Joe Allen
Timur Ender,Steph Routh,David Linn,Candace Avalos,Jamie Dunphy,Loretta Smith
Doug Clove,,,,,
Jamie Dunphy,Terrence Hayes,Steph Routh,Candace Avalos,,
Candace Avalos,Jamie Dunphy,Timur Ender,Loretta Smith,Thomas Shervey,Terrence Hayes
Timur Ender,Terrence Hayes,Loretta Smith,,,
Candace Avalos,Timur Ender,Steph Routh,Jamie Dunphy,Cayle Tern,David Linn
Candace Avalos,Steph Routh,Loretta Smith,Doug Clove,Peggy Sue Owens,Terrence Hayes
Steph Routh,Cayle Tern,Candace Avalos,David Linn,Terrence Hayes,Jamie Dunphy
Timur Ender,Steph Routh,Loretta Smith,,,
Steph Routh,Loretta Smith,Terrence Hayes,Deian Salazar,Candace Avalos,Jamie Dunphy
Jamie Dunphy,,,,,
Timur Ender,Cayle Tern,Steph Routh,Candace Avalos,Jamie Dunphy,David Linn
Candace Avalos,Steph Routh,Timur Ender,,,
,,,,,
Loretta Smith,,,,,
Terrence Hayes,Steph Routh,Loretta Smith,,,
Noah Ernst,Doug Clove,Joe Allen,Terrence Hayes,,
Loretta Smith,Candace Avalos,Timur Ender,Cayle Tern,Michael (Mike) Sands,David Linn
Cayle Tern,Doug Clove,Noah Ernst,Michael (Mike) Sands,Deian Salazar,Joe Allen
Noah Ernst,Loretta Smith,Jamie Dunphy,Terrence Hayes,Doug Clove,Candace Avalos
Michael (Mike) Sands,Thomas Shervey,Steph Routh,,,
Candace Avalos,Steph Routh,Timur Ender,Jamie Dunphy,Deian Salazar,Joe Furi
Steph Routh,Jamie Dunphy,Loretta Smith,Candace Avalos,Terrence Hayes,
Candace Avalos,Cayle Tern,Timur Ender,Deian Salazar,Terrence Hayes,Jamie Dunphy
Candace Avalos,Deian Salazar,Terrence Hayes,Steph Routh,Jamie Dunphy,Peggy Sue Owens
Doug Clove,,,,,
Candace Avalos,Noah Ernst,Doug Clove,,,
Steph Routh,Jamie Dunphy,David Linn,Timur Ender,Doug Clove,
Candace Avalos,Noah Ernst,Jamie Dunphy,,,
Joe Allen,Doug Clove,Terrence Hayes,Deian Salazar,David Linn,Peggy Sue Owens
Peggy Sue Owens,Terrence Hayes,,,,
Candace Avalos,Steph Routh,Jamie Dunphy,,,
Michael (Mike) Sands,David Linn,Cayle Tern,Timur Ender,Jamie Dunphy,Noah Ernst
Steph Routh,Candace Avalos,Terrence Hayes,,,
Jamie Dunphy,Cayle Tern,Steph Routh,David Linn,,
Loretta Smith,Jamie Dunphy,,,,
Terrence Hayes,Steph Routh,Thomas Shervey,Loretta Smith,,
,,,,,
Candace Avalos,Steph Routh,Jamie Dunphy,Cayle Tern,Timur Ender,Thomas Shervey
Steph Routh,Candace Avalos,Peggy Sue Owens,Cayle Tern,Loretta Smith,Timur Ender
Doug Clove,Deian Salazar,Thomas Shervey,,,
Loretta Smith,,,,,
Loretta Smith,Terrence Hayes,Steph Routh,,,
Noah Ernst,Candace Avalos,Cayle Tern,Deian Salazar,Steph Routh,Loretta Smith
Joe Allen,Joe Furi,Michael (Mike) Sands,,,
Steph Routh,Noah Ernst,Terrence Hayes,Jamie Dunphy,Loretta Smith,Candace Avalos
Michael (Mike) Sands,Jamie Dunphy,Peggy Sue Owens,Joe Allen,Loretta Smith,Terrence Hayes
Jamie Dunphy,Candace Avalos,,,,
Terrence Hayes,Loretta Smith,Noah Ernst,,,
Loretta Smith,,,,,
Steph Routh,Timur Ender,Candace Avalos,Jamie Dunphy,,
Steph Routh,Doug Clove,Joe Allen,Noah Ernst,,
Michael (Mike) Sands,Jamie Dunphy,Joe Allen,Cayle Tern,Steph Routh,Peggy Sue Owens
Steph Routh,Jamie Dunphy,Candace Avalos,Loretta Smith,,
Jamie Dunphy,Terrence Hayes,Timur Ender,Loretta Smith,Candace Avalos,Steph Routh
Candace Avalos,Loretta Smith,Steph Routh,Cayle Tern,Terrence Hayes,Timur Ender
Jamie Dunphy,David Linn,Candace Avalos,Noah Ernst,Joe Furi,Loretta Smith
Terrence Hayes,Jamie Dunphy,Steph Routh,Candace Avalos,Thomas Shervey,David Linn
Timur Ender,Steph Routh,Candace Avalos,Cayle Tern,David Linn,
Michael (Mike) Sands,Jamie Dunphy,Timur Ender,Joe Allen,Cayle Tern,Steph Routh
Candace Avalos,Steph Routh,Jamie Dunphy,Timur Ender,Cayle Tern,David Linn
Loretta Smith,Cayle Tern,Terrence Hayes,Deian Salazar,Steph Routh,Jamie Dunphy
Candace Avalos,Steph Routh,Jamie Dunphy,Timur Ender,Cayle Tern,David Linn
Loretta Smith,Steph Routh,Peggy Sue Owens,,,
Noah Ernst,Terrence Hayes,,,,
Steph Routh,Loretta Smith,,,,
Jamie Dunphy,Candace Avalos,Steph Routh,,,
Cayle Tern,Steph Routh,Candace Avalos,Joe Allen,Jamie Dunphy,Peggy Sue Owens
Noah Ernst,Timur Ender,Deian Salazar,Terrence Hayes,Jamie Dunphy,Steph Routh
Candace Avalos,Doug Clove,Steph Routh,David Linn,Joe Allen,
Joe Allen,,,,,
Steph Routh,Candace Avalos,,,,
Terrence Hayes,Candace Avalos,Michael (Mike) Sands,Joe Allen,Jamie Dunphy,
Candace Avalos,Jamie Dunphy,Terrence Hayes,Steph Routh,Noah Ernst,Timur Ender
Candace Avalos,Timur Ender,Steph Routh,Joe Allen,David Linn,Cayle Tern
Timur Ender,Candace Avalos,,,,
Jamie Dunphy,Steph Routh,,,,
,,,,,
Noah Ernst,Loretta Smith,Doug Clove,David Linn,Terrence Hayes,
Candace Avalos,Steph Routh,Jamie Dunphy,Loretta Smith,Deian Salazar,Timur Ender
Steph Routh,Candace Avalos,Timur Ender,,,
David Linn,,,,,
Loretta Smith,Doug Clove,,,,
Peggy Sue Owens,Joe Allen,Joe Furi,,,
Noah Ernst,Joe Allen,Doug Clove,Thomas Shervey,Terrence Hayes,Steph Routh
Doug Clove,Timur Ender,David Linn,Jamie Dunphy,Thomas Shervey,
Candace Avalos,Cayle Tern,Jamie Dunphy,Timur Ender,Steph Routh,
Noah Ernst,Steph Routh,Jamie Dunphy,,,
Noah Ernst,Joe Allen,,,,
Noah Ernst,,,,,
Candace Avalos,Jamie Dunphy,Terrence Hayes,Steph Routh,David Linn,Thomas Shervey
Timur Ender,Candace Avalos,Steph Routh,Jamie Dunphy,Michael (Mike) Sands,
Candace Avalos,Steph Routh,Timur Ender,Jamie Dunphy,,
Candace Avalos,,,,,
Jamie Dunphy,Candace Avalos,Steph Routh,Thomas Shervey,Timur Ender,
Steph Routh,Loretta Smith,Jamie Dunphy,Candace Avalos,,
Timur Ender,Candace Avalos,,,,
Loretta Smith,Deian Salazar,David Linn,Candace Avalos,Jamie Dunphy,Peggy Sue Owens
Terrence Hayes,Steph Routh,Candace Avalos,Jamie Dunphy,Cayle Tern,Thomas Shervey
Loretta Smith,Timur Ender,Cayle Tern,David Linn,Jamie Dunphy,Candace Avalos
Terrence Hayes,Jamie Dunphy,,,,
Noah Ernst,Peggy Sue Owens,Doug Clove,,,
Candace Avalos,Timur Ender,Steph Routh,,,
Steph Routh,Doug Clove,Terrence Hayes,,,
Timur Ender,Candace Avalos,Thomas Shervey,,,
Deian Salazar,Joe Allen,Cayle Tern,Noah Ernst,Timur Ender,Doug Clove
Joe Allen,,,,,
Loretta Smith,Terrence Hayes,Candace Avalos,Steph Routh,Cayle Tern,
David Linn,Loretta Smith,Timur Ender,,,
Candace Avalos,Steph Routh,Jamie Dunphy,Noah Ernst,Terrence Hayes,David Linn
Loretta Smith,,,,,
Thomas Shervey,Jamie Dunphy,Loretta Smith,,,
Noah Ernst,Doug Clove,Joe Furi,Terrence Hayes,Jamie Dunphy,Loretta Smith
Candace Avalos,Timur Ender,Steph Routh,,,
Timur Ender,Noah Ernst,Candace Avalos,Cayle Tern,Michael (Mike) Sands,Jamie Dunphy
Michael (Mike) Sands,Timur Ender,Cayle Tern,,,
Loretta Smith,Terrence Hayes,Candace Avalos,David Linn,Timur Ender,
Timur Ender,Steph Routh,Candace Avalos,Loretta Smith,Jamie Dunphy,David Linn
Loretta Smith,,,,,
Joe Allen,David Linn,Terrence Hayes,,,
Michael (Mike) Sands,,,,,
Steph Routh,Loretta Smith,Jamie Dunphy,,,
Timur Ender,Candace Avalos,Noah Ernst,Steph Routh,Jamie Dunphy,
Steph Routh,David Linn,Candace Avalos,Noah Ernst,Peggy Sue Owens,Loretta Smith
Loretta Smith,,,,,
Jamie Dunphy,Steph Routh,Loretta Smith,Noah Ernst,Deian Salazar,Doug Clove
Noah Ernst,Doug Clove,Loretta Smith,,,
Candace Avalos,Steph Routh,Jamie Dunphy,David Linn,Noah Ernst,Timur Ender
Timur Ender,Thomas Shervey,Jamie Dunphy,Loretta Smith,Doug Clove,Joe Allen
Steph Routh,Jamie Dunphy,Timur Ender,Thomas Shervey,Loretta Smith,Terrence Hayes
Terrence Hayes,,,,,
Terrence Hayes,Jamie Dunphy,Loretta Smith,Deian Salazar,Cayle Tern,
Cayle Tern,Thomas Shervey,Deian Salazar,Terrence Hayes,Timur Ender,Candace Avalos
Timur Ender,Loretta Smith,David Linn,Candace Avalos,Jamie Dunphy,Steph Routh
Terrence Hayes,,,,,
Steph Routh,Jamie Dunphy,Doug Clove,Candace Avalos,Joe Allen,David Linn
Candace Avalos,Peggy Sue Owens,Loretta Smith,Michael (Mike) Sands,Noah Ernst,Joe Furi
Noah Ernst,,,,,
Michael (Mike) Sands,Jamie Dunphy,Joe Allen,Cayle Tern,Steph Routh,Peggy Sue Owens
Peggy Sue Owens,,,,,
Steph Routh,,,,,
Loretta Smith,Terrence Hayes,Jamie Dunphy,David Linn,Candace Avalos,
Loretta Smith,Terrence Hayes,Steph Routh,Michael (Mike) Sands,,
Candace Avalos,,,,,
Jamie Dunphy,Steph Routh,Candace Avalos,Timur Ender,Loretta Smith,David Linn
,,,,,
Terrence Hayes,Deian Salazar,David Linn,Steph Routh,Doug Clove,
David Linn,Jamie Dunphy,Noah Ernst,Doug Clove,,
Candace Avalos,Timur Ender,Steph Routh,,,
Jamie Dunphy,Candace Avalos,Terrence Hayes,Thomas Shervey,Loretta Smith,
Timur Ender,Candace Avalos,Cayle Tern,Joe Furi,Thomas Shervey,Jamie Dunphy
Candace Avalos,Steph Routh,Jamie Dunphy,,,
Noah Ernst,Jamie Dunphy,Deian Salazar,Terrence Hayes,Candace Avalos,Loretta Smith
Steph Routh,Michael (Mike) Sands,Timur Ender,,,
Terrence Hayes,Michael (Mike) Sands,Candace Avalos,Loretta Smith,,
Timur Ender,Terrence Hayes,Jamie Dunphy,Deian Salazar,Cayle Tern,
Michael (Mike) Sands,Doug Clove,Loretta Smith,,,
Thomas Shervey,David Linn,Joe Furi,Timur Ender,Noah Ernst,Deian Salazar
Jamie Dunphy,Candace Avalos,Steph Routh,,,
Loretta Smith,Steph Routh,Timur Ender,David Linn,Candace Avalos,Jamie Dunphy
Candace Avalos,Timur Ender,Terrence Hayes,Cayle Tern,Steph Routh,Jamie Dunphy
Timur Ender,Loretta Smith,Jamie Dunphy,Terrence Hayes,Steph Routh,
Steph Routh,Loretta Smith,Candace Avalos,Cayle Tern,Deian Salazar,Terrence Hayes
Terrence Hayes,,,,,
Jamie Dunphy,Candace Avalos,Steph Routh,Noah Ernst,David Linn,Loretta Smith
Noah Ernst,Cayle Tern,Doug Clove,Terrence Hayes,Loretta Smith,Deian Salazar
Thomas Shervey,Candace Avalos,Timur Ender,Jamie Dunphy,David Linn,
Noah Ernst,Terrence Hayes,Deian Salazar,Joe Furi,,
Noah Ernst,Loretta Smith,Terrence Hayes,Doug Clove,Joe Furi,
Candace Avalos,,,,,
Jamie Dunphy,Timur Ender,Loretta Smith,Terrence Hayes,,
Candace Avalos,Cayle Tern,Timur Ender,Noah Ernst,,
Candace Avalos,Steph Routh,Loretta Smith,David Linn,Timur Ender,Terrence Hayes
Timur Ender,Candace Avalos,Steph Routh,Jamie Dunphy,Terrence Hayes,Noah Ernst
Timur Ender,Steph Routh,Jamie Dunphy,Candace Avalos,,
Terrence Hayes,Noah Ernst,Doug Clove,,,
Loretta Smith,Terrence Hayes,Cayle Tern,Jamie Dunphy,Candace Avalos,Timur Ender
Steph Routh,Peggy Sue Owens,Deian Salazar,Noah Ernst,Jamie Dunphy,David Linn
Candace Avalos,Steph Routh,Timur Ender,,,
David Linn,Loretta Smith,Terrence Hayes,Doug Clove,Candace Avalos,Peggy Sue Owens
Steph Routh,Timur Ender,Candace Avalos,Cayle Tern,,
Timur Ender,David Linn,Loretta Smith,Candace Avalos,,
Candace Avalos,Steph Routh,Timur Ender,Jamie Dunphy,,
Candace Avalos,Cayle Tern,Deian Salazar,Loretta Smith,Jamie Dunphy,Peggy Sue Owens
Terrence Hayes,Joe Furi,Doug Clove,Deian Salazar,,
Noah Ernst,Terrence Hayes,Steph Routh,Doug Clove,David Linn,Michael (Mike) Sands
Loretta Smith,Terrence Hayes,Noah Ernst,Michael (Mike) Sands,Doug Clove,Timur Ender
Candace Avalos,Jamie Dunphy,Timur Ender,Cayle Tern,Steph Routh,
Candace Avalos,Terrence Hayes,Steph Routh,Michael (Mike) Sands,Noah Ernst,Loretta Smith
Doug Clove,,,,,
Jamie Dunphy,Candace Avalos,Steph Routh,Timur Ender,,
Noah Ernst,Doug Clove,David Linn,,,
Jamie Dunphy,Timur Ender,Joe Furi,,,
Jamie Dunphy,Steph Routh,Candace Avalos,Timur Ender,Loretta Smith,
Michael (Mike) Sands,,,,,
Steph Routh,,,,,
Loretta Smith,David Linn,Steph Routh,,,
Candace Avalos,Timur Ender,Steph Routh,,,
Cayle Tern,David Linn,Timur Ender,Steph Routh,Candace Avalos,Jamie Dunphy
Loretta Smith,,,,,
Candace Avalos,Loretta Smith,Thomas Shervey,Steph Routh,,
Jamie Dunphy,Timur Ender,Doug Clove,Candace Avalos,Joe Allen,Cayle Tern
Loretta Smith,Candace Avalos,Steph Routh,David Linn,Terrence Hayes,Timur Ender
David Linn,Cayle Tern,Jamie Dunphy,Steph Routh,Timur Ender,Candace Avalos
Candace Avalos,David Linn,Jamie Dunphy,Michael (Mike) Sands,Steph Routh,Thomas Shervey
Candace Avalos,Jamie Dunphy,Timur Ender,Thomas Shervey,David Linn,Steph Routh
Cayle Tern,Joe Furi,Doug Clove,Terrence Hayes,Jamie Dunphy,Steph Routh
Doug Clove,Noah Ernst,,,,
Timur Ender,Candace Avalos,Noah Ernst,Steph Routh,Jamie Dunphy,
Noah Ernst,Deian Salazar,Michael (Mike) Sands,Loretta Smith,,
Candace Avalos,Joe Furi,Loretta Smith,Jamie Dunphy,Peggy Sue Owens,Steph Routh
Jamie Dunphy,Steph Routh,Timur Ender,,,
Candace Avalos,Timur Ender,Steph Routh,Jamie Dunphy,Cayle Tern,David Linn
Terrence Hayes,Loretta Smith,Steph Routh,Jamie Dunphy,Timur Ender,Cayle Tern
Timur Ender,Steph Routh,Terrence Hayes,David Linn,Joe Furi,Cayle Tern
Candace Avalos,Loretta Smith,Steph Routh,Peggy Sue Owens,Jamie Dunphy,Deian Salazar
Timur Ender,Steph Routh,Candace Avalos,,,
Terrence Hayes,Timur Ender,,,,
Noah Ernst,David Linn,Terrence Hayes,Doug Clove,,
Steph Routh,,,,,
Noah Ernst,Candace Avalos,Steph Routh,Deian Salazar,,
Jamie Dunphy,Doug Clove,Loretta Smith,,,
Noah Ernst,Jamie Dunphy,David Linn,,,
Steph Routh,Candace Avalos,Doug Clove,,,
Write-in-120,Loretta Smith,Candace Avalos,,,
Loretta Smith,,,,,
Loretta Smith,Terrence Hayes,Jamie Dunphy,Steph Routh,David Linn,Thomas Shervey
Terrence Hayes,,,,,
Steph Routh,,,,,
Joe Allen,Loretta Smith,,,,
Steph Routh,Timur Ender,Jamie Dunphy,Candace Avalos,,
Michael (Mike) Sands,Deian Salazar,Loretta Smith,David Linn,Joe Allen,Steph Routh
Joe Furi,,,,,
Noah Ernst,,,,,
Cayle Tern,Timur Ender,Steph Routh,Michael (Mike) Sands,,
Noah Ernst,Loretta Smith,Terrence Hayes,Michael (Mike) Sands,Deian Salazar,
Candace Avalos,Jamie Dunphy,Steph Routh,,,
Timur Ender,Doug Clove,,,,
Terrence Hayes,,,,,
,,,,,
Steph Routh,Thomas Shervey,Loretta Smith,,,
Steph Routh,Deian Salazar,Doug Clove,Thomas Shervey,Candace Avalos,Michael (Mike) Sands
Candace Avalos,Cayle Tern,Steph Routh,,,
Timur Ender,Noah Ernst,David Linn,Joe Furi,Thomas Shervey,Jamie Dunphy
Terrence Hayes,,,,,
Terrence Hayes,Candace Avalos,Loretta Smith,Thomas Shervey,Jamie Dunphy,Joe Furi
Loretta Smith,Candace Avalos,,,,
Noah Ernst,,,,,
Noah Ernst,,,,,
Loretta Smith,Jamie Dunphy,Michael (Mike) Sands,Doug Clove,Joe Allen,Joe Furi
Doug Clove,,,,,
Loretta Smith,Terrence Hayes,Candace Avalos,Jamie Dunphy,Steph Routh,Cayle Tern
Timur Ender,Candace Avalos,Steph Routh,Jamie Dunphy,Deian Salazar,
Candace Avalos,,,,,
Loretta Smith,Cayle Tern,Noah Ernst,Joe Allen,Terrence Hayes,
Noah Ernst,Deian Salazar,Terrence Hayes,Joe Allen,Doug Clove,Steph Routh
Jamie Dunphy,Candace Avalos,Steph Routh,,,
Steph Routh,,,,,
Loretta Smith,Noah Ernst,,,,
Jamie Dunphy,,,,,
Peggy Sue Owens,Deian Salazar,Doug Clove,Noah Ernst,David Linn,Joe Furi
Candace Avalos,Steph Routh,Jamie Dunphy,,,
Terrence Hayes,,,,,
Steph Routh,Loretta Smith,Jamie Dunphy,Timur Ender,David Linn,Terrence Hayes
Candace Avalos,Terrence Hayes,,,,
Jamie Dunphy,Steph Routh,Loretta Smith,Thomas Shervey,Cayle Tern,Noah Ernst
Jamie Dunphy,Terrence Hayes,Thomas Shervey,Joe Furi,David Linn,Noah Ernst
Steph Routh,Candace Avalos,Terrence Hayes,Jamie Dunphy,Loretta Smith,Cayle Tern
Loretta Smith,Candace Avalos,Deian Salazar,,,
Candace Avalos,Jamie Dunphy,Steph Routh,Loretta Smith,Timur Ender,
Loretta Smith,Peggy Sue Owens,Jamie Dunphy,Terrence Hayes,Timur Ender,
Doug Clove,Timur Ender,Joe Furi,Jamie Dunphy,Peggy Sue Owens,
Candace Avalos,Michael (Mike) Sands,Terrence Hayes,,,
Loretta Smith,David Linn,Candace Avalos,Terrence Hayes,Jamie Dunphy,Deian Salazar
Doug Clove,Noah Ernst,Terrence Hayes,,,
Candace Avalos,Deian Salazar,Cayle Tern,Terrence Hayes,Steph Routh,Timur Ender
Jamie Dunphy,Candace Avalos,Steph Routh,,,
Steph Routh,,,,,
Loretta Smith,Steph Routh,Candace Avalos,Noah Ernst,Timur Ender,Terrence Hayes
Candace Avalos,Timur Ender,Steph Routh,Jamie Dunphy,Cayle Tern,David Linn
Doug Clove,,,,,
Cayle Tern,Thomas Shervey,Joe Furi,Steph Routh,David Linn,Noah Ernst
Doug Clove,Joe Furi,Deian Salazar,Thomas Shervey,Steph Routh,Joe Allen
Candace Avalos,Terrence Hayes,Timur Ender,Jamie Dunphy,David Linn,Steph Routh
Loretta Smith,Candace Avalos,Joe Furi,Joe Allen,Noah Ernst,
Loretta Smith,Jamie Dunphy,Terrence Hayes,Thomas Shervey,Doug Clove,Michael (Mike) Sands
Candace Avalos,Cayle Tern,Timur Ender,,,
David Linn,Terrence Hayes,Steph Routh,Jamie Dunphy,Loretta Smith,Deian Salazar
Noah Ernst,Loretta Smith,Terrence Hayes,Steph Routh,Jamie Dunphy,Doug Clove
Loretta Smith,Timur Ender,Jamie Dunphy,,,
Candace Avalos,Jamie Dunphy,Timur Ender,Cayle Tern,David Linn,
Loretta Smith,Terrence Hayes,Steph Routh,Jamie Dunphy,Michael (Mike) Sands,Deian Salazar
Terrence Hayes,Loretta Smith,,,,
Loretta Smith,,,,,
Loretta Smith,Terrence Hayes,Deian Salazar,Steph Routh,Candace Avalos,Timur Ender
Loretta Smith,,,,,
David Linn,,,,,
Steph Routh,Jamie Dunphy,Noah Ernst,Cayle Tern,Terrence Hayes,Loretta Smith
Deian Salazar,Doug Clove,Noah Ernst,Timur Ender,,
Steph Routh,Terrence Hayes,Loretta Smith,Doug Clove,Candace Avalos,Timur Ender
Terrence Hayes,Joe Furi,Joe Allen,David Linn,Timur Ender,Thomas Shervey
Candace Avalos,Timur Ender,Jamie Dunphy,Steph Routh,Cayle Tern,
Candace Avalos,Jamie Dunphy,Noah Ernst,Timur Ender,Terrence Hayes,Steph Routh
Loretta Smith,,,,,
Steph Routh,Joe Furi,Jamie Dunphy,,,
David Linn,,,,,
Michael (Mike) Sands,Joe Allen,Deian Salazar,,,
Loretta Smith,David Linn,Candace Avalos,Thomas Shervey,Doug Clove,Terrence Hayes
Candace Avalos,Terrence Hayes,Jamie Dunphy,Deian Salazar,Steph Routh,David Linn
David Linn,Steph Routh,Jamie Dunphy,Cayle Tern,Joe Allen,Candace Avalos
Joe Allen,,,,,
Timur Ender,Terrence Hayes,Steph Routh,Jamie Dunphy,Candace Avalos,Loretta Smith
Steph Routh,Candace Avalos,Timur Ender,Cayle Tern,Michael (Mike) Sands,
Terrence Hayes,Steph Routh,Doug Clove,,,
Timur Ender,Terrence Hayes,,,,
Jamie Dunphy,Steph Routh,Timur Ender,Candace Avalos,,
David Linn,Michael (Mike) Sands,Steph Routh,Loretta Smith,Timur Ender,Cayle Tern
Candace Avalos,Steph Routh,Jamie Dunphy,,,
Timur Ender,Candace Avalos,Steph Routh,,,
Jamie Dunphy,Terrence Hayes,Steph Routh,,,
Candace Avalos,Jamie Dunphy,Timur Ender,Steph Routh,Cayle Tern,
Candace Avalos,Timur Ender,Terrence Hayes,Steph Routh,Cayle Tern,
Terrence Hayes,Joe Furi,Noah Ernst,Loretta Smith,Jamie Dunphy,Michael (Mike) Sands
Peggy Sue Owens,Deian Salazar,Doug Clove,Noah Ernst,David Linn,Joe Furi
David Linn,Terrence Hayes,Loretta Smith,Steph Routh,,
David Linn,Cayle Tern,Doug Clove,Loretta Smith,Steph Routh,Jamie Dunphy
Timur Ender,Loretta Smith,David Linn,Joe Allen,Terrence Hayes,Jamie Dunphy
Steph Routh,Candace Avalos,Timur Ender,Cayle Tern,Jamie Dunphy,David Linn
Terrence Hayes,Noah Ernst,Candace Avalos,Loretta Smith,,
Noah Ernst,,,,,
Loretta Smith,,,,,
Terrence Hayes,Noah Ernst,Doug Clove,,,
Candace Avalos,Terrence Hayes,Jamie Dunphy,Loretta Smith,Steph Routh,Timur Ender
Jamie Dunphy,Candace Avalos,Steph Routh,Cayle Tern,Noah Ernst,Loretta Smith
Loretta Smith,Candace Avalos,Steph Routh,Jamie Dunphy,,
Candace Avalos,,,,,
Candace Avalos,Loretta Smith,Steph Routh,Cayle Tern,Peggy Sue Owens,Timur Ender
,,,,,
Terrence Hayes,Noah Ernst,Loretta Smith,,,
Loretta Smith,Candace Avalos,Steph Routh,,,
Loretta Smith,Steph Routh,Candace Avalos,Deian Salazar,Terrence Hayes,Jamie Dunphy
Loretta Smith,Steph Routh,Timur Ender,David Linn,Jamie Dunphy,Terrence Hayes
Doug Clove,Steph Routh,,,,
David Linn,Steph Routh,Candace Avalos,Thomas Shervey,Loretta Smith,Timur Ender
Jamie Dunphy,,,,,
Loretta Smith,Terrence Hayes,Michael (Mike) Sands,Deian Salazar,Candace Avalos,
Noah Ernst,,,,,
Thomas Shervey,,,,,
Loretta Smith,Jamie Dunphy,Steph Routh,Candace Avalos,,
Terrence Hayes,Timur Ender,Loretta Smith,Joe Allen,Thomas Shervey,Candace Avalos
Terrence Hayes,,,,,
Noah Ernst,Joe Furi,Michael (Mike) Sands,,,
Doug Clove,Noah Ernst,Peggy Sue Owens,Steph Routh,David Linn,Cayle Tern
Jamie Dunphy,Cayle Tern,David Linn,Candace Avalos,Timur Ender,Steph Routh
Noah Ernst,Loretta Smith,Terrence Hayes,,,
Loretta Smith,Michael (Mike) Sands,Timur Ender,Joe Allen,Thomas Shervey,David Linn
Candace Avalos,Loretta Smith,,,,
Jamie Dunphy,Steph Routh,Candace Avalos,Thomas Shervey,Timur Ender,
Jamie Dunphy,Steph Routh,Candace Avalos,Timur Ender,Loretta Smith,
Loretta Smith,,,,,
Loretta Smith,Deian Salazar,Noah Ernst,David Linn,,
Noah Ernst,Steph Routh,Doug Clove,Terrence Hayes,Jamie Dunphy,David Linn
Loretta Smith,Candace Avalos,,,,
Loretta Smith,Terrence Hayes,Jamie Dunphy,David Linn,Candace Avalos,
Steph Routh,Jamie Dunphy,Michael (Mike) Sands,Doug Clove,Joe Allen,Thomas Shervey
Timur Ender,Candace Avalos,Joe Furi,Loretta Smith,,
Jamie Dunphy,Candace Avalos,Steph Routh,Noah Ernst,David Linn,Loretta Smith
Candace Avalos,Doug Clove,Loretta Smith,Steph Routh,Jamie Dunphy,Deian Salazar
Candace Avalos,Deian Salazar,Terrence Hayes,Jamie Dunphy,Loretta Smith,Cayle Tern
Terrence Hayes,,,,,
Steph Routh,,,,,
Noah Ernst,,,,,
Terrence Hayes,Noah Ernst,Doug Clove,,,
Jamie Dunphy,Candace Avalos,Steph Routh,Noah Ernst,David Linn,Deian Salazar
Candace Avalos,Steph Routh,Timur Ender,,,
Jamie Dunphy,Timur Ender,Cayle Tern,Doug Clove,David Linn,Thomas Shervey
Loretta Smith,,,,,
Steph Routh,Jamie Dunphy,Candace Avalos,,,
Michael (Mike) Sands,Noah Ernst,Doug Clove,Thomas Shervey,Joe Furi,Joe Allen
Steph Routh,Candace Avalos,Loretta Smith,Jamie Dunphy,Terrence Hayes,Peggy Sue Owens
Noah Ernst,Terrence Hayes,Joe Furi,Loretta Smith,Doug Clove,
Steph Routh,Jamie Dunphy,Terrence Hayes,,,
Timur Ender,Terrence Hayes,Michael (Mike) Sands,Doug Clove,Joe Allen,Jamie Dunphy
,,,,,
Candace Avalos,,,,,
Candace Avalos,Jamie Dunphy,Terrence Hayes,Cayle Tern,Timur Ender,Michael (Mike) Sands
Steph Routh,Terrence Hayes,Loretta Smith,,,
Michael (Mike) Sands,Jamie Dunphy,Steph Routh,Terrence Hayes,Joe Furi,Cayle Tern
Jamie Dunphy,Candace Avalos,Cayle Tern,Timur Ender,,
Loretta Smith,Candace Avalos,Steph Routh,Michael (Mike) Sands,Terrence Hayes,Deian Salazar
Doug Clove,Noah Ernst,Loretta Smith,Terrence Hayes,Deian Salazar,Joe Furi
Candace Avalos,Cayle Tern,Timur Ender,,,
Jamie Dunphy,Candace Avalos,Steph Routh,Noah Ernst,David Linn,Loretta Smith
Noah Ernst,Terrence Hayes,Loretta Smith,,,
Jamie Dunphy,Timur Ender,Loretta Smith,Candace Avalos,Cayle Tern,Doug Clove
Cayle Tern,Timur Ender,Steph Routh,,,
Noah Ernst,Terrence Hayes,Joe Furi,Loretta Smith,Doug Clove,Michael (Mike) Sands
Noah Ernst,Loretta Smith,Terrence Hayes,Steph Routh,Michael (Mike) Sands,Deian Salazar
Terrence Hayes,Loretta Smith,Doug Clove,David Linn,Noah Ernst,Joe Allen
Steph Routh,,,,,
Steph Routh,Candace Avalos,David Linn,Cayle Tern,,
Noah Ernst,Deian Salazar,Doug Clove,Joe Allen,Joe Furi,Terrence Hayes
Steph Routh,Timur Ender,Jamie Dunphy,,,
Timur Ender,Loretta Smith,Terrence Hayes,Jamie Dunphy,,
,,,,,
Terrence Hayes,Loretta Smith,,,,
Loretta Smith,David Linn,,,,
Loretta Smith,Steph Routh,Jamie Dunphy,,,
Loretta Smith,Steph Routh,Jamie Dunphy,Michael (Mike) Sands,,
Candace Avalos,Jamie Dunphy,,,,
Noah Ernst,Terrence Hayes,Joe Furi,Loretta Smith,Doug Clove,
Candace Avalos,Steph Routh,Timur Ender,Jamie Dunphy,,
Terrence Hayes,Joe Allen,Loretta Smith,Jamie Dunphy,Candace Avalos,Michael (Mike) Sands
Steph Routh,Candace Avalos,Timur Ender,Doug Clove,Noah Ernst,Thomas Shervey
Terrence Hayes,Steph Routh,Candace Avalos,Noah Ernst,Loretta Smith,Timur Ender
Joe Allen,Terrence Hayes,Doug Clove,David Linn,Michael (Mike) Sands,Deian Salazar
Terrence Hayes,Noah Ernst,Timur Ender,,,
David Linn,,,,,
Steph Routh,Loretta Smith,,,,
Jamie Dunphy,Candace Avalos,Steph Routh,Noah Ernst,David Linn,Loretta Smith
Michael (Mike) Sands,,,,,
Noah Ernst,David Linn,Cayle Tern,Loretta Smith,Terrence Hayes,Jamie Dunphy
Candace Avalos,Loretta Smith,Thomas Shervey,Joe Furi,,
Candace Avalos,Peggy Sue Owens,Cayle Tern,Deian Salazar,Jamie Dunphy,Loretta Smith
Jamie Dunphy,Cayle Tern,Candace Avalos,Steph Routh,Noah Ernst,Loretta Smith
Doug Clove,Candace Avalos,David Linn,Deian Salazar,Loretta Smith,Terrence Hayes
Jamie Dunphy,Loretta Smith,Steph Routh,Terrence Hayes,Timur Ender,
Terrence Hayes,,,,,
Jamie Dunphy,Loretta Smith,Candace Avalos,David Linn,Steph Routh,Terrence Hayes
Loretta Smith,,,,,
David Linn,Terrence Hayes,Noah Ernst,Doug Clove,Loretta Smith,Joe Furi
Timur Ender,,,,,
Jamie Dunphy,Steph Routh,,,,
Candace Avalos,Steph Routh,Jamie Dunphy,Timur Ender,,
Timur Ender,David Linn,Steph Routh,Thomas Shervey,Cayle Tern,
Candace Avalos,Cayle Tern,Timur Ender,Jamie Dunphy,Steph Routh,David Linn
Candace Avalos,Cayle Tern,Timur Ender,,,
Thomas Shervey,Loretta Smith,Michael (Mike) Sands,Timur Ender,David Linn,Joe Allen
Steph Routh,Terrence Hayes,Noah Ernst,Timur Ender,Jamie Dunphy,Joe Furi
Loretta Smith,,,,,
Noah Ernst,,,,,
Noah Ernst,Terrence Hayes,Doug Clove,Thomas Shervey,Deian Salazar,Loretta Smith
David Linn,Cayle Tern,Doug Clove,Joe Furi,Michael (Mike) Sands,Deian Salazar
Terrence Hayes,Loretta Smith,Steph Routh,Jamie Dunphy,,
Noah Ernst,,,,,
Timur Ender,Loretta Smith,Terrence Hayes,,,
Loretta Smith,Timur Ender,Candace Avalos,Jamie Dunphy,Terrence Hayes,
Noah Ernst,,,,,
Cayle Tern,Timur Ender,Steph Routh,Loretta Smith,Doug Clove,David Linn
Peggy Sue Owens,Candace Avalos,Loretta Smith,Steph Routh,Jamie Dunphy,Timur Ender
Deian Salazar,Timur Ender,,,,
Loretta Smith,,,,,
Jamie Dunphy,,,,,
Timur Ender,Cayle Tern,Deian Salazar,Steph Routh,Joe Furi,David Linn
Candace Avalos,Doug Clove,,,,
Timur Ender,Michael (Mike) Sands,Doug Clove,Terrence Hayes,Jamie Dunphy,Steph Routh
Terrence Hayes,Loretta Smith,Deian Salazar,Joe Allen,Peggy Sue Owens,David Linn
Loretta Smith,Timur Ender,Terrence Hayes,Candace Avalos,Deian Salazar,Jamie Dunphy
Peggy Sue Owens,Candace Avalos,David Linn,Michael (Mike) Sands,Loretta Smith,Jamie Dunphy
Doug Clove,Noah Ernst,,,,
Steph Routh,Timur Ender,Candace Avalos,David Linn,Cayle Tern,Deian Salazar
Terrence Hayes,Jamie Dunphy,Steph Routh,Noah Ernst,,
Loretta Smith,Jamie Dunphy,Steph Routh,Peggy Sue Owens,Candace Avalos,Cayle Tern
Timur Ender,Candace Avalos,Loretta Smith,Steph Routh,Jamie Dunphy,
Jamie Dunphy,Candace Avalos,Steph Routh,,,
Jamie Dunphy,Steph Routh,Candace Avalos,Noah Ernst,Michael (Mike) Sands,Timur Ender
Jamie Dunphy,Steph Routh,Timur Ender,,,
Doug Clove,Noah Ernst,Loretta Smith,,,
Candace Avalos,Timur Ender,Michael (Mike) Sands,,,
Candace Avalos,Steph Routh,Jamie Dunphy,Loretta Smith,Timur Ender,Cayle Tern
Jamie Dunphy,,,,,
Candace Avalos,Steph Routh,,,,
Loretta Smith,Steph Routh,Terrence Hayes,Candace Avalos,,
Candace Avalos,,,,,
Loretta Smith,Terrence Hayes,Candace Avalos,Timur Ender,Steph Routh,Jamie Dunphy
Michael (Mike) Sands,David Linn,Joe Allen,Terrence Hayes,Thomas Shervey,Joe Furi
Jamie Dunphy,Candace Avalos,Steph Routh,Noah Ernst,David Linn,Loretta Smith
Steph Routh,Loretta Smith,,,,
Loretta Smith,,,,,
Loretta Smith,,,,,
Candace Avalos,Timur Ender,Steph Routh,Jamie Dunphy,Cayle Tern,David Linn
Candace Avalos,David Linn,Timur Ender,Thomas Shervey,Jamie Dunphy,Steph Routh
Candace Avalos,Timur Ender,Loretta Smith,Jamie Dunphy,Michael (Mike) Sands,Cayle Tern
Jamie Dunphy,,,,,
Terrence Hayes,Loretta Smith,Jamie Dunphy,,,
Noah Ernst,Terrence Hayes,Cayle Tern,Candace Avalos,Loretta Smith,Steph Routh
Deian Salazar,Michael (Mike) Sands,Noah Ernst,,,
Noah Ernst,Steph Routh,Deian Salazar,,,
Timur Ender,Candace Avalos,,,,
Doug Clove,Joe Allen,Peggy Sue Owens,Jamie Dunphy,Deian Salazar,Thomas Shervey
Candace Avalos,Timur Ender,Steph Routh,David Linn,,
Loretta Smith,Terrence Hayes,Noah Ernst,Steph Routh,Timur Ender,Joe Allen
Doug Clove,,,,,
Timur Ender,,,,,
Noah Ernst,,,,,
Noah Ernst,Terrence Hayes,David Linn,Steph Routh,Michael (Mike) Sands,Thomas Shervey
Terrence Hayes,,,,,
Terrence Hayes,Loretta Smith,,,,
Doug Clove,Terrence Hayes,Noah Ernst,,,
Candace Avalos,Jamie Dunphy,Steph Routh,Timur Ender,Cayle Tern,
Joe Furi,,,,,
,,,,,
Deian Salazar,Terrence Hayes,Joe Furi,David Linn,Noah Ernst,Doug Clove
Steph Routh,Loretta Smith,,,,
Candace Avalos,Timur Ender,David Linn,Jamie Dunphy,Thomas Shervey,Terrence Hayes
Loretta Smith,Candace Avalos,Michael (Mike) Sands,Jamie Dunphy,Timur Ender,David Linn
Loretta Smith,,,,,
Noah Ernst,Doug Clove,Loretta Smith,Candace Avalos,,
Loretta Smith,,,,,
Cayle Tern,Steph Routh,David Linn,Jamie Dunphy,,
Noah Ernst,,,,,
Noah Ernst,Terrence Hayes,Thomas Shervey,,,
Peggy Sue Owens,Candace Avalos,Loretta Smith,Jamie Dunphy,Doug Clove,Joe Allen
Jamie Dunphy,Timur Ender,Noah Ernst,Candace Avalos,Steph Routh,Terrence Hayes
Loretta Smith,Steph Routh,Candace Avalos,Jamie Dunphy,Thomas Shervey,Cayle Tern
Loretta Smith,,,,,
Loretta Smith,,,,,
Joe Allen,Doug Clove,David Linn,Michael (Mike) Sands,Thomas Shervey,Steph Routh
Joe Allen,Doug Clove,,,,
,,,,,
Joe Allen,Noah Ernst,,,,
Timur Ender,Jamie Dunphy,Joe Furi,Steph Routh,Loretta Smith,Doug Clove
Candace Avalos,Cayle Tern,Timur Ender,Steph Routh,Jamie Dunphy,Terrence Hayes
Loretta Smith,Candace Avalos,Joe Furi,Peggy Sue Owens,Terrence Hayes,Deian Salazar
Candace Avalos,Steph Routh,Jamie Dunphy,Timur Ender,,
Jamie Dunphy,Candace Avalos,Steph Routh,David Linn,,
Loretta Smith,Terrence Hayes,,,,
Jamie Dunphy,Candace Avalos,Steph Routh,,,
Noah Ernst,Terrence Hayes,,,,
Terrence Hayes,,,,,
Jamie Dunphy,Steph Routh,,,,
Thomas Shervey,Joe Furi,Doug Clove,David Linn,Joe Allen,Terrence Hayes
Candace Avalos,Timur Ender,Steph Routh,Cayle Tern,,
David Linn,Steph Routh,Loretta Smith,Candace Avalos,Joe Furi,Deian Salazar
Candace Avalos,Noah Ernst,,,,
Timur Ender,Candace Avalos,Steph Routh,David Linn,Jamie Dunphy,Cayle Tern
Timur Ender,Doug Clove,Loretta Smith,Terrence Hayes,,
Jamie Dunphy,Steph Routh,Timur Ender,Terrence Hayes,Candace Avalos,Cayle Tern
Candace Avalos,Noah Ernst,Timur Ender,Jamie Dunphy,Cayle Tern,David Linn
David Linn,Joe Allen,Peggy Sue Owens,Noah Ernst,Timur Ender,Doug Clove
Noah Ernst,,,,,
Candace Avalos,Terrence Hayes,Steph Routh,,,
Jamie Dunphy,Terrence Hayes,Candace Avalos,Timur Ender,David Linn,
Noah Ernst,Candace Avalos,Terrence Hayes,David Linn,Cayle Tern,Jamie Dunphy
Candace Avalos,Timur Ender,Steph Routh,,,
Loretta Smith,Candace Avalos,Steph Routh,,,
Steph Routh,Candace Avalos,Timur Ender,Jamie Dunphy,,
Jamie Dunphy,Loretta Smith,Noah Ernst,,,
Noah Ernst,Terrence Hayes,,,,
Loretta Smith,Timur Ender,David Linn,Candace Avalos,,
Noah Ernst,Doug Clove,Terrence Hayes,,,
Candace Avalos,Jamie Dunphy,Steph Routh,Timur Ender,Terrence Hayes,Cayle Tern
Candace Avalos,Cayle Tern,Timur Ender,,,
Jamie Dunphy,Candace Avalos,Timur Ender,Terrence Hayes,Steph Routh,
Jamie Dunphy,,,,,
Doug Clove,Joe Allen,Candace Avalos,Loretta Smith,Jamie Dunphy,Terrence Hayes
Candace Avalos,Cayle Tern,Jamie Dunphy,Noah Ernst,,
Joe Furi,David Linn,Timur Ender,Jamie Dunphy,,
Candace Avalos,Cayle Tern,Timur Ender,,,
Candace Avalos,Cayle Tern,Thomas Shervey,Terrence Hayes,Steph Routh,Loretta Smith
Terrence Hayes,,,,,
Joe Furi,Peggy Sue Owens,Jamie Dunphy,Thomas Shervey,Joe Allen,Deian Salazar
David Linn,Loretta Smith,Terrence Hayes,Steph Routh,Peggy Sue Owens,Noah Ernst
Jamie Dunphy,Candace Avalos,Loretta Smith,Joe Allen,Steph Routh,Terrence Hayes
Candace Avalos,,,,,
Candace Avalos,Jamie Dunphy,Steph Routh,,,
Doug Clove,Cayle Tern,Jamie Dunphy,,,
Candace Avalos,Cayle Tern,Joe Allen,Loretta Smith,Jamie Dunphy,Noah Ernst
Steph Routh,Timur Ender,Jamie Dunphy,Michael (Mike) Sands,Loretta Smith,Candace Avalos
Candace Avalos,Cayle Tern,Timur Ender,Jamie Dunphy,Steph Routh,David Linn
Candace Avalos,Steph Routh,Noah Ernst,Jamie Dunphy,Loretta Smith,Doug Clove
Terrence Hayes,,,,,
Noah Ernst,David Linn,,,,
Steph Routh,Terrence Hayes,Noah Ernst,Timur Ender,,
Steph Routh,Loretta Smith,Timur Ender,Candace Avalos,Jamie Dunphy,Terrence Hayes
Candace Avalos,Steph Routh,Jamie Dunphy,Timur Ender,,
Candace Avalos,Cayle Tern,Timur Ender,,,
Candace Avalos,Steph Routh,Timur Ender,Joe Furi,,
Michael (Mike) Sands,,,,,
Terrence Hayes,Candace Avalos,,,,
Timur Ender,Noah Ernst,David Linn,Cayle Tern,Doug Clove,Terrence Hayes
Loretta Smith,Terrence Hayes,Candace Avalos,Timur Ender,Doug Clove,Joe Furi
Thomas Shervey,Peggy Sue Owens,,,,
Noah Ernst,Jamie Dunphy,Doug Clove,Peggy Sue Owens,Joe Furi,Timur Ender
Cayle Tern,Jamie Dunphy,David Linn,Candace Avalos,Steph Routh,Noah Ernst
Loretta Smith,,,,,
Candace Avalos,Jamie Dunphy,Timur Ender,Steph Routh,Loretta Smith,
Jamie Dunphy,Cayle Tern,David Linn,Candace Avalos,Timur Ender,Steph Routh
Timur Ender,Jamie Dunphy,Candace Avalos,Loretta Smith,Steph Routh,
Timur Ender,Joe Allen,David Linn,Loretta Smith,Terrence Hayes,Steph Routh
Timur Ender,Doug Clove,Michael (Mike) Sands,Candace Avalos,,
Joe Furi,Candace Avalos,Timur Ender,Peggy Sue Owens,Deian Salazar,Loretta Smith
Candace Avalos,Jamie Dunphy,Cayle Tern,,,
Doug Clove,Joe Furi,Steph Routh,,,
Steph Routh,Noah Ernst,,,,
Doug Clove,Steph Routh,Loretta Smith,David Linn,Noah Ernst,Joe Allen
Terrence Hayes,Timur Ender,Steph Routh,,,
Terrence Hayes,,,,,
Terrence Hayes,Noah Ernst,Joe Furi,Loretta Smith,Cayle Tern,Write-in-120
Candace Avalos,,,,,
Cayle Tern,Doug Clove,Noah Ernst,Joe Allen,Timur Ender,David Linn
Noah Ernst,Timur Ender,David Linn,Joe Allen,,
Steph Routh,Cayle Tern,Loretta Smith,Jamie Dunphy,Candace Avalos,Joe Furi
Loretta Smith,,,,,
Deian Salazar,Michael (Mike) Sands,David Linn,Cayle Tern,,
Timur Ender,Joe Allen,Steph Routh,Jamie Dunphy,Thomas Shervey,Loretta Smith
Jamie Dunphy,,,,,
Steph Routh,,,,,
Steph Routh,Jamie Dunphy,Candace Avalos,Deian Salazar,Loretta Smith,Timur Ender
Timur Ender,Candace Avalos,Cayle Tern,Steph Routh,Jamie Dunphy,David Linn
Deian Salazar,,,,,
Peggy Sue Owens,Loretta Smith,Jamie Dunphy,,,
Terrence Hayes,Candace Avalos,Timur Ender,Steph Routh,Jamie Dunphy,Deian Salazar
Candace Avalos,Cayle Tern,Loretta Smith,Terrence Hayes,Steph Routh,David Linn
Terrence Hayes,Loretta Smith,Steph Routh,Cayle Tern,Jamie Dunphy,Deian Salazar
Noah Ernst,Candace Avalos,Terrence Hayes,,,
Noah Ernst,Doug Clove,Peggy Sue Owens,Terrence Hayes,Joe Allen,
Candace Avalos,Jamie Dunphy,Steph Routh,,,
Jamie Dunphy,Terrence Hayes,Steph Routh,Timur Ender,Candace Avalos,Loretta Smith
Jamie Dunphy,Candace Avalos,Steph Routh,Noah Ernst,David Linn,Loretta Smith
Noah Ernst,Terrence Hayes,Loretta Smith,,,
Candace Avalos,Loretta Smith,Steph Routh,Timur Ender,Jamie Dunphy,Cayle Tern
Candace Avalos,Loretta Smith,Jamie Dunphy,Steph Routh,Terrence Hayes,Cayle Tern
Noah Ernst,Terrence Hayes,Joe Furi,Loretta Smith,Doug Clove,
Terrence Hayes,Michael (Mike) Sands,Noah Ernst,David Linn,Thomas Shervey,Doug Clove
Steph Routh,Jamie Dunphy,,,,
Candace Avalos,Cayle Tern,Timur Ender,,,
Noah Ernst,Loretta Smith,Doug Clove,Terrence Hayes,Steph Routh,Deian Salazar
Thomas Shervey,Terrence Hayes,David Linn,Timur Ender,Candace Avalos,Jamie Dunphy
Terrence Hayes,Candace Avalos,Steph Routh,Deian Salazar,Joe Allen,Peggy Sue Owens
Noah Ernst,Doug Clove,Terrence Hayes,,,
Steph Routh,Timur Ender,Jamie Dunphy,Loretta Smith,Candace Avalos,Cayle Tern
Terrence Hayes,Jamie Dunphy,Candace Avalos,Timur Ender,Cayle Tern,David Linn
Timur Ender,Steph Routh,Candace Avalos,Cayle Tern,Jamie Dunphy,Joe Allen
Candace Avalos,Steph Routh,Timur Ender,Cayle Tern,,
Timur Ender,David Linn,Loretta Smith,Candace Avalos,,
Terrence Hayes,Steph Routh,Timur Ender,Noah Ernst,Loretta Smith,Candace Avalos
Candace Avalos,Cayle Tern,Timur Ender,,,
Loretta Smith,Candace Avalos,Terrence Hayes,Jamie Dunphy,,
Timur Ender,Terrence Hayes,Joe Furi,Loretta Smith,Doug Clove,
Loretta Smith,Steph Routh,,,,
Noah Ernst,,,,,
Joe Furi,David Linn,Steph Routh,Loretta Smith,Noah Ernst,Peggy Sue Owens
Terrence Hayes,Loretta Smith,Deian Salazar,Noah Ernst,Doug Clove,
Loretta Smith,Terrence Hayes,Cayle Tern,,,
Noah Ernst,,,,,
Jamie Dunphy,Steph Routh,Loretta Smith,Terrence Hayes,Michael (Mike) Sands,Joe Furi
Candace Avalos,Terrence Hayes,Steph Routh,Michael (Mike) Sands,David Linn,Doug Clove
Candace Avalos,Steph Routh,Timur Ender,Jamie Dunphy,David Linn,Cayle Tern
Steph Routh,Doug Clove,Noah Ernst,Deian Salazar,Jamie Dunphy,Joe Allen
Timur Ender,Candace Avalos,Steph Routh,,,
Steph Routh,,,,,
Candace Avalos,,,,,
Jamie Dunphy,Steph Routh,,,,
Loretta Smith,Timur Ender,Terrence Hayes,Steph Routh,Jamie Dunphy,
Timur Ender,Terrence Hayes,Jamie Dunphy,,,
Noah Ernst,,,,,
Candace Avalos,Timur Ender,Jamie Dunphy,Thomas Shervey,Terrence Hayes,Steph Routh
Terrence Hayes,Jamie Dunphy,,,,
Timur Ender,Steph Routh,Loretta Smith,,,
Timur Ender,Doug Clove,Loretta Smith,Candace Avalos,Steph Routh,David Linn
,,,,,
Candace Avalos,Timur Ender,Steph Routh,Jamie Dunphy,Cayle Tern,
Noah Ernst,Candace Avalos,Peggy Sue Owens,Cayle Tern,Terrence Hayes,Joe Allen
Jamie Dunphy,Cayle Tern,David Linn,Candace Avalos,Timur Ender,Steph Routh
Joe Allen,Terrence Hayes,Jamie Dunphy,Candace Avalos,David Linn,Noah Ernst
Jamie Dunphy,Terrence Hayes,Loretta Smith,Candace Avalos,Noah Ernst,Steph Routh
Candace Avalos,Steph Routh,Terrence Hayes,Thomas Shervey,Cayle Tern,Jamie Dunphy
Loretta Smith,Noah Ernst,Candace Avalos,Terrence Hayes,,
Noah Ernst,Joe Furi,Terrence Hayes,,,
Candace Avalos,Timur Ender,Steph Routh,,,
Candace Avalos,Cayle Tern,Timur Ender,,,
Noah Ernst,Candace Avalos,Steph Routh,Jamie Dunphy,Timur Ender,David Linn
Candace Avalos,Timur Ender,Steph Routh,Jamie Dunphy,Cayle Tern,Loretta Smith
Peggy Sue Owens,Candace Avalos,Noah Ernst,Steph Routh,Michael (Mike) Sands,
Noah Ernst,Terrence Hayes,Loretta Smith,,,
Candace Avalos,Deian Salazar,,,,
Steph Routh,Timur Ender,David Linn,Cayle Tern,Candace Avalos,
Candace Avalos,Steph Routh,Timur Ender,Jamie Dunphy,Loretta Smith,Terrence Hayes
Terrence Hayes,Noah Ernst,Joe Furi,Loretta Smith,Doug Clove,Write-in-120
Jamie Dunphy,Candace Avalos,Doug Clove,Timur Ender,Noah Ernst,Peggy Sue Owens
Timur Ender,Terrence Hayes,Steph Routh,Michael (Mike) Sands,Loretta Smith,Jamie Dunphy
Candace Avalos,Steph Routh,Timur Ender,Jamie Dunphy,,
Doug Clove,Thomas Shervey,Jamie Dunphy,Peggy Sue Owens,Joe Allen,David Linn
Cayle Tern,Doug Clove,Noah Ernst,Michael (Mike) Sands,Deian Salazar,Joe Allen
Loretta Smith,Terrence Hayes,Timur Ender,Jamie Dunphy,Deian Salazar,Candace Avalos
Jamie Dunphy,Loretta Smith,Timur Ender,Terrence Hayes,Steph Routh,
Timur Ender,Candace Avalos,David Linn,,,
Steph Routh,Jamie Dunphy,Terrence Hayes,Loretta Smith,Timur Ender,David Linn
Candace Avalos,Steph Routh,Cayle Tern,Michael (Mike) Sands,Jamie Dunphy,Timur Ender
Deian Salazar,Loretta Smith,Peggy Sue Owens,Terrence Hayes,Michael (Mike) Sands,Noah Ernst
Thomas Shervey,,,,,
,,,,,
Timur Ender,Noah Ernst,Joe Furi,Steph Routh,,
Candace Avalos,Steph Routh,Peggy Sue Owens,Jamie Dunphy,Timur Ender,Terrence Hayes
Joe Allen,Doug Clove,Thomas Shervey,David Linn,Steph Routh,Jamie Dunphy
Peggy Sue Owens,David Linn,Joe Allen,Thomas Shervey,Steph Routh,Loretta Smith
Candace Avalos,Steph Routh,Timur Ender,Jamie Dunphy,,
Terrence Hayes,Candace Avalos,Michael (Mike) Sands,Loretta Smith,Jamie Dunphy,Peggy Sue Owens
Steph Routh,Candace Avalos,Timur Ender,Jamie Dunphy,,
Noah Ernst,Joe Allen,Doug Clove,Joe Furi,Michael (Mike) Sands,Thomas Shervey
Candace Avalos,Jamie Dunphy,Steph Routh,,,
Joe Furi,Terrence Hayes,Steph Routh,,,
Steph Routh,Jamie Dunphy,Timur Ender,,,
Loretta Smith,Timur Ender,,,,
Timur Ender,Michael (Mike) Sands,Loretta Smith,Terrence Hayes,Steph Routh,
Noah Ernst,Steph Routh,Jamie Dunphy,,,
Loretta Smith,Terrence Hayes,,,,
Terrence Hayes,,,,,
Doug Clove,David Linn,,,,
Jamie Dunphy,Steph Routh,Candace Avalos,,,
Loretta Smith,Jamie Dunphy,,,,
Candace Avalos,Jamie Dunphy,Timur Ender,Steph Routh,Loretta Smith,
Loretta Smith,Noah Ernst,Peggy Sue Owens,,,
Noah Ernst,Joe Furi,David Linn,Jamie Dunphy,Doug Clove,
Michael (Mike) Sands,Joe Allen,Timur Ender,Doug Clove,Jamie Dunphy,Noah Ernst
Deian Salazar,Cayle Tern,Terrence Hayes,,,
Jamie Dunphy,Noah Ernst,Loretta Smith,Candace Avalos,Doug Clove,Cayle Tern
Steph Routh,Timur Ender,Candace Avalos,Jamie Dunphy,,
Joe Allen,Michael (Mike) Sands,Candace Avalos,Loretta Smith,Jamie Dunphy,Thomas Shervey
Noah Ernst,Steph Routh,Loretta Smith,,,
Candace Avalos,Steph Routh,Timur Ender,Jamie Dunphy,,
Loretta Smith,Jamie Dunphy,Steph Routh,Cayle Tern,Candace Avalos,
Cayle Tern,Steph Routh,David Linn,,,
Loretta Smith,Terrence Hayes,Jamie Dunphy,,,
Noah Ernst,Doug Clove,Deian Salazar,Thomas Shervey,,
Candace Avalos,Timur Ender,Noah Ernst,Joe Furi,Deian Salazar,David Linn
Jamie Dunphy,Candace Avalos,Steph Routh,,,
Noah Ernst,Doug Clove,Loretta Smith,Terrence Hayes,Michael (Mike) Sands,Timur Ender
Timur Ender,Cayle Tern,Peggy Sue Owens,Deian Salazar,Terrence Hayes,David Linn
Noah Ernst,Doug Clove,Joe Allen,,,
Candace Avalos,Jamie Dunphy,Noah Ernst,,,
Jamie Dunphy,Steph Routh,Candace Avalos,Terrence Hayes,Noah Ernst,
Cayle Tern,Timur Ender,Jamie Dunphy,Steph Routh,Candace Avalos,David Linn
Jamie Dunphy,Candace Avalos,Steph Routh,,,
Jamie Dunphy,Candace Avalos,Steph Routh,Noah Ernst,Terrence Hayes,David Linn
Loretta Smith,Steph Routh,Terrence Hayes,Doug Clove,Cayle Tern,Noah Ernst
Jamie Dunphy,Steph Routh,Candace Avalos,,,
Jamie Dunphy,,,,,
Terrence Hayes,Noah Ernst,Candace Avalos,,,
Jamie Dunphy,David Linn,Terrence Hayes,Loretta Smith,Steph Routh,Timur Ender
Loretta Smith,Candace Avalos,Cayle Tern,Steph Routh,Jamie Dunphy,Peggy Sue Owens
Steph Routh,Terrence Hayes,Loretta Smith,,,
Noah Ernst,,,,,
Loretta Smith,Terrence Hayes,Candace Avalos,,,
Terrence Hayes,Candace Avalos,Steph Routh,Jamie Dunphy,David Linn,Timur Ender
Loretta Smith,Peggy Sue Owens,Deian Salazar,Joe Furi,Cayle Tern,Candace Avalos
Peggy Sue Owens,Terrence Hayes,Michael (Mike) Sands,Loretta Smith,Joe Allen,
Noah Ernst,Cayle Tern,Timur Ender,Deian Salazar,Candace Avalos,Peggy Sue Owens
Doug Clove,Terrence Hayes,Steph Routh,,,
Terrence Hayes,Jamie Dunphy,Steph Routh,Loretta Smith,Candace Avalos,
Michael (Mike) Sands,,,,,
Jamie Dunphy,Loretta Smith,Candace Avalos,Steph Routh,Terrence Hayes,David Linn
Candace Avalos,,,,,
Candace Avalos,Timur Ender,Steph Routh,Jamie Dunphy,Cayle Tern,David Linn
Joe Furi,Michael (Mike) Sands,,,,
Loretta Smith,Terrence Hayes,Noah Ernst,,,
Noah Ernst,Terrence Hayes,Loretta Smith,,,
Noah Ernst,,,,,
Candace Avalos,Jamie Dunphy,Steph Routh,Timur Ender,Noah Ernst,Terrence Hayes
Jamie Dunphy,Loretta Smith,Steph Routh,Candace Avalos,Cayle Tern,Terrence Hayes
Doug Clove,Joe Allen,Thomas Shervey,,,
Terrence Hayes,Timur Ender,Cayle Tern,Michael (Mike) Sands,Noah Ernst,Peggy Sue Owens
Candace Avalos,Timur Ender,Steph Routh,,,
Loretta Smith,Candace Avalos,,,,
Candace Avalos,,,,,
Jamie Dunphy,,,,,
Michael (Mike) Sands,,,,,
Terrence Hayes,Noah Ernst,Joe Furi,Loretta Smith,,
Joe Allen,Noah Ernst,Peggy Sue Owens,Timur Ender,David Linn,Michael (Mike) Sands
,,,,,
Candace Avalos,Jamie Dunphy,Cayle Tern,Noah Ernst,Timur Ender,David Linn
Candace Avalos,Doug Clove,Timur Ender,Jamie Dunphy,Noah Ernst,
Terrence Hayes,Doug Clove,Noah Ernst,,,
Jamie Dunphy,Steph Routh,Loretta Smith,,,
Steph Routh,Timur Ender,Candace Avalos,,,
Noah Ernst,,,,,
Cayle Tern,Loretta Smith,Jamie Dunphy,,,
Jamie Dunphy,Timur Ender,Steph Routh,,,
Candace Avalos,Steph Routh,Jamie Dunphy,Loretta Smith,Timur Ender,Cayle Tern
Steph Routh,Timur Ender,Jamie Dunphy,Candace Avalos,Cayle Tern,David Linn
Jamie Dunphy,Candace Avalos,Timur Ender,Steph Routh,,
Loretta Smith,Jamie Dunphy,Steph Routh,,,
Steph Routh,Loretta Smith,Noah Ernst,,,
Loretta Smith,Terrence Hayes,Steph Routh,Timur Ender,Michael (Mike) Sands,Candace Avalos
Jamie Dunphy,Candace Avalos,Steph Routh,,,
,,,,,
Michael (Mike) Sands,Thomas Shervey,Joe Furi,Joe Allen,Steph Routh,Jamie Dunphy
Terrence Hayes,,,,,
Jamie Dunphy,Candace Avalos,Steph Routh,,,
Timur Ender,Candace Avalos,Steph Routh,Jamie Dunphy,,
Candace Avalos,Jamie Dunphy,Terrence Hayes,Timur Ender,Steph Routh,
Deian Salazar,Loretta Smith,Terrence Hayes,Jamie Dunphy,,
Candace Avalos,Loretta Smith,Terrence Hayes,Cayle Tern,David Linn,Deian Salazar
Deian Salazar,David Linn,Candace Avalos,Peggy Sue Owens,Joe Allen,Thomas Shervey
Joe Allen,Cayle Tern,Michael (Mike) Sands,Steph Routh,David Linn,Jamie Dunphy
Noah Ernst,Candace Avalos,,,,
Noah Ernst,Deian Salazar,Terrence Hayes,Joe Allen,Doug Clove,Steph Routh
Noah Ernst,Terrence Hayes,Loretta Smith,,,
Deian Salazar,Terrence Hayes,Doug Clove,Joe Allen,Noah Ernst,
Noah Ernst,,,,,
Timur Ender,Jamie Dunphy,Candace Avalos,,,
Steph Routh,,,,,
Steph Routh,Candace Avalos,Timur Ender,,,
Candace Avalos,Jamie Dunphy,Steph Routh,Timur Ender,Cayle Tern,David Linn
Candace Avalos,Timur Ender,Jamie Dunphy,Steph Routh,Cayle Tern,
Noah Ernst,Doug Clove,Candace Avalos,Terrence Hayes,,
Timur Ender,Noah Ernst,Michael (Mike) Sands,Loretta Smith,Terrence Hayes,Doug Clove
David Linn,,,,,
Candace Avalos,Thomas Shervey,Doug Clove,,,
Terrence Hayes,,,,,
Candace Avalos,Write-in-120,Steph Routh,Jamie Dunphy,Timur Ender,Cayle Tern
Joe Furi,David Linn,Terrence Hayes,Noah Ernst,Steph Routh,Cayle Tern
Loretta Smith,Terrence Hayes,Candace Avalos,Deian Salazar,Cayle Tern,Noah Ernst
Joe Allen,Thomas Shervey,Michael (Mike) Sands,Jamie Dunphy,Terrence Hayes,Cayle Tern
Loretta Smith,Steph Routh,Jamie Dunphy,Doug Clove,Joe Allen,Michael (Mike) Sands
Candace Avalos,Steph Routh,Terrence Hayes,Timur Ender,Cayle Tern,David Linn
Candace Avalos,Steph Routh,Jamie Dunphy,,,
Terrence Hayes,Loretta Smith,Steph Routh,Jamie Dunphy,Michael (Mike) Sands,David Linn
Noah Ernst,Timur Ender,Thomas Shervey,,,
Jamie Dunphy,Steph Routh,Candace Avalos,Timur Ender,Cayle Tern,Loretta Smith
Noah Ernst,Loretta Smith,,,,
Timur Ender,Steph Routh,Candace Avalos,Doug Clove,,
Jamie Dunphy,Deian Salazar,Candace Avalos,Timur Ender,Doug Clove,Thomas Shervey
Loretta Smith,,,,,
Timur Ender,Peggy Sue Owens,Noah Ernst,Terrence Hayes,Joe Furi,Candace Avalos
Loretta Smith,Terrence Hayes,Steph Routh,Candace Avalos,,
Noah Ernst,Joe Allen,David Linn,Doug Clove,Joe Furi,Michael (Mike) Sands
Peggy Sue Owens,,,,,
Candace Avalos,Loretta Smith,Jamie Dunphy,Timur Ender,Cayle Tern,Steph Routh
Jamie Dunphy,Candace Avalos,Steph Routh,Noah Ernst,David Linn,Loretta Smith
Steph Routh,Jamie Dunphy,Noah Ernst,Cayle Tern,Terrence Hayes,Loretta Smith
Jamie Dunphy,Candace Avalos,Steph Routh,Noah Ernst,Joe Allen,Loretta Smith
Timur Ender,Joe Allen,Doug Clove,,,
Candace Avalos,Joe Furi,Deian Salazar,Terrence Hayes,Joe Allen,David Linn
,,,,,
Candace Avalos,Timur Ender,Steph Routh,Jamie Dunphy,,
Noah Ernst,Joe Furi,Terrence Hayes,Timur Ender,,
Steph Routh,Jamie Dunphy,Loretta Smith,Timur Ender,Terrence Hayes,Candace Avalos
Michael (Mike) Sands,Candace Avalos,Timur Ender,Write-in-120,David Linn,
Noah Ernst,Peggy Sue Owens,Thomas Shervey,Joe Furi,Loretta Smith,Deian Salazar
Loretta Smith,Terrence Hayes,Noah Ernst,Jamie Dunphy,Candace Avalos,Steph Routh
Loretta Smith,Thomas Shervey,Peggy Sue Owens,Jamie Dunphy,Timur Ender,Candace Avalos
Steph Routh,David Linn,Michael (Mike) Sands,Candace Avalos,Peggy Sue Owens,Cayle Tern
Michael (Mike) Sands,Thomas Shervey,Terrence Hayes,Jamie Dunphy,Doug Clove,Joe Allen
David Linn,Cayle Tern,Joe Allen,Michael (Mike) Sands,Steph Routh,Timur Ender
Candace Avalos,Noah Ernst,Timur Ender,Cayle Tern,Loretta Smith,Steph Routh
Candace Avalos,Timur Ender,Loretta Smith,Cayle Tern,Steph Routh,Terrence Hayes
Noah Ernst,Loretta Smith,Candace Avalos,Michael (Mike) Sands,Joe Allen,David Linn
Timur Ender,Noah Ernst,Candace Avalos,David Linn,Joe Furi,Michael (Mike) Sands
Noah Ernst,Deian Salazar,,,,
Loretta Smith,Terrence Hayes,Candace Avalos,,,
Loretta Smith,Terrence Hayes,Noah Ernst,,,
Timur Ender,Candace Avalos,Cayle Tern,Deian Salazar,Loretta Smith,Steph Routh
Peggy Sue Owens,Candace Avalos,Loretta Smith,Steph Routh,Cayle Tern,Noah Ernst
Steph Routh,Terrence Hayes,Joe Furi,Doug Clove,Candace Avalos,Thomas Shervey
Timur Ender,Jamie Dunphy,Steph Routh,Candace Avalos,Cayle Tern,Loretta Smith
Loretta Smith,Terrence Hayes,Steph Routh,,,
Steph Routh,Loretta Smith,Jamie Dunphy,Terrence Hayes,Candace Avalos,
Candace Avalos,Timur Ender,Steph Routh,Jamie Dunphy,Cayle Tern,David Linn
Candace Avalos,,,,,
Timur Ender,Jamie Dunphy,Steph Routh,,,
Steph Routh,Timur Ender,Candace Avalos,Doug Clove,,
David Linn,Loretta Smith,Terrence Hayes,Joe Furi,Cayle Tern,Jamie Dunphy
David Linn,Terrence Hayes,Steph Routh,Jamie Dunphy,Loretta Smith,Deian Salazar
Loretta Smith,Steph Routh,Terrence Hayes,,,
Jamie Dunphy,Loretta Smith,Terrence Hayes,Steph Routh,Candace Avalos,
Steph Routh,Jamie Dunphy,Terrence Hayes,Candace Avalos,,
Jamie Dunphy,Steph Routh,Candace Avalos,Noah Ernst,,
Cayle Tern,Candace Avalos,Timur Ender,,,
Candace Avalos,Steph Routh,Jamie Dunphy,Timur Ender,Michael (Mike) Sands,Loretta Smith
Joe Allen,Loretta Smith,,,,
Candace Avalos,Noah Ernst,David Linn,Steph Routh,,
Michael (Mike) Sands,Thomas Shervey,Timur Ender,David Linn,Doug Clove,Noah Ernst
Steph Routh,Terrence Hayes,Loretta Smith,Timur Ender,Candace Avalos,
Terrence Hayes,Candace Avalos,Joe Allen,Cayle Tern,Deian Salazar,Loretta Smith
Loretta Smith,Steph Routh,Terrence Hayes,Michael (Mike) Sands,Candace Avalos,Timur Ender
Timur Ender,Doug Clove,Joe Furi,,,
Joe Allen,Doug Clove,Jamie Dunphy,,,
Candace Avalos,Steph Routh,Timur Ender,,,
Jamie Dunphy,Steph Routh,Candace Avalos,Doug Clove,Timur Ender,
Loretta Smith,Jamie Dunphy,David Linn,Steph Routh,Candace Avalos,Cayle Tern
Noah Ernst,,,,,
Candace Avalos,Steph Routh,Timur Ender,Peggy Sue Owens,Loretta Smith,Cayle Tern
Noah Ernst,David Linn,Terrence Hayes,Doug Clove,,
Jamie Dunphy,David Linn,Michael (Mike) Sands,Steph Routh,Noah Ernst,Joe Furi
Candace Avalos,Jamie Dunphy,Steph Routh,Timur Ender,,
Timur Ender,Terrence Hayes,Thomas Shervey,Steph Routh,Loretta Smith,Deian Salazar
Candace Avalos,Cayle Tern,Timur Ender,,,
Terrence Hayes,Loretta Smith,Deian Salazar,Noah Ernst,Doug Clove,
Noah Ernst,Terrence Hayes,Peggy Sue Owens,Cayle Tern,Michael (Mike) Sands,Jamie Dunphy
Cayle Tern,Jamie Dunphy,Candace Avalos,Timur Ender,Loretta Smith,Michael (Mike) Sands
Steph Routh,Candace Avalos,Timur Ender,Jamie Dunphy,,
Candace Avalos,Timur Ender,,,,
Jamie Dunphy,Candace Avalos,Steph Routh,,,
Noah Ernst,,,,,
Noah Ernst,Doug Clove,Loretta Smith,Terrence Hayes,Joe Allen,David Linn
Loretta Smith,Noah Ernst,Deian Salazar,Doug Clove,Timur Ender,Cayle Tern
Candace Avalos,Timur Ender,Steph Routh,,,
Timur Ender,Jamie Dunphy,Candace Avalos,Joe Allen,Michael (Mike) Sands,Terrence Hayes
Terrence Hayes,Candace Avalos,Loretta Smith,Steph Routh,,
Steph Routh,Jamie Dunphy,Terrence Hayes,Candace Avalos,Timur Ender,Loretta Smith
Loretta Smith,Doug Clove,Jamie Dunphy,Timur Ender,Steph Routh,Deian Salazar
Doug Clove,Noah Ernst,Steph Routh,,,
Noah Ernst,,,,,
Loretta Smith,Thomas Shervey,Terrence Hayes,,,
Timur Ender,Candace Avalos,Terrence Hayes,Steph Routh,Loretta Smith,Jamie Dunphy
Loretta Smith,Terrence Hayes,Steph Routh,,,
Doug Clove,Deian Salazar,,,,
David Linn,,,,,
Terrence Hayes,Thomas Shervey,Loretta Smith,Cayle Tern,Candace Avalos,Peggy Sue Owens
Timur Ender,Candace Avalos,Cayle Tern,David Linn,Jamie Dunphy,
Jamie Dunphy,Timur Ender,Candace Avalos,Steph Routh,,
Candace Avalos,Joe Allen,Michael (Mike) Sands,Deian Salazar,Steph Routh,Loretta Smith
Joe Allen,Noah Ernst,,,,
Loretta Smith,Terrence Hayes,Steph Routh,Deian Salazar,Candace Avalos,Cayle Tern
Steph Routh,,,,,
Cayle Tern,Loretta Smith,Steph Routh,Michael (Mike) Sands,Doug Clove,Candace Avalos
Timur Ender,Joe Allen,Jamie Dunphy,,,
Steph Routh,Thomas Shervey,Michael (Mike) Sands,Joe Allen,,
Thomas Shervey,,,,,
Terrence Hayes,Candace Avalos,Steph Routh,Jamie Dunphy,David Linn,Timur Ender
Noah Ernst,Deian Salazar,Doug Clove,Terrence Hayes,Thomas Shervey,Michael (Mike) Sands
Loretta Smith,,,,,
Candace Avalos,,,,,
Jamie Dunphy,Steph Routh,Candace Avalos,Timur Ender,,
Jamie Dunphy,Terrence Hayes,David Linn,,,
Loretta Smith,David Linn,Terrence Hayes,Candace Avalos,,
Doug Clove,Cayle Tern,Candace Avalos,Joe Furi,Deian Salazar,Write-in-122
Timur Ender,Jamie Dunphy,Steph Routh,Terrence Hayes,David Linn,Joe Allen
Timur Ender,Loretta Smith,Terrence Hayes,Candace Avalos,,
Terrence Hayes,Noah Ernst,Joe Furi,Loretta Smith,,
Doug Clove,,,,,
Jamie Dunphy,Timur Ender,Steph Routh,Candace Avalos,Terrence Hayes,Loretta Smith
Noah Ernst,Doug Clove,,,,
Deian Salazar,Timur Ender,Terrence Hayes,,,
,,,,,
Loretta Smith,Terrence Hayes,Jamie Dunphy,Candace Avalos,David Linn,Noah Ernst
David Linn,,,,,
Noah Ernst,,,,,
Candace Avalos,Timur Ender,Cayle Tern,Loretta Smith,Steph Routh,Terrence Hayes
Noah Ernst,David Linn,Doug Clove,,,
Joe Furi,,,,,
Peggy Sue Owens,Michael (Mike) Sands,Timur Ender,Candace Avalos,David Linn,Terrence Hayes
Candace Avalos,Timur Ender,Steph Routh,Jamie Dunphy,,
Loretta Smith,Terrence Hayes,Deian Salazar,Michael (Mike) Sands,Steph Routh,Jamie Dunphy
Deian Salazar,,,,,
,,,,,
Terrence Hayes,Noah Ernst,Candace Avalos,,,
Timur Ender,Noah Ernst,Candace Avalos,Joe Allen,Joe Furi,Terrence Hayes
Cayle Tern,Jamie Dunphy,,,,
Terrence Hayes,,,,,
Loretta Smith,Candace Avalos,David Linn,Doug Clove,Joe Allen,Thomas Shervey
Thomas Shervey,Joe Furi,Candace Avalos,Jamie Dunphy,Timur Ender,Doug Clove
Noah Ernst,Thomas Shervey,Terrence Hayes,Doug Clove,,
Candace Avalos,Thomas Shervey,Joe Furi,Cayle Tern,Peggy Sue Owens,Deian Salazar
Steph Routh,Candace Avalos,Timur Ender,Terrence Hayes,Loretta Smith,
Candace Avalos,Jamie Dunphy,Timur Ender,Loretta Smith,Steph Routh,
Candace Avalos,Terrence Hayes,Loretta Smith,,,
Candace Avalos,Jamie Dunphy,Loretta Smith,Timur Ender,Steph Routh,Doug Clove
,,,,,
Loretta Smith,Terrence Hayes,David Linn,Michael (Mike) Sands,Jamie Dunphy,Thomas Shervey
Candace Avalos,Steph Routh,Jamie Dunphy,,,
Steph Routh,Jamie Dunphy,Terrence Hayes,Loretta Smith,Deian Salazar,Candace Avalos
Noah Ernst,Cayle Tern,Joe Furi,Steph Routh,Terrence Hayes,Deian Salazar
Peggy Sue Owens,Candace Avalos,Cayle Tern,Loretta Smith,Jamie Dunphy,Steph Routh
Thomas Shervey,Doug Clove,Steph Routh,Michael (Mike) Sands,Noah Ernst,Peggy Sue Owens
David Linn,Deian Salazar,Steph Routh,Loretta Smith,Thomas Shervey,Doug Clove
Candace Avalos,Timur Ender,Cayle Tern,,,
Candace Avalos,Steph Routh,Jamie Dunphy,,,
Terrence Hayes,Loretta Smith,Cayle Tern,Candace Avalos,Timur Ender,
Timur Ender,Doug Clove,Loretta Smith,Thomas Shervey,,
Loretta Smith,,,,,
Joe Allen,Candace Avalos,Doug Clove,,,
Doug Clove,Noah Ernst,Timur Ender,David Linn,Michael (Mike) Sands,Thomas Shervey
Jamie Dunphy,Loretta Smith,Steph Routh,Timur Ender,Candace Avalos,Cayle Tern
Timur Ender,Doug Clove,Loretta Smith,,,
,,,,,
Doug Clove,Candace Avalos,Jamie Dunphy,,,
Noah Ernst,Cayle Tern,Joe Allen,,,
Terrence Hayes,,,,,
,,,,,
Noah Ernst,,,,,
David Linn,Candace Avalos,Peggy Sue Owens,Deian Salazar,Terrence Hayes,Doug Clove
Candace Avalos,Cayle Tern,Timur Ender,Steph Routh,Jamie Dunphy,Loretta Smith
Jamie Dunphy,Candace Avalos,Steph Routh,Timur Ender,Cayle Tern,Terrence Hayes
David Linn,Steph Routh,Terrence Hayes,Loretta Smith,Michael (Mike) Sands,Deian Salazar
Noah Ernst,Steph Routh,Loretta Smith,,,
Candace Avalos,Cayle Tern,Timur Ender,,,
Terrence Hayes,Candace Avalos,Loretta Smith,Noah Ernst,Jamie Dunphy,Steph Routh
Timur Ender,Jamie Dunphy,,,,
Jamie Dunphy,Steph Routh,Timur Ender,Loretta Smith,Candace Avalos,Peggy Sue Owens
Candace Avalos,Steph Routh,Jamie Dunphy,Terrence Hayes,Timur Ender,Cayle Tern
Steph Routh,Terrence Hayes,Jamie Dunphy,Candace Avalos,Joe Allen,
Candace Avalos,Steph Routh,Jamie Dunphy,Timur Ender,Cayle Tern,
Terrence Hayes,Joe Allen,Noah Ernst,Joe Furi,Doug Clove,Steph Routh
Thomas Shervey,Timur Ender,Michael (Mike) Sands,Joe Allen,Loretta Smith,Steph Routh
Doug Clove,Joe Furi,Steph Routh,,,
Candace Avalos,Timur Ender,Deian Salazar,Joe Furi,Cayle Tern,Peggy Sue Owens
Noah Ernst,Cayle Tern,Jamie Dunphy,Peggy Sue Owens,Deian Salazar,Terrence Hayes
Timur Ender,Terrence Hayes,Michael (Mike) Sands,Steph Routh,,
Timur Ender,Candace Avalos,Jamie Dunphy,Steph Routh,David Linn,
Noah Ernst,Deian Salazar,Loretta Smith,Terrence Hayes,,
Timur Ender,Steph Routh,Thomas Shervey,Michael (Mike) Sands,Jamie Dunphy,Terrence Hayes
Loretta Smith,Steph Routh,Deian Salazar,Jamie Dunphy,Terrence Hayes,
Jamie Dunphy,Candace Avalos,Loretta Smith,Timur Ender,Michael (Mike) Sands,Noah Ernst
David Linn,,,,,
Loretta Smith,Steph Routh,Michael (Mike) Sands,,,
Timur Ender,Candace Avalos,Terrence Hayes,Steph Routh,,
Candace Avalos,Deian Salazar,Loretta Smith,Cayle Tern,Peggy Sue Owens,Noah Ernst
Timur Ender,Thomas Shervey,Jamie Dunphy,Joe Allen,Michael (Mike) Sands,
Noah Ernst,,,,,
Doug Clove,,,,,
Steph Routh,Loretta Smith,Jamie Dunphy,Candace Avalos,,
Jamie Dunphy,Candace Avalos,,,,
Jamie Dunphy,Candace Avalos,Steph Routh,,,
Jamie Dunphy,,,,,
Noah Ernst,Terrence Hayes,Candace Avalos,Loretta Smith,Steph Routh,Deian Salazar
Jamie Dunphy,Candace Avalos,Steph Routh,,,
Terrence Hayes,Loretta Smith,,,,
Timur Ender,Noah Ernst,Candace Avalos,Steph Routh,Terrence Hayes,Loretta Smith
Timur Ender,Steph Routh,Loretta Smith,Terrence Hayes,,
Candace Avalos,,,,,
Steph Routh,Timur Ender,Candace Avalos,David Linn,Cayle Tern,Deian Salazar
Candace Avalos,,,,,
Jamie Dunphy,Candace Avalos,Steph Routh,Noah Ernst,David Linn,Loretta Smith
Noah Ernst,,,,,
Timur Ender,David Linn,Candace Avalos,Jamie Dunphy,Joe Allen,Cayle Tern
Jamie Dunphy,Steph Routh,Candace Avalos,Timur Ender,,
Terrence Hayes,,,,,
Noah Ernst,,,,,
Timur Ender,Terrence Hayes,Candace Avalos,,,
Candace Avalos,Steph Routh,Timur Ender,,,
Timur Ender,Noah Ernst,Michael (Mike) Sands,Steph Routh,,
Candace Avalos,Jamie Dunphy,Cayle Tern,,,
Jamie Dunphy,Candace Avalos,Steph Routh,David Linn,Loretta Smith,Timur Ender
Noah Ernst,Candace Avalos,Steph Routh,Joe Furi,Cayle Tern,Michael (Mike) Sands
,,,,,
Loretta Smith,Michael (Mike) Sands,Doug Clove,Joe Allen,Steph Routh,Peggy Sue Owens
Candace Avalos,Loretta Smith,Timur Ender,Steph Routh,,
Thomas Shervey,Jamie Dunphy,Timur Ender,Noah Ernst,Michael (Mike) Sands,Deian Salazar
,,,,,
Candace Avalos,Jamie Dunphy,,,,
Terrence Hayes,Loretta Smith,Timur Ender,,,
Peggy Sue Owens,Deian Salazar,Cayle Tern,Write-in-120,Steph Routh,Candace Avalos
Steph Routh,Candace Avalos,Loretta Smith,Terrence Hayes,Doug Clove,David Linn
Doug Clove,Loretta Smith,Terrence Hayes,,,
Jamie Dunphy,Candace Avalos,Steph Routh,David Linn,Noah Ernst,Loretta Smith
Doug Clove,,,,,
Noah Ernst,Joe Allen,,,,
Candace Avalos,Jamie Dunphy,Loretta Smith,Steph Routh,,
Jamie Dunphy,Candace Avalos,Steph Routh,,,
Jamie Dunphy,Candace Avalos,Steph Routh,,,
Candace Avalos,Jamie Dunphy,Steph Routh,Timur Ender,Terrence Hayes,Deian Salazar
David Linn,Doug Clove,Joe Furi,Joe Allen,Loretta Smith,Steph Routh
Peggy Sue Owens,Timur Ender,Noah Ernst,Cayle Tern,,
Steph Routh,Terrence Hayes,Loretta Smith,,,
Loretta Smith,,,,,
Loretta Smith,Terrence Hayes,Steph Routh,,,
Jamie Dunphy,Timur Ender,Noah Ernst,Terrence Hayes,Doug Clove,Candace Avalos
Michael (Mike) Sands,Candace Avalos,Timur Ender,,,
Candace Avalos,,,,,
Doug Clove,Joe Allen,Candace Avalos,Jamie Dunphy,,
Loretta Smith,Terrence Hayes,Candace Avalos,David Linn,Joe Furi,Noah Ernst
Noah Ernst,Timur Ender,Candace Avalos,Deian Salazar,Loretta Smith,Terrence Hayes
Cayle Tern,Jamie Dunphy,Candace Avalos,,,
Candace Avalos,Timur Ender,Noah Ernst,Cayle Tern,Loretta Smith,Jamie Dunphy
Jamie Dunphy,Candace Avalos,Steph Routh,Timur Ender,,
Noah Ernst,Loretta Smith,Doug Clove,,,
Deian Salazar,Noah Ernst,,,,
Jamie Dunphy,Timur Ender,,,,
Loretta Smith,Terrence Hayes,Steph Routh,Jamie Dunphy,David Linn,
Loretta Smith,Terrence Hayes,Michael (Mike) Sands,Steph Routh,Timur Ender,Joe Allen
Candace Avalos,Loretta Smith,Terrence Hayes,Deian Salazar,Thomas Shervey,Jamie Dunphy
Terrence Hayes,,,,,
Terrence Hayes,Timur Ender,,,,
Joe Allen,,,,,
Steph Routh,David Linn,Peggy Sue Owens,Loretta Smith,Joe Furi,Candace Avalos
Loretta Smith,,,,,
Steph Routh,Candace Avalos,Cayle Tern,Jamie Dunphy,,
Deian Salazar,Timur Ender,Terrence Hayes,,,
Jamie Dunphy,Deian Salazar,Timur Ender,,,
Loretta Smith,Candace Avalos,Doug Clove,Terrence Hayes,Joe Furi,
Noah Ernst,Doug Clove,Terrence Hayes,David Linn,Candace Avalos,Timur Ender
Steph Routh,Jamie Dunphy,Timur Ender,,,
Steph Routh,Joe Allen,Doug Clove,David Linn,Michael (Mike) Sands,Terrence Hayes
Timur Ender,Noah Ernst,David Linn,Joe Furi,Thomas Shervey,Jamie Dunphy
Steph Routh,Candace Avalos,Timur Ender,Jamie Dunphy,Cayle Tern,Terrence Hayes
Loretta Smith,Peggy Sue Owens,Candace Avalos,Doug Clove,Jamie Dunphy,Terrence Hayes
Doug Clove,Terrence Hayes,Deian Salazar,,,
Loretta Smith,Steph Routh,David Linn,Terrence Hayes,Timur Ender,Doug Clove
Candace Avalos,Cayle Tern,Timur Ender,,,
Steph Routh,,,,,
Candace Avalos,Cayle Tern,Steph Routh,Timur Ender,Jamie Dunphy,
Candace Avalos,Timur Ender,Steph Routh,Joe Furi,Jamie Dunphy,Loretta Smith
Thomas Shervey,Deian Salazar,,,,
Steph Routh,Timur Ender,Jamie Dunphy,,,
Jamie Dunphy,Candace Avalos,Steph Routh,,,
Peggy Sue Owens,Candace Avalos,Joe Allen,Noah Ernst,,
Jamie Dunphy,Candace Avalos,Steph Routh,,,
Steph Routh,Candace Avalos,Terrence Hayes,Jamie Dunphy,,
Jamie Dunphy,Timur Ender,Write-in-120,,,
Doug Clove,Joe Furi,David Linn,Michael (Mike) Sands,Loretta Smith,Thomas Shervey
Timur Ender,Candace Avalos,Cayle Tern,Steph Routh,Jamie Dunphy,
Noah Ernst,,,,,
Doug Clove,,,,,
Steph Routh,Jamie Dunphy,Candace Avalos,Thomas Shervey,Terrence Hayes,David Linn
Doug Clove,Terrence Hayes,Jamie Dunphy,Thomas Shervey,Loretta Smith,Joe Furi
Steph Routh,Terrence Hayes,Cayle Tern,Candace Avalos,Timur Ender,
Steph Routh,Candace Avalos,Jamie Dunphy,,,
Steph Routh,Terrence Hayes,Jamie Dunphy,,,
Timur Ender,Noah Ernst,Candace Avalos,Joe Allen,Loretta Smith,Jamie Dunphy
Jamie Dunphy,Timur Ender,Loretta Smith,Candace Avalos,Steph Routh,David Linn
Steph Routh,Timur Ender,Candace Avalos,Jamie Dunphy,,
Candace Avalos,Timur Ender,Steph Routh,Thomas Shervey,Loretta Smith,
Noah Ernst,,,,,
Loretta Smith,Steph Routh,,,,
Candace Avalos,Steph Routh,Timur Ender,,,
Candace Avalos,Steph Routh,David Linn,Cayle Tern,Jamie Dunphy,
Timur Ender,,,,,
Jamie Dunphy,Steph Routh,David Linn,Candace Avalos,Loretta Smith,
Candace Avalos,Jamie Dunphy,Loretta Smith,Steph Routh,,
Timur Ender,Candace Avalos,Steph Routh,Michael (Mike) Sands,,
Terrence Hayes,Steph Routh,Candace Avalos,Jamie Dunphy,Cayle Tern,Thomas Shervey
Steph Routh,Jamie Dunphy,Michael (Mike) Sands,David Linn,Terrence Hayes,Deian Salazar
Loretta Smith,Noah Ernst,Timur Ender,,,
Timur Ender,Loretta Smith,Noah Ernst,Doug Clove,Candace Avalos,Terrence Hayes
Timur Ender,Candace Avalos,Terrence Hayes,David Linn,,
Candace Avalos,Cayle Tern,Timur Ender,,,
Noah Ernst,Candace Avalos,Peggy Sue Owens,,,
Candace Avalos,Timur Ender,Steph Routh,,,
Noah Ernst,Deian Salazar,Terrence Hayes,,,
David Linn,Terrence Hayes,Timur Ender,Deian Salazar,Steph Routh,Jamie Dunphy
Timur Ender,Jamie Dunphy,Candace Avalos,Steph Routh,David Linn,Terrence Hayes
Loretta Smith,Terrence Hayes,Candace Avalos,Steph Routh,Deian Salazar,Cayle Tern
Candace Avalos,Timur Ender,Joe Allen,,,
Terrence Hayes,Loretta Smith,Steph Routh,Cayle Tern,Jamie Dunphy,Deian Salazar
Jamie Dunphy,Steph Routh,Candace Avalos,Timur Ender,Loretta Smith,Michael (Mike) Sands
Loretta Smith,,,,,
Timur Ender,Cayle Tern,Candace Avalos,Michael (Mike) Sands,Steph Routh,Joe Furi
Jamie Dunphy,David Linn,Noah Ernst,Terrence Hayes,Joe Furi,
Candace Avalos,Timur Ender,Steph Routh,Jamie Dunphy,Cayle Tern,
Jamie Dunphy,Steph Routh,Candace Avalos,Timur Ender,Loretta Smith,
Write-in-120,,,,,
Noah Ernst,Joe Furi,Loretta Smith,Doug Clove,Terrence Hayes,Joe Allen
Loretta Smith,,,,,
Terrence Hayes,Loretta Smith,Candace Avalos,,,
Timur Ender,Terrence Hayes,Candace Avalos,David Linn,Cayle Tern,
Jamie Dunphy,Michael (Mike) Sands,David Linn,Doug Clove,Timur Ender,Deian Salazar
Terrence Hayes,,,,,
Candace Avalos,Cayle Tern,Timur Ender,,,
Loretta Smith,Noah Ernst,Peggy Sue Owens,Deian Salazar,,
Candace Avalos,David Linn,Steph Routh,,,
Noah Ernst,Doug Clove,Deian Salazar,,,
Candace Avalos,Timur Ender,Steph Routh,,,
Noah Ernst,Joe Allen,Doug Clove,Thomas Shervey,Joe Furi,
Loretta Smith,Candace Avalos,Terrence Hayes,Doug Clove,Peggy Sue Owens,David Linn
David Linn,,,,,
Michael (Mike) Sands,Joe Furi,Candace Avalos,Terrence Hayes,Jamie Dunphy,Cayle Tern
Loretta Smith,Terrence Hayes,Steph Routh,Jamie Dunphy,,
Steph Routh,Loretta Smith,,,,
Timur Ender,Cayle Tern,Steph Routh,Jamie Dunphy,,
Candace Avalos,Timur Ender,Loretta Smith,Joe Allen,Steph Routh,Jamie Dunphy
Jamie Dunphy,Terrence Hayes,Loretta Smith,Steph Routh,Joe Allen,David Linn
Jamie Dunphy,Steph Routh,Timur Ender,,,
Steph Routh,Loretta Smith,Terrence Hayes,Noah Ernst,Joe Allen,David Linn
Jamie Dunphy,Steph Routh,Candace Avalos,,,
Thomas Shervey,Loretta Smith,Candace Avalos,Jamie Dunphy,Joe Allen,David Linn
David Linn,,,,,
David Linn,,,,,
Steph Routh,Candace Avalos,Loretta Smith,,,
Jamie Dunphy,Steph Routh,Candace Avalos,,,
Timur Ender,David Linn,Loretta Smith,,,
Candace Avalos,Timur Ender,Jamie Dunphy,Cayle Tern,Steph Routh,
Steph Routh,Timur Ender,Jamie Dunphy,Candace Avalos,,
Jamie Dunphy,Steph Routh,Candace Avalos,Noah Ernst,,
Candace Avalos,Steph Routh,Timur Ender,Terrence Hayes,Noah Ernst,
Terrence Hayes,Candace Avalos,Peggy Sue Owens,Loretta Smith,,
Noah Ernst,Timur Ender,,,,
Loretta Smith,Terrence Hayes,Deian Salazar,,,
Noah Ernst,,,,,
Timur Ender,Candace Avalos,Cayle Tern,Michael (Mike) Sands,Deian Salazar,Jamie Dunphy
Peggy Sue Owens,Candace Avalos,Cayle Tern,Loretta Smith,Steph Routh,Jamie Dunphy
Candace Avalos,Timur Ender,Loretta Smith,Cayle Tern,Deian Salazar,Steph Routh
Terrence Hayes,Deian Salazar,,,,
Candace Avalos,Steph Routh,Timur Ender,Jamie Dunphy,Cayle Tern,Terrence Hayes
Candace Avalos,Steph Routh,Timur Ender,,,
Loretta Smith,Terrence Hayes,Candace Avalos,Deian Salazar,Joe Allen,Timur Ender
Loretta Smith,David Linn,Peggy Sue Owens,Candace Avalos,Cayle Tern,
Loretta Smith,Steph Routh,Terrence Hayes,Jamie Dunphy,Joe Furi,Michael (Mike) Sands
Terrence Hayes,Loretta Smith,Candace Avalos,Steph Routh,Thomas Shervey,Jamie Dunphy
Timur Ender,Candace Avalos,Jamie Dunphy,Steph Routh,,
Timur Ender,Candace Avalos,Noah Ernst,Terrence Hayes,Jamie Dunphy,
Candace Avalos,Cayle Tern,Timur Ender,Jamie Dunphy,Steph Routh,David Linn
Timur Ender,Candace Avalos,Loretta Smith,Cayle Tern,David Linn,Deian Salazar
Candace Avalos,Terrence Hayes,Noah Ernst,Loretta Smith,,
Timur Ender,Noah Ernst,Michael (Mike) Sands,Cayle Tern,Steph Routh,David Linn
Timur Ender,Loretta Smith,,,,
Loretta Smith,Doug Clove,Timur Ender,Terrence Hayes,Jamie Dunphy,Steph Routh
Jamie Dunphy,Steph Routh,Candace Avalos,,,
Candace Avalos,Deian Salazar,Loretta Smith,,,
Michael (Mike) Sands,Cayle Tern,Noah Ernst,Thomas Shervey,Loretta Smith,Steph Routh
Candace Avalos,Cayle Tern,Timur Ender,,,
Loretta Smith,Steph Routh,Terrence Hayes,Doug Clove,Deian Salazar,Michael (Mike) Sands
Noah Ernst,Peggy Sue Owens,David Linn,Doug Clove,Loretta Smith,Michael (Mike) Sands
Noah Ernst,Joe Furi,Deian Salazar,Thomas Shervey,,
Noah Ernst,,,,,
David Linn,Peggy Sue Owens,Joe Furi,Timur Ender,,
Timur Ender,Candace Avalos,Loretta Smith,Terrence Hayes,Noah Ernst,Jamie Dunphy
Timur Ender,,,,,
Steph Routh,Jamie Dunphy,Timur Ender,Candace Avalos,David Linn,Cayle Tern
Steph Routh,Candace Avalos,Jamie Dunphy,Timur Ender,Cayle Tern,Terrence Hayes
Doug Clove,Deian Salazar,Thomas Shervey,,,
Deian Salazar,Terrence Hayes,Peggy Sue Owens,,,
Candace Avalos,,,,,
Steph Routh,Peggy Sue Owens,Loretta Smith,Candace Avalos,Thomas Shervey,Timur Ender
,,,,,
Doug Clove,,,,,
Noah Ernst,Deian Salazar,Thomas Shervey,,,
Candace Avalos,Steph Routh,Jamie Dunphy,,,
Loretta Smith,Terrence Hayes,Noah Ernst,Steph Routh,Jamie Dunphy,
Doug Clove,Noah Ernst,David Linn,,,
Jamie Dunphy,Thomas Shervey,Terrence Hayes,Doug Clove,Joe Allen,Loretta Smith
Terrence Hayes,Noah Ernst,Candace Avalos,Michael (Mike) Sands,Steph Routh,Doug Clove
Jamie Dunphy,,,,,
Loretta Smith,Terrence Hayes,Steph Routh,Timur Ender,Cayle Tern,Joe Allen
Jamie Dunphy,Timur Ender,Candace Avalos,Steph Routh,David Linn,Noah Ernst
Jamie Dunphy,Loretta Smith,Terrence Hayes,Deian Salazar,Timur Ender,Candace Avalos
Candace Avalos,Steph Routh,Jamie Dunphy,Timur Ender,Loretta Smith,Peggy Sue Owens
Peggy Sue Owens,Timur Ender,Noah Ernst,Candace Avalos,Joe Allen,David Linn
Jamie Dunphy,Loretta Smith,Steph Routh,Doug Clove,Candace Avalos,Michael (Mike) Sands
Noah Ernst,Steph Routh,Terrence Hayes,Loretta Smith,Candace Avalos,
David Linn,Steph Routh,Candace Avalos,Noah Ernst,Doug Clove,Jamie Dunphy
Jamie Dunphy,Candace Avalos,Steph Routh,Timur Ender,,
Loretta Smith,Terrence Hayes,Steph Routh,Jamie Dunphy,Timur Ender,Candace Avalos
Peggy Sue Owens,Joe Allen,Michael (Mike) Sands,Loretta Smith,Joe Furi,Doug Clove
Loretta Smith,,,,,
Timur Ender,Steph Routh,Deian Salazar,Loretta Smith,,
Candace Avalos,Cayle Tern,Timur Ender,,,
,,,,,
Candace Avalos,Timur Ender,David Linn,Steph Routh,Cayle Tern,Jamie Dunphy
Michael (Mike) Sands,Timur Ender,Loretta Smith,Doug Clove,Noah Ernst,Terrence Hayes
Steph Routh,Candace Avalos,Doug Clove,Timur Ender,Loretta Smith,Cayle Tern
Candace Avalos,Cayle Tern,Timur Ender,,,
Noah Ernst,Terrence Hayes,Cayle Tern,Candace Avalos,Loretta Smith,Steph Routh
Doug Clove,Cayle Tern,Candace Avalos,Jamie Dunphy,Steph Routh,Terrence Hayes
Candace Avalos,Doug Clove,,,,
Jamie Dunphy,Timur Ender,Michael (Mike) Sands,Joe Furi,David Linn,
Candace Avalos,Timur Ender,Jamie Dunphy,Steph Routh,,
Candace Avalos,Deian Salazar,Jamie Dunphy,Joe Allen,Peggy Sue Owens,Noah Ernst
Candace Avalos,Loretta Smith,Timur Ender,Steph Routh,Cayle Tern,Terrence Hayes
Noah Ernst,Deian Salazar,Candace Avalos,Terrence Hayes,Joe Furi,Joe Allen
Steph Routh,Jamie Dunphy,Candace Avalos,Terrence Hayes,Noah Ernst,Timur Ender
Terrence Hayes,Loretta Smith,,,,
Timur Ender,Cayle Tern,Noah Ernst,Candace Avalos,,
Jamie Dunphy,Joe Allen,David Linn,Timur Ender,Cayle Tern,Deian Salazar
Doug Clove,Noah Ernst,David Linn,Cayle Tern,,
Steph Routh,Timur Ender,Candace Avalos,Jamie Dunphy,Cayle Tern,Terrence Hayes
Terrence Hayes,Steph Routh,Jamie Dunphy,Candace Avalos,,
Jamie Dunphy,Steph Routh,Timur Ender,,,
Loretta Smith,Jamie Dunphy,Candace Avalos,Terrence Hayes,,
Timur Ender,Michael (Mike) Sands,Loretta Smith,Steph Routh,David Linn,Candace Avalos
Candace Avalos,Cayle Tern,Michael (Mike) Sands,Timur Ender,Steph Routh,Jamie Dunphy
Doug Clove,Candace Avalos,David Linn,Deian Salazar,Loretta Smith,Terrence Hayes
Noah Ernst,,,,,
Jamie Dunphy,Candace Avalos,Steph Routh,Noah Ernst,David Linn,Loretta Smith
Thomas Shervey,David Linn,Loretta Smith,,,
Loretta Smith,Timur Ender,David Linn,Jamie Dunphy,Cayle Tern,Deian Salazar
Deian Salazar,Joe Furi,Doug Clove,,,
Terrence Hayes,Candace Avalos,Timur Ender,David Linn,Steph Routh,Jamie Dunphy
Jamie Dunphy,Steph Routh,Candace Avalos,Timur Ender,Loretta Smith,Deian Salazar
Candace Avalos,Jamie Dunphy,Terrence Hayes,Deian Salazar,Cayle Tern,David Linn
Timur Ender,Terrence Hayes,Steph Routh,,,
Timur Ender,Steph Routh,Deian Salazar,Candace Avalos,Terrence Hayes,Cayle Tern
Loretta Smith,Steph Routh,Jamie Dunphy,David Linn,Candace Avalos,Deian Salazar
Terrence Hayes,Peggy Sue Owens,Doug Clove,,,
Noah Ernst,Terrence Hayes,Joe Allen,,,
Loretta Smith,Timur Ender,Joe Allen,Doug Clove,Terrence Hayes,Jamie Dunphy
Candace Avalos,Michael (Mike) Sands,Steph Routh,Jamie Dunphy,Terrence Hayes,Loretta Smith
Peggy Sue Owens,Candace Avalos,Cayle Tern,Loretta Smith,,
David Linn,Michael (Mike) Sands,Steph Routh,Loretta Smith,Timur Ender,Cayle Tern
Candace Avalos,Jamie Dunphy,Michael (Mike) Sands,Terrence Hayes,Cayle Tern,Timur Ender
Noah Ernst,Cayle Tern,Michael (Mike) Sands,Doug Clove,Terrence Hayes,Jamie Dunphy
Candace Avalos,Loretta Smith,Terrence Hayes,Steph Routh,Jamie Dunphy,Deian Salazar
Jamie Dunphy,,,,,
Terrence Hayes,Candace Avalos,Cayle Tern,Steph Routh,Jamie Dunphy,Doug Clove
Candace Avalos,Loretta Smith,Cayle Tern,Peggy Sue Owens,Timur Ender,Noah Ernst
Candace Avalos,Cayle Tern,Timur Ender,Steph Routh,David Linn,
Loretta Smith,Candace Avalos,Peggy Sue Owens,Jamie Dunphy,Deian Salazar,Michael (Mike) Sands
Noah Ernst,Deian Salazar,Doug Clove,Joe Furi,,
Loretta Smith,Terrence Hayes,Steph Routh,,,
Michael (Mike) Sands,Loretta Smith,Timur Ender,David Linn,Candace Avalos,Doug Clove
Noah Ernst,Joe Furi,Michael (Mike) Sands,,,
Cayle Tern,Candace Avalos,Terrence Hayes,Timur Ender,Steph Routh,Deian Salazar
Timur Ender,Cayle Tern,Candace Avalos,David Linn,,
Jamie Dunphy,,,,,
Candace Avalos,Jamie Dunphy,Timur Ender,David Linn,Thomas Shervey,Terrence Hayes
Terrence Hayes,Loretta Smith,Jamie Dunphy,,,
Loretta Smith,Terrence Hayes,Noah Ernst,Joe Furi,Candace Avalos,
Terrence Hayes,Noah Ernst,Doug Clove,,,
Loretta Smith,Joe Allen,Joe Furi,,,
Candace Avalos,Timur Ender,Steph Routh,Jamie Dunphy,Cayle Tern,David Linn
Terrence Hayes,,,,,
Terrence Hayes,,,,,
Candace Avalos,Noah Ernst,,,,
Candace Avalos,Terrence Hayes,Thomas Shervey,Doug Clove,Steph Routh,Jamie Dunphy
Jamie Dunphy,Candace Avalos,Steph Routh,,,
Candace Avalos,Timur Ender,Steph Routh,Jamie Dunphy,Cayle Tern,David Linn
Timur Ender,Candace Avalos,Doug Clove,David Linn,Joe Allen,Steph Routh
Steph Routh,Timur Ender,Cayle Tern,Terrence Hayes,Candace Avalos,David Linn
Jamie Dunphy,Candace Avalos,Steph Routh,Noah Ernst,David Linn,Loretta Smith
Noah Ernst,,,,,
Steph Routh,Loretta Smith,Timur Ender,Candace Avalos,Cayle Tern,
Terrence Hayes,,,,,
Noah Ernst,Joe Allen,Timur Ender,,,
Candace Avalos,Jamie Dunphy,Steph Routh,David Linn,Terrence Hayes,Timur Ender
Jamie Dunphy,Steph Routh,Candace Avalos,Loretta Smith,Joe Furi,Joe Allen
Terrence Hayes,Loretta Smith,Joe Furi,Steph Routh,Candace Avalos,Jamie Dunphy
Candace Avalos,Cayle Tern,,,,
Deian Salazar,Terrence Hayes,Loretta Smith,,,
Steph Routh,Michael (Mike) Sands,Terrence Hayes,Loretta Smith,Joe Furi,Candace Avalos
Jamie Dunphy,Candace Avalos,Doug Clove,Timur Ender,Steph Routh,
Jamie Dunphy,David Linn,,,,
Steph Routh,Terrence Hayes,Jamie Dunphy,Timur Ender,Candace Avalos,
Steph Routh,Candace Avalos,,,,
Joe Furi,Candace Avalos,Thomas Shervey,Terrence Hayes,Deian Salazar,Joe Allen
Loretta Smith,Noah Ernst,Terrence Hayes,Joe Furi,Doug Clove,
Loretta Smith,Doug Clove,Noah Ernst,Peggy Sue Owens,,
Joe Allen,,,,,
Candace Avalos,Jamie Dunphy,,,,
Candace Avalos,Jamie Dunphy,Steph Routh,Timur Ender,Cayle Tern,David Linn
Steph Routh,Candace Avalos,,,,
Loretta Smith,Cayle Tern,Timur Ender,Joe Furi,Joe Allen,David Linn
Jamie Dunphy,Candace Avalos,Noah Ernst,Steph Routh,David Linn,Loretta Smith
Joe Allen,Timur Ender,Steph Routh,Terrence Hayes,Candace Avalos,Joe Furi
Joe Allen,Cayle Tern,Michael (Mike) Sands,Deian Salazar,Steph Routh,Jamie Dunphy
Candace Avalos,Steph Routh,Jamie Dunphy,Timur Ender,Joe Allen,Loretta Smith
Jamie Dunphy,Joe Allen,Michael (Mike) Sands,Loretta Smith,Doug Clove,Peggy Sue Owens
Timur Ender,Candace Avalos,David Linn,Steph Routh,,
Timur Ender,Candace Avalos,Cayle Tern,Loretta Smith,Steph Routh,
Thomas Shervey,Terrence Hayes,Michael (Mike) Sands,Timur Ender,Noah Ernst,Candace Avalos
Jamie Dunphy,Terrence Hayes,Loretta Smith,Steph Routh,Timur Ender,Candace Avalos
Steph Routh,Loretta Smith,Candace Avalos,,,
Loretta Smith,Thomas Shervey,Joe Furi,Steph Routh,Jamie Dunphy,David Linn
Loretta Smith,Terrence Hayes,Candace Avalos,,,
Candace Avalos,Jamie Dunphy,Joe Allen,Cayle Tern,Timur Ender,
David Linn,Loretta Smith,Candace Avalos,,,
,,,,,
Loretta Smith,Peggy Sue Owens,Deian Salazar,Candace Avalos,Terrence Hayes,Doug Clove
Candace Avalos,Loretta Smith,Jamie Dunphy,Steph Routh,,
David Linn,Noah Ernst,Steph Routh,Jamie Dunphy,Candace Avalos,Terrence Hayes
Terrence Hayes,Doug Clove,Cayle Tern,Steph Routh,,
,,,,,
Candace Avalos,David Linn,Steph Routh,Jamie Dunphy,Timur Ender,Cayle Tern
Steph Routh,Jamie Dunphy,Timur Ender,David Linn,,
Jamie Dunphy,Candace Avalos,Cayle Tern,Timur Ender,,
Candace Avalos,Jamie Dunphy,Steph Routh,Cayle Tern,Terrence Hayes,Timur Ender
Terrence Hayes,Jamie Dunphy,Steph Routh,Timur Ender,Cayle Tern,Noah Ernst
Jamie Dunphy,Candace Avalos,Cayle Tern,Joe Allen,Thomas Shervey,Steph Routh
Noah Ernst,Terrence Hayes,Peggy Sue Owens,David Linn,Michael (Mike) Sands,
Candace Avalos,Terrence Hayes,Timur Ender,Steph Routh,,
Candace Avalos,Steph Routh,Jamie Dunphy,Terrence Hayes,Loretta Smith,Timur Ender
Noah Ernst,Joe Allen,Timur Ender,Doug Clove,Deian Salazar,Terrence Hayes
Jamie Dunphy,Timur Ender,David Linn,Joe Allen,Candace Avalos,Cayle Tern
Noah Ernst,,,,,
Candace Avalos,Timur Ender,Michael (Mike) Sands,Cayle Tern,Loretta Smith,
Doug Clove,Joe Allen,David Linn,Steph Routh,Cayle Tern,Terrence Hayes
Thomas Shervey,Michael (Mike) Sands,David Linn,Noah Ernst,Doug Clove,Joe Allen
Joe Allen,David Linn,Cayle Tern,Doug Clove,Michael (Mike) Sands,Joe Furi
Cayle Tern,Candace Avalos,Timur Ender,Noah Ernst,Doug Clove,
Terrence Hayes,Candace Avalos,Loretta Smith,Noah Ernst,Jamie Dunphy,Steph Routh
Terrence Hayes,Loretta Smith,David Linn,Candace Avalos,Noah Ernst,Timur Ender
Timur Ender,David Linn,Loretta Smith,Steph Routh,Jamie Dunphy,
Timur Ender,,,,,
Loretta Smith,Candace Avalos,Terrence Hayes,Timur Ender,,
Terrence Hayes,Steph Routh,,,,
Candace Avalos,Steph Routh,Jamie Dunphy,Noah Ernst,David Linn,Loretta Smith
Timur Ender,Peggy Sue Owens,Joe Allen,David Linn,Loretta Smith,Doug Clove
Jamie Dunphy,Steph Routh,Timur Ender,,,
Noah Ernst,Terrence Hayes,Joe Furi,Loretta Smith,Doug Clove,
Terrence Hayes,David Linn,Michael (Mike) Sands,Loretta Smith,Jamie Dunphy,Candace Avalos
,,,,,
Loretta Smith,Steph Routh,Jamie Dunphy,,,
Jamie Dunphy,Noah Ernst,Candace Avalos,Steph Routh,,
Loretta Smith,,,,,
David Linn,Loretta Smith,Jamie Dunphy,Steph Routh,Candace Avalos,
Doug Clove,,,,,
Candace Avalos,Jamie Dunphy,Timur Ender,,,
Loretta Smith,Deian Salazar,,,,
,,,,,
Terrence Hayes,Deian Salazar,Candace Avalos,Jamie Dunphy,Thomas Shervey,David Linn
Michael (Mike) Sands,Loretta Smith,Jamie Dunphy,Steph Routh,Terrence Hayes,Thomas Shervey
Steph Routh,Timur Ender,Candace Avalos,,,
David Linn,Jamie Dunphy,Steph Routh,Timur Ender,Candace Avalos,
Doug Clove,,,,,
Candace Avalos,Steph Routh,Timur Ender,,,
Timur Ender,Loretta Smith,Jamie Dunphy,,,
Candace Avalos,Steph Routh,Timur Ender,Jamie Dunphy,Cayle Tern,David Linn
Noah Ernst,Doug Clove,Terrence Hayes,Joe Furi,Deian Salazar,Thomas Shervey
Candace Avalos,Cayle Tern,Steph Routh,Jamie Dunphy,Timur Ender,Loretta Smith
Candace Avalos,Terrence Hayes,Timur Ender,Cayle Tern,Deian Salazar,Steph Routh
Jamie Dunphy,Candace Avalos,Timur Ender,,,
Steph Routh,Jamie Dunphy,Candace Avalos,,,
David Linn,Noah Ernst,Timur Ender,Cayle Tern,Jamie Dunphy,Thomas Shervey
Terrence Hayes,Timur Ender,Noah Ernst,David Linn,Deian Salazar,Loretta Smith
Jamie Dunphy,Candace Avalos,Terrence Hayes,Thomas Shervey,Steph Routh,Joe Allen
David Linn,,,,,
Joe Allen,Terrence Hayes,Jamie Dunphy,,,
Noah Ernst,,,,,
Michael (Mike) Sands,Joe Allen,David Linn,,,
Candace Avalos,Timur Ender,Jamie Dunphy,Steph Routh,Cayle Tern,Loretta Smith
Loretta Smith,Terrence Hayes,Peggy Sue Owens,Candace Avalos,Joe Allen,
Terrence Hayes,Joe Allen,Cayle Tern,Thomas Shervey,,
Noah Ernst,,,,,
Steph Routh,Candace Avalos,Loretta Smith,,,
Loretta Smith,Jamie Dunphy,Steph Routh,Peggy Sue Owens,,
Terrence Hayes,Loretta Smith,Michael (Mike) Sands,Joe Allen,Peggy Sue Owens,David Linn
Timur Ender,Joe Allen,David Linn,Deian Salazar,Jamie Dunphy,Terrence Hayes
,,,,,
Timur Ender,Joe Allen,David Linn,Michael (Mike) Sands,Thomas Shervey,Steph Routh
Terrence Hayes,David Linn,,,,
Candace Avalos,Timur Ender,Michael (Mike) Sands,Cayle Tern,Jamie Dunphy,Terrence Hayes
Loretta Smith,Terrence Hayes,Jamie Dunphy,,,
Timur Ender,Candace Avalos,Jamie Dunphy,,,
Noah Ernst,,,,,
Candace Avalos,Timur Ender,Steph Routh,Jamie Dunphy,Cayle Tern,David Linn
Terrence Hayes,Noah Ernst,Doug Clove,Joe Furi,Jamie Dunphy,Loretta Smith
Loretta Smith,,,,,
Joe Allen,,,,,
Candace Avalos,Loretta Smith,Timur Ender,Cayle Tern,Steph Routh,Jamie Dunphy
Terrence Hayes,Noah Ernst,Loretta Smith,,,
Joe Allen,,,,,
Michael (Mike) Sands,Cayle Tern,Timur Ender,,,
Steph Routh,Candace Avalos,Timur Ender,Cayle Tern,Michael (Mike) Sands,
Timur Ender,Steph Routh,Terrence Hayes,Noah Ernst,Jamie Dunphy,Loretta Smith
Cayle Tern,Candace Avalos,Timur Ender,David Linn,Steph Routh,Jamie Dunphy
Loretta Smith,,,,,
Jamie Dunphy,Candace Avalos,Timur Ender,Steph Routh,Terrence Hayes,Loretta Smith
Steph Routh,Doug Clove,Noah Ernst,Deian Salazar,Jamie Dunphy,Joe Allen
Loretta Smith,Steph Routh,Terrence Hayes,Candace Avalos,Timur Ender,Noah Ernst
Jamie Dunphy,Loretta Smith,Doug Clove,,,
Candace Avalos,Steph Routh,Jamie Dunphy,,,
Steph Routh,Loretta Smith,,,,
Noah Ernst,,,,,
Jamie Dunphy,Timur Ender,Steph Routh,,,
Steph Routh,,,,,
Jamie Dunphy,Steph Routh,Loretta Smith,Timur Ender,Noah Ernst,Candace Avalos
Terrence Hayes,Timur Ender,Noah Ernst,Loretta Smith,Candace Avalos,
Candace Avalos,Timur Ender,Terrence Hayes,Joe Furi,Michael (Mike) Sands,Joe Allen
Steph Routh,Jamie Dunphy,Terrence Hayes,,,
Deian Salazar,Loretta Smith,Thomas Shervey,Jamie Dunphy,Steph Routh,Doug Clove
Candace Avalos,Steph Routh,Loretta Smith,Jamie Dunphy,Terrence Hayes,Cayle Tern
Candace Avalos,Timur Ender,Steph Routh,Jamie Dunphy,Cayle Tern,David Linn
Peggy Sue Owens,Candace Avalos,Michael (Mike) Sands,Deian Salazar,Joe Furi,David Linn
Jamie Dunphy,Steph Routh,Candace Avalos,Timur Ender,Noah Ernst,
Thomas Shervey,Doug Clove,Jamie Dunphy,,,
Terrence Hayes,Loretta Smith,Noah Ernst,Doug Clove,,
David Linn,,,,,
Doug Clove,,,,,
Jamie Dunphy,Candace Avalos,Steph Routh,David Linn,Cayle Tern,Loretta Smith
Timur Ender,David Linn,Noah Ernst,Cayle Tern,Doug Clove,Terrence Hayes
Steph Routh,Timur Ender,Jamie Dunphy,Cayle Tern,David Linn,Candace Avalos
Candace Avalos,Jamie Dunphy,Steph Routh,,,
Loretta Smith,Noah Ernst,,,,
Candace Avalos,Steph Routh,Timur Ender,,,
Jamie Dunphy,Timur Ender,Noah Ernst,Terrence Hayes,Steph Routh,
Terrence Hayes,Loretta Smith,Candace Avalos,Deian Salazar,Peggy Sue Owens,David Linn
Terrence Hayes,Noah Ernst,Candace Avalos,,,
Loretta Smith,,,,,
Terrence Hayes,Steph Routh,Candace Avalos,,,
Noah Ernst,Jamie Dunphy,Steph Routh,David Linn,Doug Clove,Joe Allen
Doug Clove,David Linn,Joe Allen,,,
Loretta Smith,Steph Routh,Terrence Hayes,,,
Loretta Smith,Peggy Sue Owens,Noah Ernst,Candace Avalos,Terrence Hayes,Steph Routh
Jamie Dunphy,Timur Ender,Steph Routh,Candace Avalos,David Linn,
Deian Salazar,Doug Clove,Jamie Dunphy,Steph Routh,David Linn,Joe Allen
Loretta Smith,Timur Ender,Candace Avalos,Terrence Hayes,Steph Routh,Noah Ernst
Noah Ernst,Doug Clove,Terrence Hayes,Steph Routh,Jamie Dunphy,Thomas Shervey
Candace Avalos,Cayle Tern,Timur Ender,,,
Terrence Hayes,Noah Ernst,Joe Furi,Loretta Smith,Doug Clove,
Doug Clove,Timur Ender,David Linn,Thomas Shervey,Deian Salazar,Noah Ernst
Candace Avalos,Jamie Dunphy,Joe Furi,Doug Clove,Michael (Mike) Sands,Deian Salazar
Terrence Hayes,Loretta Smith,,,,
Noah Ernst,Cayle Tern,Deian Salazar,Timur Ender,David Linn,Michael (Mike) Sands
Loretta Smith,Timur Ender,Steph Routh,Michael (Mike) Sands,Jamie Dunphy,Joe Allen
Terrence Hayes,Loretta Smith,,,,
Terrence Hayes,Noah Ernst,Loretta Smith,Candace Avalos,David Linn,Cayle Tern
Candace Avalos,Timur Ender,Steph Routh,,,
Jamie Dunphy,Candace Avalos,Noah Ernst,,,
Terrence Hayes,,,,,
Candace Avalos,,,,,
Candace Avalos,Peggy Sue Owens,Loretta Smith,,,
Candace Avalos,Jamie Dunphy,Timur Ender,Terrence Hayes,Steph Routh,Deian Salazar
Jamie Dunphy,Candace Avalos,Steph Routh,,,
Candace Avalos,Timur Ender,Cayle Tern,,,
Loretta Smith,Terrence Hayes,,,,
Terrence Hayes,Noah Ernst,Doug Clove,,,
Candace Avalos,Jamie Dunphy,Timur Ender,Steph Routh,,
Noah Ernst,Doug Clove,Timur Ender,Candace Avalos,Steph Routh,Jamie Dunphy
Loretta Smith,,,,,
Terrence Hayes,Thomas Shervey,Joe Furi,David Linn,Timur Ender,Candace Avalos
Noah Ernst,Joe Furi,Thomas Shervey,Loretta Smith,,
Loretta Smith,Deian Salazar,Jamie Dunphy,,,
Noah Ernst,Loretta Smith,Joe Allen,Peggy Sue Owens,Michael (Mike) Sands,David Linn
Candace Avalos,Timur Ender,Steph Routh,Jamie Dunphy,Cayle Tern,David Linn
Loretta Smith,Steph Routh,David Linn,,,
Candace Avalos,Jamie Dunphy,Steph Routh,David Linn,Noah Ernst,Loretta Smith
Timur Ender,,,,,
Joe Allen,David Linn,Doug Clove,Loretta Smith,Thomas Shervey,Steph Routh
Jamie Dunphy,Candace Avalos,Noah Ernst,David Linn,,
Candace Avalos,Terrence Hayes,Cayle Tern,Steph Routh,Jamie Dunphy,Joe Furi
Timur Ender,,,,,
Terrence Hayes,Write-in-120,Write-in-121,Write-in-122,Peggy Sue Owens,
Timur Ender,Steph Routh,Candace Avalos,Loretta Smith,Jamie Dunphy,Terrence Hayes
Terrence Hayes,Loretta Smith,Deian Salazar,Noah Ernst,Doug Clove,
Jamie Dunphy,Noah Ernst,Candace Avalos,David Linn,,
Noah Ernst,David Linn,Thomas Shervey,Michael (Mike) Sands,Peggy Sue Owens,Steph Routh
Candace Avalos,Loretta Smith,Terrence Hayes,Cayle Tern,Jamie Dunphy,Steph Routh
Timur Ender,Jamie Dunphy,Loretta Smith,Terrence Hayes,Noah Ernst,Candace Avalos
Terrence Hayes,,,,,
Noah Ernst,,,,,
Terrence Hayes,Noah Ernst,Joe Furi,Loretta Smith,Doug Clove,Write-in-120
Steph Routh,Candace Avalos,Joe Allen,Doug Clove,Deian Salazar,Loretta Smith
Noah Ernst,Candace Avalos,Timur Ender,,,
Timur Ender,,,,,
Candace Avalos,Steph Routh,Timur Ender,Jamie Dunphy,Cayle Tern,
Peggy Sue Owens,,,,,
Jamie Dunphy,Loretta Smith,Steph Routh,Timur Ender,Candace Avalos,Michael (Mike) Sands
Jamie Dunphy,Steph Routh,Candace Avalos,,,
Noah Ernst,Jamie Dunphy,Timur Ender,Steph Routh,Candace Avalos,Loretta Smith
Steph Routh,Timur Ender,Deian Salazar,Jamie Dunphy,Terrence Hayes,Doug Clove
Candace Avalos,Steph Routh,Timur Ender,David Linn,Jamie Dunphy,
Steph Routh,Candace Avalos,Jamie Dunphy,,,
Terrence Hayes,,,,,
Noah Ernst,Candace Avalos,David Linn,Terrence Hayes,,
Loretta Smith,Noah Ernst,Deian Salazar,Doug Clove,Joe Allen,David Linn
Loretta Smith,Steph Routh,Terrence Hayes,Joe Allen,,
Timur Ender,Candace Avalos,Cayle Tern,Thomas Shervey,Steph Routh,Deian Salazar
Loretta Smith,Steph Routh,Terrence Hayes,Candace Avalos,Peggy Sue Owens,David Linn
Noah Ernst,Doug Clove,Loretta Smith,Deian Salazar,Terrence Hayes,Thomas Shervey
Steph Routh,Noah Ernst,Jamie Dunphy,,,
,,,,,
Doug Clove,Joe Furi,Deian Salazar,Candace Avalos,Steph Routh,Terrence Hayes
Terrence Hayes,Loretta Smith,Candace Avalos,Steph Routh,,
Loretta Smith,Terrence Hayes,Steph Routh,Timur Ender,Jamie Dunphy,
Noah Ernst,,,,,
Noah Ernst,Deian Salazar,Michael (Mike) Sands,Loretta Smith,,
Noah Ernst,Doug Clove,Deian Salazar,,,
Noah Ernst,Jamie Dunphy,Steph Routh,Loretta Smith,Cayle Tern,Terrence Hayes
Jamie Dunphy,Timur Ender,,,,
Noah Ernst,Loretta Smith,Jamie Dunphy,Cayle Tern,Candace Avalos,Peggy Sue Owens
Loretta Smith,Terrence Hayes,Deian Salazar,Timur Ender,Steph Routh,Candace Avalos
Steph Routh,Jamie Dunphy,Thomas Shervey,,,
Terrence Hayes,Noah Ernst,Loretta Smith,,,
Terrence Hayes,David Linn,Noah Ernst,Peggy Sue Owens,Loretta Smith,Jamie Dunphy
Terrence Hayes,Noah Ernst,,,,
Steph Routh,Jamie Dunphy,,,,
Noah Ernst,Joe Allen,Thomas Shervey,Steph Routh,Peggy Sue Owens,
Candace Avalos,Timur Ender,Jamie Dunphy,Steph Routh,,
Peggy Sue Owens,Candace Avalos,Loretta Smith,Jamie Dunphy,Cayle Tern,Terrence Hayes
Michael (Mike) Sands,Deian Salazar,Steph Routh,,,
Doug Clove,David Linn,,,,
Steph Routh,Jamie Dunphy,Candace Avalos,,,
Candace Avalos,Steph Routh,Jamie Dunphy,,,
Candace Avalos,Steph Routh,Timur Ender,Jamie Dunphy,Loretta Smith,
Candace Avalos,,,,,
Noah Ernst,Joe Furi,Loretta Smith,Steph Routh,Doug Clove,Candace Avalos
Timur Ender,Steph Routh,Jamie Dunphy,,,
Noah Ernst,Terrence Hayes,Loretta Smith,,,
Michael (Mike) Sands,Steph Routh,Thomas Shervey,Jamie Dunphy,,
Steph Routh,Jamie Dunphy,Candace Avalos,Doug Clove,David Linn,Terrence Hayes
Timur Ender,Jamie Dunphy,Steph Routh,David Linn,Cayle Tern,Candace Avalos
Candace Avalos,,,,,
Terrence Hayes,Cayle Tern,Steph Routh,,,
Steph Routh,Timur Ender,Candace Avalos,,,
Doug Clove,Deian Salazar,Thomas Shervey,Terrence Hayes,,
Candace Avalos,Timur Ender,Steph Routh,Jamie Dunphy,Cayle Tern,David Linn
Write-in-120,Peggy Sue Owens,Timur Ender,Candace Avalos,Steph Routh,Loretta Smith
Candace Avalos,Steph Routh,,,,
Loretta Smith,Jamie Dunphy,Timur Ender,Steph Routh,Michael (Mike) Sands,Noah Ernst
Steph Routh,Timur Ender,Terrence Hayes,David Linn,,
Doug Clove,Joe Allen,Candace Avalos,David Linn,Steph Routh,Terrence Hayes
Jamie Dunphy,Steph Routh,Terrence Hayes,Candace Avalos,,
,,,,,
Candace Avalos,Jamie Dunphy,Joe Allen,Loretta Smith,Terrence Hayes,Steph Routh
Joe Allen,Candace Avalos,Doug Clove,,,
Terrence Hayes,,,,,
,,,,,
Candace Avalos,Timur Ender,Steph Routh,,,
Write-in-120,Write-in-121,Write-in-122,,,
Timur Ender,David Linn,Cayle Tern,Candace Avalos,Doug Clove,Steph Routh
Timur Ender,Joe Furi,Loretta Smith,Jamie Dunphy,Doug Clove,Deian Salazar
Jamie Dunphy,Candace Avalos,Steph Routh,Noah Ernst,David Linn,Loretta Smith
Loretta Smith,Jamie Dunphy,Terrence Hayes,Doug Clove,David Linn,Candace Avalos
Loretta Smith,Candace Avalos,Terrence Hayes,Steph Routh,Timur Ender,
Jamie Dunphy,Steph Routh,Candace Avalos,Timur Ender,Cayle Tern,
Loretta Smith,Peggy Sue Owens,Terrence Hayes,Noah Ernst,Jamie Dunphy,Candace Avalos
Candace Avalos,Steph Routh,Loretta Smith,Deian Salazar,,
Jamie Dunphy,Candace Avalos,Steph Routh,,,
Jamie Dunphy,Candace Avalos,Steph Routh,,,
Peggy Sue Owens,Joe Allen,Loretta Smith,,,
Jamie Dunphy,Candace Avalos,Michael (Mike) Sands,Steph Routh,Timur Ender,David Linn
Joe Allen,Loretta Smith,Steph Routh,,,
Jamie Dunphy,Candace Avalos,Noah Ernst,Steph Routh,David Linn,Loretta Smith
Loretta Smith,Steph Routh,Candace Avalos,David Linn,Jamie Dunphy,
Doug Clove,Loretta Smith,Terrence Hayes,Deian Salazar,Noah Ernst,Steph Routh
Deian Salazar,,,,,
Candace Avalos,Timur Ender,Steph Routh,Jamie Dunphy,Cayle Tern,David Linn
Deian Salazar,Joe Allen,Cayle Tern,Noah Ernst,Timur Ender,Doug Clove
Timur Ender,Noah Ernst,Candace Avalos,David Linn,Steph Routh,Doug Clove
Jamie Dunphy,Steph Routh,Candace Avalos,Noah Ernst,Michael (Mike) Sands,Terrence Hayes
Timur Ender,Doug Clove,Deian Salazar,Loretta Smith,Terrence Hayes,Thomas Shervey
Loretta Smith,Noah Ernst,Deian Salazar,Terrence Hayes,Steph Routh,Thomas Shervey
Steph Routh,Terrence Hayes,Deian Salazar,,,
Loretta Smith,Terrence Hayes,Steph Routh,Timur Ender,David Linn,Jamie Dunphy
Jamie Dunphy,Loretta Smith,Steph Routh,Noah Ernst,,
Loretta Smith,Terrence Hayes,Noah Ernst,,,
Candace Avalos,Steph Routh,Jamie Dunphy,Timur Ender,,
Timur Ender,,,,,
Jamie Dunphy,Loretta Smith,,,,
Jamie Dunphy,Timur Ender,Candace Avalos,Steph Routh,Cayle Tern,Joe Allen
Jamie Dunphy,Candace Avalos,Steph Routh,Timur Ender,Thomas Shervey,Loretta Smith
Terrence Hayes,Loretta Smith,Noah Ernst,Deian Salazar,,
David Linn,Cayle Tern,Doug Clove,Loretta Smith,Steph Routh,Jamie Dunphy
Candace Avalos,Jamie Dunphy,Steph Routh,Timur Ender,Doug Clove,David Linn
Steph Routh,,,,,
Loretta Smith,Timur Ender,Candace Avalos,Steph Routh,Terrence Hayes,Jamie Dunphy
Doug Clove,Noah Ernst,,,,
Joe Allen,Terrence Hayes,Candace Avalos,Jamie Dunphy,Steph Routh,Deian Salazar
Candace Avalos,Terrence Hayes,Loretta Smith,,,
Noah Ernst,,,,,
Steph Routh,Candace Avalos,Timur Ender,Loretta Smith,Terrence Hayes,Cayle Tern
Jamie Dunphy,Candace Avalos,Steph Routh,,,
Candace Avalos,Timur Ender,Steph Routh,Cayle Tern,,
Michael (Mike) Sands,Joe Furi,Jamie Dunphy,Joe Allen,Cayle Tern,Thomas Shervey
,,,,,
Doug Clove,Timur Ender,Noah Ernst,,,
Loretta Smith,Candace Avalos,Terrence Hayes,,,
Candace Avalos,,,,,
Candace Avalos,Steph Routh,Timur Ender,,,
Noah Ernst,Doug Clove,Steph Routh,Jamie Dunphy,Michael (Mike) Sands,David Linn
Jamie Dunphy,Candace Avalos,Steph Routh,,,
Candace Avalos,,,,,
Candace Avalos,Timur Ender,Steph Routh,Jamie Dunphy,,
Candace Avalos,,,,,
Candace Avalos,Steph Routh,Terrence Hayes,Timur Ender,Jamie Dunphy,Noah Ernst
Candace Avalos,Timur Ender,Steph Routh,Write-in-120,,
Jamie Dunphy,Steph Routh,Timur Ender,Loretta Smith,David Linn,
Thomas Shervey,Timur Ender,Jamie Dunphy,,,
Peggy Sue Owens,Joe Allen,Loretta Smith,David Linn,Michael (Mike) Sands,
Steph Routh,Joe Furi,David Linn,Noah Ernst,Peggy Sue Owens,Michael (Mike) Sands
Peggy Sue Owens,Loretta Smith,Jamie Dunphy,Candace Avalos,Cayle Tern,Noah Ernst
Loretta Smith,Terrence Hayes,Timur Ender,Deian Salazar,Candace Avalos,Jamie Dunphy
David Linn,Terrence Hayes,Steph Routh,Jamie Dunphy,,
Candace Avalos,Cayle Tern,Timur Ender,,,
Candace Avalos,Loretta Smith,Terrence Hayes,Cayle Tern,Deian Salazar,
Loretta Smith,Steph Routh,Deian Salazar,Jamie Dunphy,Peggy Sue Owens,Candace Avalos
Terrence Hayes,Timur Ender,Candace Avalos,Deian Salazar,Loretta Smith,Steph Routh
Candace Avalos,Timur Ender,Steph Routh,Jamie Dunphy,Cayle Tern,David Linn
Michael (Mike) Sands,Doug Clove,,,,
Michael (Mike) Sands,,,,,
Noah Ernst,Terrence Hayes,Joe Furi,Loretta Smith,Doug Clove,
Jamie Dunphy,Loretta Smith,Terrence Hayes,Candace Avalos,Deian Salazar,Timur Ender
Jamie Dunphy,Noah Ernst,Joe Furi,Thomas Shervey,Terrence Hayes,Doug Clove
Terrence Hayes,Michael (Mike) Sands,Timur Ender,Cayle Tern,Joe Allen,Steph Routh
Loretta Smith,Jamie Dunphy,Terrence Hayes,Cayle Tern,Deian Salazar,Candace Avalos
Doug Clove,Terrence Hayes,,,,
Steph Routh,Jamie Dunphy,Candace Avalos,Terrence Hayes,,
Terrence Hayes,Loretta Smith,Doug Clove,Peggy Sue Owens,Candace Avalos,Michael (Mike) Sands
Candace Avalos,Steph Routh,Jamie Dunphy,,,
Noah Ernst,,,,,
Noah Ernst,Candace Avalos,Terrence Hayes,Loretta Smith,Doug Clove,
Michael (Mike) Sands,,,,,
Timur Ender,Candace Avalos,,,,
Candace Avalos,Cayle Tern,Timur Ender,Jamie Dunphy,Steph Routh,David Linn
,,,,,
Loretta Smith,Terrence Hayes,Jamie Dunphy,Doug Clove,Steph Routh,Candace Avalos
Jamie Dunphy,Candace Avalos,Steph Routh,Noah Ernst,David Linn,Loretta Smith
Jamie Dunphy,Candace Avalos,Steph Routh,,,
Joe Allen,Peggy Sue Owens,Cayle Tern,Michael (Mike) Sands,Loretta Smith,Candace Avalos
Noah Ernst,Jamie Dunphy,Candace Avalos,,,
Jamie Dunphy,Candace Avalos,Steph Routh,David Linn,Noah Ernst,Loretta Smith
Terrence Hayes,,,,,
Cayle Tern,Noah Ernst,Candace Avalos,Steph Routh,Loretta Smith,Timur Ender
Joe Allen,Thomas Shervey,Terrence Hayes,Candace Avalos,Timur Ender,Noah Ernst
Michael (Mike) Sands,David Linn,Timur Ender,,,
Jamie Dunphy,Loretta Smith,Candace Avalos,,,
Terrence Hayes,,,,,
Candace Avalos,Timur Ender,Terrence Hayes,,,
Candace Avalos,Jamie Dunphy,Steph Routh,Noah Ernst,,
Candace Avalos,Steph Routh,Timur Ender,Jamie Dunphy,,
Noah Ernst,Peggy Sue Owens,Joe Allen,Cayle Tern,Timur Ender,
Candace Avalos,Cayle Tern,Timur Ender,,,
Terrence Hayes,Loretta Smith,Candace Avalos,,,
Noah Ernst,Joe Allen,Terrence Hayes,Joe Furi,,
Doug Clove,Noah Ernst,Candace Avalos,,,
Cayle Tern,Candace Avalos,Steph Routh,Timur Ender,Jamie Dunphy,Loretta Smith
Noah Ernst,,,,,
Peggy Sue Owens,Loretta Smith,Candace Avalos,Steph Routh,David Linn,Terrence Hayes
Loretta Smith,Jamie Dunphy,Michael (Mike) Sands,David Linn,,
Noah Ernst,Thomas Shervey,Michael (Mike) Sands,David Linn,Terrence Hayes,Joe Allen
Candace Avalos,Terrence Hayes,Loretta Smith,Jamie Dunphy,Timur Ender,
Loretta Smith,Terrence Hayes,,,,
Joe Allen,Peggy Sue Owens,Doug Clove,Joe Furi,Loretta Smith,David Linn
Timur Ender,Loretta Smith,David Linn,Steph Routh,Jamie Dunphy,Terrence Hayes
Terrence Hayes,Timur Ender,Deian Salazar,David Linn,Jamie Dunphy,Steph Routh
Terrence Hayes,,,,,
Candace Avalos,,,,,
Timur Ender,Michael (Mike) Sands,Terrence Hayes,Candace Avalos,,
Jamie Dunphy,Candace Avalos,Steph Routh,,,
Terrence Hayes,,,,,
Candace Avalos,Steph Routh,Jamie Dunphy,Timur Ender,Peggy Sue Owens,Loretta Smith
Jamie Dunphy,Steph Routh,Timur Ender,Terrence Hayes,Candace Avalos,Cayle Tern
Loretta Smith,Jamie Dunphy,Candace Avalos,,,
Noah Ernst,Deian Salazar,Thomas Shervey,,,
Doug Clove,Steph Routh,Timur Ender,,,
Noah Ernst,Doug Clove,Loretta Smith,Deian Salazar,Joe Furi,Joe Allen
Candace Avalos,Timur Ender,Steph Routh,Jamie Dunphy,Cayle Tern,David Linn
Candace Avalos,David Linn,Jamie Dunphy,Joe Furi,Steph Routh,
Timur Ender,Noah Ernst,Steph Routh,Jamie Dunphy,Terrence Hayes,Candace Avalos
Candace Avalos,Timur Ender,Steph Routh,Jamie Dunphy,Cayle Tern,David Linn
Deian Salazar,Joe Allen,Noah Ernst,Peggy Sue Owens,Loretta Smith,Jamie Dunphy
Doug Clove,Joe Allen,Joe Furi,Jamie Dunphy,Terrence Hayes,Noah Ernst
Terrence Hayes,Joe Allen,Loretta Smith,Michael (Mike) Sands,Timur Ender,David Linn
Candace Avalos,Terrence Hayes,Jamie Dunphy,Steph Routh,Doug Clove,
Peggy Sue Owens,Terrence Hayes,,,,
Noah Ernst,Loretta Smith,Timur Ender,Steph Routh,,
Steph Routh,Jamie Dunphy,Candace Avalos,Timur Ender,Loretta Smith,Peggy Sue Owens
Terrence Hayes,Candace Avalos,Timur Ender,Noah Ernst,,
Loretta Smith,Jamie Dunphy,Terrence Hayes,Candace Avalos,Timur Ender,Deian Salazar
Terrence Hayes,Noah Ernst,Cayle Tern,David Linn,Timur Ender,Michael (Mike) Sands
Joe Allen,Steph Routh,Joe Furi,Doug Clove,Michael (Mike) Sands,Noah Ernst
Cayle Tern,Terrence Hayes,Candace Avalos,Loretta Smith,,
Michael (Mike) Sands,Noah Ernst,Joe Allen,Doug Clove,Thomas Shervey,David Linn
Doug Clove,,,,,
Steph Routh,Loretta Smith,Michael (Mike) Sands,Terrence Hayes,,
,,,,,
Steph Routh,Jamie Dunphy,David Linn,,,
Loretta Smith,Candace Avalos,Jamie Dunphy,David Linn,Steph Routh,
Doug Clove,Loretta Smith,Terrence Hayes,Noah Ernst,,
,,,,,
Loretta Smith,Terrence Hayes,Steph Routh,,,
Candace Avalos,,,,,
Jamie Dunphy,Candace Avalos,Steph Routh,,,
Jamie Dunphy,Steph Routh,Candace Avalos,Timur Ender,Terrence Hayes,Noah Ernst
Noah Ernst,Terrence Hayes,,,,
Timur Ender,,,,,
Michael (Mike) Sands,Cayle Tern,,,,
Candace Avalos,Loretta Smith,Steph Routh,David Linn,,
Noah Ernst,Michael (Mike) Sands,Terrence Hayes,Doug Clove,Thomas Shervey,Joe Allen
Steph Routh,Thomas Shervey,Joe Furi,Peggy Sue Owens,Cayle Tern,Candace Avalos
Terrence Hayes,Noah Ernst,,,,
Timur Ender,Candace Avalos,David Linn,Cayle Tern,Doug Clove,Deian Salazar
Steph Routh,,,,,
Jamie Dunphy,Steph Routh,Candace Avalos,,,
Loretta Smith,Timur Ender,David Linn,Michael (Mike) Sands,Terrence Hayes,Steph Routh
Timur Ender,,,,,
Terrence Hayes,Loretta Smith,Deian Salazar,Cayle Tern,Candace Avalos,David Linn
Steph Routh,Candace Avalos,Jamie Dunphy,Timur Ender,David Linn,Thomas Shervey
Loretta Smith,Terrence Hayes,Timur Ender,,,
Doug Clove,,,,,
Terrence Hayes,Doug Clove,Loretta Smith,David Linn,,
Timur Ender,Noah Ernst,Thomas Shervey,Cayle Tern,David Linn,Steph Routh
Joe Allen,Loretta Smith,Jamie Dunphy,Joe Furi,,
Terrence Hayes,Loretta Smith,Timur Ender,Noah Ernst,Candace Avalos,
Steph Routh,Candace Avalos,David Linn,Jamie Dunphy,Loretta Smith,Timur Ender
Noah Ernst,David Linn,Timur Ender,Steph Routh,Loretta Smith,Terrence Hayes
Noah Ernst,Timur Ender,,,,
Candace Avalos,Steph Routh,Jamie Dunphy,Timur Ender,Loretta Smith,David Linn
Timur Ender,Candace Avalos,,,,
Timur Ender,Terrence Hayes,Jamie Dunphy,,,
Terrence Hayes,Steph Routh,Jamie Dunphy,Noah Ernst,,
Thomas Shervey,Candace Avalos,Cayle Tern,Peggy Sue Owens,David Linn,Terrence Hayes
Jamie Dunphy,Steph Routh,Loretta Smith,Candace Avalos,Cayle Tern,Timur Ender
Timur Ender,David Linn,Michael (Mike) Sands,Doug Clove,Joe Allen,Noah Ernst
Jamie Dunphy,Candace Avalos,Steph Routh,Noah Ernst,David Linn,Loretta Smith
Thomas Shervey,Candace Avalos,Steph Routh,Joe Furi,Jamie Dunphy,Cayle Tern
Candace Avalos,Jamie Dunphy,Steph Routh,Terrence Hayes,,
Doug Clove,Timur Ender,David Linn,Thomas Shervey,Deian Salazar,Noah Ernst
Deian Salazar,Michael (Mike) Sands,David Linn,Timur Ender,Joe Furi,Candace Avalos
Loretta Smith,Terrence Hayes,Deian Salazar,Steph Routh,Candace Avalos,Timur Ender
Loretta Smith,Terrence Hayes,Peggy Sue Owens,Joe Allen,Deian Salazar,
Timur Ender,Noah Ernst,Michael (Mike) Sands,Cayle Tern,Steph Routh,David Linn
Candace Avalos,Jamie Dunphy,Steph Routh,Timur Ender,Cayle Tern,
Jamie Dunphy,,,,,
Michael (Mike) Sands,Loretta Smith,Terrence Hayes,Jamie Dunphy,Candace Avalos,Peggy Sue Owens
Candace Avalos,Cayle Tern,Timur Ender,,,
Loretta Smith,Terrence Hayes,Candace Avalos,Timur Ender,,
Jamie Dunphy,,,,,
Candace Avalos,Timur Ender,Cayle Tern,Joe Allen,Terrence Hayes,Steph Routh
Candace Avalos,Loretta Smith,Terrence Hayes,Steph Routh,Jamie Dunphy,
Noah Ernst,Terrence Hayes,Doug Clove,,,
Terrence Hayes,Timur Ender,Candace Avalos,Steph Routh,,
Joe Allen,Noah Ernst,Doug Clove,,,
Terrence Hayes,Noah Ernst,,,,
Cayle Tern,Noah Ernst,Joe Furi,Terrence Hayes,,
Noah Ernst,Timur Ender,Candace Avalos,Doug Clove,Michael (Mike) Sands,Peggy Sue Owens
Timur Ender,Candace Avalos,Steph Routh,Cayle Tern,,
Candace Avalos,,,,,
Candace Avalos,Jamie Dunphy,Timur Ender,,,
Noah Ernst,Candace Avalos,,,,
Candace Avalos,Terrence Hayes,Loretta Smith,Steph Routh,Jamie Dunphy,Timur Ender
Loretta Smith,,,,,
Joe Allen,,,,,
Loretta Smith,,,,,
Timur Ender,,,,,
Terrence Hayes,,,,,
Candace Avalos,Timur Ender,Steph Routh,Jamie Dunphy,Cayle Tern,David Linn
Noah Ernst,Deian Salazar,Loretta Smith,Terrence Hayes,,
Noah Ernst,Terrence Hayes,Loretta Smith,,,
Steph Routh,David Linn,Cayle Tern,Deian Salazar,Terrence Hayes,
Joe Allen,Terrence Hayes,Timur Ender,,,
Candace Avalos,Steph Routh,Timur Ender,Jamie Dunphy,,
Timur Ender,Terrence Hayes,Noah Ernst,Loretta Smith,,
Jamie Dunphy,Steph Routh,Candace Avalos,,,
,,,,,
Steph Routh,Loretta Smith,David Linn,Candace Avalos,,
Peggy Sue Owens,David Linn,Doug Clove,Joe Furi,Candace Avalos,
Thomas Shervey,Joe Furi,Michael (Mike) Sands,Joe Allen,Loretta Smith,Noah Ernst
Candace Avalos,Steph Routh,Timur Ender,Jamie Dunphy,,
Michael (Mike) Sands,Steph Routh,Joe Furi,Doug Clove,,
Joe Allen,Doug Clove,Joe Furi,Jamie Dunphy,Steph Routh,Noah Ernst
Candace Avalos,Timur Ender,Steph Routh,Jamie Dunphy,,
Terrence Hayes,Loretta Smith,Steph Routh,Jamie Dunphy,Timur Ender,Candace Avalos
Loretta Smith,Terrence Hayes,Joe Furi,Candace Avalos,Cayle Tern,Jamie Dunphy
Timur Ender,Loretta Smith,Jamie Dunphy,Terrence Hayes,Candace Avalos,Cayle Tern
Jamie Dunphy,Candace Avalos,Steph Routh,,,
Candace Avalos,Timur Ender,Jamie Dunphy,Steph Routh,,
Candace Avalos,Loretta Smith,Terrence Hayes,Cayle Tern,Timur Ender,
Timur Ender,Joe Allen,David Linn,Michael (Mike) Sands,Thomas Shervey,Steph Routh
Jamie Dunphy,Candace Avalos,Steph Routh,Noah Ernst,David Linn,Loretta Smith
Noah Ernst,Deian Salazar,Candace Avalos,Cayle Tern,Thomas Shervey,Jamie Dunphy
Steph Routh,Candace Avalos,,,,
Joe Allen,Terrence Hayes,Joe Furi,,,
Noah Ernst,Joe Allen,Cayle Tern,Joe Furi,Thomas Shervey,Steph Routh
Candace Avalos,Terrence Hayes,Jamie Dunphy,,,
Candace Avalos,Steph Routh,Timur Ender,Jamie Dunphy,,
Timur Ender,Loretta Smith,Candace Avalos,David Linn,,
Noah Ernst,Jamie Dunphy,Michael (Mike) Sands,Steph Routh,,
Terrence Hayes,Deian Salazar,Loretta Smith,Noah Ernst,David Linn,Candace Avalos
Loretta Smith,Candace Avalos,Terrence Hayes,Jamie Dunphy,Steph Routh,Peggy Sue Owens
Steph Routh,Timur Ender,Michael (Mike) Sands,Loretta Smith,Terrence Hayes,Jamie Dunphy
Joe Allen,,,,,
Timur Ender,Noah Ernst,Terrence Hayes,Loretta Smith,Thomas Shervey,Steph Routh
Timur Ender,Candace Avalos,Terrence Hayes,Jamie Dunphy,David Linn,Steph Routh
Thomas Shervey,Steph Routh,Timur Ender,,,
,,,,,
Jamie Dunphy,Steph Routh,Candace Avalos,Terrence Hayes,Noah Ernst,David Linn
Steph Routh,Candace Avalos,Timur Ender,Jamie Dunphy,,
Jamie Dunphy,Steph Routh,Candace Avalos,Timur Ender,Loretta Smith,
Loretta Smith,Terrence Hayes,Candace Avalos,Steph Routh,Deian Salazar,Jamie Dunphy
Deian Salazar,Candace Avalos,Loretta Smith,Timur Ender,Cayle Tern,Joe Furi
Timur Ender,,,,,
Candace Avalos,Loretta Smith,Steph Routh,,,
Deian Salazar,Cayle Tern,Candace Avalos,Peggy Sue Owens,Jamie Dunphy,Timur Ender
Loretta Smith,Steph Routh,Terrence Hayes,Jamie Dunphy,Cayle Tern,David Linn
,,,,,
Candace Avalos,Cayle Tern,Timur Ender,,,
Jamie Dunphy,Candace Avalos,,,,
Jamie Dunphy,Candace Avalos,Steph Routh,David Linn,,
Noah Ernst,,,,,
Terrence Hayes,Noah Ernst,Steph Routh,Loretta Smith,,
Timur Ender,Terrence Hayes,Candace Avalos,Cayle Tern,Doug Clove,Michael (Mike) Sands
Steph Routh,,,,,
Doug Clove,,,,,
,,,,,
Deian Salazar,Candace Avalos,Jamie Dunphy,Steph Routh,Loretta Smith,Timur Ender
Timur Ender,Terrence Hayes,Joe Allen,,,
Doug Clove,,,,,
Candace Avalos,Steph Routh,Timur Ender,,,
Candace Avalos,Timur Ender,Cayle Tern,Steph Routh,David Linn,Jamie Dunphy
Noah Ernst,Doug Clove,Joe Furi,Candace Avalos,Loretta Smith,David Linn
Timur Ender,Noah Ernst,Steph Routh,Jamie Dunphy,Terrence Hayes,Candace Avalos
Doug Clove,Loretta Smith,Noah Ernst,Terrence Hayes,,
Jamie Dunphy,Timur Ender,Write-in-120,,,
Jamie Dunphy,Candace Avalos,Steph Routh,,,
Steph Routh,Candace Avalos,Timur Ender,,,
Loretta Smith,Terrence Hayes,Noah Ernst,Doug Clove,Deian Salazar,Jamie Dunphy
Candace Avalos,Steph Routh,Jamie Dunphy,Loretta Smith,,
Loretta Smith,Doug Clove,Deian Salazar,Steph Routh,Jamie Dunphy,Candace Avalos
Jamie Dunphy,Candace Avalos,Steph Routh,Noah Ernst,,
Timur Ender,Doug Clove,Joe Furi,,,
Loretta Smith,Peggy Sue Owens,Candace Avalos,Steph Routh,Thomas Shervey,
Noah Ernst,Deian Salazar,Doug Clove,Cayle Tern,Candace Avalos,Timur Ender
Noah Ernst,Terrence Hayes,Joe Furi,Loretta Smith,Doug Clove,
Doug Clove,Jamie Dunphy,Timur Ender,Steph Routh,Candace Avalos,
Candace Avalos,Timur Ender,Cayle Tern,Loretta Smith,,
Jamie Dunphy,Candace Avalos,Joe Allen,Terrence Hayes,Timur Ender,Deian Salazar
Candace Avalos,Steph Routh,Timur Ender,Cayle Tern,,
Candace Avalos,Doug Clove,,,,
Loretta Smith,Michael (Mike) Sands,Cayle Tern,Noah Ernst,Steph Routh,Jamie Dunphy
Timur Ender,Candace Avalos,Cayle Tern,David Linn,Deian Salazar,Steph Routh
Candace Avalos,Timur Ender,Cayle Tern,,,
Candace Avalos,Jamie Dunphy,Cayle Tern,Steph Routh,Timur Ender,
Noah Ernst,Doug Clove,Terrence Hayes,Timur Ender,Steph Routh,
Timur Ender,Noah Ernst,Candace Avalos,Doug Clove,Loretta Smith,
Michael (Mike) Sands,Steph Routh,Terrence Hayes,Loretta Smith,Jamie Dunphy,Candace Avalos
Candace Avalos,Terrence Hayes,Cayle Tern,Steph Routh,Jamie Dunphy,Joe Furi
Candace Avalos,Cayle Tern,Timur Ender,Jamie Dunphy,,
Peggy Sue Owens,Deian Salazar,Candace Avalos,Cayle Tern,Terrence Hayes,Jamie Dunphy
Jamie Dunphy,Timur Ender,Loretta Smith,Terrence Hayes,Steph Routh,
Peggy Sue Owens,Noah Ernst,Loretta Smith,Terrence Hayes,Doug Clove,Candace Avalos
Steph Routh,Candace Avalos,Cayle Tern,Timur Ender,,
Timur Ender,Jamie Dunphy,,,,
Noah Ernst,,,,,
Noah Ernst,,,,,
Noah Ernst,Michael (Mike) Sands,Terrence Hayes,Joe Allen,Steph Routh,David Linn
Steph Routh,Timur Ender,Terrence Hayes,Loretta Smith,Candace Avalos,Michael (Mike) Sands
Noah Ernst,Joe Allen,Peggy Sue Owens,Michael (Mike) Sands,Terrence Hayes,Jamie Dunphy
Jamie Dunphy,Steph Routh,Candace Avalos,,,
Steph Routh,,,,,
Candace Avalos,,,,,
Steph Routh,Candace Avalos,Timur Ender,Jamie Dunphy,,
Michael (Mike) Sands,Candace Avalos,,,,
Terrence Hayes,Doug Clove,Timur Ender,Steph Routh,Loretta Smith,
Terrence Hayes,Noah Ernst,Michael (Mike) Sands,,,
Candace Avalos,Jamie Dunphy,Loretta Smith,,,
Steph Routh,Terrence Hayes,Loretta Smith,Jamie Dunphy,,
Joe Furi,Deian Salazar,Terrence Hayes,Jamie Dunphy,,
Cayle Tern,Peggy Sue Owens,David Linn,Joe Furi,Thomas Shervey,Steph Routh
Noah Ernst,,,,,
Doug Clove,Thomas Shervey,Terrence Hayes,Steph Routh,Michael (Mike) Sands,Loretta Smith
Steph Routh,Candace Avalos,Timur Ender,Noah Ernst,Joe Allen,Terrence Hayes
Timur Ender,,,,,
Candace Avalos,Timur Ender,Jamie Dunphy,Cayle Tern,Steph Routh,David Linn
Doug Clove,Michael (Mike) Sands,,,,
Steph Routh,Candace Avalos,Jamie Dunphy,David Linn,Terrence Hayes,
Joe Allen,,,,,
Steph Routh,,,,,
Jamie Dunphy,Steph Routh,David Linn,,,
Terrence Hayes,Timur Ender,Steph Routh,Candace Avalos,David Linn,Jamie Dunphy
Candace Avalos,Timur Ender,Cayle Tern,Jamie Dunphy,,
Jamie Dunphy,Deian Salazar,David Linn,Timur Ender,,
Jamie Dunphy,Timur Ender,Candace Avalos,Steph Routh,David Linn,Noah Ernst
Steph Routh,Terrence Hayes,Loretta Smith,,,
Noah Ernst,Doug Clove,Joe Allen,Timur Ender,Thomas Shervey,Terrence Hayes
Noah Ernst,Joe Furi,David Linn,Loretta Smith,Cayle Tern,Doug Clove
Terrence Hayes,Loretta Smith,,,,
Candace Avalos,Loretta Smith,Terrence Hayes,Steph Routh,Jamie Dunphy,Deian Salazar
Jamie Dunphy,Loretta Smith,Peggy Sue Owens,Terrence Hayes,Joe Allen,Timur Ender
Loretta Smith,Candace Avalos,Deian Salazar,Terrence Hayes,Cayle Tern,
Noah Ernst,Jamie Dunphy,Deian Salazar,Peggy Sue Owens,,
Jamie Dunphy,Candace Avalos,Steph Routh,Noah Ernst,Timur Ender,
Candace Avalos,Loretta Smith,Steph Routh,Jamie Dunphy,,
Timur Ender,Jamie Dunphy,Candace Avalos,Steph Routh,David Linn,Noah Ernst
Terrence Hayes,,,,,
Steph Routh,Candace Avalos,Jamie Dunphy,Timur Ender,,
Loretta Smith,Steph Routh,Deian Salazar,Jamie Dunphy,Peggy Sue Owens,Candace Avalos
Terrence Hayes,Steph Routh,Loretta Smith,David Linn,Doug Clove,Noah Ernst
Loretta Smith,Steph Routh,Jamie Dunphy,,,
Candace Avalos,Timur Ender,Cayle Tern,Loretta Smith,,
Steph Routh,Terrence Hayes,Cayle Tern,Timur Ender,Joe Furi,Doug Clove
Loretta Smith,,,,,
Candace Avalos,Timur Ender,Steph Routh,Jamie Dunphy,,
Jamie Dunphy,Steph Routh,Candace Avalos,Timur Ender,,
Cayle Tern,Doug Clove,Candace Avalos,Steph Routh,Terrence Hayes,Jamie Dunphy
Timur Ender,Cayle Tern,Jamie Dunphy,Michael (Mike) Sands,Steph Routh,Candace Avalos
Deian Salazar,,,,,
Michael (Mike) Sands,Candace Avalos,Cayle Tern,Terrence Hayes,,
Terrence Hayes,Noah Ernst,Timur Ender,Candace Avalos,Loretta Smith,Steph Routh
Candace Avalos,Steph Routh,,,,
Terrence Hayes,Candace Avalos,Loretta Smith,Noah Ernst,Michael (Mike) Sands,
Terrence Hayes,Loretta Smith,Timur Ender,Candace Avalos,Noah Ernst,Steph Routh
Peggy Sue Owens,Noah Ernst,David Linn,Joe Allen,Michael (Mike) Sands,Thomas Shervey
Terrence Hayes,Noah Ernst,Timur Ender,Loretta Smith,Candace Avalos,Steph Routh
Deian Salazar,Terrence Hayes,Joe Furi,David Linn,Noah Ernst,Doug Clove
Timur Ender,Jamie Dunphy,Steph Routh,Terrence Hayes,Candace Avalos,David Linn
Terrence Hayes,Steph Routh,,,,
Candace Avalos,Cayle Tern,Jamie Dunphy,Steph Routh,Timur Ender,Terrence Hayes
Timur Ender,Candace Avalos,Steph Routh,Deian Salazar,Joe Allen,Joe Furi
Jamie Dunphy,Noah Ernst,Steph Routh,Loretta Smith,Candace Avalos,David Linn
Steph Routh,,,,,
Loretta Smith,Thomas Shervey,Timur Ender,,,
,,,,,
Jamie Dunphy,Candace Avalos,David Linn,Steph Routh,Timur Ender,Cayle Tern
Candace Avalos,Jamie Dunphy,Steph Routh,Thomas Shervey,,
Steph Routh,Noah Ernst,Doug Clove,Joe Furi,Thomas Shervey,Loretta Smith
Loretta Smith,Terrence Hayes,,,,
Noah Ernst,Joe Allen,Thomas Shervey,Michael (Mike) Sands,Deian Salazar,Candace Avalos
Joe Allen,Joe Furi,David Linn,Deian Salazar,Thomas Shervey,Steph Routh
Write-in-121,Write-in-120,Jamie Dunphy,Steph Routh,Terrence Hayes,Thomas Shervey
Terrence Hayes,Candace Avalos,Timur Ender,Steph Routh,Jamie Dunphy,Loretta Smith
Candace Avalos,Terrence Hayes,David Linn,Steph Routh,Thomas Shervey,Jamie Dunphy
Terrence Hayes,Loretta Smith,Noah Ernst,,,
Doug Clove,,,,,
,,,,,
Doug Clove,,,,,
Terrence Hayes,Noah Ernst,Doug Clove,,,
Peggy Sue Owens,Candace Avalos,Cayle Tern,Loretta Smith,Jamie Dunphy,Deian Salazar
Loretta Smith,Terrence Hayes,Steph Routh,Jamie Dunphy,,
Candace Avalos,Steph Routh,Jamie Dunphy,Timur Ender,,
Candace Avalos,Cayle Tern,Timur Ender,,,
Loretta Smith,Candace Avalos,Timur Ender,David Linn,Joe Allen,Terrence Hayes
Candace Avalos,Cayle Tern,Steph Routh,Loretta Smith,,
Candace Avalos,Steph Routh,Jamie Dunphy,Peggy Sue Owens,Cayle Tern,Michael (Mike) Sands
Joe Allen,Noah Ernst,Loretta Smith,,,
Joe Allen,Deian Salazar,Timur Ender,Terrence Hayes,Doug Clove,Steph Routh
Loretta Smith,Terrence Hayes,Candace Avalos,Deian Salazar,Noah Ernst,Doug Clove
Timur Ender,Noah Ernst,David Linn,Doug Clove,Jamie Dunphy,
Candace Avalos,Steph Routh,Timur Ender,Jamie Dunphy,Peggy Sue Owens,Deian Salazar
Jamie Dunphy,Steph Routh,Candace Avalos,,,
Timur Ender,Loretta Smith,Steph Routh,Terrence Hayes,Jamie Dunphy,Michael (Mike) Sands
Noah Ernst,Candace Avalos,Joe Allen,David Linn,Cayle Tern,Doug Clove
Candace Avalos,Doug Clove,Joe Furi,Loretta Smith,Thomas Shervey,Write-in-121
Peggy Sue Owens,,,,,
Cayle Tern,,,,,
Peggy Sue Owens,Noah Ernst,David Linn,Deian Salazar,Candace Avalos,Terrence Hayes
Doug Clove,Noah Ernst,Timur Ender,Cayle Tern,David Linn,Joe Allen
Doug Clove,David Linn,Joe Allen,Terrence Hayes,Deian Salazar,Thomas Shervey
Noah Ernst,Terrence Hayes,Steph Routh,Candace Avalos,Joe Allen,Doug Clove
Candace Avalos,Steph Routh,,,,
Doug Clove,Terrence Hayes,David Linn,,,
Michael (Mike) Sands,,,,,
Steph Routh,Terrence Hayes,Candace Avalos,Thomas Shervey,David Linn,Jamie Dunphy
Candace Avalos,Jamie Dunphy,Steph Routh,,,
,,,,,
Cayle Tern,Timur Ender,Candace Avalos,,,
Joe Furi,,,,,
Candace Avalos,Cayle Tern,Timur Ender,Jamie Dunphy,Steph Routh,David Linn
Candace Avalos,Terrence Hayes,Steph Routh,Loretta Smith,Jamie Dunphy,David Linn
Terrence Hayes,Loretta Smith,Steph Routh,Candace Avalos,Cayle Tern,Deian Salazar
Candace Avalos,Cayle Tern,Jamie Dunphy,Deian Salazar,Loretta Smith,Peggy Sue Owens
Timur Ender,Loretta Smith,Jamie Dunphy,Michael (Mike) Sands,Joe Furi,Peggy Sue Owens
Steph Routh,Terrence Hayes,Loretta Smith,Doug Clove,Candace Avalos,Timur Ender
Joe Allen,Doug Clove,Thomas Shervey,,,
Doug Clove,,,,,
Peggy Sue Owens,Loretta Smith,,,,
Noah Ernst,Deian Salazar,Joe Allen,Doug Clove,,
Jamie Dunphy,Candace Avalos,Steph Routh,David Linn,Noah Ernst,
Terrence Hayes,Joe Allen,Steph Routh,Noah Ernst,Candace Avalos,Doug Clove
Timur Ender,Steph Routh,Jamie Dunphy,,,
Loretta Smith,Steph Routh,Michael (Mike) Sands,Thomas Shervey,Timur Ender,Terrence Hayes
Candace Avalos,Doug Clove,Deian Salazar,,,
,,,,,
Thomas Shervey,,,,,
Jamie Dunphy,Deian Salazar,Loretta Smith,Terrence Hayes,David Linn,
Cayle Tern,Jamie Dunphy,,,,
Jamie Dunphy,Terrence Hayes,Timur Ender,David Linn,Steph Routh,Loretta Smith
Noah Ernst,Cayle Tern,Deian Salazar,Terrence Hayes,Loretta Smith,David Linn
Peggy Sue Owens,,,,,
Timur Ender,David Linn,Candace Avalos,,,
Jamie Dunphy,Candace Avalos,Steph Routh,,,
Timur Ender,Steph Routh,Candace Avalos,Cayle Tern,Noah Ernst,
Terrence Hayes,David Linn,Deian Salazar,Timur Ender,Doug Clove,Thomas Shervey
Jamie Dunphy,Candace Avalos,Steph Routh,Noah Ernst,David Linn,Loretta Smith
Steph Routh,Joe Furi,Michael (Mike) Sands,Peggy Sue Owens,Candace Avalos,David Linn
Timur Ender,Candace Avalos,Steph Routh,Jamie Dunphy,Cayle Tern,David Linn
Doug Clove,Joe Furi,Steph Routh,Noah Ernst,Joe Allen,Candace Avalos
Deian Salazar,Peggy Sue Owens,Joe Allen,Joe Furi,Thomas Shervey,Steph Routh
Candace Avalos,Timur Ender,Steph Routh,Michael (Mike) Sands,Cayle Tern,
Jamie Dunphy,Candace Avalos,Timur Ender,Steph Routh,David Linn,Cayle Tern
Candace Avalos,Steph Routh,Timur Ender,,,
Noah Ernst,Terrence Hayes,,,,
Terrence Hayes,,,,,
Michael (Mike) Sands,Timur Ender,Terrence Hayes,Loretta Smith,Jamie Dunphy,Candace Avalos
Steph Routh,,,,,
Terrence Hayes,Loretta Smith,Steph Routh,Deian Salazar,Joe Allen,Timur Ender
Candace Avalos,Timur Ender,Cayle Tern,Steph Routh,,
Write-in-120,Write-in-121,Write-in-122,,,
Peggy Sue Owens,,,,,
Candace Avalos,Timur Ender,Steph Routh,Cayle Tern,David Linn,
Jamie Dunphy,Candace Avalos,Cayle Tern,Steph Routh,Timur Ender,Noah Ernst
Doug Clove,Michael (Mike) Sands,Deian Salazar,Loretta Smith,Thomas Shervey,David Linn
Candace Avalos,Cayle Tern,Timur Ender,,,
Jamie Dunphy,,,,,
Loretta Smith,Steph Routh,Terrence Hayes,David Linn,Candace Avalos,Cayle Tern
Steph Routh,Candace Avalos,Cayle Tern,Thomas Shervey,Loretta Smith,Timur Ender
Timur Ender,Candace Avalos,Jamie Dunphy,Steph Routh,,
Jamie Dunphy,Thomas Shervey,Loretta Smith,Candace Avalos,Peggy Sue Owens,Joe Furi
Doug Clove,David Linn,Timur Ender,,,
Doug Clove,,,,,
Loretta Smith,,,,,
Candace Avalos,Steph Routh,Timur Ender,Jamie Dunphy,,
David Linn,Doug Clove,Steph Routh,Noah Ernst,,
Noah Ernst,Terrence Hayes,Loretta Smith,,,
Loretta Smith,Jamie Dunphy,Steph Routh,Timur Ender,Candace Avalos,Terrence Hayes
,,,,,
Candace Avalos,Cayle Tern,Timur Ender,Jamie Dunphy,Steph Routh,David Linn
Noah Ernst,Terrence Hayes,,,,
Steph Routh,Jamie Dunphy,Candace Avalos,David Linn,Joe Allen,Loretta Smith
Noah Ernst,Timur Ender,David Linn,Cayle Tern,Candace Avalos,Deian Salazar
Noah Ernst,Terrence Hayes,Candace Avalos,,,
Terrence Hayes,,,,,
Terrence Hayes,Noah Ernst,Joe Furi,,,
Candace Avalos,Steph Routh,Timur Ender,Jamie Dunphy,,
David Linn,Thomas Shervey,Candace Avalos,Timur Ender,Jamie Dunphy,Noah Ernst
Candace Avalos,Steph Routh,Jamie Dunphy,,,
Terrence Hayes,Loretta Smith,Deian Salazar,Jamie Dunphy,Candace Avalos,
Candace Avalos,Steph Routh,Cayle Tern,Joe Furi,,
Terrence Hayes,David Linn,Joe Allen,Michael (Mike) Sands,Thomas Shervey,Doug Clove
,,,,,
Loretta Smith,Candace Avalos,Terrence Hayes,,,
Deian Salazar,,,,,
Steph Routh,,,,,
Terrence Hayes,Candace Avalos,Loretta Smith,Steph Routh,Jamie Dunphy,
Steph Routh,,,,,
Noah Ernst,Loretta Smith,Peggy Sue Owens,,,
Candace Avalos,Steph Routh,Timur Ender,,,
Noah Ernst,Terrence Hayes,Steph Routh,Candace Avalos,,
Terrence Hayes,Loretta Smith,,,,
Timur Ender,Doug Clove,Jamie Dunphy,Joe Furi,Loretta Smith,Candace Avalos
Steph Routh,Noah Ernst,Doug Clove,,,
Timur Ender,Steph Routh,Thomas Shervey,Terrence Hayes,Jamie Dunphy,Joe Allen
Thomas Shervey,Joe Allen,Joe Furi,,,
Candace Avalos,Steph Routh,Timur Ender,Jamie Dunphy,David Linn,Cayle Tern
Candace Avalos,Timur Ender,Deian Salazar,Loretta Smith,Steph Routh,
Terrence Hayes,David Linn,Timur Ender,Doug Clove,Joe Furi,Steph Routh
Terrence Hayes,Jamie Dunphy,,,,
Candace Avalos,Timur Ender,Joe Allen,,,
,,,,,
Jamie Dunphy,Candace Avalos,Steph Routh,,,
Jamie Dunphy,Candace Avalos,Steph Routh,,,
Loretta Smith,Steph Routh,Candace Avalos,Timur Ender,Cayle Tern,David Linn
Steph Routh,Candace Avalos,Jamie Dunphy,,,
Candace Avalos,Jamie Dunphy,Steph Routh,Timur Ender,,
Timur Ender,Doug Clove,Candace Avalos,,,
Loretta Smith,Candace Avalos,Doug Clove,Terrence Hayes,Joe Furi,
Noah Ernst,,,,,
Candace Avalos,Timur Ender,Steph Routh,Jamie Dunphy,Cayle Tern,David Linn
Steph Routh,Cayle Tern,Loretta Smith,Candace Avalos,Timur Ender,Terrence Hayes
Jamie Dunphy,Candace Avalos,Steph Routh,Timur Ender,,
Deian Salazar,,,,,
Michael (Mike) Sands,Candace Avalos,David Linn,Loretta Smith,Steph Routh,Noah Ernst
Loretta Smith,,,,,
Noah Ernst,Michael (Mike) Sands,Cayle Tern,Thomas Shervey,Jamie Dunphy,Steph Routh
Loretta Smith,Candace Avalos,Doug Clove,Terrence Hayes,Peggy Sue Owens,Jamie Dunphy
Doug Clove,,,,,
Joe Allen,Joe Furi,Michael (Mike) Sands,,,
Doug Clove,Noah Ernst,Terrence Hayes,,,
Noah Ernst,Terrence Hayes,,,,
Noah Ernst,Joe Allen,Doug Clove,Steph Routh,Michael (Mike) Sands,Cayle Tern
David Linn,,,,,
Jamie Dunphy,Steph Routh,Candace Avalos,,,
Candace Avalos,Steph Routh,Jamie Dunphy,,,
Terrence Hayes,Noah Ernst,Loretta Smith,,,
Cayle Tern,Loretta Smith,,,,
Timur Ender,Terrence Hayes,Steph Routh,,,
Candace Avalos,Jamie Dunphy,Joe Furi,Doug Clove,Michael (Mike) Sands,Deian Salazar
Steph Routh,Terrence Hayes,Candace Avalos,Jamie Dunphy,Noah Ernst,
Jamie Dunphy,Steph Routh,Candace Avalos,Noah Ernst,Terrence Hayes,Loretta Smith
Candace Avalos,Timur Ender,Doug Clove,Joe Furi,Steph Routh,Loretta Smith
Steph Routh,Jamie Dunphy,Candace Avalos,David Linn,Thomas Shervey,Terrence Hayes
Noah Ernst,Terrence Hayes,Loretta Smith,,,
Jamie Dunphy,Candace Avalos,Steph Routh,Noah Ernst,Terrence Hayes,David Linn
Loretta Smith,Steph Routh,Terrence Hayes,Michael (Mike) Sands,Cayle Tern,David Linn
Candace Avalos,Noah Ernst,Steph Routh,Jamie Dunphy,Cayle Tern,
Timur Ender,Candace Avalos,Jamie Dunphy,David Linn,Terrence Hayes,Steph Routh
Timur Ender,Steph Routh,Candace Avalos,Loretta Smith,Noah Ernst,Cayle Tern
Noah Ernst,Peggy Sue Owens,Steph Routh,,,
Jamie Dunphy,Timur Ender,Steph Routh,David Linn,Thomas Shervey,Noah Ernst
Candace Avalos,Cayle Tern,Timur Ender,,,
Terrence Hayes,Candace Avalos,Noah Ernst,,,
Cayle Tern,Terrence Hayes,Joe Allen,Steph Routh,Jamie Dunphy,Loretta Smith
Joe Allen,Peggy Sue Owens,Steph Routh,Terrence Hayes,David Linn,Jamie Dunphy
Steph Routh,Terrence Hayes,Cayle Tern,,,
Loretta Smith,,,,,
Doug Clove,Noah Ernst,Joe Furi,Thomas Shervey,Joe Allen,Steph Routh
Terrence Hayes,Jamie Dunphy,Loretta Smith,Timur Ender,Deian Salazar,Cayle Tern
Noah Ernst,Loretta Smith,Deian Salazar,,,
Cayle Tern,,,,,
Loretta Smith,Candace Avalos,Cayle Tern,Terrence Hayes,Steph Routh,Deian Salazar
,,,,,
David Linn,,,,,
Steph Routh,Noah Ernst,Doug Clove,,,
Terrence Hayes,Steph Routh,,,,
Jamie Dunphy,Candace Avalos,Steph Routh,Timur Ender,David Linn,Cayle Tern
Jamie Dunphy,Steph Routh,Candace Avalos,,,
Loretta Smith,Candace Avalos,Jamie Dunphy,David Linn,,
Doug Clove,,,,,
Timur Ender,Noah Ernst,Candace Avalos,,,
Timur Ender,,,,,
Joe Furi,Joe Allen,Steph Routh,Terrence Hayes,Noah Ernst,Peggy Sue Owens
,,,,,
Candace Avalos,Steph Routh,Jamie Dunphy,Loretta Smith,Timur Ender,Noah Ernst
Loretta Smith,Terrence Hayes,Jamie Dunphy,Joe Allen,Candace Avalos,Deian Salazar
Cayle Tern,Candace Avalos,Loretta Smith,,,
Candace Avalos,Timur Ender,Cayle Tern,Jamie Dunphy,Steph Routh,David Linn
Cayle Tern,Timur Ender,,,,
Loretta Smith,Terrence Hayes,Candace Avalos,Deian Salazar,Steph Routh,Jamie Dunphy
Jamie Dunphy,Steph Routh,Candace Avalos,David Linn,,
David Linn,Candace Avalos,Cayle Tern,Timur Ender,Noah Ernst,Terrence Hayes
Michael (Mike) Sands,Candace Avalos,Peggy Sue Owens,Cayle Tern,Deian Salazar,Loretta Smith
Noah Ernst,Joe Allen,Candace Avalos,Doug Clove,Timur Ender,Peggy Sue Owens
Timur Ender,Noah Ernst,Candace Avalos,Deian Salazar,Terrence Hayes,Jamie Dunphy
Jamie Dunphy,Candace Avalos,Steph Routh,,,
Noah Ernst,,,,,
Joe Allen,Peggy Sue Owens,Terrence Hayes,David Linn,Cayle Tern,Noah Ernst
Jamie Dunphy,,,,,
Jamie Dunphy,Loretta Smith,Timur Ender,Terrence Hayes,Steph Routh,
Steph Routh,Terrence Hayes,David Linn,Loretta Smith,Timur Ender,Cayle Tern
Candace Avalos,,,,,
Candace Avalos,,,,,
Jamie Dunphy,Terrence Hayes,David Linn,Deian Salazar,,
Candace Avalos,Timur Ender,Steph Routh,Jamie Dunphy,David Linn,Cayle Tern
Candace Avalos,David Linn,Joe Furi,Michael (Mike) Sands,Loretta Smith,Steph Routh
Timur Ender,Michael (Mike) Sands,David Linn,,,
Terrence Hayes,Loretta Smith,Noah Ernst,Doug Clove,Timur Ender,
David Linn,,,,,
Noah Ernst,Loretta Smith,Terrence Hayes,Candace Avalos,Jamie Dunphy,Timur Ender
Candace Avalos,Steph Routh,Timur Ender,Jamie Dunphy,Loretta Smith,
Timur Ender,Steph Routh,Candace Avalos,Loretta Smith,Cayle Tern,David Linn
Jamie Dunphy,Steph Routh,,,,
Steph Routh,Candace Avalos,Loretta Smith,Jamie Dunphy,Timur Ender,Noah Ernst
Joe Allen,Doug Clove,Michael (Mike) Sands,Thomas Shervey,Timur Ender,Candace Avalos
Steph Routh,Candace Avalos,Timur Ender,David Linn,Cayle Tern,Jamie Dunphy
Loretta Smith,Terrence Hayes,Candace Avalos,Jamie Dunphy,,
Peggy Sue Owens,Terrence Hayes,,,,
Loretta Smith,Candace Avalos,Steph Routh,Terrence Hayes,,
Terrence Hayes,Loretta Smith,Steph Routh,Candace Avalos,Doug Clove,Peggy Sue Owens
Timur Ender,Candace Avalos,Steph Routh,Jamie Dunphy,,
Loretta Smith,Terrence Hayes,,,,
Steph Routh,Candace Avalos,Doug Clove,Jamie Dunphy,Timur Ender,Terrence Hayes
Noah Ernst,Joe Furi,Deian Salazar,,,
Candace Avalos,Cayle Tern,Timur Ender,,,
Steph Routh,Cayle Tern,Timur Ender,Candace Avalos,Michael (Mike) Sands,
Candace Avalos,Timur Ender,Steph Routh,,,
Steph Routh,Deian Salazar,Doug Clove,Thomas Shervey,Candace Avalos,Michael (Mike) Sands
Terrence Hayes,Noah Ernst,Loretta Smith,Joe Allen,Joe Furi,Timur Ender
Candace Avalos,Cayle Tern,Timur Ender,,,
Thomas Shervey,Cayle Tern,Jamie Dunphy,,,
Terrence Hayes,Noah Ernst,Joe Furi,Loretta Smith,Doug Clove,Write-in-120
Peggy Sue Owens,Joe Furi,Jamie Dunphy,Thomas Shervey,Joe Allen,Cayle Tern
Loretta Smith,Jamie Dunphy,Terrence Hayes,Candace Avalos,Timur Ender,Steph Routh
Noah Ernst,,,,,
Timur Ender,David Linn,Michael (Mike) Sands,Doug Clove,Joe Allen,Noah Ernst
Jamie Dunphy,Candace Avalos,David Linn,Steph Routh,Noah Ernst,
David Linn,Steph Routh,Candace Avalos,Timur Ender,Michael (Mike) Sands,Doug Clove
Peggy Sue Owens,Joe Allen,Candace Avalos,Deian Salazar,Cayle Tern,Doug Clove
Loretta Smith,,,,,
Terrence Hayes,Jamie Dunphy,Steph Routh,Candace Avalos,Noah Ernst,
Peggy Sue Owens,Loretta Smith,Jamie Dunphy,Joe Furi,Thomas Shervey,Candace Avalos
Steph Routh,Terrence Hayes,,,,
Terrence Hayes,Noah Ernst,Joe Furi,Loretta Smith,Doug Clove,Michael (Mike) Sands
Terrence Hayes,Timur Ender,Loretta Smith,Joe Allen,Thomas Shervey,Candace Avalos
Loretta Smith,,,,,
Jamie Dunphy,,,,,
Jamie Dunphy,Candace Avalos,Steph Routh,,,
Steph Routh,Candace Avalos,Cayle Tern,Thomas Shervey,Doug Clove,Jamie Dunphy
Doug Clove,Noah Ernst,Deian Salazar,Loretta Smith,Terrence Hayes,Steph Routh
Steph Routh,Loretta Smith,Timur Ender,Jamie Dunphy,Terrence Hayes,
Jamie Dunphy,Candace Avalos,Timur Ender,,,
Candace Avalos,Jamie Dunphy,Timur Ender,Terrence Hayes,Loretta Smith,Steph Routh
Candace Avalos,Timur Ender,Steph Routh,Jamie Dunphy,Cayle Tern,
Joe Allen,Cayle Tern,Terrence Hayes,Timur Ender,Joe Furi,Michael (Mike) Sands
Jamie Dunphy,Candace Avalos,Timur Ender,,,
Jamie Dunphy,,,,,
Steph Routh,Candace Avalos,Jamie Dunphy,,,
Loretta Smith,Timur Ender,Candace Avalos,Terrence Hayes,Jamie Dunphy,Peggy Sue Owens
Noah Ernst,Terrence Hayes,Candace Avalos,Steph Routh,David Linn,Joe Furi
Candace Avalos,,,,,
David Linn,Steph Routh,Timur Ender,,,
Timur Ender,Joe Allen,Doug Clove,,,
Michael (Mike) Sands,Deian Salazar,Loretta Smith,Doug Clove,Noah Ernst,Joe Allen
Candace Avalos,Timur Ender,Jamie Dunphy,Steph Routh,Cayle Tern,
Candace Avalos,Steph Routh,Timur Ender,Loretta Smith,Jamie Dunphy,
Jamie Dunphy,Candace Avalos,Steph Routh,,,
,,,,,
Candace Avalos,Steph Routh,Timur Ender,Jamie Dunphy,David Linn,Cayle Tern
Timur Ender,David Linn,Steph Routh,Joe Furi,Loretta Smith,
Michael (Mike) Sands,David Linn,Peggy Sue Owens,,,
,,,,,
Noah Ernst,Terrence Hayes,Joe Furi,Loretta Smith,Doug Clove,
Michael (Mike) Sands,Doug Clove,Noah Ernst,Joe Allen,,
Loretta Smith,Timur Ender,Steph Routh,Thomas Shervey,Jamie Dunphy,Michael (Mike) Sands
Joe Allen,Candace Avalos,Peggy Sue Owens,Loretta Smith,Doug Clove,Jamie Dunphy
Noah Ernst,,,,,
Doug Clove,Timur Ender,Candace Avalos,Cayle Tern,Terrence Hayes,Noah Ernst
Candace Avalos,Steph Routh,Timur Ender,Jamie Dunphy,Cayle Tern,David Linn
Terrence Hayes,Noah Ernst,Doug Clove,,,
Candace Avalos,Terrence Hayes,Noah Ernst,Timur Ender,Jamie Dunphy,Steph Routh
Timur Ender,Candace Avalos,Jamie Dunphy,,,
Candace Avalos,Jamie Dunphy,,,,
Candace Avalos,Deian Salazar,David Linn,Joe Furi,Loretta Smith,Peggy Sue Owens
Candace Avalos,Steph Routh,Timur Ender,,,
Candace Avalos,Timur Ender,Jamie Dunphy,,,
Steph Routh,Terrence Hayes,Joe Allen,,,
Candace Avalos,Steph Routh,Loretta Smith,,,
Doug Clove,Loretta Smith,Thomas Shervey,Steph Routh,Michael (Mike) Sands,
Loretta Smith,Steph Routh,David Linn,,,
Jamie Dunphy,Michael (Mike) Sands,Candace Avalos,Noah Ernst,Steph Routh,
Timur Ender,Jamie Dunphy,Cayle Tern,Doug Clove,,
Timur Ender,Candace Avalos,Steph Routh,Cayle Tern,,
Noah Ernst,Doug Clove,Loretta Smith,Terrence Hayes,Michael (Mike) Sands,Timur Ender
Candace Avalos,Timur Ender,Cayle Tern,Steph Routh,Jamie Dunphy,
Deian Salazar,Loretta Smith,Peggy Sue Owens,Jamie Dunphy,Michael (Mike) Sands,Doug Clove
Noah Ernst,,,,,
Candace Avalos,Noah Ernst,Steph Routh,Jamie Dunphy,,
Terrence Hayes,Noah Ernst,Candace Avalos,,,
Joe Allen,Jamie Dunphy,Loretta Smith,Terrence Hayes,Steph Routh,Candace Avalos
Loretta Smith,Steph Routh,Timur Ender,Terrence Hayes,Candace Avalos,
Loretta Smith,Jamie Dunphy,Timur Ender,Candace Avalos,Steph Routh,Peggy Sue Owens
Terrence Hayes,Candace Avalos,Noah Ernst,,,
Steph Routh,Noah Ernst,Terrence Hayes,Candace Avalos,Timur Ender,Cayle Tern
Terrence Hayes,,,,,
Candace Avalos,Noah Ernst,Timur Ender,Terrence Hayes,Steph Routh,Jamie Dunphy
Doug Clove,Joe Allen,Jamie Dunphy,Noah Ernst,Timur Ender,Cayle Tern
Jamie Dunphy,Steph Routh,Candace Avalos,Deian Salazar,,
Jamie Dunphy,Noah Ernst,David Linn,Candace Avalos,Terrence Hayes,Joe Furi
Jamie Dunphy,Joe Allen,Steph Routh,,,
Steph Routh,Jamie Dunphy,David Linn,,,
Steph Routh,Candace Avalos,Timur Ender,Cayle Tern,Jamie Dunphy,David Linn
David Linn,Loretta Smith,Cayle Tern,Write-in-120,,
Terrence Hayes,,,,,
Cayle Tern,,,,,
Candace Avalos,Joe Furi,Loretta Smith,Doug Clove,,
,,,,,
Candace Avalos,Steph Routh,Terrence Hayes,Cayle Tern,Timur Ender,
Loretta Smith,Steph Routh,Doug Clove,Cayle Tern,Timur Ender,Noah Ernst
Timur Ender,Joe Allen,Thomas Shervey,,,
Loretta Smith,Steph Routh,Joe Allen,,,
Candace Avalos,Timur Ender,Jamie Dunphy,Steph Routh,,
Loretta Smith,Steph Routh,Terrence Hayes,David Linn,Timur Ender,Jamie Dunphy
Timur Ender,Candace Avalos,Terrence Hayes,Steph Routh,,
Jamie Dunphy,Candace Avalos,Steph Routh,David Linn,,
Jamie Dunphy,Terrence Hayes,Steph Routh,Candace Avalos,,
Jamie Dunphy,Candace Avalos,Loretta Smith,Joe Allen,Steph Routh,Terrence Hayes
Loretta Smith,Jamie Dunphy,David Linn,Candace Avalos,,
Loretta Smith,Terrence Hayes,,,,
Joe Allen,Doug Clove,Michael (Mike) Sands,Terrence Hayes,Cayle Tern,Timur Ender
Terrence Hayes,Steph Routh,,,,
Steph Routh,Jamie Dunphy,Candace Avalos,Timur Ender,,
Joe Allen,,,,,
Jamie Dunphy,David Linn,Terrence Hayes,Noah Ernst,Joe Allen,Candace Avalos
Loretta Smith,Timur Ender,Candace Avalos,,,
David Linn,,,,,
Joe Allen,Terrence Hayes,Michael (Mike) Sands,Cayle Tern,Jamie Dunphy,Timur Ender
Joe Furi,Doug Clove,Joe Allen,Thomas Shervey,,
Jamie Dunphy,Candace Avalos,Steph Routh,Noah Ernst,David Linn,Loretta Smith
Jamie Dunphy,Candace Avalos,Steph Routh,Loretta Smith,,
Cayle Tern,Steph Routh,Michael (Mike) Sands,Terrence Hayes,Timur Ender,Candace Avalos
Noah Ernst,Terrence Hayes,Joe Furi,Loretta Smith,Doug Clove,
Peggy Sue Owens,,,,,
Timur Ender,Noah Ernst,Candace Avalos,Doug Clove,David Linn,Cayle Tern
Loretta Smith,Terrence Hayes,,,,
Candace Avalos,Jamie Dunphy,Terrence Hayes,Loretta Smith,Timur Ender,David Linn
Steph Routh,Candace Avalos,Loretta Smith,Jamie Dunphy,Timur Ender,Terrence Hayes
Noah Ernst,Cayle Tern,Deian Salazar,Terrence Hayes,Loretta Smith,David Linn
Noah Ernst,Timur Ender,Cayle Tern,David Linn,Candace Avalos,Joe Allen
Candace Avalos,Timur Ender,David Linn,Steph Routh,Jamie Dunphy,
Timur Ender,Candace Avalos,Joe Furi,Cayle Tern,Steph Routh,David Linn
Candace Avalos,Cayle Tern,Terrence Hayes,,,
Candace Avalos,Cayle Tern,Steph Routh,Doug Clove,David Linn,Joe Furi
Jamie Dunphy,Candace Avalos,Steph Routh,Noah Ernst,David Linn,Loretta Smith
Noah Ernst,Terrence Hayes,Loretta Smith,,,
Peggy Sue Owens,Noah Ernst,Candace Avalos,Steph Routh,Deian Salazar,Thomas Shervey
Jamie Dunphy,Candace Avalos,Steph Routh,Timur Ender,,
Timur Ender,Terrence Hayes,Loretta Smith,Steph Routh,Cayle Tern,Write-in-120
Jamie Dunphy,Steph Routh,Noah Ernst,Terrence Hayes,David Linn,Candace Avalos
Candace Avalos,Steph Routh,Timur Ender,Jamie Dunphy,Cayle Tern,David Linn
Loretta Smith,Peggy Sue Owens,Jamie Dunphy,Terrence Hayes,Timur Ender,
Loretta Smith,Steph Routh,Timur Ender,Terrence Hayes,Noah Ernst,Jamie Dunphy
Loretta Smith,Peggy Sue Owens,Candace Avalos,Deian Salazar,Steph Routh,
Timur Ender,,,,,
Michael (Mike) Sands,Joe Allen,,,,
David Linn,Candace Avalos,Michael (Mike) Sands,Thomas Shervey,Terrence Hayes,Steph Routh
Peggy Sue Owens,Candace Avalos,Jamie Dunphy,,,
Candace Avalos,Steph Routh,Timur Ender,Jamie Dunphy,,
Loretta Smith,Timur Ender,David Linn,Steph Routh,Jamie Dunphy,Noah Ernst
Peggy Sue Owens,Candace Avalos,Loretta Smith,,,
Loretta Smith,,,,,
Doug Clove,Noah Ernst,Timur Ender,Thomas Shervey,Write-in-120,Write-in-121
Doug Clove,Noah Ernst,Jamie Dunphy,,,
Loretta Smith,Timur Ender,Noah Ernst,Steph Routh,David Linn,Jamie Dunphy
Terrence Hayes,Noah Ernst,Loretta Smith,,,
David Linn,Candace Avalos,Doug Clove,Michael (Mike) Sands,Loretta Smith,Thomas Shervey
Peggy Sue Owens,Deian Salazar,Steph Routh,,,
Deian Salazar,Timur Ender,Noah Ernst,David Linn,Cayle Tern,Joe Furi
Jamie Dunphy,Candace Avalos,Steph Routh,,,
Doug Clove,Terrence Hayes,,,,
Michael (Mike) Sands,Deian Salazar,Peggy Sue Owens,David Linn,Noah Ernst,Cayle Tern
Noah Ernst,Terrence Hayes,Loretta Smith,Timur Ender,,
Doug Clove,Terrence Hayes,Noah Ernst,,,
Terrence Hayes,Noah Ernst,Loretta Smith,,,
Candace Avalos,Terrence Hayes,,,,
Jamie Dunphy,Noah Ernst,Steph Routh,David Linn,,
Candace Avalos,Michael (Mike) Sands,Peggy Sue Owens,David Linn,Deian Salazar,Loretta Smith
Timur Ender,Steph Routh,Jamie Dunphy,Candace Avalos,David Linn,Cayle Tern
Candace Avalos,Timur Ender,Steph Routh,Jamie Dunphy,David Linn,Doug Clove
Candace Avalos,Jamie Dunphy,Steph Routh,,,
Noah Ernst,Deian Salazar,Loretta Smith,Doug Clove,Thomas Shervey,Terrence Hayes
David Linn,Joe Furi,Thomas Shervey,,,
Joe Furi,Noah Ernst,Jamie Dunphy,Cayle Tern,Deian Salazar,Joe Allen
Loretta Smith,Peggy Sue Owens,Joe Allen,Noah Ernst,Terrence Hayes,Michael (Mike) Sands
Joe Allen,Loretta Smith,Thomas Shervey,Timur Ender,,
Loretta Smith,,,,,
Candace Avalos,Joe Allen,Jamie Dunphy,Cayle Tern,David Linn,Timur Ender
Timur Ender,Candace Avalos,Terrence Hayes,Steph Routh,Jamie Dunphy,Cayle Tern
Steph Routh,Timur Ender,Candace Avalos,Jamie Dunphy,David Linn,Loretta Smith
Timur Ender,Jamie Dunphy,,,,
David Linn,Steph Routh,Candace Avalos,Jamie Dunphy,Timur Ender,
Cayle Tern,Doug Clove,Noah Ernst,Loretta Smith,Timur Ender,Thomas Shervey
Noah Ernst,Terrence Hayes,Loretta Smith,,,
Doug Clove,Terrence Hayes,Noah Ernst,,,
Terrence Hayes,Loretta Smith,,,,
Loretta Smith,Terrence Hayes,,,,
Candace Avalos,Cayle Tern,Timur Ender,,,
Candace Avalos,Deian Salazar,David Linn,Thomas Shervey,Joe Furi,Steph Routh
Loretta Smith,Deian Salazar,,,,
Loretta Smith,Timur Ender,Terrence Hayes,,,
Jamie Dunphy,Loretta Smith,Steph Routh,Timur Ender,Candace Avalos,Cayle Tern
Noah Ernst,Timur Ender,,,,
Jamie Dunphy,Loretta Smith,Noah Ernst,David Linn,,
Terrence Hayes,Steph Routh,,,,
Candace Avalos,Steph Routh,Timur Ender,Cayle Tern,Loretta Smith,
Jamie Dunphy,Timur Ender,Doug Clove,Michael (Mike) Sands,Steph Routh,
Steph Routh,Timur Ender,Candace Avalos,Jamie Dunphy,Cayle Tern,
Candace Avalos,Steph Routh,Timur Ender,Jamie Dunphy,,
Deian Salazar,Loretta Smith,Jamie Dunphy,Peggy Sue Owens,Candace Avalos,Michael (Mike) Sands
Jamie Dunphy,,,,,
Noah Ernst,,,,,
Loretta Smith,David Linn,Steph Routh,,,
Write-in-120,Candace Avalos,Steph Routh,Noah Ernst,Loretta Smith,
Candace Avalos,Jamie Dunphy,Steph Routh,,,
Jamie Dunphy,Timur Ender,Loretta Smith,,,
Jamie Dunphy,Joe Allen,Michael (Mike) Sands,Noah Ernst,Doug Clove,
Terrence Hayes,Steph Routh,Loretta Smith,Candace Avalos,Jamie Dunphy,Joe Allen
Steph Routh,Candace Avalos,Timur Ender,Jamie Dunphy,,
Terrence Hayes,,,,,
Jamie Dunphy,Thomas Shervey,Joe Furi,,,
Noah Ernst,Terrence Hayes,Joe Furi,Loretta Smith,Doug Clove,Michael (Mike) Sands
Jamie Dunphy,Terrence Hayes,,,,
Terrence Hayes,Noah Ernst,Joe Furi,Loretta Smith,Doug Clove,Write-in-120
,,,,,
Steph Routh,Jamie Dunphy,Timur Ender,Doug Clove,,
Terrence Hayes,Timur Ender,David Linn,Doug Clove,Thomas Shervey,Steph Routh
,,,,,
Candace Avalos,Loretta Smith,Steph Routh,,,
Jamie Dunphy,Steph Routh,Timur Ender,,,
Terrence Hayes,Cayle Tern,Candace Avalos,Timur Ender,Steph Routh,Jamie Dunphy
Steph Routh,Terrence Hayes,Timur Ender,Candace Avalos,Loretta Smith,Jamie Dunphy
Steph Routh,Jamie Dunphy,Candace Avalos,,,
Timur Ender,Jamie Dunphy,Steph Routh,Cayle Tern,Loretta Smith,Michael (Mike) Sands
Noah Ernst,,,,,
Candace Avalos,Steph Routh,Timur Ender,Jamie Dunphy,Noah Ernst,Cayle Tern
Loretta Smith,Thomas Shervey,Candace Avalos,,,
Steph Routh,Terrence Hayes,Timur Ender,Jamie Dunphy,,
Michael (Mike) Sands,David Linn,Timur Ender,Loretta Smith,Steph Routh,
Loretta Smith,Terrence Hayes,Noah Ernst,David Linn,Steph Routh,Timur Ender
Candace Avalos,Cayle Tern,Michael (Mike) Sands,Steph Routh,Loretta Smith,David Linn
Loretta Smith,Steph Routh,Timur Ender,Deian Salazar,Noah Ernst,Michael (Mike) Sands
Candace Avalos,Jamie Dunphy,Steph Routh,,,
Terrence Hayes,Timur Ender,Michael (Mike) Sands,,,
Doug Clove,Loretta Smith,Terrence Hayes,Deian Salazar,,
Terrence Hayes,Steph Routh,Candace Avalos,Joe Allen,Michael (Mike) Sands,David Linn
Terrence Hayes,Steph Routh,Loretta Smith,Candace Avalos,Deian Salazar,Timur Ender
Noah Ernst,Steph Routh,Terrence Hayes,Loretta Smith,David Linn,Jamie Dunphy
Candace Avalos,Timur Ender,Steph Routh,Jamie Dunphy,Cayle Tern,David Linn
Loretta Smith,,,,,
Terrence Hayes,Noah Ernst,Doug Clove,,,
David Linn,Cayle Tern,Candace Avalos,Doug Clove,Steph Routh,Jamie Dunphy
Noah Ernst,Joe Furi,Deian Salazar,,,
Jamie Dunphy,Steph Routh,Candace Avalos,Timur Ender,David Linn,Terrence Hayes
Joe Allen,,,,,
Candace Avalos,Joe Furi,Doug Clove,Terrence Hayes,Steph Routh,Jamie Dunphy
Loretta Smith,Terrence Hayes,Doug Clove,,,
Candace Avalos,Timur Ender,Loretta Smith,Terrence Hayes,Noah Ernst,Steph Routh
Steph Routh,,,,,
Joe Allen,Thomas Shervey,,,,
Candace Avalos,Jamie Dunphy,Steph Routh,,,
Timur Ender,Joe Furi,Michael (Mike) Sands,,,
Candace Avalos,Jamie Dunphy,,,,
Terrence Hayes,Steph Routh,Jamie Dunphy,Noah Ernst,Joe Furi,
Joe Allen,David Linn,Cayle Tern,Doug Clove,Joe Furi,Michael (Mike) Sands
Timur Ender,Noah Ernst,Deian Salazar,Terrence Hayes,Jamie Dunphy,
Peggy Sue Owens,,,,,
Cayle Tern,,,,,
Jamie Dunphy,Steph Routh,Candace Avalos,Timur Ender,Loretta Smith,
Peggy Sue Owens,Timur Ender,Noah Ernst,Candace Avalos,Joe Allen,David Linn
Jamie Dunphy,Terrence Hayes,Deian Salazar,Doug Clove,Candace Avalos,Steph Routh
Loretta Smith,Jamie Dunphy,,,,
Noah Ernst,Terrence Hayes,Loretta Smith,,,
Loretta Smith,Peggy Sue Owens,Candace Avalos,Michael (Mike) Sands,Steph Routh,Joe Furi
Candace Avalos,Terrence Hayes,Cayle Tern,,,
Timur Ender,Michael (Mike) Sands,,,,
Steph Routh,Candace Avalos,Timur Ender,Jamie Dunphy,Terrence Hayes,Loretta Smith
Timur Ender,Candace Avalos,Jamie Dunphy,Steph Routh,Terrence Hayes,Loretta Smith
Timur Ender,Jamie Dunphy,Steph Routh,Terrence Hayes,Loretta Smith,Cayle Tern
Noah Ernst,Terrence Hayes,Joe Furi,Loretta Smith,Doug Clove,
Loretta Smith,Noah Ernst,Terrence Hayes,Steph Routh,Jamie Dunphy,Timur Ender
Doug Clove,,,,,
Loretta Smith,Thomas Shervey,Terrence Hayes,,,
Noah Ernst,Terrence Hayes,,,,
Peggy Sue Owens,David Linn,Noah Ernst,Cayle Tern,Loretta Smith,Thomas Shervey
Noah Ernst,,,,,
Doug Clove,,,,,
Candace Avalos,Jamie Dunphy,Steph Routh,Loretta Smith,Noah Ernst,David Linn
Candace Avalos,Steph Routh,Timur Ender,Jamie Dunphy,David Linn,Cayle Tern
Jamie Dunphy,Michael (Mike) Sands,Joe Furi,Steph Routh,Doug Clove,Thomas Shervey
Jamie Dunphy,Candace Avalos,Steph Routh,Noah Ernst,David Linn,Loretta Smith
Loretta Smith,Noah Ernst,Deian Salazar,Michael (Mike) Sands,Terrence Hayes,Doug Clove
Loretta Smith,Jamie Dunphy,Steph Routh,Noah Ernst,Michael (Mike) Sands,Deian Salazar
Candace Avalos,,,,,
Joe Allen,Cayle Tern,Timur Ender,Loretta Smith,Terrence Hayes,Jamie Dunphy
Doug Clove,Loretta Smith,Steph Routh,Noah Ernst,Terrence Hayes,Candace Avalos
Jamie Dunphy,Candace Avalos,Peggy Sue Owens,,,
Doug Clove,Joe Allen,Deian Salazar,Terrence Hayes,Noah Ernst,
Doug Clove,Noah Ernst,Jamie Dunphy,Steph Routh,David Linn,Candace Avalos
Joe Furi,Doug Clove,Deian Salazar,Terrence Hayes,Steph Routh,Thomas Shervey
Loretta Smith,Jamie Dunphy,Steph Routh,Cayle Tern,Candace Avalos,
Timur Ender,Thomas Shervey,Jamie Dunphy,Terrence Hayes,Steph Routh,
Candace Avalos,Timur Ender,Steph Routh,Jamie Dunphy,,
David Linn,Terrence Hayes,Timur Ender,Deian Salazar,Steph Routh,
Loretta Smith,Terrence Hayes,,,,
Cayle Tern,Timur Ender,Loretta Smith,,,
Loretta Smith,Timur Ender,Noah Ernst,Steph Routh,David Linn,
Loretta Smith,Deian Salazar,Candace Avalos,,,
Cayle Tern,Steph Routh,David Linn,Michael (Mike) Sands,Peggy Sue Owens,Candace Avalos
Candace Avalos,Doug Clove,Joe Furi,Terrence Hayes,Thomas Shervey,Michael (Mike) Sands
Candace Avalos,Cayle Tern,Joe Allen,Doug Clove,Deian Salazar,Peggy Sue Owens
Loretta Smith,Michael (Mike) Sands,David Linn,Cayle Tern,Steph Routh,Candace Avalos
Candace Avalos,Peggy Sue Owens,David Linn,Cayle Tern,Doug Clove,Joe Furi
Candace Avalos,Steph Routh,Timur Ender,Jamie Dunphy,Cayle Tern,
Terrence Hayes,Loretta Smith,Timur Ender,,,
Cayle Tern,Candace Avalos,Loretta Smith,Jamie Dunphy,Terrence Hayes,Steph Routh
Cayle Tern,Timur Ender,Steph Routh,Candace Avalos,Terrence Hayes,Deian Salazar
Candace Avalos,,,,,
Steph Routh,Jamie Dunphy,Peggy Sue Owens,Noah Ernst,Doug Clove,Michael (Mike) Sands
Candace Avalos,Timur Ender,,,,
Michael (Mike) Sands,Joe Allen,Timur Ender,Doug Clove,Jamie Dunphy,Noah Ernst
Jamie Dunphy,Candace Avalos,Steph Routh,Timur Ender,,
Timur Ender,Candace Avalos,Steph Routh,Jamie Dunphy,David Linn,Cayle Tern
Timur Ender,Cayle Tern,Steph Routh,Loretta Smith,Deian Salazar,Candace Avalos
Jamie Dunphy,Noah Ernst,Terrence Hayes,,,
Candace Avalos,Steph Routh,Jamie Dunphy,Terrence Hayes,Loretta Smith,Timur Ender
David Linn,Loretta Smith,Steph Routh,Jamie Dunphy,Michael (Mike) Sands,Deian Salazar
David Linn,Deian Salazar,Thomas Shervey,Joe Allen,Jamie Dunphy,Joe Furi
Peggy Sue Owens,Steph Routh,Loretta Smith,Candace Avalos,Timur Ender,Cayle Tern
Steph Routh,David Linn,Timur Ender,Jamie Dunphy,Candace Avalos,Noah Ernst
Candace Avalos,Cayle Tern,Timur Ender,,,
Terrence Hayes,Peggy Sue Owens,Timur Ender,Loretta Smith,Michael (Mike) Sands,
Noah Ernst,Loretta Smith,Cayle Tern,Candace Avalos,Timur Ender,Jamie Dunphy
Doug Clove,Jamie Dunphy,,,,
Steph Routh,Candace Avalos,Timur Ender,Jamie Dunphy,Cayle Tern,
David Linn,Loretta Smith,Joe Allen,,,
Candace Avalos,Cayle Tern,Timur Ender,,,
Terrence Hayes,Timur Ender,Michael (Mike) Sands,,,
Steph Routh,Loretta Smith,Terrence Hayes,,,
Candace Avalos,David Linn,Joe Furi,Thomas Shervey,Jamie Dunphy,Peggy Sue Owens
Candace Avalos,Steph Routh,Jamie Dunphy,Timur Ender,Loretta Smith,Cayle Tern
Jamie Dunphy,Steph Routh,Noah Ernst,,,
Candace Avalos,Cayle Tern,Thomas Shervey,Joe Furi,Jamie Dunphy,Terrence Hayes
Steph Routh,,,,,
Candace Avalos,Steph Routh,Timur Ender,Deian Salazar,David Linn,Terrence Hayes
Terrence Hayes,Noah Ernst,Doug Clove,Loretta Smith,Jamie Dunphy,
Loretta Smith,Deian Salazar,David Linn,,,
Jamie Dunphy,Michael (Mike) Sands,Thomas Shervey,Joe Allen,Timur Ender,Steph Routh
Loretta Smith,Terrence Hayes,Jamie Dunphy,Michael (Mike) Sands,David Linn,Steph Routh
Jamie Dunphy,Timur Ender,Steph Routh,Candace Avalos,David Linn,
Candace Avalos,,,,,
Loretta Smith,Peggy Sue Owens,Terrence Hayes,Joe Allen,Deian Salazar,Candace Avalos
Timur Ender,Candace Avalos,Steph Routh,Jamie Dunphy,Cayle Tern,
Candace Avalos,Steph Routh,Timur Ender,Jamie Dunphy,Loretta Smith,Terrence Hayes
Loretta Smith,Noah Ernst,Jamie Dunphy,Timur Ender,Steph Routh,Candace Avalos
Jamie Dunphy,,,,,
Terrence Hayes,Doug Clove,Steph Routh,Loretta Smith,Noah Ernst,David Linn
Terrence Hayes,Noah Ernst,Joe Furi,,,
Noah Ernst,Joe Allen,Jamie Dunphy,Loretta Smith,Write-in-122,Michael (Mike) Sands
Candace Avalos,Joe Furi,Deian Salazar,Thomas Shervey,Terrence Hayes,Steph Routh
Noah Ernst,,,,,
David Linn,Timur Ender,,,,
Candace Avalos,Steph Routh,Timur Ender,,,
Peggy Sue Owens,Loretta Smith,Timur Ender,Steph Routh,Cayle Tern,Candace Avalos
Doug Clove,,,,,
Candace Avalos,Joe Allen,Timur Ender,,,
Candace Avalos,Timur Ender,Jamie Dunphy,Steph Routh,Michael (Mike) Sands,Cayle Tern
Timur Ender,Jamie Dunphy,Joe Allen,,,
Candace Avalos,Timur Ender,Steph Routh,David Linn,Cayle Tern,Jamie Dunphy
Terrence Hayes,Timur Ender,Candace Avalos,Steph Routh,Loretta Smith,Jamie Dunphy
Candace Avalos,Steph Routh,Timur Ender,,,
Candace Avalos,Loretta Smith,Steph Routh,Jamie Dunphy,,
Loretta Smith,Noah Ernst,Steph Routh,,,
Candace Avalos,Timur Ender,Cayle Tern,Terrence Hayes,,
Candace Avalos,Jamie Dunphy,Noah Ernst,Steph Routh,,
Doug Clove,Cayle Tern,,,,
Terrence Hayes,Joe Furi,Joe Allen,Loretta Smith,Steph Routh,Doug Clove
Candace Avalos,Steph Routh,Timur Ender,,,
Timur Ender,Terrence Hayes,Joe Allen,,,
Loretta Smith,,,,,
Candace Avalos,Timur Ender,Michael (Mike) Sands,David Linn,Cayle Tern,
David Linn,Cayle Tern,Terrence Hayes,,,
Candace Avalos,Loretta Smith,Steph Routh,Timur Ender,Cayle Tern,
Candace Avalos,David Linn,Joe Allen,Terrence Hayes,Doug Clove,Deian Salazar
Joe Furi,Doug Clove,Deian Salazar,David Linn,Joe Allen,Noah Ernst
Noah Ernst,Doug Clove,Joe Furi,Terrence Hayes,Jamie Dunphy,Loretta Smith
Noah Ernst,Doug Clove,Deian Salazar,Terrence Hayes,Joe Allen,Steph Routh
Jamie Dunphy,Steph Routh,Doug Clove,,,
Peggy Sue Owens,Doug Clove,Noah Ernst,Steph Routh,Jamie Dunphy,Loretta Smith
Loretta Smith,Cayle Tern,Thomas Shervey,Steph Routh,Doug Clove,Candace Avalos
Loretta Smith,Deian Salazar,David Linn,Doug Clove,Terrence Hayes,
Jamie Dunphy,Candace Avalos,Steph Routh,Noah Ernst,David Linn,Loretta Smith
Loretta Smith,Candace Avalos,,,,
Joe Allen,Noah Ernst,Thomas Shervey,,,
Timur Ender,Noah Ernst,David Linn,Thomas Shervey,Jamie Dunphy,Candace Avalos
Terrence Hayes,Doug Clove,Candace Avalos,David Linn,Timur Ender,Noah Ernst
Candace Avalos,Deian Salazar,Loretta Smith,David Linn,Noah Ernst,Thomas Shervey
Jamie Dunphy,Candace Avalos,Steph Routh,Noah Ernst,David Linn,Loretta Smith
Noah Ernst,Candace Avalos,Timur Ender,Steph Routh,Jamie Dunphy,Terrence Hayes
Terrence Hayes,Loretta Smith,Timur Ender,Steph Routh,Jamie Dunphy,Candace Avalos
Timur Ender,David Linn,Loretta Smith,Terrence Hayes,Cayle Tern,Noah Ernst
Peggy Sue Owens,,,,,
Timur Ender,Loretta Smith,Candace Avalos,Jamie Dunphy,Steph Routh,Terrence Hayes
Candace Avalos,Loretta Smith,Jamie Dunphy,Steph Routh,Cayle Tern,Timur Ender
Candace Avalos,Cayle Tern,,,,
Loretta Smith,Steph Routh,Jamie Dunphy,,,
Cayle Tern,David Linn,Steph Routh,Jamie Dunphy,Timur Ender,Candace Avalos
Noah Ernst,Terrence Hayes,Joe Furi,Loretta Smith,Doug Clove,
Noah Ernst,,,,,
Candace Avalos,Deian Salazar,Loretta Smith,,,
Candace Avalos,Loretta Smith,Terrence Hayes,Steph Routh,Jamie Dunphy,Timur Ender
Loretta Smith,,,,,
Loretta Smith,Jamie Dunphy,,,,
Jamie Dunphy,David Linn,Cayle Tern,Michael (Mike) Sands,Loretta Smith,Noah Ernst
Candace Avalos,Timur Ender,Steph Routh,Jamie Dunphy,David Linn,
Steph Routh,Peggy Sue Owens,Thomas Shervey,Doug Clove,Loretta Smith,Joe Furi
,,,,,
Candace Avalos,Cayle Tern,Timur Ender,,,
Terrence Hayes,Noah Ernst,Joe Furi,Loretta Smith,Doug Clove,
David Linn,Doug Clove,Deian Salazar,Cayle Tern,,
Steph Routh,Peggy Sue Owens,Cayle Tern,,,
Terrence Hayes,Noah Ernst,Candace Avalos,,,
Timur Ender,,,,,
Noah Ernst,David Linn,Michael (Mike) Sands,Peggy Sue Owens,Thomas Shervey,Terrence Hayes
Deian Salazar,Joe Furi,Loretta Smith,,,
Candace Avalos,Timur Ender,Steph Routh,Jamie Dunphy,David Linn,Cayle Tern
Candace Avalos,Cayle Tern,Timur Ender,Loretta Smith,Jamie Dunphy,Steph Routh
David Linn,Doug Clove,Deian Salazar,,,
Joe Allen,,,,,
Loretta Smith,Terrence Hayes,Michael (Mike) Sands,Joe Allen,Peggy Sue Owens,David Linn
Candace Avalos,Steph Routh,Timur Ender,,,
Candace Avalos,Cayle Tern,Timur Ender,Terrence Hayes,,
Loretta Smith,Terrence Hayes,,,,
Loretta Smith,Timur Ender,Candace Avalos,Steph Routh,Jamie Dunphy,Terrence Hayes
Deian Salazar,,,,,
Peggy Sue Owens,Candace Avalos,David Linn,Michael (Mike) Sands,Doug Clove,Steph Routh
Candace Avalos,Steph Routh,Timur Ender,,,
David Linn,Joe Furi,Loretta Smith,Jamie Dunphy,Joe Allen,Noah Ernst
Candace Avalos,Steph Routh,Timur Ender,Jamie Dunphy,Loretta Smith,Cayle Tern
Candace Avalos,Timur Ender,Steph Routh,Jamie Dunphy,,
Cayle Tern,Candace Avalos,Peggy Sue Owens,Noah Ernst,,
David Linn,Timur Ender,Candace Avalos,Cayle Tern,Doug Clove,Deian Salazar
Candace Avalos,Steph Routh,Jamie Dunphy,,,
Steph Routh,Jamie Dunphy,Thomas Shervey,Candace Avalos,Deian Salazar,Terrence Hayes
Jamie Dunphy,Steph Routh,,,,
Steph Routh,Jamie Dunphy,Candace Avalos,,,
Jamie Dunphy,Loretta Smith,Candace Avalos,,,
Timur Ender,Candace Avalos,Loretta Smith,,,
Terrence Hayes,Loretta Smith,Michael (Mike) Sands,Joe Allen,Candace Avalos,Peggy Sue Owens
Candace Avalos,Steph Routh,Jamie Dunphy,,,
Loretta Smith,,,,,
Noah Ernst,Timur Ender,David Linn,Steph Routh,Terrence Hayes,Jamie Dunphy
Jamie Dunphy,Candace Avalos,Steph Routh,Noah Ernst,,
,,,,,
Terrence Hayes,Loretta Smith,Steph Routh,Timur Ender,Jamie Dunphy,
Timur Ender,Loretta Smith,Jamie Dunphy,Noah Ernst,Steph Routh,
Jamie Dunphy,,,,,
Jamie Dunphy,Candace Avalos,Steph Routh,,,
Steph Routh,Terrence Hayes,Candace Avalos,Jamie Dunphy,Noah Ernst,Timur Ender
Joe Allen,Peggy Sue Owens,Loretta Smith,Candace Avalos,David Linn,Deian Salazar
Terrence Hayes,,,,,
Jamie Dunphy,Loretta Smith,,,,
Jamie Dunphy,Candace Avalos,Steph Routh,Terrence Hayes,,
Loretta Smith,David Linn,Cayle Tern,Timur Ender,Michael (Mike) Sands,Candace Avalos
David Linn,Peggy Sue Owens,Doug Clove,Terrence Hayes,Jamie Dunphy,Steph Routh
Jamie Dunphy,Candace Avalos,Steph Routh,Noah Ernst,David Linn,Loretta Smith
Candace Avalos,Deian Salazar,Loretta Smith,Terrence Hayes,Joe Furi,Peggy Sue Owens
Peggy Sue Owens,Steph Routh,Joe Allen,Joe Furi,Noah Ernst,Loretta Smith
Timur Ender,Steph Routh,Candace Avalos,Cayle Tern,,
Jamie Dunphy,Candace Avalos,Steph Routh,Noah Ernst,David Linn,Loretta Smith
Joe Furi,Candace Avalos,Joe Allen,Doug Clove,Noah Ernst,Cayle Tern
Candace Avalos,,,,,
Candace Avalos,Noah Ernst,Doug Clove,,,
Candace Avalos,Cayle Tern,Steph Routh,Michael (Mike) Sands,Timur Ender,David Linn
Jamie Dunphy,Steph Routh,David Linn,Terrence Hayes,Thomas Shervey,Candace Avalos
David Linn,,,,,
Loretta Smith,Terrence Hayes,Candace Avalos,Deian Salazar,Noah Ernst,
,,,,,
Cayle Tern,David Linn,Candace Avalos,Loretta Smith,Steph Routh,Timur Ender
Terrence Hayes,Loretta Smith,Noah Ernst,Steph Routh,,
Jamie Dunphy,Steph Routh,Thomas Shervey,Michael (Mike) Sands,Deian Salazar,Doug Clove
Loretta Smith,,,,,
Timur Ender,Candace Avalos,David Linn,Cayle Tern,Jamie Dunphy,
Timur Ender,Candace Avalos,Joe Allen,Doug Clove,Cayle Tern,Joe Furi
Doug Clove,,,,,
Loretta Smith,Jamie Dunphy,Noah Ernst,,,
Steph Routh,Cayle Tern,Jamie Dunphy,Candace Avalos,Timur Ender,
Steph Routh,Candace Avalos,Jamie Dunphy,,,
Jamie Dunphy,Steph Routh,,,,
Terrence Hayes,Joe Furi,Joe Allen,Noah Ernst,Steph Routh,Jamie Dunphy
Steph Routh,Timur Ender,Jamie Dunphy,Candace Avalos,,
Thomas Shervey,Deian Salazar,Jamie Dunphy,,,
Candace Avalos,Timur Ender,Cayle Tern,Peggy Sue Owens,Michael (Mike) Sands,Steph Routh
,,,,,
Loretta Smith,Joe Allen,Thomas Shervey,,,
Noah Ernst,Timur Ender,Jamie Dunphy,Terrence Hayes,Candace Avalos,Loretta Smith
Noah Ernst,Jamie Dunphy,Terrence Hayes,Candace Avalos,Timur Ender,Peggy Sue Owens
Candace Avalos,Cayle Tern,Timur Ender,Jamie Dunphy,Steph Routh,
Candace Avalos,Timur Ender,Steph Routh,David Linn,Jamie Dunphy,Cayle Tern
Doug Clove,Joe Allen,Timur Ender,Noah Ernst,Loretta Smith,Candace Avalos
Candace Avalos,Steph Routh,Timur Ender,Jamie Dunphy,Terrence Hayes,Cayle Tern
Steph Routh,Candace Avalos,Timur Ender,Cayle Tern,Jamie Dunphy,
Jamie Dunphy,Timur Ender,Noah Ernst,Candace Avalos,Steph Routh,David Linn
Steph Routh,Candace Avalos,Timur Ender,Jamie Dunphy,Loretta Smith,
Noah Ernst,Terrence Hayes,Doug Clove,,,
Timur Ender,Michael (Mike) Sands,Terrence Hayes,Jamie Dunphy,Doug Clove,Deian Salazar
Peggy Sue Owens,Loretta Smith,Candace Avalos,Steph Routh,Deian Salazar,Jamie Dunphy
Loretta Smith,Peggy Sue Owens,,,,
Steph Routh,Loretta Smith,Candace Avalos,,,
Michael (Mike) Sands,Loretta Smith,Noah Ernst,Steph Routh,Jamie Dunphy,David Linn
Loretta Smith,Candace Avalos,Terrence Hayes,,,
Loretta Smith,,,,,
Loretta Smith,,,,,
Timur Ender,,,,,
Michael (Mike) Sands,Jamie Dunphy,Timur Ender,Terrence Hayes,Cayle Tern,Loretta Smith
Loretta Smith,,,,,
Joe Allen,Deian Salazar,Thomas Shervey,Jamie Dunphy,Terrence Hayes,Steph Routh
Steph Routh,Terrence Hayes,Candace Avalos,,,
Doug Clove,Noah Ernst,,,,
Candace Avalos,Timur Ender,Doug Clove,David Linn,Jamie Dunphy,Loretta Smith
Noah Ernst,Thomas Shervey,David Linn,,,
Candace Avalos,,,,,
Noah Ernst,Doug Clove,Jamie Dunphy,,,
Doug Clove,,,,,
Candace Avalos,Cayle Tern,,,,
Steph Routh,Jamie Dunphy,Terrence Hayes,,,
David Linn,Timur Ender,Cayle Tern,Steph Routh,,
Noah Ernst,Timur Ender,Deian Salazar,Joe Allen,,
Jamie Dunphy,Timur Ender,Candace Avalos,Steph Routh,,
Candace Avalos,Loretta Smith,Steph Routh,Doug Clove,Joe Furi,Joe Allen
Candace Avalos,Loretta Smith,Peggy Sue Owens,Steph Routh,,
Jamie Dunphy,,,,,
Doug Clove,,,,,
Jamie Dunphy,,,,,
Terrence Hayes,Candace Avalos,,,,
Steph Routh,Candace Avalos,Timur Ender,Noah Ernst,Loretta Smith,Peggy Sue Owens
Doug Clove,Candace Avalos,David Linn,Deian Salazar,Peggy Sue Owens,Steph Routh
Cayle Tern,Deian Salazar,Loretta Smith,Candace Avalos,David Linn,Steph Routh
Candace Avalos,Cayle Tern,Timur Ender,,,
Timur Ender,David Linn,Joe Furi,Deian Salazar,Thomas Shervey,Terrence Hayes
Deian Salazar,Candace Avalos,Loretta Smith,Jamie Dunphy,Noah Ernst,Terrence Hayes
,,,,,
Noah Ernst,,,,,
Joe Allen,Doug Clove,,,,
Noah Ernst,Loretta Smith,Terrence Hayes,,,
Loretta Smith,Jamie Dunphy,Steph Routh,Cayle Tern,Candace Avalos,
Doug Clove,Loretta Smith,Timur Ender,,,
Candace Avalos,Steph Routh,Timur Ender,Loretta Smith,Terrence Hayes,Cayle Tern
Deian Salazar,Joe Furi,Doug Clove,,,
,,,,,
Terrence Hayes,Deian Salazar,David Linn,Candace Avalos,Joe Furi,Jamie Dunphy
Terrence Hayes,Timur Ender,Candace Avalos,Steph Routh,Loretta Smith,Jamie Dunphy
Candace Avalos,Cayle Tern,Timur Ender,,,
Candace Avalos,Cayle Tern,Timur Ender,,,
Candace Avalos,Cayle Tern,Timur Ender,Steph Routh,Jamie Dunphy,David Linn
Jamie Dunphy,Candace Avalos,Steph Routh,Timur Ender,Cayle Tern,David Linn
Deian Salazar,Noah Ernst,Doug Clove,Terrence Hayes,Loretta Smith,Jamie Dunphy
Candace Avalos,Terrence Hayes,Doug Clove,Loretta Smith,Steph Routh,Jamie Dunphy
Timur Ender,Loretta Smith,Cayle Tern,David Linn,Terrence Hayes,Candace Avalos
David Linn,,,,,
Terrence Hayes,Timur Ender,Loretta Smith,Doug Clove,Candace Avalos,Steph Routh
Michael (Mike) Sands,Timur Ender,Noah Ernst,Loretta Smith,David Linn,Candace Avalos
Candace Avalos,Timur Ender,Michael (Mike) Sands,Doug Clove,Terrence Hayes,Jamie Dunphy
Cayle Tern,Loretta Smith,Terrence Hayes,,,
Loretta Smith,,,,,
Jamie Dunphy,Terrence Hayes,Steph Routh,Candace Avalos,Timur Ender,Deian Salazar
Terrence Hayes,Candace Avalos,,,,
Steph Routh,Timur Ender,Loretta Smith,Terrence Hayes,Candace Avalos,Cayle Tern
Steph Routh,Peggy Sue Owens,Candace Avalos,,,
Loretta Smith,Candace Avalos,Noah Ernst,Thomas Shervey,Cayle Tern,Peggy Sue Owens
Cayle Tern,Candace Avalos,Steph Routh,Thomas Shervey,Timur Ender,
Doug Clove,,,,,
Jamie Dunphy,Steph Routh,Candace Avalos,Cayle Tern,Timur Ender,David Linn
Doug Clove,Jamie Dunphy,Loretta Smith,,,
Candace Avalos,Cayle Tern,Steph Routh,Timur Ender,,
Jamie Dunphy,Deian Salazar,Timur Ender,,,
Jamie Dunphy,Candace Avalos,Steph Routh,Noah Ernst,David Linn,
Noah Ernst,Joe Furi,David Linn,Write-in-120,Thomas Shervey,Candace Avalos
Cayle Tern,Jamie Dunphy,Timur Ender,Michael (Mike) Sands,Candace Avalos,Loretta Smith
Timur Ender,David Linn,Joe Furi,,,
Jamie Dunphy,Candace Avalos,Timur Ender,,,
Terrence Hayes,Timur Ender,Noah Ernst,Loretta Smith,,
Loretta Smith,Candace Avalos,Peggy Sue Owens,Jamie Dunphy,Deian Salazar,Michael (Mike) Sands
Loretta Smith,Candace Avalos,Steph Routh,,,
Loretta Smith,,,,,
Jamie Dunphy,Loretta Smith,Timur Ender,,,
Steph Routh,Loretta Smith,Noah Ernst,Joe Allen,,
Noah Ernst,Terrence Hayes,Loretta Smith,,,
Loretta Smith,Terrence Hayes,Jamie Dunphy,Peggy Sue Owens,Cayle Tern,Noah Ernst
Joe Furi,Terrence Hayes,Jamie Dunphy,Cayle Tern,Noah Ernst,Peggy Sue Owens
Candace Avalos,Steph Routh,Timur Ender,Jamie Dunphy,,
Terrence Hayes,Noah Ernst,Loretta Smith,,,
Timur Ender,Candace Avalos,Steph Routh,Terrence Hayes,Michael (Mike) Sands,Joe Allen
Loretta Smith,Candace Avalos,Timur Ender,,,
Steph Routh,Candace Avalos,Timur Ender,Jamie Dunphy,Cayle Tern,David Linn
Candace Avalos,Cayle Tern,Timur Ender,,,
Deian Salazar,Noah Ernst,,,,
Michael (Mike) Sands,Thomas Shervey,Joe Allen,David Linn,Steph Routh,Peggy Sue Owens
Joe Allen,Loretta Smith,Terrence Hayes,,,
Terrence Hayes,Thomas Shervey,Loretta Smith,Deian Salazar,,
Noah Ernst,Doug Clove,Terrence Hayes,Loretta Smith,Steph Routh,Jamie Dunphy
Loretta Smith,David Linn,Noah Ernst,Michael (Mike) Sands,Joe Furi,Cayle Tern
Loretta Smith,,,,,
Candace Avalos,Terrence Hayes,Steph Routh,Jamie Dunphy,Timur Ender,Joe Furi
Jamie Dunphy,Steph Routh,Loretta Smith,Thomas Shervey,Cayle Tern,Noah Ernst
Noah Ernst,Doug Clove,Loretta Smith,Deian Salazar,Joe Allen,
Joe Furi,Loretta Smith,,,,
Candace Avalos,Terrence Hayes,Timur Ender,Steph Routh,Jamie Dunphy,Loretta Smith
Jamie Dunphy,Candace Avalos,Timur Ender,David Linn,,
Steph Routh,Jamie Dunphy,,,,
Candace Avalos,David Linn,Loretta Smith,Steph Routh,Jamie Dunphy,Cayle Tern
Noah Ernst,Doug Clove,Cayle Tern,,,
Noah Ernst,Steph Routh,Loretta Smith,Deian Salazar,Cayle Tern,Timur Ender
Candace Avalos,Timur Ender,Jamie Dunphy,Steph Routh,Cayle Tern,David Linn
Loretta Smith,Jamie Dunphy,Steph Routh,,,
Jamie Dunphy,Steph Routh,Candace Avalos,Timur Ender,,
Candace Avalos,,,,,
Jamie Dunphy,,,,,
Noah Ernst,David Linn,Terrence Hayes,Steph Routh,Joe Furi,Jamie Dunphy
Loretta Smith,Peggy Sue Owens,Candace Avalos,Steph Routh,Cayle Tern,Deian Salazar
Noah Ernst,Steph Routh,,,,
Steph Routh,Thomas Shervey,Doug Clove,,,
Noah Ernst,Terrence Hayes,Thomas Shervey,Loretta Smith,Deian Salazar,Steph Routh
Steph Routh,Terrence Hayes,Candace Avalos,Joe Furi,Doug Clove,Loretta Smith
Jamie Dunphy,Steph Routh,Candace Avalos,Loretta Smith,Timur Ender,Michael (Mike) Sands
Loretta Smith,Terrence Hayes,Doug Clove,Candace Avalos,David Linn,
Cayle Tern,David Linn,Jamie Dunphy,Steph Routh,Thomas Shervey,Loretta Smith
Timur Ender,Candace Avalos,Jamie Dunphy,,,
Peggy Sue Owens,,,,,
Candace Avalos,Steph Routh,Cayle Tern,Jamie Dunphy,Timur Ender,Terrence Hayes
Noah Ernst,Joe Allen,Timur Ender,,,
Candace Avalos,Timur Ender,Steph Routh,Jamie Dunphy,David Linn,Cayle Tern
Noah Ernst,,,,,
Terrence Hayes,Loretta Smith,Steph Routh,Jamie Dunphy,Candace Avalos,Peggy Sue Owens
Steph Routh,Peggy Sue Owens,Candace Avalos,Doug Clove,Michael (Mike) Sands,Loretta Smith
David Linn,Candace Avalos,Terrence Hayes,Steph Routh,Jamie Dunphy,Michael (Mike) Sands
Loretta Smith,Terrence Hayes,Deian Salazar,Michael (Mike) Sands,Steph Routh,Jamie Dunphy
Noah Ernst,Joe Furi,Joe Allen,Loretta Smith,Michael (Mike) Sands,Peggy Sue Owens
Timur Ender,Jamie Dunphy,Terrence Hayes,Loretta Smith,Steph Routh,
Loretta Smith,,,,,
Timur Ender,Steph Routh,Candace Avalos,Jamie Dunphy,Loretta Smith,Cayle Tern
Joe Furi,Michael (Mike) Sands,,,,
Candace Avalos,Cayle Tern,Timur Ender,Michael (Mike) Sands,Terrence Hayes,
Steph Routh,Candace Avalos,,,,
Loretta Smith,Terrence Hayes,Deian Salazar,Candace Avalos,Peggy Sue Owens,Michael (Mike) Sands
Candace Avalos,Timur Ender,Steph Routh,Jamie Dunphy,Cayle Tern,David Linn
Loretta Smith,Timur Ender,,,,
Candace Avalos,Timur Ender,Steph Routh,Jamie Dunphy,Cayle Tern,David Linn
Loretta Smith,Jamie Dunphy,Steph Routh,Candace Avalos,,
Jamie Dunphy,Candace Avalos,Steph Routh,David Linn,Timur Ender,Loretta Smith
Terrence Hayes,Candace Avalos,Noah Ernst,Loretta Smith,,
Peggy Sue Owens,Candace Avalos,Loretta Smith,,,
Terrence Hayes,Candace Avalos,Loretta Smith,Deian Salazar,Steph Routh,Timur Ender
Steph Routh,Timur Ender,Jamie Dunphy,Candace Avalos,Cayle Tern,
Loretta Smith,David Linn,Jamie Dunphy,,,
Steph Routh,,,,,
Candace Avalos,Timur Ender,Cayle Tern,Steph Routh,Jamie Dunphy,
Peggy Sue Owens,Candace Avalos,Loretta Smith,Cayle Tern,Timur Ender,Write-in-120
Jamie Dunphy,Candace Avalos,Steph Routh,,,
Jamie Dunphy,Timur Ender,Noah Ernst,Joe Furi,Michael (Mike) Sands,
Steph Routh,Candace Avalos,Timur Ender,Jamie Dunphy,,
Candace Avalos,Loretta Smith,Thomas Shervey,Cayle Tern,Jamie Dunphy,Steph Routh
Noah Ernst,Terrence Hayes,Deian Salazar,Doug Clove,,
David Linn,Noah Ernst,Joe Furi,,,
Loretta Smith,Thomas Shervey,Noah Ernst,Terrence Hayes,Jamie Dunphy,Steph Routh
David Linn,Steph Routh,Candace Avalos,Jamie Dunphy,Noah Ernst,Loretta Smith
Loretta Smith,Steph Routh,Jamie Dunphy,Timur Ender,,
Candace Avalos,Jamie Dunphy,Steph Routh,,,
Steph Routh,Loretta Smith,,,,
Candace Avalos,Terrence Hayes,Steph Routh,Jamie Dunphy,Loretta Smith,
Candace Avalos,Cayle Tern,Noah Ernst,,,
Loretta Smith,Candace Avalos,David Linn,Michael (Mike) Sands,Cayle Tern,Noah Ernst
Doug Clove,,,,,
Jamie Dunphy,,,,,
Doug Clove,,,,,
Timur Ender,Terrence Hayes,Steph Routh,Michael (Mike) Sands,Loretta Smith,Jamie Dunphy
Terrence Hayes,Candace Avalos,Noah Ernst,,,
Candace Avalos,Timur Ender,Steph Routh,Cayle Tern,Jamie Dunphy,Loretta Smith
Doug Clove,Noah Ernst,Joe Allen,Peggy Sue Owens,David Linn,
Timur Ender,Candace Avalos,Deian Salazar,,,
Terrence Hayes,Michael (Mike) Sands,Loretta Smith,Timur Ender,Candace Avalos,
Terrence Hayes,Joe Allen,Steph Routh,Deian Salazar,Candace Avalos,Timur Ender
Candace Avalos,Timur Ender,Terrence Hayes,Jamie Dunphy,Michael (Mike) Sands,
Jamie Dunphy,Timur Ender,Steph Routh,Michael (Mike) Sands,David Linn,Loretta Smith
Steph Routh,Jamie Dunphy,,,,
Jamie Dunphy,Candace Avalos,Steph Routh,Noah Ernst,,
Noah Ernst,,,,,
Joe Allen,Deian Salazar,,,,
Noah Ernst,Doug Clove,Joe Allen,,,
Jamie Dunphy,Steph Routh,Candace Avalos,,,
Joe Allen,,,,,
Steph Routh,Candace Avalos,Jamie Dunphy,Terrence Hayes,,
Terrence Hayes,Loretta Smith,Candace Avalos,,,
Steph Routh,Timur Ender,Jamie Dunphy,Joe Allen,Thomas Shervey,Candace Avalos
Noah Ernst,Steph Routh,Deian Salazar,Terrence Hayes,Jamie Dunphy,
Timur Ender,Loretta Smith,Noah Ernst,,,
Loretta Smith,Jamie Dunphy,,,,
Candace Avalos,Timur Ender,Steph Routh,Jamie Dunphy,Cayle Tern,David Linn
Jamie Dunphy,Steph Routh,Candace Avalos,Timur Ender,Loretta Smith,
Candace Avalos,Steph Routh,Loretta Smith,Doug Clove,Peggy Sue Owens,Terrence Hayes
Steph Routh,Doug Clove,Thomas Shervey,Noah Ernst,Joe Allen,David Linn
Candace Avalos,Steph Routh,Cayle Tern,Timur Ender,,
Loretta Smith,Doug Clove,Noah Ernst,Candace Avalos,Terrence Hayes,Steph Routh
Terrence Hayes,Loretta Smith,Steph Routh,Deian Salazar,,
Loretta Smith,Terrence Hayes,Steph Routh,Jamie Dunphy,Candace Avalos,Cayle Tern
Terrence Hayes,Peggy Sue Owens,Candace Avalos,Michael (Mike) Sands,David Linn,
Candace Avalos,Cayle Tern,Timur Ender,,,
Jamie Dunphy,Steph Routh,Candace Avalos,,,
,,,,,
Steph Routh,Jamie Dunphy,Timur Ender,,,
Terrence Hayes,Candace Avalos,Timur Ender,Cayle Tern,Jamie Dunphy,Steph Routh
Terrence Hayes,Timur Ender,Candace Avalos,Deian Salazar,Loretta Smith,Steph Routh
Steph Routh,Loretta Smith,Jamie Dunphy,Deian Salazar,Timur Ender,Cayle Tern
Timur Ender,Deian Salazar,Steph Routh,Terrence Hayes,Jamie Dunphy,Michael (Mike) Sands
Loretta Smith,Terrence Hayes,,,,
Jamie Dunphy,Candace Avalos,Steph Routh,Noah Ernst,David Linn,Loretta Smith
Candace Avalos,Steph Routh,Timur Ender,Jamie Dunphy,,
Loretta Smith,Terrence Hayes,Cayle Tern,,,
Loretta Smith,Terrence Hayes,,,,
Jamie Dunphy,Noah Ernst,Joe Furi,Thomas Shervey,Terrence Hayes,Doug Clove
Candace Avalos,,,,,
David Linn,Thomas Shervey,Terrence Hayes,Steph Routh,Joe Furi,Doug Clove
Steph Routh,Loretta Smith,Jamie Dunphy,Candace Avalos,Noah Ernst,Peggy Sue Owens
Candace Avalos,Steph Routh,Timur Ender,Jamie Dunphy,,
Jamie Dunphy,Steph Routh,Candace Avalos,Noah Ernst,Loretta Smith,
Steph Routh,Jamie Dunphy,Timur Ender,Candace Avalos,Cayle Tern,David Linn
Candace Avalos,Timur Ender,Steph Routh,Jamie Dunphy,Cayle Tern,David Linn
Loretta Smith,Noah Ernst,,,,
Joe Allen,David Linn,Cayle Tern,Doug Clove,Joe Furi,Michael (Mike) Sands
Noah Ernst,Michael (Mike) Sands,Loretta Smith,Terrence Hayes,Doug Clove,Joe Allen
Steph Routh,Timur Ender,Loretta Smith,Joe Furi,Terrence Hayes,Jamie Dunphy
Doug Clove,Loretta Smith,,,,
Loretta Smith,Noah Ernst,Steph Routh,Timur Ender,Joe Allen,Candace Avalos
Steph Routh,Thomas Shervey,Terrence Hayes,,,
Loretta Smith,Peggy Sue Owens,Candace Avalos,,,
Steph Routh,Candace Avalos,Jamie Dunphy,David Linn,Terrence Hayes,
Candace Avalos,,,,,
Timur Ender,Candace Avalos,David Linn,Cayle Tern,Loretta Smith,Terrence Hayes
Steph Routh,Candace Avalos,Timur Ender,Noah Ernst,Loretta Smith,Terrence Hayes
Timur Ender,Steph Routh,Thomas Shervey,Michael (Mike) Sands,Candace Avalos,David Linn
Candace Avalos,Timur Ender,,,,
Doug Clove,Candace Avalos,Thomas Shervey,Steph Routh,Peggy Sue Owens,David Linn
,,,,,
Candace Avalos,Cayle Tern,Timur Ender,,,
Terrence Hayes,Noah Ernst,,,,
Terrence Hayes,,,,,
Terrence Hayes,Joe Furi,Doug Clove,Deian Salazar,,
Candace Avalos,Steph Routh,Jamie Dunphy,Cayle Tern,David Linn,Timur Ender
Peggy Sue Owens,Candace Avalos,Deian Salazar,Loretta Smith,Cayle Tern,Timur Ender
Peggy Sue Owens,Candace Avalos,Joe Allen,Doug Clove,Steph Routh,
Steph Routh,Doug Clove,Thomas Shervey,,,
Jamie Dunphy,Noah Ernst,Loretta Smith,Candace Avalos,Doug Clove,Cayle Tern
Loretta Smith,Cayle Tern,Terrence Hayes,Steph Routh,,
Candace Avalos,Steph Routh,David Linn,,,
Jamie Dunphy,Steph Routh,Candace Avalos,,,
Candace Avalos,,,,,
Thomas Shervey,Joe Furi,David Linn,,,
Noah Ernst,,,,,
Noah Ernst,Doug Clove,Timur Ender,Terrence Hayes,Steph Routh,Jamie Dunphy
Loretta Smith,Candace Avalos,Timur Ender,Terrence Hayes,Cayle Tern,Doug Clove
Timur Ender,Candace Avalos,Doug Clove,Cayle Tern,,
Joe Furi,Deian Salazar,Timur Ender,Terrence Hayes,,
Noah Ernst,Thomas Shervey,Terrence Hayes,Steph Routh,Doug Clove,Joe Furi
Cayle Tern,Terrence Hayes,David Linn,,,
Terrence Hayes,Loretta Smith,Jamie Dunphy,,,
Candace Avalos,,,,,
Candace Avalos,Timur Ender,Steph Routh,Cayle Tern,,
Timur Ender,Terrence Hayes,Jamie Dunphy,,,
Jamie Dunphy,Steph Routh,Candace Avalos,Timur Ender,Cayle Tern,
Loretta Smith,Jamie Dunphy,Candace Avalos,Steph Routh,Timur Ender,Deian Salazar
Noah Ernst,Terrence Hayes,Deian Salazar,Steph Routh,Jamie Dunphy,
Loretta Smith,Steph Routh,Candace Avalos,Timur Ender,Terrence Hayes,Jamie Dunphy
Candace Avalos,Steph Routh,Timur Ender,Jamie Dunphy,Cayle Tern,David Linn
Steph Routh,Candace Avalos,Timur Ender,Jamie Dunphy,,
Candace Avalos,Deian Salazar,,,,
Terrence Hayes,Loretta Smith,Noah Ernst,Candace Avalos,Joe Allen,Cayle Tern
Candace Avalos,Steph Routh,Terrence Hayes,Thomas Shervey,Deian Salazar,
Terrence Hayes,,,,,
Loretta Smith,Terrence Hayes,,,,
Loretta Smith,Candace Avalos,Terrence Hayes,Deian Salazar,Joe Furi,Doug Clove
Joe Furi,David Linn,Steph Routh,Loretta Smith,Noah Ernst,Peggy Sue Owens
Terrence Hayes,Noah Ernst,Joe Furi,Loretta Smith,Doug Clove,
Terrence Hayes,Loretta Smith,,,,
Loretta Smith,Candace Avalos,Cayle Tern,Doug Clove,Jamie Dunphy,
Terrence Hayes,Jamie Dunphy,Noah Ernst,David Linn,,
Terrence Hayes,Steph Routh,Jamie Dunphy,Timur Ender,Loretta Smith,Noah Ernst
Jamie Dunphy,Steph Routh,Candace Avalos,Timur Ender,Loretta Smith,
Candace Avalos,Timur Ender,Doug Clove,David Linn,Cayle Tern,Thomas Shervey
Joe Allen,Doug Clove,David Linn,Michael (Mike) Sands,Thomas Shervey,Steph Routh
Jamie Dunphy,Candace Avalos,Steph Routh,Noah Ernst,David Linn,Loretta Smith
Thomas Shervey,,,,,
Peggy Sue Owens,Timur Ender,Noah Ernst,Joe Allen,David Linn,
Doug Clove,Candace Avalos,,,,
Terrence Hayes,Noah Ernst,Candace Avalos,Loretta Smith,Jamie Dunphy,Steph Routh
Terrence Hayes,Jamie Dunphy,,,,
Jamie Dunphy,,,,,
Noah Ernst,Joe Allen,Joe Furi,Doug Clove,Thomas Shervey,Loretta Smith
Candace Avalos,Steph Routh,Timur Ender,Cayle Tern,Jamie Dunphy,
Candace Avalos,Steph Routh,Terrence Hayes,Noah Ernst,Loretta Smith,
Candace Avalos,Peggy Sue Owens,Noah Ernst,,,
Terrence Hayes,David Linn,Cayle Tern,,,
Steph Routh,Candace Avalos,Jamie Dunphy,Timur Ender,Cayle Tern,
David Linn,Joe Furi,Candace Avalos,Loretta Smith,Terrence Hayes,Cayle Tern
Terrence Hayes,Loretta Smith,Noah Ernst,,,
Jamie Dunphy,,,,,
Michael (Mike) Sands,,,,,
Jamie Dunphy,,,,,
,,,,,
Jamie Dunphy,,,,,
Candace Avalos,Timur Ender,Cayle Tern,Steph Routh,,
Timur Ender,Candace Avalos,David Linn,,,
Timur Ender,Doug Clove,Loretta Smith,Terrence Hayes,,
Joe Allen,,,,,
Terrence Hayes,Timur Ender,Michael (Mike) Sands,Noah Ernst,Deian Salazar,Thomas Shervey
Steph Routh,Candace Avalos,,,,
Timur Ender,Doug Clove,Loretta Smith,Terrence Hayes,Jamie Dunphy,
Steph Routh,Candace Avalos,Timur Ender,Terrence Hayes,Noah Ernst,David Linn
Terrence Hayes,Loretta Smith,Steph Routh,David Linn,Noah Ernst,Timur Ender
Deian Salazar,Timur Ender,Candace Avalos,Loretta Smith,,
Candace Avalos,Timur Ender,Steph Routh,Jamie Dunphy,,
Terrence Hayes,Candace Avalos,,,,
Noah Ernst,David Linn,Terrence Hayes,Timur Ender,,
Candace Avalos,Steph Routh,Timur Ender,Loretta Smith,Terrence Hayes,Cayle Tern
Steph Routh,Jamie Dunphy,Candace Avalos,,,
Candace Avalos,Terrence Hayes,Loretta Smith,Jamie Dunphy,Steph Routh,Timur Ender
Candace Avalos,Jamie Dunphy,Timur Ender,,,
Terrence Hayes,Jamie Dunphy,Deian Salazar,,,
Loretta Smith,Steph Routh,Candace Avalos,Terrence Hayes,,
Steph Routh,,,,,
Jamie Dunphy,Steph Routh,Thomas Shervey,Candace Avalos,David Linn,
Terrence Hayes,Noah Ernst,Steph Routh,Candace Avalos,Loretta Smith,Jamie Dunphy
Jamie Dunphy,Candace Avalos,Steph Routh,,,
Jamie Dunphy,Timur Ender,Terrence Hayes,Noah Ernst,Joe Allen,Cayle Tern
Loretta Smith,Steph Routh,Jamie Dunphy,David Linn,Candace Avalos,Deian Salazar
Steph Routh,Candace Avalos,Jamie Dunphy,,,
Candace Avalos,Cayle Tern,Timur Ender,Jamie Dunphy,David Linn,Steph Routh
Steph Routh,Candace Avalos,Noah Ernst,Loretta Smith,Jamie Dunphy,Cayle Tern
David Linn,Deian Salazar,Michael (Mike) Sands,Noah Ernst,Terrence Hayes,Joe Allen
Jamie Dunphy,Candace Avalos,Steph Routh,,,
Terrence Hayes,Timur Ender,Candace Avalos,Steph Routh,,
Doug Clove,Loretta Smith,,,,
Jamie Dunphy,Candace Avalos,Steph Routh,Timur Ender,Cayle Tern,Deian Salazar
Jamie Dunphy,Steph Routh,Timur Ender,,,
,,,,,
Thomas Shervey,Terrence Hayes,Jamie Dunphy,Doug Clove,Michael (Mike) Sands,
Steph Routh,Jamie Dunphy,,,,
Loretta Smith,David Linn,Timur Ender,Candace Avalos,,
Noah Ernst,Loretta Smith,Doug Clove,,,
Jamie Dunphy,Candace Avalos,,,,
Loretta Smith,Michael (Mike) Sands,Timur Ender,David Linn,Candace Avalos,Steph Routh
Loretta Smith,Terrence Hayes,Cayle Tern,,,
Candace Avalos,,,,,
Candace Avalos,Timur Ender,Steph Routh,Jamie Dunphy,Cayle Tern,David Linn
Joe Allen,Write-in-120,Jamie Dunphy,,,
Loretta Smith,Candace Avalos,Timur Ender,Steph Routh,,
Loretta Smith,Terrence Hayes,Joe Allen,Jamie Dunphy,David Linn,Peggy Sue Owens
Timur Ender,Steph Routh,Candace Avalos,,,
Deian Salazar,Timur Ender,Candace Avalos,,,
Thomas Shervey,Steph Routh,Jamie Dunphy,Candace Avalos,,
Candace Avalos,Timur Ender,David Linn,Steph Routh,Jamie Dunphy,Cayle Tern
Terrence Hayes,Noah Ernst,Loretta Smith,Timur Ender,,
Candace Avalos,Cayle Tern,Terrence Hayes,Jamie Dunphy,David Linn,Joe Furi
Joe Allen,Joe Furi,Doug Clove,,,
Deian Salazar,Candace Avalos,Loretta Smith,Cayle Tern,Peggy Sue Owens,Jamie Dunphy
Loretta Smith,Noah Ernst,Deian Salazar,Cayle Tern,Steph Routh,Doug Clove
Loretta Smith,Steph Routh,Jamie Dunphy,Doug Clove,Timur Ender,Write-in-120
Candace Avalos,Cayle Tern,Deian Salazar,Loretta Smith,Thomas Shervey,Jamie Dunphy
,,,,,
Noah Ernst,Candace Avalos,Terrence Hayes,Loretta Smith,Doug Clove,
Steph Routh,,,,,
Doug Clove,Joe Furi,Thomas Shervey,Steph Routh,,
Deian Salazar,Loretta Smith,Doug Clove,Terrence Hayes,Jamie Dunphy,Candace Avalos
Candace Avalos,Steph Routh,Jamie Dunphy,,,
Timur Ender,Candace Avalos,Steph Routh,Jamie Dunphy,Cayle Tern,David Linn
,,,,,
Loretta Smith,,,,,
Jamie Dunphy,,,,,
Terrence Hayes,Candace Avalos,Timur Ender,Steph Routh,Loretta Smith,Jamie Dunphy
Loretta Smith,Timur Ender,,,,
Jamie Dunphy,Terrence Hayes,Cayle Tern,Steph Routh,Candace Avalos,Michael (Mike) Sands
Noah Ernst,Michael (Mike) Sands,Peggy Sue Owens,,,
Steph Routh,Jamie Dunphy,Thomas Shervey,Candace Avalos,Joe Furi,Cayle Tern
Noah Ernst,Terrence Hayes,Loretta Smith,,,
Candace Avalos,,,,,
Loretta Smith,Candace Avalos,Timur Ender,Steph Routh,Jamie Dunphy,
Noah Ernst,,,,,
Timur Ender,Loretta Smith,Terrence Hayes,Cayle Tern,Jamie Dunphy,David Linn
Terrence Hayes,Steph Routh,Loretta Smith,David Linn,Candace Avalos,Joe Allen
Candace Avalos,Deian Salazar,David Linn,Peggy Sue Owens,Loretta Smith,Timur Ender
Steph Routh,Timur Ender,Candace Avalos,Jamie Dunphy,Noah Ernst,Terrence Hayes
Jamie Dunphy,Candace Avalos,Steph Routh,,,
Loretta Smith,Joe Furi,Candace Avalos,Doug Clove,Jamie Dunphy,Deian Salazar
Timur Ender,Candace Avalos,Doug Clove,Terrence Hayes,,
Timur Ender,Loretta Smith,,,,
Candace Avalos,Jamie Dunphy,Steph Routh,Thomas Shervey,Joe Furi,Noah Ernst
Joe Allen,,,,,
Noah Ernst,Doug Clove,Deian Salazar,,,
Timur Ender,Michael (Mike) Sands,Joe Furi,Candace Avalos,Cayle Tern,Jamie Dunphy
Terrence Hayes,,,,,
Terrence Hayes,Jamie Dunphy,Steph Routh,Loretta Smith,,
Loretta Smith,Candace Avalos,Terrence Hayes,Jamie Dunphy,Cayle Tern,Deian Salazar
Michael (Mike) Sands,Doug Clove,Steph Routh,Loretta Smith,Jamie Dunphy,Timur Ender
Jamie Dunphy,Steph Routh,Candace Avalos,,,
Noah Ernst,Terrence Hayes,Joe Furi,Loretta Smith,Doug Clove,
,,,,,
Candace Avalos,Cayle Tern,Timur Ender,Jamie Dunphy,David Linn,Steph Routh
David Linn,Joe Furi,,,,
Loretta Smith,Candace Avalos,Terrence Hayes,Jamie Dunphy,,
,,,,,
Joe Furi,,,,,
Terrence Hayes,Jamie Dunphy,Timur Ender,Cayle Tern,Candace Avalos,David Linn
Candace Avalos,Timur Ender,Steph Routh,,,
Jamie Dunphy,Candace Avalos,Steph Routh,Noah Ernst,,
Candace Avalos,Steph Routh,Timur Ender,Jamie Dunphy,,
Steph Routh,Jamie Dunphy,Loretta Smith,,,
Noah Ernst,Loretta Smith,Terrence Hayes,Timur Ender,Cayle Tern,David Linn
Candace Avalos,Jamie Dunphy,Steph Routh,Loretta Smith,Cayle Tern,David Linn
Timur Ender,Candace Avalos,Steph Routh,,,
Candace Avalos,Timur Ender,Steph Routh,Terrence Hayes,Loretta Smith,Jamie Dunphy
Jamie Dunphy,,,,,
Noah Ernst,Doug Clove,Joe Allen,Deian Salazar,,
Candace Avalos,Timur Ender,Jamie Dunphy,Steph Routh,Cayle Tern,David Linn
Doug Clove,Timur Ender,Joe Furi,Deian Salazar,Thomas Shervey,
Terrence Hayes,David Linn,Thomas Shervey,,,
Loretta Smith,Timur Ender,Cayle Tern,Steph Routh,Jamie Dunphy,Candace Avalos
Loretta Smith,Terrence Hayes,Candace Avalos,,,
Loretta Smith,Doug Clove,Candace Avalos,Peggy Sue Owens,Steph Routh,Jamie Dunphy
Loretta Smith,,,,,
Candace Avalos,Steph Routh,Jamie Dunphy,,,
Deian Salazar,Candace Avalos,Jamie Dunphy,Peggy Sue Owens,Joe Allen,David Linn
Jamie Dunphy,Candace Avalos,Noah Ernst,,,
Steph Routh,Candace Avalos,David Linn,Jamie Dunphy,Loretta Smith,Timur Ender
Michael (Mike) Sands,Joe Allen,Noah Ernst,Timur Ender,Steph Routh,Jamie Dunphy
Candace Avalos,Timur Ender,Steph Routh,Jamie Dunphy,David Linn,Doug Clove
Candace Avalos,Loretta Smith,Steph Routh,Peggy Sue Owens,Jamie Dunphy,Deian Salazar
Jamie Dunphy,Cayle Tern,Steph Routh,David Linn,,
David Linn,Steph Routh,Loretta Smith,Noah Ernst,Candace Avalos,Jamie Dunphy
Steph Routh,Doug Clove,Candace Avalos,Timur Ender,Thomas Shervey,David Linn
Timur Ender,Noah Ernst,Candace Avalos,Joe Allen,Loretta Smith,Thomas Shervey
Candace Avalos,Timur Ender,Steph Routh,,,
Noah Ernst,,,,,
Joe Furi,Noah Ernst,Timur Ender,Cayle Tern,,
Noah Ernst,Candace Avalos,Joe Allen,David Linn,Cayle Tern,Loretta Smith
Michael (Mike) Sands,Doug Clove,Cayle Tern,Terrence Hayes,,
Timur Ender,Noah Ernst,Terrence Hayes,Loretta Smith,Joe Allen,David Linn
Timur Ender,Candace Avalos,Loretta Smith,Terrence Hayes,Steph Routh,Michael (Mike) Sands
Loretta Smith,Timur Ender,Terrence Hayes,Steph Routh,Cayle Tern,Jamie Dunphy
Noah Ernst,Terrence Hayes,Joe Furi,Loretta Smith,Doug Clove,
Steph Routh,Loretta Smith,Michael (Mike) Sands,Terrence Hayes,Candace Avalos,
Candace Avalos,Timur Ender,Terrence Hayes,Steph Routh,,
Jamie Dunphy,Steph Routh,Timur Ender,Loretta Smith,Candace Avalos,Joe Allen
Loretta Smith,Terrence Hayes,Candace Avalos,Joe Allen,Steph Routh,Doug Clove
Candace Avalos,Steph Routh,Jamie Dunphy,,,
Peggy Sue Owens,David Linn,Loretta Smith,,,
Candace Avalos,Cayle Tern,Timur Ender,,,
,,,,,
Jamie Dunphy,Candace Avalos,David Linn,Cayle Tern,,
Noah Ernst,Terrence Hayes,Candace Avalos,Loretta Smith,Steph Routh,Deian Salazar
David Linn,Steph Routh,Loretta Smith,Candace Avalos,Jamie Dunphy,Timur Ender
Loretta Smith,,,,,
Terrence Hayes,Michael (Mike) Sands,Steph Routh,Candace Avalos,Jamie Dunphy,Timur Ender
Steph Routh,Loretta Smith,Candace Avalos,Timur Ender,Michael (Mike) Sands,Thomas Shervey
Terrence Hayes,Noah Ernst,Joe Furi,Loretta Smith,Doug Clove,Write-in-120
Candace Avalos,Timur Ender,Steph Routh,Jamie Dunphy,Cayle Tern,David Linn
Steph Routh,Candace Avalos,Terrence Hayes,Jamie Dunphy,David Linn,Cayle Tern
Noah Ernst,,,,,
Candace Avalos,Terrence Hayes,Deian Salazar,Loretta Smith,Timur Ender,Jamie Dunphy
Jamie Dunphy,Terrence Hayes,Michael (Mike) Sands,Doug Clove,Joe Allen,Noah Ernst
Candace Avalos,Steph Routh,Timur Ender,Jamie Dunphy,Cayle Tern,David Linn
Jamie Dunphy,Steph Routh,Candace Avalos,,,
Steph Routh,Thomas Shervey,Loretta Smith,Jamie Dunphy,,
Timur Ender,David Linn,Cayle Tern,Joe Furi,Deian Salazar,Jamie Dunphy
Loretta Smith,Terrence Hayes,,,,
Jamie Dunphy,Candace Avalos,Steph Routh,Noah Ernst,David Linn,Timur Ender
Jamie Dunphy,Thomas Shervey,Candace Avalos,,,
Candace Avalos,Steph Routh,Timur Ender,,,
Jamie Dunphy,David Linn,Steph Routh,Candace Avalos,,
Jamie Dunphy,Steph Routh,Candace Avalos,Timur Ender,,
Jamie Dunphy,Steph Routh,Candace Avalos,,,
Loretta Smith,,,,,
Candace Avalos,Cayle Tern,Timur Ender,,,
Noah Ernst,Terrence Hayes,Doug Clove,Joe Allen,Steph Routh,Joe Furi
Loretta Smith,Terrence Hayes,Deian Salazar,Candace Avalos,,
Steph Routh,Loretta Smith,Timur Ender,Joe Allen,David Linn,Deian Salazar
Steph Routh,Doug Clove,Candace Avalos,,,
Terrence Hayes,,,,,
Peggy Sue Owens,Deian Salazar,Terrence Hayes,Loretta Smith,Jamie Dunphy,Noah Ernst
Cayle Tern,Candace Avalos,Timur Ender,Jamie Dunphy,Steph Routh,David Linn
Candace Avalos,Timur Ender,Steph Routh,Jamie Dunphy,Cayle Tern,
Candace Avalos,Timur Ender,Steph Routh,Jamie Dunphy,Thomas Shervey,David Linn
Timur Ender,Candace Avalos,Jamie Dunphy,Steph Routh,,
Joe Allen,David Linn,Doug Clove,Peggy Sue Owens,Cayle Tern,Terrence Hayes
Timur Ender,,,,,
Jamie Dunphy,Candace Avalos,Timur Ender,Noah Ernst,Terrence Hayes,David Linn
Doug Clove,Timur Ender,Loretta Smith,Joe Allen,Jamie Dunphy,Cayle Tern
Loretta Smith,,,,,
Terrence Hayes,,,,,
Doug Clove,Noah Ernst,Deian Salazar,Joe Allen,,
Timur Ender,Joe Allen,Michael (Mike) Sands,,,
Candace Avalos,Cayle Tern,Timur Ender,,,
Noah Ernst,,,,,
Terrence Hayes,Candace Avalos,Timur Ender,Loretta Smith,,
,,,,,
Terrence Hayes,Loretta Smith,Noah Ernst,,,
Steph Routh,Loretta Smith,Noah Ernst,Timur Ender,Jamie Dunphy,Candace Avalos
David Linn,Doug Clove,Joe Furi,Noah Ernst,Timur Ender,Candace Avalos
Loretta Smith,Candace Avalos,Timur Ender,,,
Candace Avalos,,,,,
David Linn,Jamie Dunphy,Terrence Hayes,Deian Salazar,,
Steph Routh,Timur Ender,Candace Avalos,Jamie Dunphy,Cayle Tern,Terrence Hayes
Jamie Dunphy,Steph Routh,Timur Ender,Terrence Hayes,Loretta Smith,Candace Avalos
Candace Avalos,Deian Salazar,,,,
Steph Routh,Peggy Sue Owens,Terrence Hayes,Timur Ender,,
Steph Routh,Joe Furi,Jamie Dunphy,,,
Candace Avalos,Timur Ender,Cayle Tern,Steph Routh,Jamie Dunphy,David Linn
Noah Ernst,,,,,
Candace Avalos,Steph Routh,Timur Ender,Cayle Tern,,
Joe Allen,Joe Furi,Doug Clove,Steph Routh,,
David Linn,Deian Salazar,Doug Clove,Joe Allen,Candace Avalos,Steph Routh
Cayle Tern,,,,,
Thomas Shervey,Terrence Hayes,Jamie Dunphy,Candace Avalos,Noah Ernst,David Linn
Timur Ender,,,,,
Steph Routh,,,,,
Steph Routh,Jamie Dunphy,Candace Avalos,Noah Ernst,Michael (Mike) Sands,Joe Allen
Candace Avalos,,,,,
Candace Avalos,Timur Ender,Jamie Dunphy,Steph Routh,Cayle Tern,
Noah Ernst,Timur Ender,Doug Clove,Candace Avalos,Thomas Shervey,
Steph Routh,Timur Ender,Candace Avalos,David Linn,Terrence Hayes,Jamie Dunphy
Noah Ernst,Terrence Hayes,Joe Furi,Loretta Smith,Doug Clove,
Candace Avalos,David Linn,Timur Ender,Cayle Tern,Jamie Dunphy,Steph Routh
Candace Avalos,Cayle Tern,Timur Ender,,,
Steph Routh,Terrence Hayes,,,,
Noah Ernst,,,,,
Doug Clove,Terrence Hayes,Noah Ernst,,,
Jamie Dunphy,Steph Routh,Timur Ender,Candace Avalos,Loretta Smith,Cayle Tern
Joe Allen,Peggy Sue Owens,Terrence Hayes,David Linn,Cayle Tern,Noah Ernst
Jamie Dunphy,,,,,
Candace Avalos,Timur Ender,Steph Routh,,,
Michael (Mike) Sands,Timur Ender,Loretta Smith,Steph Routh,Jamie Dunphy,Terrence Hayes
Loretta Smith,Candace Avalos,Timur Ender,Steph Routh,Jamie Dunphy,
Candace Avalos,Steph Routh,Timur Ender,,,
Loretta Smith,David Linn,Terrence Hayes,Steph Routh,Timur Ender,Jamie Dunphy
Loretta Smith,,,,,
Terrence Hayes,Noah Ernst,Loretta Smith,Timur Ender,Steph Routh,
Noah Ernst,Loretta Smith,Deian Salazar,,,
Jamie Dunphy,Noah Ernst,Loretta Smith,Timur Ender,Steph Routh,Terrence Hayes
Timur Ender,Jamie Dunphy,Noah Ernst,David Linn,Loretta Smith,Candace Avalos
Cayle Tern,Timur Ender,Steph Routh,Candace Avalos,Jamie Dunphy,Terrence Hayes
Candace Avalos,Timur Ender,Steph Routh,Jamie Dunphy,Cayle Tern,David Linn
Terrence Hayes,Noah Ernst,Candace Avalos,Michael (Mike) Sands,,
Loretta Smith,,,,,
Loretta Smith,Candace Avalos,Terrence Hayes,Steph Routh,Jamie Dunphy,David Linn
Timur Ender,Candace Avalos,David Linn,Doug Clove,Michael (Mike) Sands,Loretta Smith
Noah Ernst,Terrence Hayes,David Linn,Jamie Dunphy,Loretta Smith,Joe Furi
Doug Clove,Joe Allen,Deian Salazar,Thomas Shervey,Steph Routh,
Steph Routh,Loretta Smith,Timur Ender,,,
Joe Allen,Steph Routh,Thomas Shervey,Peggy Sue Owens,,
Steph Routh,Loretta Smith,Candace Avalos,Terrence Hayes,,
Jamie Dunphy,Loretta Smith,,,,
Jamie Dunphy,Candace Avalos,Steph Routh,Noah Ernst,David Linn,Loretta Smith
Candace Avalos,Steph Routh,Timur Ender,Jamie Dunphy,David Linn,Cayle Tern
Jamie Dunphy,Steph Routh,Terrence Hayes,Timur Ender,David Linn,Candace Avalos
Candace Avalos,Steph Routh,Timur Ender,Jamie Dunphy,Noah Ernst,Loretta Smith
Jamie Dunphy,,,,,
Jamie Dunphy,Candace Avalos,Steph Routh,,,
Steph Routh,Joe Furi,Jamie Dunphy,,,
Noah Ernst,Jamie Dunphy,Candace Avalos,David Linn,Loretta Smith,Steph Routh
Jamie Dunphy,David Linn,Loretta Smith,Candace Avalos,Noah Ernst,
Peggy Sue Owens,Candace Avalos,Joe Allen,David Linn,,
Candace Avalos,Steph Routh,Timur Ender,,,
Noah Ernst,Loretta Smith,Deian Salazar,Joe Furi,Terrence Hayes,Steph Routh
Loretta Smith,Timur Ender,Joe Allen,David Linn,Candace Avalos,Cayle Tern
Candace Avalos,Timur Ender,Jamie Dunphy,Cayle Tern,Steph Routh,
Terrence Hayes,Loretta Smith,Noah Ernst,Steph Routh,Candace Avalos,Thomas Shervey
Joe Allen,Candace Avalos,Terrence Hayes,Noah Ernst,Jamie Dunphy,
Jamie Dunphy,Terrence Hayes,Loretta Smith,Candace Avalos,David Linn,Cayle Tern
Loretta Smith,Terrence Hayes,Candace Avalos,Steph Routh,Cayle Tern,
Steph Routh,,,,,
Joe Allen,Candace Avalos,Deian Salazar,Timur Ender,Peggy Sue Owens,Loretta Smith
Terrence Hayes,Jamie Dunphy,,,,
Terrence Hayes,Loretta Smith,,,,
Jamie Dunphy,Loretta Smith,Terrence Hayes,Steph Routh,Candace Avalos,Timur Ender
Peggy Sue Owens,Deian Salazar,Candace Avalos,,,
Loretta Smith,Timur Ender,David Linn,,,
Candace Avalos,Cayle Tern,Timur Ender,,,
Peggy Sue Owens,Joe Allen,Michael (Mike) Sands,Loretta Smith,David Linn,Steph Routh
Terrence Hayes,Candace Avalos,Loretta Smith,Jamie Dunphy,Cayle Tern,Timur Ender
Candace Avalos,Timur Ender,Steph Routh,Jamie Dunphy,Cayle Tern,David Linn
Peggy Sue Owens,,,,,
Noah Ernst,Loretta Smith,Terrence Hayes,,,
Candace Avalos,Terrence Hayes,Cayle Tern,Jamie Dunphy,Loretta Smith,Steph Routh
Doug Clove,Candace Avalos,Joe Furi,Terrence Hayes,Steph Routh,Thomas Shervey
Loretta Smith,Candace Avalos,Noah Ernst,Thomas Shervey,Cayle Tern,Peggy Sue Owens
Candace Avalos,Timur Ender,Steph Routh,Loretta Smith,Jamie Dunphy,David Linn
Candace Avalos,Terrence Hayes,Steph Routh,Michael (Mike) Sands,Jamie Dunphy,Timur Ender
Noah Ernst,Terrence Hayes,,,,
Jamie Dunphy,Steph Routh,Terrence Hayes,Loretta Smith,,
Doug Clove,Thomas Shervey,Peggy Sue Owens,Candace Avalos,Jamie Dunphy,David Linn
Candace Avalos,,,,,
Loretta Smith,Candace Avalos,Timur Ender,Steph Routh,Cayle Tern,
Timur Ender,,,,,
Noah Ernst,Michael (Mike) Sands,Joe Furi,Terrence Hayes,,
Peggy Sue Owens,Loretta Smith,Terrence Hayes,Deian Salazar,,
Jamie Dunphy,Candace Avalos,Steph Routh,,,
Jamie Dunphy,Candace Avalos,Steph Routh,Timur Ender,,
Loretta Smith,Terrence Hayes,Noah Ernst,Jamie Dunphy,,
Terrence Hayes,Loretta Smith,David Linn,,,
Loretta Smith,Terrence Hayes,Candace Avalos,,,
Terrence Hayes,Loretta Smith,,,,
Timur Ender,Jamie Dunphy,Noah Ernst,Terrence Hayes,,
Joe Allen,Noah Ernst,Joe Furi,Cayle Tern,Peggy Sue Owens,Thomas Shervey
Loretta Smith,Candace Avalos,Terrence Hayes,Steph Routh,Timur Ender,Jamie Dunphy
Candace Avalos,Jamie Dunphy,Steph Routh,Timur Ender,Terrence Hayes,Loretta Smith
Terrence Hayes,Loretta Smith,Joe Allen,Timur Ender,Candace Avalos,Doug Clove
Timur Ender,Jamie Dunphy,Steph Routh,Candace Avalos,Doug Clove,Joe Allen
Jamie Dunphy,Steph Routh,Terrence Hayes,Cayle Tern,Timur Ender,
Write-in-120,Timur Ender,Noah Ernst,Candace Avalos,Joe Allen,David Linn
Michael (Mike) Sands,David Linn,Noah Ernst,Thomas Shervey,Steph Routh,Terrence Hayes
Terrence Hayes,Noah Ernst,Doug Clove,,,
Candace Avalos,Cayle Tern,Timur Ender,Steph Routh,Loretta Smith,Doug Clove
Loretta Smith,Terrence Hayes,Steph Routh,Jamie Dunphy,Candace Avalos,David Linn
Terrence Hayes,Jamie Dunphy,Steph Routh,Candace Avalos,,
Jamie Dunphy,Steph Routh,Candace Avalos,,,
Loretta Smith,Peggy Sue Owens,Candace Avalos,Steph Routh,,
Loretta Smith,,,,,
Steph Routh,Candace Avalos,Timur Ender,Jamie Dunphy,Loretta Smith,
Terrence Hayes,Steph Routh,Loretta Smith,Jamie Dunphy,Deian Salazar,Cayle Tern
Michael (Mike) Sands,Deian Salazar,Peggy Sue Owens,David Linn,Noah Ernst,Cayle Tern
Cayle Tern,Candace Avalos,Timur Ender,David Linn,Doug Clove,Michael (Mike) Sands
Jamie Dunphy,Steph Routh,Candace Avalos,,,
Candace Avalos,Steph Routh,Jamie Dunphy,Terrence Hayes,,
Jamie Dunphy,Steph Routh,Michael (Mike) Sands,Doug Clove,,
Candace Avalos,Timur Ender,Steph Routh,Jamie Dunphy,,
Timur Ender,Steph Routh,Cayle Tern,David Linn,,
Candace Avalos,Timur Ender,Steph Routh,Jamie Dunphy,Cayle Tern,David Linn
Loretta Smith,Thomas Shervey,Terrence Hayes,Doug Clove,David Linn,Timur Ender
Jamie Dunphy,Loretta Smith,Noah Ernst,Terrence Hayes,Steph Routh,
Candace Avalos,Steph Routh,Loretta Smith,Jamie Dunphy,Peggy Sue Owens,Deian Salazar
Timur Ender,Candace Avalos,Cayle Tern,Steph Routh,,
Candace Avalos,Cayle Tern,Peggy Sue Owens,,,
Candace Avalos,Timur Ender,David Linn,Jamie Dunphy,,
Timur Ender,Jamie Dunphy,Terrence Hayes,Candace Avalos,,
Loretta Smith,Candace Avalos,Doug Clove,Steph Routh,Terrence Hayes,
Terrence Hayes,Loretta Smith,Steph Routh,Candace Avalos,Noah Ernst,Timur Ender
Candace Avalos,Steph Routh,Timur Ender,Peggy Sue Owens,Loretta Smith,Cayle Tern
,,,,,
Candace Avalos,,,,,
Candace Avalos,David Linn,Deian Salazar,Loretta Smith,Steph Routh,Jamie Dunphy
Doug Clove,Loretta Smith,Terrence Hayes,Steph Routh,,
Terrence Hayes,Noah Ernst,Doug Clove,,,
Noah Ernst,David Linn,Thomas Shervey,Loretta Smith,Michael (Mike) Sands,
Candace Avalos,Cayle Tern,Timur Ender,Peggy Sue Owens,,
Candace Avalos,Terrence Hayes,Timur Ender,Cayle Tern,Deian Salazar,Steph Routh
Deian Salazar,Loretta Smith,Terrence Hayes,Jamie Dunphy,,
Timur Ender,Michael (Mike) Sands,Candace Avalos,David Linn,Cayle Tern,Deian Salazar
Timur Ender,Jamie Dunphy,Steph Routh,Candace Avalos,Noah Ernst,David Linn
Jamie Dunphy,Candace Avalos,Steph Routh,,,
Noah Ernst,Terrence Hayes,Steph Routh,Loretta Smith,Deian Salazar,David Linn
Joe Furi,Noah Ernst,Jamie Dunphy,Cayle Tern,Deian Salazar,Joe Allen
Jamie Dunphy,Terrence Hayes,Steph Routh,Loretta Smith,Timur Ender,Candace Avalos
Candace Avalos,Steph Routh,Timur Ender,Thomas Shervey,David Linn,Loretta Smith
Candace Avalos,Jamie Dunphy,Steph Routh,Timur Ender,Loretta Smith,Noah Ernst
Cayle Tern,Timur Ender,Michael (Mike) Sands,Steph Routh,,
Terrence Hayes,Noah Ernst,Cayle Tern,,,
Candace Avalos,Jamie Dunphy,Steph Routh,Noah Ernst,David Linn,Loretta Smith
David Linn,Terrence Hayes,,,,
Jamie Dunphy,Candace Avalos,Steph Routh,,,
Deian Salazar,Noah Ernst,Terrence Hayes,Peggy Sue Owens,Joe Allen,David Linn
Loretta Smith,Joe Allen,Joe Furi,Jamie Dunphy,Michael (Mike) Sands,Timur Ender
Timur Ender,Candace Avalos,Jamie Dunphy,,,
Jamie Dunphy,Candace Avalos,Steph Routh,,,
Timur Ender,Terrence Hayes,Loretta Smith,Candace Avalos,David Linn,Jamie Dunphy
Noah Ernst,David Linn,Steph Routh,,,
Deian Salazar,Doug Clove,Terrence Hayes,,,
Noah Ernst,Steph Routh,Terrence Hayes,,,
Doug Clove,Loretta Smith,Terrence Hayes,Deian Salazar,,
Candace Avalos,Cayle Tern,Timur Ender,,,
Jamie Dunphy,Steph Routh,Candace Avalos,,,
Candace Avalos,David Linn,Joe Allen,Michael (Mike) Sands,Terrence Hayes,Doug Clove
Steph Routh,Terrence Hayes,Loretta Smith,Jamie Dunphy,Doug Clove,Candace Avalos
Loretta Smith,Candace Avalos,Steph Routh,,,
Terrence Hayes,Candace Avalos,Steph Routh,Cayle Tern,,
Noah Ernst,,,,,
Timur Ender,Noah Ernst,Candace Avalos,Terrence Hayes,,
Candace Avalos,Timur Ender,Steph Routh,Jamie Dunphy,Terrence Hayes,Loretta Smith
Joe Allen,Loretta Smith,Deian Salazar,Terrence Hayes,Jamie Dunphy,Steph Routh
Noah Ernst,,,,,
Steph Routh,Loretta Smith,Deian Salazar,Cayle Tern,Timur Ender,Doug Clove
Timur Ender,David Linn,Joe Furi,Deian Salazar,Thomas Shervey,Terrence Hayes
Loretta Smith,Terrence Hayes,Noah Ernst,Michael (Mike) Sands,Joe Furi,Timur Ender
Michael (Mike) Sands,Joe Allen,David Linn,Noah Ernst,Peggy Sue Owens,Thomas Shervey
Steph Routh,Loretta Smith,,,,
Terrence Hayes,Noah Ernst,Doug Clove,,,
Candace Avalos,Terrence Hayes,Steph Routh,,,
Doug Clove,Loretta Smith,,,,
Candace Avalos,Steph Routh,Timur Ender,Jamie Dunphy,,
Candace Avalos,Steph Routh,Timur Ender,,,
Candace Avalos,Timur Ender,Steph Routh,Jamie Dunphy,Cayle Tern,David Linn
Terrence Hayes,,,,,
Noah Ernst,Steph Routh,Terrence Hayes,Loretta Smith,Michael (Mike) Sands,Jamie Dunphy
Terrence Hayes,Loretta Smith,,,,
Candace Avalos,Noah Ernst,Cayle Tern,,,
Jamie Dunphy,Steph Routh,Loretta Smith,Noah Ernst,Timur Ender,Candace Avalos
Timur Ender,Steph Routh,Candace Avalos,Doug Clove,,
Noah Ernst,Terrence Hayes,Jamie Dunphy,,,
Steph Routh,Loretta Smith,Terrence Hayes,,,
Noah Ernst,Loretta Smith,Steph Routh,,,
Jamie Dunphy,Candace Avalos,Steph Routh,,,
Candace Avalos,Steph Routh,Timur Ender,Jamie Dunphy,,
Steph Routh,Terrence Hayes,Jamie Dunphy,,,
Steph Routh,Terrence Hayes,Noah Ernst,Jamie Dunphy,David Linn,Loretta Smith
Terrence Hayes,Noah Ernst,Doug Clove,,,
Loretta Smith,Terrence Hayes,Jamie Dunphy,Steph Routh,Joe Allen,Candace Avalos
Steph Routh,Timur Ender,Noah Ernst,Candace Avalos,Loretta Smith,Jamie Dunphy
Doug Clove,,,,,
Jamie Dunphy,Candace Avalos,Steph Routh,Timur Ender,,
Doug Clove,,,,,
Peggy Sue Owens,Joe Allen,Doug Clove,Thomas Shervey,Jamie Dunphy,Terrence Hayes
Candace Avalos,Noah Ernst,Loretta Smith,Steph Routh,Peggy Sue Owens,Doug Clove
Steph Routh,Loretta Smith,Jamie Dunphy,Terrence Hayes,Candace Avalos,Deian Salazar
Loretta Smith,Steph Routh,Peggy Sue Owens,,,
Terrence Hayes,Steph Routh,Jamie Dunphy,,,
Peggy Sue Owens,Loretta Smith,Doug Clove,Noah Ernst,Terrence Hayes,David Linn
Loretta Smith,Cayle Tern,,,,
Loretta Smith,Candace Avalos,David Linn,,,
Timur Ender,Candace Avalos,Terrence Hayes,,,
Jamie Dunphy,Steph Routh,Candace Avalos,Timur Ender,,
Michael (Mike) Sands,Timur Ender,Candace Avalos,Jamie Dunphy,,
Joe Allen,,,,,
Loretta Smith,Timur Ender,Terrence Hayes,Candace Avalos,Jamie Dunphy,Steph Routh
Doug Clove,Loretta Smith,Noah Ernst,Terrence Hayes,Michael (Mike) Sands,David Linn
Cayle Tern,Candace Avalos,Loretta Smith,Jamie Dunphy,Deian Salazar,
Candace Avalos,Deian Salazar,,,,
Noah Ernst,Cayle Tern,Steph Routh,Loretta Smith,Terrence Hayes,Timur Ender
David Linn,Cayle Tern,Timur Ender,Loretta Smith,Steph Routh,
Terrence Hayes,,,,,
Terrence Hayes,David Linn,,,,
Terrence Hayes,Loretta Smith,Candace Avalos,Peggy Sue Owens,Noah Ernst,Deian Salazar
Joe Furi,,,,,
Candace Avalos,Joe Allen,Cayle Tern,Doug Clove,Michael (Mike) Sands,Deian Salazar
Candace Avalos,Steph Routh,Jamie Dunphy,,,
Jamie Dunphy,Candace Avalos,Timur Ender,Steph Routh,,
Noah Ernst,Joe Furi,Michael (Mike) Sands,Steph Routh,Joe Allen,David Linn
Jamie Dunphy,Peggy Sue Owens,Candace Avalos,Cayle Tern,Loretta Smith,Michael (Mike) Sands
Steph Routh,Candace Avalos,Terrence Hayes,Jamie Dunphy,Noah Ernst,
Noah Ernst,,,,,
Timur Ender,Steph Routh,Candace Avalos,Jamie Dunphy,,
Candace Avalos,Loretta Smith,Joe Allen,Steph Routh,David Linn,Michael (Mike) Sands
Noah Ernst,,,,,
Peggy Sue Owens,Michael (Mike) Sands,Candace Avalos,Deian Salazar,Loretta Smith,Jamie Dunphy
Jamie Dunphy,Candace Avalos,Terrence Hayes,Deian Salazar,Cayle Tern,Loretta Smith
Noah Ernst,Terrence Hayes,Joe Furi,Loretta Smith,Doug Clove,Steph Routh
Noah Ernst,Cayle Tern,Joe Allen,,,
Terrence Hayes,Jamie Dunphy,Joe Allen,Loretta Smith,Noah Ernst,Thomas Shervey
Terrence Hayes,,,,,
Terrence Hayes,Loretta Smith,,,,
Terrence Hayes,Thomas Shervey,Loretta Smith,Michael (Mike) Sands,Joe Furi,Doug Clove
Loretta Smith,Peggy Sue Owens,Candace Avalos,Jamie Dunphy,Cayle Tern,
David Linn,Steph Routh,Noah Ernst,Terrence Hayes,,
Joe Allen,,,,,
Candace Avalos,David Linn,Michael (Mike) Sands,Deian Salazar,Loretta Smith,Steph Routh
Steph Routh,Candace Avalos,Timur Ender,Jamie Dunphy,,
Loretta Smith,,,,,
Joe Allen,Thomas Shervey,David Linn,Loretta Smith,Candace Avalos,Jamie Dunphy
Jamie Dunphy,Candace Avalos,Doug Clove,Timur Ender,Noah Ernst,Peggy Sue Owens
Noah Ernst,,,,,
Loretta Smith,Candace Avalos,Terrence Hayes,Jamie Dunphy,Steph Routh,Peggy Sue Owens
Candace Avalos,Steph Routh,Peggy Sue Owens,Jamie Dunphy,Timur Ender,Terrence Hayes
Candace Avalos,Steph Routh,Jamie Dunphy,Timur Ender,Cayle Tern,
David Linn,Terrence Hayes,Michael (Mike) Sands,Doug Clove,,
Doug Clove,Deian Salazar,Terrence Hayes,,,
Noah Ernst,Michael (Mike) Sands,Terrence Hayes,Joe Allen,Steph Routh,David Linn
Loretta Smith,Timur Ender,Terrence Hayes,Steph Routh,Joe Furi,Candace Avalos
Noah Ernst,Doug Clove,Deian Salazar,Joe Furi,Candace Avalos,Joe Allen
Joe Furi,,,,,
Candace Avalos,Cayle Tern,Timur Ender,,,
Joe Allen,,,,,
Doug Clove,Joe Furi,,,,
Timur Ender,Candace Avalos,Steph Routh,Thomas Shervey,Deian Salazar,Michael (Mike) Sands
Candace Avalos,Cayle Tern,Timur Ender,,,
Candace Avalos,Timur Ender,Steph Routh,Jamie Dunphy,,
Cayle Tern,Candace Avalos,,,,
Timur Ender,Candace Avalos,Steph Routh,,,
Peggy Sue Owens,Candace Avalos,Loretta Smith,Steph Routh,Cayle Tern,Timur Ender
Doug Clove,Timur Ender,Candace Avalos,Cayle Tern,,
Doug Clove,Noah Ernst,Candace Avalos,,,
Timur Ender,Steph Routh,,,,
Jamie Dunphy,,,,,
Michael (Mike) Sands,Candace Avalos,Timur Ender,Loretta Smith,Jamie Dunphy,Terrence Hayes
Jamie Dunphy,Steph Routh,Loretta Smith,Terrence Hayes,,
Candace Avalos,Cayle Tern,,,,
Candace Avalos,,,,,
Loretta Smith,Terrence Hayes,Jamie Dunphy,Noah Ernst,Doug Clove,
Michael (Mike) Sands,,,,,
Cayle Tern,Jamie Dunphy,David Linn,Steph Routh,Joe Furi,Doug Clove
Candace Avalos,Timur Ender,Jamie Dunphy,Steph Routh,Joe Furi,
Candace Avalos,Terrence Hayes,Jamie Dunphy,Timur Ender,Steph Routh,David Linn
Jamie Dunphy,Steph Routh,Terrence Hayes,Candace Avalos,David Linn,Cayle Tern
Loretta Smith,Steph Routh,,,,
Noah Ernst,Michael (Mike) Sands,Loretta Smith,Terrence Hayes,Doug Clove,Joe Allen
Candace Avalos,,,,,
Terrence Hayes,Noah Ernst,Joe Furi,Loretta Smith,Doug Clove,
Steph Routh,Loretta Smith,Jamie Dunphy,Candace Avalos,,
Noah Ernst,Deian Salazar,Loretta Smith,Doug Clove,,
Terrence Hayes,,,,,
Candace Avalos,Terrence Hayes,Steph Routh,Deian Salazar,Michael (Mike) Sands,Loretta Smith
Terrence Hayes,Doug Clove,Deian Salazar,Candace Avalos,Loretta Smith,Timur Ender
Steph Routh,Candace Avalos,Jamie Dunphy,Timur Ender,Cayle Tern,
Candace Avalos,Timur Ender,Steph Routh,,,
,,,,,
Loretta Smith,Doug Clove,Peggy Sue Owens,Noah Ernst,Joe Allen,Michael (Mike) Sands
Candace Avalos,Loretta Smith,Steph Routh,Terrence Hayes,Timur Ender,Jamie Dunphy
Candace Avalos,Cayle Tern,Jamie Dunphy,,,
Candace Avalos,Cayle Tern,Timur Ender,,,
Terrence Hayes,Noah Ernst,Joe Furi,Loretta Smith,Doug Clove,
Doug Clove,Loretta Smith,Timur Ender,,,
Timur Ender,Jamie Dunphy,Doug Clove,Loretta Smith,Joe Furi,Candace Avalos
Noah Ernst,,,,,
Noah Ernst,,,,,
Cayle Tern,Jamie Dunphy,Timur Ender,David Linn,Loretta Smith,Terrence Hayes
Jamie Dunphy,Terrence Hayes,Loretta Smith,Candace Avalos,Timur Ender,Steph Routh
Jamie Dunphy,Steph Routh,Timur Ender,,,
Candace Avalos,Cayle Tern,Steph Routh,Timur Ender,David Linn,
Doug Clove,,,,,
Jamie Dunphy,Candace Avalos,Steph Routh,,,
Doug Clove,,,,,
Deian Salazar,Timur Ender,Terrence Hayes,,,
Noah Ernst,Michael (Mike) Sands,Jamie Dunphy,Candace Avalos,Timur Ender,Loretta Smith
Candace Avalos,Deian Salazar,Loretta Smith,Terrence Hayes,Steph Routh,Cayle Tern
Doug Clove,Joe Furi,Thomas Shervey,Terrence Hayes,Steph Routh,
Jamie Dunphy,Steph Routh,Candace Avalos,,,
Candace Avalos,Timur Ender,Cayle Tern,Steph Routh,Jamie Dunphy,
Timur Ender,Jamie Dunphy,Candace Avalos,Doug Clove,Thomas Shervey,
Jamie Dunphy,Candace Avalos,Steph Routh,,,
Candace Avalos,Steph Routh,Timur Ender,Jamie Dunphy,Cayle Tern,David Linn
Candace Avalos,,,,,
Terrence Hayes,Noah Ernst,,,,
Candace Avalos,Loretta Smith,,,,
Terrence Hayes,Doug Clove,Candace Avalos,Loretta Smith,Noah Ernst,Michael (Mike) Sands
Steph Routh,Timur Ender,Candace Avalos,,,
Candace Avalos,Loretta Smith,Terrence Hayes,Steph Routh,,
Jamie Dunphy,Steph Routh,Candace Avalos,Timur Ender,Joe Allen,Cayle Tern
Michael (Mike) Sands,Terrence Hayes,,,,
Thomas Shervey,Terrence Hayes,Timur Ender,Jamie Dunphy,Steph Routh,Michael (Mike) Sands
Loretta Smith,Jamie Dunphy,Terrence Hayes,,,
Terrence Hayes,Steph Routh,Deian Salazar,,,
Loretta Smith,Terrence Hayes,Noah Ernst,Cayle Tern,David Linn,Joe Furi
Terrence Hayes,,,,,
Candace Avalos,Steph Routh,Timur Ender,Cayle Tern,,
Peggy Sue Owens,Loretta Smith,Jamie Dunphy,,,
Candace Avalos,Steph Routh,Jamie Dunphy,Deian Salazar,Joe Furi,Timur Ender
Candace Avalos,Michael (Mike) Sands,Deian Salazar,Terrence Hayes,David Linn,Loretta Smith
Loretta Smith,Peggy Sue Owens,Timur Ender,Noah Ernst,Candace Avalos,Joe Allen
Loretta Smith,Steph Routh,Candace Avalos,Cayle Tern,Joe Furi,Terrence Hayes
Terrence Hayes,Noah Ernst,Michael (Mike) Sands,Loretta Smith,Deian Salazar,Steph Routh
Cayle Tern,Candace Avalos,Timur Ender,Loretta Smith,Terrence Hayes,Steph Routh
,,,,,
Candace Avalos,Steph Routh,Timur Ender,Cayle Tern,Jamie Dunphy,David Linn
Noah Ernst,Joe Furi,Doug Clove,Michael (Mike) Sands,Terrence Hayes,Peggy Sue Owens
Jamie Dunphy,Candace Avalos,Steph Routh,Noah Ernst,David Linn,Loretta Smith
Steph Routh,Loretta Smith,Candace Avalos,Doug Clove,Joe Furi,Thomas Shervey
,,,,,
Terrence Hayes,Candace Avalos,Noah Ernst,Steph Routh,David Linn,Jamie Dunphy
Candace Avalos,Cayle Tern,Timur Ender,,,
Candace Avalos,Jamie Dunphy,Steph Routh,,,
Loretta Smith,Timur Ender,Steph Routh,Jamie Dunphy,Candace Avalos,Thomas Shervey
Terrence Hayes,Timur Ender,Michael (Mike) Sands,,,
Loretta Smith,Peggy Sue Owens,Joe Allen,Doug Clove,Jamie Dunphy,Terrence Hayes
Noah Ernst,Jamie Dunphy,Steph Routh,Terrence Hayes,Loretta Smith,
Steph Routh,Candace Avalos,Jamie Dunphy,,,
Steph Routh,Candace Avalos,Jamie Dunphy,,,
Loretta Smith,Terrence Hayes,,,,
Steph Routh,Candace Avalos,Jamie Dunphy,Terrence Hayes,Peggy Sue Owens,Deian Salazar
Noah Ernst,David Linn,Doug Clove,Terrence Hayes,Steph Routh,Thomas Shervey
Loretta Smith,Terrence Hayes,Michael (Mike) Sands,Doug Clove,Joe Allen,Noah Ernst
Loretta Smith,Candace Avalos,Peggy Sue Owens,Jamie Dunphy,Doug Clove,Michael (Mike) Sands
Terrence Hayes,Candace Avalos,Loretta Smith,Noah Ernst,Michael (Mike) Sands,
Steph Routh,,,,,
Jamie Dunphy,Noah Ernst,David Linn,Loretta Smith,Terrence Hayes,Steph Routh
Terrence Hayes,Loretta Smith,Michael (Mike) Sands,,,
Cayle Tern,Candace Avalos,Noah Ernst,,,
Joe Allen,Terrence Hayes,,,,
Noah Ernst,Joe Allen,Terrence Hayes,Joe Furi,,
Peggy Sue Owens,Candace Avalos,Deian Salazar,Loretta Smith,David Linn,Jamie Dunphy
Joe Allen,Noah Ernst,Peggy Sue Owens,Timur Ender,David Linn,Michael (Mike) Sands
Candace Avalos,Loretta Smith,Timur Ender,Steph Routh,Jamie Dunphy,
Terrence Hayes,Noah Ernst,,,,
Noah Ernst,Timur Ender,Joe Allen,Doug Clove,Deian Salazar,Thomas Shervey
Loretta Smith,Terrence Hayes,Candace Avalos,Noah Ernst,Steph Routh,Peggy Sue Owens
Peggy Sue Owens,Cayle Tern,Deian Salazar,Loretta Smith,Jamie Dunphy,Candace Avalos
Doug Clove,,,,,
Timur Ender,Candace Avalos,Loretta Smith,Terrence Hayes,,
Terrence Hayes,Noah Ernst,Joe Furi,Loretta Smith,Doug Clove,
Candace Avalos,Steph Routh,Timur Ender,David Linn,Jamie Dunphy,Joe Allen
Candace Avalos,Timur Ender,David Linn,Cayle Tern,Loretta Smith,Steph Routh
Loretta Smith,Michael (Mike) Sands,Cayle Tern,Candace Avalos,Noah Ernst,Peggy Sue Owens
Timur Ender,Cayle Tern,Deian Salazar,Michael (Mike) Sands,Candace Avalos,Loretta Smith
Candace Avalos,Steph Routh,Timur Ender,Jamie Dunphy,,
Candace Avalos,Timur Ender,Steph Routh,Jamie Dunphy,Cayle Tern,David Linn
Loretta Smith,Timur Ender,Candace Avalos,David Linn,Joe Allen,Deian Salazar
Terrence Hayes,Steph Routh,,,,
Jamie Dunphy,Steph Routh,Candace Avalos,,,
Terrence Hayes,David Linn,Cayle Tern,Joe Allen,Michael (Mike) Sands,Loretta Smith
Candace Avalos,Timur Ender,Steph Routh,Jamie Dunphy,,
Steph Routh,Jamie Dunphy,Candace Avalos,Timur Ender,,
Loretta Smith,David Linn,Candace Avalos,Terrence Hayes,Joe Furi,Jamie Dunphy
Jamie Dunphy,Steph Routh,Timur Ender,Candace Avalos,,
Terrence Hayes,,,,,
Loretta Smith,Terrence Hayes,Steph Routh,Cayle Tern,Michael (Mike) Sands,David Linn
Noah Ernst,Loretta Smith,David Linn,,,
Steph Routh,Noah Ernst,Doug Clove,,,
Noah Ernst,Terrence Hayes,,,,
Terrence Hayes,Loretta Smith,Jamie Dunphy,Steph Routh,Timur Ender,Thomas Shervey
Loretta Smith,David Linn,Timur Ender,Candace Avalos,,
Steph Routh,Candace Avalos,Jamie Dunphy,,,
Noah Ernst,Deian Salazar,Doug Clove,Timur Ender,Loretta Smith,Jamie Dunphy
Cayle Tern,,,,,
Jamie Dunphy,Candace Avalos,Steph Routh,Noah Ernst,David Linn,Loretta Smith
Terrence Hayes,Loretta Smith,Steph Routh,Jamie Dunphy,Candace Avalos,Deian Salazar
Steph Routh,Candace Avalos,Jamie Dunphy,,,
Candace Avalos,Steph Routh,Timur Ender,Jamie Dunphy,,
Candace Avalos,Joe Furi,Joe Allen,Cayle Tern,Michael (Mike) Sands,Peggy Sue Owens
Loretta Smith,Steph Routh,Jamie Dunphy,,,
Candace Avalos,Loretta Smith,Cayle Tern,Jamie Dunphy,Timur Ender,Steph Routh
Deian Salazar,,,,,
Jamie Dunphy,Candace Avalos,Steph Routh,Noah Ernst,,
Loretta Smith,Candace Avalos,Michael (Mike) Sands,Jamie Dunphy,Terrence Hayes,Steph Routh
Michael (Mike) Sands,Candace Avalos,Steph Routh,Timur Ender,Doug Clove,Noah Ernst
Noah Ernst,Loretta Smith,Terrence Hayes,,,
Loretta Smith,Steph Routh,Candace Avalos,Terrence Hayes,Timur Ender,David Linn
Candace Avalos,Jamie Dunphy,Cayle Tern,Terrence Hayes,Loretta Smith,Timur Ender
Joe Allen,Peggy Sue Owens,Joe Furi,Loretta Smith,Steph Routh,Noah Ernst
Steph Routh,Timur Ender,Loretta Smith,David Linn,,
Peggy Sue Owens,Timur Ender,,,,
Timur Ender,,,,,
David Linn,Noah Ernst,Joe Furi,,,
Jamie Dunphy,Cayle Tern,David Linn,Steph Routh,Timur Ender,Candace Avalos
Joe Allen,Timur Ender,Loretta Smith,Jamie Dunphy,Steph Routh,Terrence Hayes
Jamie Dunphy,Steph Routh,Timur Ender,Candace Avalos,,
Thomas Shervey,Steph Routh,Noah Ernst,Terrence Hayes,,
Timur Ender,David Linn,Steph Routh,Terrence Hayes,Candace Avalos,Noah Ernst
Terrence Hayes,Noah Ernst,Doug Clove,,,
Candace Avalos,Steph Routh,Jamie Dunphy,Timur Ender,Michael (Mike) Sands,David Linn
Steph Routh,Timur Ender,Cayle Tern,,,
Candace Avalos,Steph Routh,Timur Ender,Jamie Dunphy,Loretta Smith,
Steph Routh,Candace Avalos,Loretta Smith,,,
Jamie Dunphy,Steph Routh,Candace Avalos,,,
Candace Avalos,Loretta Smith,Thomas Shervey,Steph Routh,,
Timur Ender,Candace Avalos,Joe Furi,Terrence Hayes,Loretta Smith,Michael (Mike) Sands
Loretta Smith,Jamie Dunphy,Terrence Hayes,Candace Avalos,Thomas Shervey,
Jamie Dunphy,Terrence Hayes,Steph Routh,Noah Ernst,Doug Clove,
Noah Ernst,Doug Clove,Terrence Hayes,Steph Routh,Joe Furi,Timur Ender
Candace Avalos,Cayle Tern,Jamie Dunphy,Steph Routh,Timur Ender,
Terrence Hayes,Jamie Dunphy,Deian Salazar,,,
Deian Salazar,,,,,
Loretta Smith,Candace Avalos,Thomas Shervey,,,
Steph Routh,Candace Avalos,Cayle Tern,Timur Ender,Jamie Dunphy,
Candace Avalos,Timur Ender,Steph Routh,Jamie Dunphy,Cayle Tern,David Linn
Noah Ernst,Doug Clove,Candace Avalos,Cayle Tern,Deian Salazar,Loretta Smith
Candace Avalos,Cayle Tern,Timur Ender,,,
Loretta Smith,Joe Allen,Candace Avalos,Steph Routh,Terrence Hayes,
Loretta Smith,Terrence Hayes,Timur Ender,,,
Candace Avalos,,,,,
Loretta Smith,Terrence Hayes,Doug Clove,Cayle Tern,David Linn,Deian Salazar
Steph Routh,,,,,
Loretta Smith,Terrence Hayes,Joe Allen,Noah Ernst,Peggy Sue Owens,Candace Avalos
Peggy Sue Owens,Doug Clove,Thomas Shervey,Terrence Hayes,,
Loretta Smith,Doug Clove,Peggy Sue Owens,Timur Ender,Terrence Hayes,Joe Allen
Timur Ender,Steph Routh,Terrence Hayes,Loretta Smith,David Linn,Candace Avalos
Steph Routh,,,,,
Loretta Smith,Terrence Hayes,Candace Avalos,,,
Peggy Sue Owens,Cayle Tern,Deian Salazar,Loretta Smith,Jamie Dunphy,Candace Avalos
Loretta Smith,Timur Ender,Joe Allen,Cayle Tern,Terrence Hayes,Jamie Dunphy
Candace Avalos,Loretta Smith,Steph Routh,Jamie Dunphy,Terrence Hayes,Cayle Tern
Timur Ender,Candace Avalos,Steph Routh,,,
Steph Routh,,,,,
Candace Avalos,Timur Ender,Jamie Dunphy,Steph Routh,Cayle Tern,David Linn
Candace Avalos,Steph Routh,Timur Ender,Michael (Mike) Sands,Jamie Dunphy,
Loretta Smith,Deian Salazar,Steph Routh,,,
Candace Avalos,Cayle Tern,Timur Ender,,,
Jamie Dunphy,Loretta Smith,Thomas Shervey,David Linn,Noah Ernst,
Steph Routh,Candace Avalos,Timur Ender,Noah Ernst,,
Joe Allen,Jamie Dunphy,Thomas Shervey,,,
Jamie Dunphy,Terrence Hayes,Loretta Smith,Michael (Mike) Sands,Doug Clove,David Linn
Timur Ender,Thomas Shervey,Noah Ernst,David Linn,Doug Clove,Jamie Dunphy
Cayle Tern,,,,,
Jamie Dunphy,Timur Ender,Loretta Smith,,,
Steph Routh,Terrence Hayes,Loretta Smith,Timur Ender,,
Candace Avalos,Deian Salazar,Jamie Dunphy,Timur Ender,Cayle Tern,Steph Routh
Joe Allen,Michael (Mike) Sands,Peggy Sue Owens,Steph Routh,David Linn,Doug Clove
Candace Avalos,Timur Ender,Steph Routh,Jamie Dunphy,Cayle Tern,David Linn
Doug Clove,,,,,
Terrence Hayes,Write-in-120,Write-in-121,Write-in-122,,
Terrence Hayes,Joe Furi,David Linn,Peggy Sue Owens,Michael (Mike) Sands,Doug Clove
Candace Avalos,Jamie Dunphy,Timur Ender,,,
Cayle Tern,,,,,
Steph Routh,,,,,
Michael (Mike) Sands,Terrence Hayes,Jamie Dunphy,Noah Ernst,Deian Salazar,Joe Furi
Joe Furi,Deian Salazar,,,,
Loretta Smith,Terrence Hayes,David Linn,,,
Timur Ender,Candace Avalos,Doug Clove,Loretta Smith,Jamie Dunphy,Steph Routh
Noah Ernst,Loretta Smith,Terrence Hayes,,,
Candace Avalos,Timur Ender,Steph Routh,,,
Jamie Dunphy,Steph Routh,Candace Avalos,Noah Ernst,Peggy Sue Owens,Loretta Smith
Cayle Tern,,,,,
Noah Ernst,Jamie Dunphy,Terrence Hayes,Candace Avalos,Timur Ender,Peggy Sue Owens
Noah Ernst,Terrence Hayes,Loretta Smith,Doug Clove,David Linn,Deian Salazar
Steph Routh,,,,,
Terrence Hayes,Loretta Smith,Candace Avalos,,,
Noah Ernst,Terrence Hayes,,,,
Steph Routh,Jamie Dunphy,Candace Avalos,Timur Ender,Noah Ernst,Cayle Tern
Deian Salazar,Terrence Hayes,Loretta Smith,Joe Furi,Timur Ender,Thomas Shervey
David Linn,Terrence Hayes,Loretta Smith,Peggy Sue Owens,Joe Allen,
Steph Routh,Jamie Dunphy,Timur Ender,,,
David Linn,Timur Ender,Jamie Dunphy,,,
Timur Ender,Loretta Smith,,,,
Candace Avalos,Jamie Dunphy,Noah Ernst,Terrence Hayes,Steph Routh,
David Linn,,,,,
David Linn,Cayle Tern,Terrence Hayes,,,
,,,,,
Loretta Smith,Steph Routh,Jamie Dunphy,Terrence Hayes,Timur Ender,Candace Avalos
,,,,,
Terrence Hayes,,,,,
Timur Ender,Candace Avalos,Terrence Hayes,Jamie Dunphy,Steph Routh,
Steph Routh,Jamie Dunphy,Candace Avalos,,,
Candace Avalos,,,,,
Cayle Tern,,,,,
Doug Clove,Michael (Mike) Sands,Loretta Smith,Steph Routh,,
Doug Clove,,,,,
Steph Routh,Jamie Dunphy,Candace Avalos,,,
Loretta Smith,Terrence Hayes,Candace Avalos,Deian Salazar,Michael (Mike) Sands,Peggy Sue Owens
Michael (Mike) Sands,Noah Ernst,Timur Ender,,,
Terrence Hayes,Steph Routh,Jamie Dunphy,Candace Avalos,,
Candace Avalos,Steph Routh,,,,
Michael (Mike) Sands,Jamie Dunphy,Terrence Hayes,Joe Allen,Doug Clove,Peggy Sue Owens
Timur Ender,Candace Avalos,Steph Routh,,,
Joe Furi,,,,,
Thomas Shervey,David Linn,Loretta Smith,,,
Terrence Hayes,Deian Salazar,David Linn,Noah Ernst,Loretta Smith,
Loretta Smith,Terrence Hayes,Jamie Dunphy,Candace Avalos,Steph Routh,
Jamie Dunphy,Steph Routh,Candace Avalos,Timur Ender,Loretta Smith,Peggy Sue Owens
Loretta Smith,Terrence Hayes,Steph Routh,Candace Avalos,,
Steph Routh,Timur Ender,Candace Avalos,Michael (Mike) Sands,Loretta Smith,Noah Ernst
Timur Ender,Doug Clove,Michael (Mike) Sands,Loretta Smith,Thomas Shervey,
Candace Avalos,David Linn,Joe Furi,Loretta Smith,Steph Routh,Jamie Dunphy
Joe Furi,Deian Salazar,Doug Clove,,,
Timur Ender,Steph Routh,Thomas Shervey,Michael (Mike) Sands,Candace Avalos,David Linn
Steph Routh,Candace Avalos,Joe Allen,,,
Noah Ernst,Loretta Smith,Candace Avalos,Steph Routh,Timur Ender,Jamie Dunphy
Candace Avalos,Jamie Dunphy,Steph Routh,Loretta Smith,David Linn,
Candace Avalos,Terrence Hayes,Jamie Dunphy,,,
Terrence Hayes,,,,,
Write-in-120,,,,,
Candace Avalos,Timur Ender,Steph Routh,,,
Jamie Dunphy,Candace Avalos,Steph Routh,,,
Loretta Smith,Candace Avalos,Terrence Hayes,Steph Routh,Jamie Dunphy,Deian Salazar
Jamie Dunphy,Terrence Hayes,Candace Avalos,Loretta Smith,,
Candace Avalos,Cayle Tern,Timur Ender,Steph Routh,Jamie Dunphy,David Linn
Jamie Dunphy,Candace Avalos,Steph Routh,Noah Ernst,David Linn,Loretta Smith
Loretta Smith,Candace Avalos,Steph Routh,Timur Ender,Jamie Dunphy,
Noah Ernst,Terrence Hayes,Peggy Sue Owens,David Linn,Thomas Shervey,Michael (Mike) Sands
Loretta Smith,Steph Routh,Terrence Hayes,Thomas Shervey,Jamie Dunphy,Joe Allen
,,,,,
Terrence Hayes,,,,,
Cayle Tern,David Linn,Timur Ender,Steph Routh,Loretta Smith,Jamie Dunphy
Noah Ernst,Terrence Hayes,Jamie Dunphy,,,
Noah Ernst,Cayle Tern,Deian Salazar,Timur Ender,David Linn,Michael (Mike) Sands
Noah Ernst,Deian Salazar,Terrence Hayes,Loretta Smith,Steph Routh,Joe Allen
Jamie Dunphy,Steph Routh,Candace Avalos,,,
Loretta Smith,Terrence Hayes,Candace Avalos,Jamie Dunphy,,
Deian Salazar,Candace Avalos,Timur Ender,Steph Routh,Cayle Tern,Loretta Smith
Loretta Smith,,,,,
Timur Ender,Candace Avalos,Steph Routh,Loretta Smith,Jamie Dunphy,
Timur Ender,Jamie Dunphy,Loretta Smith,Terrence Hayes,Noah Ernst,Steph Routh
Terrence Hayes,Jamie Dunphy,Loretta Smith,,,
Loretta Smith,Terrence Hayes,,,,
Joe Furi,Cayle Tern,Michael (Mike) Sands,Doug Clove,Deian Salazar,Loretta Smith
Jamie Dunphy,David Linn,Noah Ernst,Terrence Hayes,Joe Furi,
Loretta Smith,Candace Avalos,Cayle Tern,Deian Salazar,Michael (Mike) Sands,Peggy Sue Owens
Steph Routh,Candace Avalos,Timur Ender,,,
Jamie Dunphy,Candace Avalos,Timur Ender,,,
Timur Ender,Steph Routh,Candace Avalos,Terrence Hayes,Jamie Dunphy,Cayle Tern
Timur Ender,Candace Avalos,Terrence Hayes,Doug Clove,Michael (Mike) Sands,David Linn
Joe Allen,Noah Ernst,Joe Furi,,,
Candace Avalos,Cayle Tern,Timur Ender,,,
Noah Ernst,,,,,
Candace Avalos,Loretta Smith,Jamie Dunphy,Terrence Hayes,Timur Ender,Thomas Shervey
Steph Routh,Jamie Dunphy,Candace Avalos,David Linn,Noah Ernst,Loretta Smith
Candace Avalos,Steph Routh,Timur Ender,,,
Terrence Hayes,Noah Ernst,,,,
Candace Avalos,Cayle Tern,Timur Ender,Steph Routh,Michael (Mike) Sands,Jamie Dunphy
Candace Avalos,Timur Ender,Steph Routh,,,
Terrence Hayes,Loretta Smith,,,,
David Linn,,,,,
Terrence Hayes,,,,,
Michael (Mike) Sands,Terrence Hayes,Doug Clove,Noah Ernst,,
Noah Ernst,David Linn,Joe Furi,Terrence Hayes,Loretta Smith,Doug Clove
Candace Avalos,Steph Routh,Loretta Smith,Cayle Tern,Peggy Sue Owens,Jamie Dunphy
Peggy Sue Owens,Joe Allen,Cayle Tern,Thomas Shervey,Steph Routh,
Loretta Smith,,,,,
Cayle Tern,Terrence Hayes,Noah Ernst,,,
Doug Clove,,,,,
Loretta Smith,,,,,
Loretta Smith,Jamie Dunphy,Terrence Hayes,Steph Routh,David Linn,Deian Salazar
Michael (Mike) Sands,Candace Avalos,Jamie Dunphy,,,
,,,,,
Doug Clove,,,,,
Doug Clove,Noah Ernst,Loretta Smith,,,
Loretta Smith,Jamie Dunphy,Doug Clove,David Linn,Candace Avalos,Deian Salazar
Noah Ernst,Steph Routh,Peggy Sue Owens,Doug Clove,Joe Furi,Joe Allen
Timur Ender,Loretta Smith,Candace Avalos,Steph Routh,Terrence Hayes,Jamie Dunphy
Candace Avalos,Cayle Tern,Michael (Mike) Sands,Steph Routh,,
Candace Avalos,Timur Ender,Steph Routh,Terrence Hayes,Jamie Dunphy,Loretta Smith
Peggy Sue Owens,Terrence Hayes,,,,
Michael (Mike) Sands,,,,,
Noah Ernst,Terrence Hayes,Loretta Smith,Michael (Mike) Sands,,
Candace Avalos,Timur Ender,Steph Routh,Jamie Dunphy,Cayle Tern,David Linn
Loretta Smith,Terrence Hayes,Michael (Mike) Sands,,,
David Linn,,,,,
Steph Routh,Noah Ernst,Loretta Smith,,,
Loretta Smith,Timur Ender,Noah Ernst,David Linn,Terrence Hayes,Michael (Mike) Sands
Timur Ender,Steph Routh,Jamie Dunphy,Loretta Smith,Candace Avalos,David Linn
Steph Routh,Timur Ender,Candace Avalos,Jamie Dunphy,Terrence Hayes,Deian Salazar
Jamie Dunphy,Timur Ender,Candace Avalos,Steph Routh,David Linn,Noah Ernst
Noah Ernst,Loretta Smith,Terrence Hayes,,,
Noah Ernst,Doug Clove,Joe Allen,Steph Routh,,
Doug Clove,,,,,
Jamie Dunphy,Terrence Hayes,Noah Ernst,Candace Avalos,Loretta Smith,
Candace Avalos,Terrence Hayes,Steph Routh,Loretta Smith,Timur Ender,Deian Salazar
Steph Routh,Candace Avalos,Timur Ender,Jamie Dunphy,,
Candace Avalos,Cayle Tern,Timur Ender,,,
Peggy Sue Owens,,,,,
Steph Routh,Jamie Dunphy,Loretta Smith,,,
Candace Avalos,Steph Routh,Jamie Dunphy,,,
Terrence Hayes,Noah Ernst,Joe Furi,Loretta Smith,Doug Clove,David Linn
Timur Ender,Loretta Smith,Joe Furi,David Linn,,
Steph Routh,Jamie Dunphy,Cayle Tern,Loretta Smith,Terrence Hayes,Candace Avalos
,,,,,
Joe Allen,Doug Clove,Deian Salazar,Steph Routh,Michael (Mike) Sands,Joe Furi
Steph Routh,Terrence Hayes,Joe Furi,Doug Clove,Candace Avalos,Thomas Shervey
Candace Avalos,Steph Routh,Timur Ender,Jamie Dunphy,Peggy Sue Owens,Doug Clove
Steph Routh,,,,,
Terrence Hayes,Peggy Sue Owens,Joe Allen,Doug Clove,Michael (Mike) Sands,Loretta Smith
Steph Routh,Candace Avalos,Jamie Dunphy,Timur Ender,Terrence Hayes,
Noah Ernst,Candace Avalos,Steph Routh,Jamie Dunphy,Terrence Hayes,
Doug Clove,,,,,
Loretta Smith,Terrence Hayes,Steph Routh,Jamie Dunphy,Timur Ender,
Candace Avalos,Timur Ender,Thomas Shervey,Steph Routh,Joe Furi,Jamie Dunphy
Noah Ernst,,,,,
Cayle Tern,Terrence Hayes,Loretta Smith,Steph Routh,Jamie Dunphy,Candace Avalos
Noah Ernst,Doug Clove,Loretta Smith,Terrence Hayes,Joe Allen,David Linn
Cayle Tern,Candace Avalos,Peggy Sue Owens,Loretta Smith,Steph Routh,Jamie Dunphy
Jamie Dunphy,Steph Routh,Candace Avalos,Timur Ender,Loretta Smith,
Noah Ernst,Peggy Sue Owens,Cayle Tern,,,
Loretta Smith,Terrence Hayes,Steph Routh,Candace Avalos,David Linn,Jamie Dunphy
Steph Routh,Jamie Dunphy,Candace Avalos,Loretta Smith,Timur Ender,
Noah Ernst,,,,,
Steph Routh,Noah Ernst,Terrence Hayes,Jamie Dunphy,Loretta Smith,Candace Avalos
Candace Avalos,,,,,
Joe Allen,David Linn,Cayle Tern,Doug Clove,Joe Furi,Deian Salazar
Doug Clove,Terrence Hayes,Candace Avalos,Cayle Tern,Timur Ender,Joe Allen
Peggy Sue Owens,Joe Allen,Michael (Mike) Sands,Loretta Smith,Joe Furi,Doug Clove
Loretta Smith,Candace Avalos,Steph Routh,Terrence Hayes,Timur Ender,Jamie Dunphy
Terrence Hayes,Steph Routh,Noah Ernst,Jamie Dunphy,Candace Avalos,Loretta Smith
Doug Clove,Terrence Hayes,Loretta Smith,Noah Ernst,Candace Avalos,
Peggy Sue Owens,,,,,
Noah Ernst,Peggy Sue Owens,Loretta Smith,,,
Timur Ender,,,,,
David Linn,Cayle Tern,Doug Clove,Loretta Smith,Jamie Dunphy,Timur Ender
Terrence Hayes,Noah Ernst,Joe Furi,,,
Steph Routh,,,,,
David Linn,Steph Routh,Cayle Tern,Jamie Dunphy,,
Joe Allen,Timur Ender,Doug Clove,Joe Furi,Deian Salazar,Jamie Dunphy
Timur Ender,Candace Avalos,Cayle Tern,Steph Routh,Jamie Dunphy,Michael (Mike) Sands
Steph Routh,Terrence Hayes,,,,
Candace Avalos,Timur Ender,Jamie Dunphy,Cayle Tern,Steph Routh,David Linn
Candace Avalos,Cayle Tern,Timur Ender,,,
Joe Allen,,,,,
Michael (Mike) Sands,Loretta Smith,Noah Ernst,Terrence Hayes,Thomas Shervey,Peggy Sue Owens
Candace Avalos,Cayle Tern,Timur Ender,Jamie Dunphy,,
Michael (Mike) Sands,David Linn,Peggy Sue Owens,Candace Avalos,Joe Allen,Terrence Hayes
Joe Allen,Michael (Mike) Sands,Thomas Shervey,Steph Routh,David Linn,Doug Clove
Candace Avalos,Timur Ender,Steph Routh,Loretta Smith,Terrence Hayes,Doug Clove
Steph Routh,Noah Ernst,Terrence Hayes,Jamie Dunphy,Loretta Smith,Candace Avalos
Jamie Dunphy,Timur Ender,,,,
Candace Avalos,Noah Ernst,,,,
Jamie Dunphy,Doug Clove,Noah Ernst,David Linn,,
Candace Avalos,Loretta Smith,Steph Routh,Jamie Dunphy,,
Timur Ender,Cayle Tern,Candace Avalos,Noah Ernst,Deian Salazar,Doug Clove
Jamie Dunphy,Steph Routh,Noah Ernst,David Linn,Candace Avalos,
Steph Routh,Jamie Dunphy,Candace Avalos,Timur Ender,Noah Ernst,Cayle Tern
Steph Routh,Jamie Dunphy,Candace Avalos,Timur Ender,,
Terrence Hayes,Loretta Smith,Steph Routh,Cayle Tern,Jamie Dunphy,Deian Salazar
Jamie Dunphy,,,,,
Joe Allen,Loretta Smith,,,,
Candace Avalos,Noah Ernst,,,,
Joe Furi,Terrence Hayes,Jamie Dunphy,Cayle Tern,Noah Ernst,Peggy Sue Owens
Doug Clove,Loretta Smith,Steph Routh,Terrence Hayes,Noah Ernst,Deian Salazar
Timur Ender,,,,,
Steph Routh,Timur Ender,Jamie Dunphy,Candace Avalos,Deian Salazar,Cayle Tern
Candace Avalos,Steph Routh,Timur Ender,Jamie Dunphy,,
Deian Salazar,Steph Routh,Thomas Shervey,,,
Loretta Smith,Michael (Mike) Sands,Steph Routh,,,
Candace Avalos,Steph Routh,Jamie Dunphy,Cayle Tern,David Linn,Timur Ender
David Linn,Terrence Hayes,Noah Ernst,Candace Avalos,,
Loretta Smith,Candace Avalos,Steph Routh,Timur Ender,Jamie Dunphy,
Noah Ernst,Michael (Mike) Sands,Steph Routh,Loretta Smith,Terrence Hayes,Joe Allen
Steph Routh,Jamie Dunphy,Terrence Hayes,Candace Avalos,,
Jamie Dunphy,Timur Ender,Joe Furi,,,
Loretta Smith,,,,,
Timur Ender,Candace Avalos,Steph Routh,,,
Timur Ender,Joe Allen,Deian Salazar,Thomas Shervey,Jamie Dunphy,
Steph Routh,Loretta Smith,Timur Ender,Candace Avalos,Jamie Dunphy,Cayle Tern
Noah Ernst,Terrence Hayes,Loretta Smith,Jamie Dunphy,,
Candace Avalos,Timur Ender,Cayle Tern,Jamie Dunphy,David Linn,Steph Routh
Timur Ender,,,,,
Michael (Mike) Sands,Peggy Sue Owens,,,,
David Linn,Michael (Mike) Sands,Thomas Shervey,,,
Candace Avalos,Cayle Tern,Timur Ender,,,
David Linn,Steph Routh,Timur Ender,Terrence Hayes,Cayle Tern,Candace Avalos
Timur Ender,Jamie Dunphy,Steph Routh,David Linn,Cayle Tern,Candace Avalos
Noah Ernst,Loretta Smith,Terrence Hayes,,,
Loretta Smith,Terrence Hayes,Steph Routh,Timur Ender,Jamie Dunphy,Deian Salazar
Michael (Mike) Sands,Peggy Sue Owens,Joe Allen,Doug Clove,Steph Routh,David Linn
Jamie Dunphy,David Linn,Timur Ender,Noah Ernst,,
Terrence Hayes,Candace Avalos,Timur Ender,Cayle Tern,Steph Routh,
Timur Ender,Terrence Hayes,Noah Ernst,,,
Doug Clove,,,,,
Noah Ernst,,,,,
Terrence Hayes,Noah Ernst,Candace Avalos,,,
Noah Ernst,,,,,
Doug Clove,Noah Ernst,,,,
Terrence Hayes,David Linn,Timur Ender,,,
Joe Furi,,,,,
Terrence Hayes,Noah Ernst,Doug Clove,,,
Noah Ernst,Terrence Hayes,Loretta Smith,,,
Doug Clove,Terrence Hayes,,,,
Deian Salazar,Doug Clove,Terrence Hayes,Thomas Shervey,Candace Avalos,Noah Ernst
Jamie Dunphy,Steph Routh,Candace Avalos,Timur Ender,,
Jamie Dunphy,Candace Avalos,Steph Routh,,,
Terrence Hayes,Jamie Dunphy,Joe Allen,Loretta Smith,Noah Ernst,Thomas Shervey
Timur Ender,Write-in-120,Write-in-121,Write-in-122,,
Jamie Dunphy,Loretta Smith,Joe Allen,Timur Ender,Noah Ernst,Steph Routh
Noah Ernst,Terrence Hayes,Thomas Shervey,Michael (Mike) Sands,Jamie Dunphy,Joe Furi
Loretta Smith,Terrence Hayes,Steph Routh,Timur Ender,Noah Ernst,Jamie Dunphy
Joe Allen,Steph Routh,Jamie Dunphy,,,
Loretta Smith,Candace Avalos,Michael (Mike) Sands,Jamie Dunphy,Timur Ender,David Linn
Candace Avalos,Jamie Dunphy,Steph Routh,Timur Ender,Terrence Hayes,Deian Salazar
Steph Routh,Timur Ender,Loretta Smith,David Linn,,
Candace Avalos,Jamie Dunphy,Joe Allen,Timur Ender,Noah Ernst,Terrence Hayes
Loretta Smith,Terrence Hayes,Candace Avalos,Steph Routh,Deian Salazar,Michael (Mike) Sands
Candace Avalos,Terrence Hayes,,,,
Noah Ernst,,,,,
Candace Avalos,Terrence Hayes,Steph Routh,Jamie Dunphy,David Linn,Loretta Smith
David Linn,Doug Clove,Loretta Smith,Terrence Hayes,Candace Avalos,Jamie Dunphy
Terrence Hayes,Loretta Smith,Joe Furi,Cayle Tern,David Linn,Joe Allen
Noah Ernst,Timur Ender,Terrence Hayes,Doug Clove,David Linn,Steph Routh
Jamie Dunphy,Candace Avalos,Steph Routh,Loretta Smith,David Linn,
Steph Routh,,,,,
Candace Avalos,Loretta Smith,Steph Routh,Doug Clove,Terrence Hayes,Timur Ender
David Linn,Steph Routh,Deian Salazar,Terrence Hayes,Joe Furi,Loretta Smith
Loretta Smith,Peggy Sue Owens,Candace Avalos,Steph Routh,Cayle Tern,Deian Salazar
Candace Avalos,Timur Ender,Joe Allen,Michael (Mike) Sands,Steph Routh,Cayle Tern
Steph Routh,Timur Ender,Candace Avalos,Joe Allen,Joe Furi,Terrence Hayes
Doug Clove,,,,,
Deian Salazar,,,,,
Noah Ernst,,,,,
Steph Routh,Timur Ender,Jamie Dunphy,Deian Salazar,Michael (Mike) Sands,David Linn
Timur Ender,Loretta Smith,Steph Routh,Jamie Dunphy,Candace Avalos,Terrence Hayes
Terrence Hayes,Peggy Sue Owens,Joe Allen,Loretta Smith,Cayle Tern,Candace Avalos
Candace Avalos,Michael (Mike) Sands,David Linn,Cayle Tern,Doug Clove,Steph Routh
Loretta Smith,Terrence Hayes,Noah Ernst,,,
Timur Ender,David Linn,Doug Clove,Deian Salazar,Jamie Dunphy,
Candace Avalos,Timur Ender,Cayle Tern,Steph Routh,,
Jamie Dunphy,Candace Avalos,Terrence Hayes,Deian Salazar,Cayle Tern,Loretta Smith
Loretta Smith,Terrence Hayes,Timur Ender,Noah Ernst,Candace Avalos,David Linn
Doug Clove,Terrence Hayes,Noah Ernst,David Linn,Cayle Tern,Deian Salazar
Steph Routh,Joe Furi,Michael (Mike) Sands,,,
Candace Avalos,Steph Routh,Jamie Dunphy,,,
Candace Avalos,Timur Ender,Steph Routh,,,
Steph Routh,Thomas Shervey,David Linn,Joe Allen,Doug Clove,Terrence Hayes
Terrence Hayes,Timur Ender,Loretta Smith,Jamie Dunphy,Candace Avalos,Steph Routh
,,,,,
Deian Salazar,,,,,
David Linn,Timur Ender,Loretta Smith,Steph Routh,Jamie Dunphy,
Timur Ender,David Linn,Terrence Hayes,,,
Candace Avalos,Terrence Hayes,Steph Routh,Cayle Tern,Deian Salazar,David Linn
Steph Routh,Candace Avalos,Timur Ender,Noah Ernst,,
Candace Avalos,David Linn,Joe Allen,Terrence Hayes,Doug Clove,Deian Salazar
Terrence Hayes,Loretta Smith,Timur Ender,,,
Loretta Smith,Noah Ernst,Terrence Hayes,Timur Ender,Candace Avalos,Peggy Sue Owens
Michael (Mike) Sands,Deian Salazar,Loretta Smith,Thomas Shervey,Terrence Hayes,
Jamie Dunphy,Loretta Smith,Steph Routh,,,
Candace Avalos,Loretta Smith,Terrence Hayes,Steph Routh,Jamie Dunphy,Michael (Mike) Sands
Noah Ernst,David Linn,Joe Furi,,,
Michael (Mike) Sands,Timur Ender,David Linn,Doug Clove,Joe Furi,Terrence Hayes
Cayle Tern,Candace Avalos,Steph Routh,,,
Candace Avalos,Noah Ernst,Jamie Dunphy,Steph Routh,Terrence Hayes,
Jamie Dunphy,Candace Avalos,Steph Routh,Noah Ernst,,
Steph Routh,Terrence Hayes,Timur Ender,Loretta Smith,David Linn,Candace Avalos
Candace Avalos,Jamie Dunphy,Steph Routh,,,
,,,,,
Timur Ender,Jamie Dunphy,Doug Clove,Candace Avalos,Loretta Smith,Steph Routh
Joe Allen,,,,,
Loretta Smith,Terrence Hayes,Candace Avalos,Peggy Sue Owens,,
Doug Clove,Noah Ernst,Deian Salazar,Joe Allen,Loretta Smith,
Terrence Hayes,Joe Furi,Joe Allen,David Linn,Cayle Tern,Loretta Smith
Loretta Smith,Terrence Hayes,Deian Salazar,Candace Avalos,Noah Ernst,Joe Furi
Steph Routh,Candace Avalos,Jamie Dunphy,,,
Noah Ernst,Terrence Hayes,Joe Furi,Loretta Smith,Doug Clove,
Timur Ender,Candace Avalos,Jamie Dunphy,Steph Routh,,
Steph Routh,Timur Ender,Joe Allen,David Linn,Jamie Dunphy,
Loretta Smith,Terrence Hayes,,,,
Candace Avalos,,,,,
Candace Avalos,Loretta Smith,,,,
Deian Salazar,Candace Avalos,Noah Ernst,Joe Furi,,
Terrence Hayes,Candace Avalos,Jamie Dunphy,,,
Candace Avalos,Loretta Smith,Cayle Tern,Doug Clove,Deian Salazar,Michael (Mike) Sands
Noah Ernst,Doug Clove,Thomas Shervey,Jamie Dunphy,Loretta Smith,Peggy Sue Owens
Timur Ender,,,,,
Terrence Hayes,,,,,
Timur Ender,,,,,
,,,,,
Loretta Smith,Terrence Hayes,Timur Ender,Deian Salazar,Candace Avalos,Jamie Dunphy
Thomas Shervey,,,,,
Candace Avalos,,,,,
Terrence Hayes,Michael (Mike) Sands,Steph Routh,Cayle Tern,Joe Allen,David Linn
Jamie Dunphy,,,,,
Steph Routh,Terrence Hayes,Jamie Dunphy,,,
Noah Ernst,Terrence Hayes,Loretta Smith,,,
Noah Ernst,Joe Allen,Doug Clove,Terrence Hayes,David Linn,Steph Routh
Jamie Dunphy,,,,,
Steph Routh,Joe Furi,Timur Ender,Loretta Smith,Candace Avalos,Thomas Shervey
Loretta Smith,Steph Routh,Candace Avalos,Jamie Dunphy,,
Terrence Hayes,Steph Routh,,,,
Jamie Dunphy,Candace Avalos,Steph Routh,Noah Ernst,David Linn,Loretta Smith
Candace Avalos,Jamie Dunphy,Timur Ender,Steph Routh,David Linn,Noah Ernst
Loretta Smith,Noah Ernst,Steph Routh,,,
Terrence Hayes,David Linn,Joe Allen,Noah Ernst,,
Loretta Smith,Terrence Hayes,Steph Routh,Doug Clove,,
Timur Ender,Candace Avalos,Jamie Dunphy,Steph Routh,Michael (Mike) Sands,
Steph Routh,Jamie Dunphy,Terrence Hayes,Timur Ender,David Linn,Candace Avalos
Michael (Mike) Sands,,,,,
Noah Ernst,Michael (Mike) Sands,Jamie Dunphy,Doug Clove,Cayle Tern,Candace Avalos
Jamie Dunphy,Candace Avalos,Steph Routh,Noah Ernst,,
Thomas Shervey,Peggy Sue Owens,Michael (Mike) Sands,David Linn,Noah Ernst,Jamie Dunphy
Jamie Dunphy,Steph Routh,Candace Avalos,Loretta Smith,Timur Ender,Michael (Mike) Sands
Jamie Dunphy,Candace Avalos,,,,
Joe Furi,,,,,
Candace Avalos,Timur Ender,Steph Routh,Jamie Dunphy,Cayle Tern,David Linn
Noah Ernst,,,,,
Cayle Tern,Candace Avalos,Timur Ender,Loretta Smith,Steph Routh,Jamie Dunphy
Candace Avalos,Timur Ender,Steph Routh,Jamie Dunphy,Cayle Tern,Terrence Hayes
Noah Ernst,,,,,
Steph Routh,Jamie Dunphy,Doug Clove,Timur Ender,,
Steph Routh,Doug Clove,Timur Ender,,,
Loretta Smith,,,,,
Doug Clove,Timur Ender,Peggy Sue Owens,Deian Salazar,Candace Avalos,Jamie Dunphy
Cayle Tern,Candace Avalos,Noah Ernst,,,
Terrence Hayes,Candace Avalos,Loretta Smith,Jamie Dunphy,Steph Routh,
Steph Routh,Candace Avalos,Cayle Tern,Timur Ender,Jamie Dunphy,David Linn
Write-in-120,Write-in-121,Peggy Sue Owens,,,
Jamie Dunphy,Noah Ernst,David Linn,,,
Jamie Dunphy,Timur Ender,Deian Salazar,Cayle Tern,Candace Avalos,Michael (Mike) Sands
Jamie Dunphy,Candace Avalos,Steph Routh,Noah Ernst,,
Candace Avalos,Doug Clove,Cayle Tern,Terrence Hayes,Steph Routh,
Terrence Hayes,Jamie Dunphy,Joe Allen,Noah Ernst,Doug Clove,Timur Ender
Peggy Sue Owens,Joe Furi,David Linn,Loretta Smith,Candace Avalos,Steph Routh
Steph Routh,Timur Ender,David Linn,Doug Clove,Cayle Tern,
Jamie Dunphy,Candace Avalos,Steph Routh,,,
Timur Ender,Steph Routh,Jamie Dunphy,,,
Steph Routh,Deian Salazar,David Linn,Noah Ernst,,
Loretta Smith,Terrence Hayes,Noah Ernst,,,
Timur Ender,Noah Ernst,Thomas Shervey,Cayle Tern,David Linn,Steph Routh
Timur Ender,,,,,
Jamie Dunphy,Timur Ender,,,,
Terrence Hayes,Noah Ernst,Candace Avalos,Steph Routh,,
Candace Avalos,Steph Routh,Timur Ender,,,
Timur Ender,Candace Avalos,Steph Routh,Jamie Dunphy,Loretta Smith,Terrence Hayes
Steph Routh,Timur Ender,,,,
Terrence Hayes,Loretta Smith,Noah Ernst,,,
Loretta Smith,Noah Ernst,Peggy Sue Owens,Michael (Mike) Sands,Candace Avalos,Joe Allen
Jamie Dunphy,Candace Avalos,Steph Routh,Noah Ernst,David Linn,Loretta Smith
Candace Avalos,Steph Routh,Cayle Tern,Timur Ender,Deian Salazar,Jamie Dunphy
Loretta Smith,,,,,
Jamie Dunphy,David Linn,Cayle Tern,Timur Ender,Steph Routh,Candace Avalos
Noah Ernst,Jamie Dunphy,Terrence Hayes,,,
Steph Routh,Terrence Hayes,,,,
Cayle Tern,David Linn,Candace Avalos,Noah Ernst,Doug Clove,Deian Salazar
Steph Routh,Terrence Hayes,Doug Clove,Loretta Smith,David Linn,Candace Avalos
Terrence Hayes,Candace Avalos,Loretta Smith,Timur Ender,,
Loretta Smith,Terrence Hayes,Jamie Dunphy,Candace Avalos,David Linn,Noah Ernst
Loretta Smith,Terrence Hayes,Joe Allen,Noah Ernst,Timur Ender,Peggy Sue Owens
Cayle Tern,Loretta Smith,Terrence Hayes,,,
Peggy Sue Owens,Loretta Smith,Terrence Hayes,,,
Steph Routh,Candace Avalos,Timur Ender,Jamie Dunphy,,
Loretta Smith,Terrence Hayes,,,,
Michael (Mike) Sands,David Linn,,,,
Steph Routh,Candace Avalos,Timur Ender,Jamie Dunphy,Cayle Tern,Loretta Smith
Cayle Tern,Michael (Mike) Sands,Noah Ernst,Loretta Smith,Peggy Sue Owens,Doug Clove
Noah Ernst,Doug Clove,,,,
Terrence Hayes,Noah Ernst,Doug Clove,Thomas Shervey,Joe Allen,
Doug Clove,Joe Furi,,,,
Terrence Hayes,Loretta Smith,Doug Clove,Joe Allen,Thomas Shervey,Steph Routh
Steph Routh,Loretta Smith,,,,
Jamie Dunphy,Candace Avalos,Steph Routh,Noah Ernst,David Linn,Loretta Smith
Timur Ender,Candace Avalos,Jamie Dunphy,Cayle Tern,David Linn,Steph Routh
Timur Ender,Candace Avalos,Doug Clove,Steph Routh,Cayle Tern,
Terrence Hayes,Candace Avalos,Timur Ender,Steph Routh,David Linn,Loretta Smith
Peggy Sue Owens,David Linn,Loretta Smith,Terrence Hayes,Noah Ernst,Doug Clove
Jamie Dunphy,Candace Avalos,Steph Routh,Timur Ender,,
Steph Routh,Timur Ender,Terrence Hayes,Noah Ernst,Jamie Dunphy,Candace Avalos
Noah Ernst,David Linn,Cayle Tern,Jamie Dunphy,Terrence Hayes,Steph Routh
Loretta Smith,,,,,
Jamie Dunphy,Loretta Smith,Candace Avalos,Terrence Hayes,,
Doug Clove,Joe Furi,Timur Ender,David Linn,Deian Salazar,Steph Routh
Jamie Dunphy,Loretta Smith,Candace Avalos,Steph Routh,Timur Ender,Noah Ernst
Loretta Smith,Steph Routh,Terrence Hayes,Doug Clove,Michael (Mike) Sands,Candace Avalos
Terrence Hayes,Deian Salazar,Loretta Smith,Candace Avalos,,
Jamie Dunphy,Candace Avalos,Steph Routh,,,
Loretta Smith,,,,,
Loretta Smith,Steph Routh,Terrence Hayes,Jamie Dunphy,,
Jamie Dunphy,Candace Avalos,Steph Routh,,,
Steph Routh,Terrence Hayes,Timur Ender,Candace Avalos,David Linn,Cayle Tern
Cayle Tern,Peggy Sue Owens,Candace Avalos,Loretta Smith,Terrence Hayes,Steph Routh
Timur Ender,Jamie Dunphy,Candace Avalos,,,
Terrence Hayes,Steph Routh,Noah Ernst,David Linn,Jamie Dunphy,
Loretta Smith,Terrence Hayes,Candace Avalos,Jamie Dunphy,Peggy Sue Owens,Deian Salazar
Jamie Dunphy,Candace Avalos,Timur Ender,Steph Routh,David Linn,
David Linn,Cayle Tern,Deian Salazar,Loretta Smith,Joe Furi,Jamie Dunphy
,,,,,
Noah Ernst,Cayle Tern,Doug Clove,Candace Avalos,Timur Ender,Peggy Sue Owens
Loretta Smith,Terrence Hayes,Timur Ender,Noah Ernst,Candace Avalos,Steph Routh
Jamie Dunphy,Steph Routh,Candace Avalos,,,
Jamie Dunphy,Candace Avalos,Steph Routh,Timur Ender,,
Noah Ernst,Doug Clove,,,,
Jamie Dunphy,Steph Routh,Candace Avalos,Terrence Hayes,David Linn,Cayle Tern
Noah Ernst,Terrence Hayes,Loretta Smith,Doug Clove,Joe Allen,Thomas Shervey
,,,,,
Peggy Sue Owens,Doug Clove,Joe Allen,,,
Terrence Hayes,Candace Avalos,Noah Ernst,Loretta Smith,,
Steph Routh,Terrence Hayes,Jamie Dunphy,,,
Jamie Dunphy,Candace Avalos,Loretta Smith,Joe Allen,Steph Routh,Terrence Hayes
Noah Ernst,,,,,
Jamie Dunphy,Steph Routh,Candace Avalos,Timur Ender,,
Jamie Dunphy,Cayle Tern,David Linn,Steph Routh,Timur Ender,Candace Avalos
Candace Avalos,Steph Routh,,,,
Candace Avalos,Cayle Tern,Timur Ender,Steph Routh,Jamie Dunphy,David Linn
Candace Avalos,Cayle Tern,Timur Ender,Steph Routh,Jamie Dunphy,David Linn
Candace Avalos,Noah Ernst,Deian Salazar,Jamie Dunphy,,
Michael (Mike) Sands,David Linn,,,,
Doug Clove,Joe Allen,Joe Furi,Noah Ernst,,
Candace Avalos,Loretta Smith,Deian Salazar,Doug Clove,Terrence Hayes,
Thomas Shervey,Doug Clove,Jamie Dunphy,Steph Routh,,
Loretta Smith,Terrence Hayes,Steph Routh,Candace Avalos,Cayle Tern,David Linn
Deian Salazar,Terrence Hayes,David Linn,Cayle Tern,Noah Ernst,Thomas Shervey
Steph Routh,Timur Ender,Jamie Dunphy,Candace Avalos,Cayle Tern,David Linn
Joe Furi,Deian Salazar,,,,
Joe Furi,,,,,
Candace Avalos,Timur Ender,Steph Routh,Jamie Dunphy,Cayle Tern,David Linn
Noah Ernst,Doug Clove,Loretta Smith,,,
Steph Routh,Loretta Smith,Jamie Dunphy,Candace Avalos,,
Candace Avalos,Timur Ender,Steph Routh,Jamie Dunphy,Cayle Tern,Loretta Smith
Loretta Smith,Timur Ender,Terrence Hayes,,,
Candace Avalos,Jamie Dunphy,,,,
Timur Ender,Noah Ernst,Joe Allen,David Linn,Terrence Hayes,Steph Routh
Noah Ernst,Terrence Hayes,Doug Clove,Loretta Smith,,
Steph Routh,Jamie Dunphy,Candace Avalos,,,
Joe Allen,,,,,
Jamie Dunphy,Steph Routh,Candace Avalos,Noah Ernst,,
Noah Ernst,Timur Ender,,,,
Jamie Dunphy,Candace Avalos,Steph Routh,Loretta Smith,,
Steph Routh,Jamie Dunphy,Peggy Sue Owens,Timur Ender,Terrence Hayes,Deian Salazar
Jamie Dunphy,David Linn,Timur Ender,Steph Routh,,
Candace Avalos,Loretta Smith,Jamie Dunphy,Steph Routh,Terrence Hayes,Cayle Tern
Noah Ernst,Joe Allen,Jamie Dunphy,,,
Terrence Hayes,,,,,
Candace Avalos,Cayle Tern,Loretta Smith,,,
Jamie Dunphy,Noah Ernst,Loretta Smith,,,
Loretta Smith,David Linn,Jamie Dunphy,,,
Noah Ernst,Jamie Dunphy,Michael (Mike) Sands,Doug Clove,Joe Furi,Steph Routh
Loretta Smith,David Linn,Jamie Dunphy,Cayle Tern,,
Loretta Smith,Candace Avalos,Jamie Dunphy,Terrence Hayes,David Linn,Timur Ender
Candace Avalos,Timur Ender,Loretta Smith,Terrence Hayes,Jamie Dunphy,Steph Routh
Candace Avalos,Cayle Tern,Timur Ender,,,
Timur Ender,Steph Routh,Jamie Dunphy,,,
Noah Ernst,,,,,
Timur Ender,Steph Routh,,,,
Candace Avalos,Steph Routh,Jamie Dunphy,Terrence Hayes,Timur Ender,Loretta Smith
Loretta Smith,Noah Ernst,Terrence Hayes,Joe Furi,Doug Clove,
Jamie Dunphy,Candace Avalos,Steph Routh,Timur Ender,Terrence Hayes,Loretta Smith
Jamie Dunphy,Candace Avalos,Timur Ender,Steph Routh,,
Candace Avalos,Timur Ender,Steph Routh,Jamie Dunphy,Loretta Smith,David Linn
Loretta Smith,Candace Avalos,,,,
Steph Routh,Loretta Smith,Terrence Hayes,,,
Loretta Smith,Terrence Hayes,Joe Furi,Timur Ender,,
Steph Routh,Candace Avalos,Jamie Dunphy,Loretta Smith,Terrence Hayes,Timur Ender
Joe Allen,David Linn,Joe Furi,Thomas Shervey,,
Doug Clove,Noah Ernst,,,,
Joe Allen,Joe Furi,Loretta Smith,Terrence Hayes,Doug Clove,Michael (Mike) Sands
Loretta Smith,Terrence Hayes,Michael (Mike) Sands,Noah Ernst,Timur Ender,Deian Salazar
Noah Ernst,Candace Avalos,Joe Furi,Joe Allen,,
Candace Avalos,Timur Ender,Steph Routh,,,
Candace Avalos,Steph Routh,Terrence Hayes,,,
Terrence Hayes,Loretta Smith,Noah Ernst,,,
Noah Ernst,Terrence Hayes,Loretta Smith,,,
Terrence Hayes,Jamie Dunphy,Steph Routh,,,
Steph Routh,Jamie Dunphy,David Linn,,,
Peggy Sue Owens,Michael (Mike) Sands,Jamie Dunphy,Doug Clove,Joe Allen,Joe Furi
Candace Avalos,Timur Ender,Steph Routh,Cayle Tern,Jamie Dunphy,David Linn
Candace Avalos,Steph Routh,Timur Ender,,,
Loretta Smith,,,,,
,,,,,
Loretta Smith,Terrence Hayes,Cayle Tern,Jamie Dunphy,Candace Avalos,Timur Ender
Loretta Smith,Peggy Sue Owens,Candace Avalos,Cayle Tern,Jamie Dunphy,Joe Allen
Candace Avalos,Steph Routh,Timur Ender,Jamie Dunphy,Cayle Tern,
Candace Avalos,Peggy Sue Owens,Steph Routh,Timur Ender,Cayle Tern,
Loretta Smith,Timur Ender,Steph Routh,Thomas Shervey,Jamie Dunphy,Michael (Mike) Sands
Steph Routh,Terrence Hayes,Timur Ender,,,
Steph Routh,Candace Avalos,Timur Ender,Jamie Dunphy,,
Noah Ernst,Deian Salazar,Loretta Smith,Terrence Hayes,Jamie Dunphy,Timur Ender
Timur Ender,,,,,
Jamie Dunphy,,,,,
Jamie Dunphy,David Linn,Steph Routh,Deian Salazar,Timur Ender,
Terrence Hayes,Loretta Smith,,,,
Loretta Smith,Terrence Hayes,Timur Ender,Steph Routh,Noah Ernst,Jamie Dunphy
Noah Ernst,Timur Ender,,,,
Noah Ernst,David Linn,Loretta Smith,,,
Terrence Hayes,Jamie Dunphy,Loretta Smith,,,
Candace Avalos,,,,,
Noah Ernst,David Linn,,,,
Terrence Hayes,Loretta Smith,Noah Ernst,Steph Routh,Thomas Shervey,Joe Furi
Steph Routh,Joe Allen,David Linn,Peggy Sue Owens,,
Jamie Dunphy,Steph Routh,Candace Avalos,Timur Ender,Loretta Smith,
Steph Routh,Loretta Smith,Candace Avalos,Timur Ender,Michael (Mike) Sands,Cayle Tern
Timur Ender,Jamie Dunphy,Candace Avalos,Steph Routh,David Linn,Noah Ernst
Candace Avalos,Timur Ender,Steph Routh,Cayle Tern,,
Noah Ernst,Terrence Hayes,Loretta Smith,,,
Loretta Smith,Terrence Hayes,,,,
Candace Avalos,Jamie Dunphy,Steph Routh,Michael (Mike) Sands,Timur Ender,Doug Clove
Timur Ender,Steph Routh,Jamie Dunphy,Noah Ernst,Joe Furi,Thomas Shervey
Loretta Smith,Jamie Dunphy,Steph Routh,Terrence Hayes,Timur Ender,Candace Avalos
Michael (Mike) Sands,Loretta Smith,Noah Ernst,Terrence Hayes,Thomas Shervey,Peggy Sue Owens
Terrence Hayes,Thomas Shervey,David Linn,Michael (Mike) Sands,,
Peggy Sue Owens,Candace Avalos,Joe Allen,Noah Ernst,Steph Routh,Terrence Hayes
Noah Ernst,Jamie Dunphy,David Linn,,,
Loretta Smith,Terrence Hayes,Michael (Mike) Sands,Joe Allen,Peggy Sue Owens,David Linn
Steph Routh,Jamie Dunphy,David Linn,Candace Avalos,Cayle Tern,Timur Ender
Joe Allen,Noah Ernst,,,,
Noah Ernst,Doug Clove,Joe Furi,,,
Noah Ernst,,,,,
Timur Ender,David Linn,Terrence Hayes,Steph Routh,Doug Clove,Cayle Tern
Terrence Hayes,Noah Ernst,Candace Avalos,Peggy Sue Owens,Joe Furi,Cayle Tern
Candace Avalos,Steph Routh,Timur Ender,Jamie Dunphy,,
Candace Avalos,Steph Routh,Timur Ender,Jamie Dunphy,David Linn,Cayle Tern
Jamie Dunphy,Candace Avalos,Steph Routh,,,
Candace Avalos,Noah Ernst,Terrence Hayes,Steph Routh,Timur Ender,Jamie Dunphy
Terrence Hayes,Loretta Smith,Candace Avalos,Steph Routh,Jamie Dunphy,Timur Ender
Jamie Dunphy,David Linn,Candace Avalos,Noah Ernst,Joe Furi,Loretta Smith
Timur Ender,Cayle Tern,,,,
David Linn,,,,,
Loretta Smith,Terrence Hayes,Timur Ender,Candace Avalos,Steph Routh,Jamie Dunphy
David Linn,Doug Clove,Terrence Hayes,Jamie Dunphy,,
Loretta Smith,Candace Avalos,Steph Routh,Terrence Hayes,Timur Ender,Jamie Dunphy
Noah Ernst,Deian Salazar,Loretta Smith,Terrence Hayes,Doug Clove,
Jamie Dunphy,Candace Avalos,Timur Ender,Noah Ernst,Steph Routh,
Timur Ender,Michael (Mike) Sands,Jamie Dunphy,,,
Loretta Smith,Steph Routh,Deian Salazar,Terrence Hayes,,
Noah Ernst,Cayle Tern,Candace Avalos,David Linn,Timur Ender,Doug Clove
Noah Ernst,,,,,
David Linn,Steph Routh,Terrence Hayes,Jamie Dunphy,Thomas Shervey,
Steph Routh,,,,,
Jamie Dunphy,Candace Avalos,Terrence Hayes,David Linn,Steph Routh,Cayle Tern
Cayle Tern,Loretta Smith,Candace Avalos,Terrence Hayes,Timur Ender,Peggy Sue Owens
Loretta Smith,Jamie Dunphy,Candace Avalos,Deian Salazar,,
Jamie Dunphy,Thomas Shervey,Timur Ender,Joe Allen,Candace Avalos,Terrence Hayes
Jamie Dunphy,Timur Ender,Cayle Tern,Steph Routh,Candace Avalos,Terrence Hayes
Terrence Hayes,Loretta Smith,,,,
Candace Avalos,Timur Ender,Terrence Hayes,Loretta Smith,Steph Routh,Jamie Dunphy
Steph Routh,Loretta Smith,Timur Ender,Jamie Dunphy,,
Loretta Smith,Candace Avalos,Timur Ender,Cayle Tern,David Linn,
Doug Clove,,,,,
Candace Avalos,Terrence Hayes,Deian Salazar,Loretta Smith,Timur Ender,Jamie Dunphy
Timur Ender,Loretta Smith,Candace Avalos,Jamie Dunphy,Steph Routh,David Linn
Candace Avalos,Jamie Dunphy,Timur Ender,Steph Routh,David Linn,Cayle Tern
Jamie Dunphy,Steph Routh,Loretta Smith,Terrence Hayes,Michael (Mike) Sands,David Linn
Loretta Smith,Candace Avalos,Peggy Sue Owens,,,
Loretta Smith,Steph Routh,Candace Avalos,Terrence Hayes,,
Jamie Dunphy,Candace Avalos,Steph Routh,,,
Candace Avalos,Timur Ender,Michael (Mike) Sands,Cayle Tern,David Linn,Terrence Hayes
Timur Ender,Doug Clove,Joe Allen,Thomas Shervey,Joe Furi,Peggy Sue Owens
Noah Ernst,Terrence Hayes,Loretta Smith,Jamie Dunphy,,
Loretta Smith,Jamie Dunphy,Candace Avalos,Steph Routh,Timur Ender,Deian Salazar
Jamie Dunphy,Candace Avalos,Timur Ender,Steph Routh,Loretta Smith,Doug Clove
Jamie Dunphy,Timur Ender,Candace Avalos,Loretta Smith,,
Noah Ernst,Terrence Hayes,Loretta Smith,,,
Timur Ender,Jamie Dunphy,Loretta Smith,Candace Avalos,Steph Routh,David Linn
Deian Salazar,Doug Clove,Candace Avalos,Peggy Sue Owens,David Linn,Cayle Tern
Loretta Smith,Steph Routh,Terrence Hayes,,,
Loretta Smith,,,,,
Cayle Tern,Candace Avalos,Terrence Hayes,Loretta Smith,Joe Furi,Jamie Dunphy
Joe Allen,Noah Ernst,,,,
Candace Avalos,Timur Ender,Steph Routh,Jamie Dunphy,Cayle Tern,Loretta Smith
Candace Avalos,Steph Routh,Timur Ender,,,
Candace Avalos,Cayle Tern,Timur Ender,,,
Doug Clove,,,,,
Timur Ender,Steph Routh,Candace Avalos,Loretta Smith,Terrence Hayes,
Candace Avalos,Steph Routh,Timur Ender,Jamie Dunphy,Terrence Hayes,Cayle Tern
Candace Avalos,Steph Routh,Loretta Smith,Deian Salazar,Joe Allen,Cayle Tern
Doug Clove,Loretta Smith,,,,
Candace Avalos,Steph Routh,Timur Ender,Jamie Dunphy,David Linn,Cayle Tern
David Linn,Candace Avalos,Cayle Tern,Timur Ender,Jamie Dunphy,Steph Routh
Candace Avalos,Steph Routh,Loretta Smith,Jamie Dunphy,Terrence Hayes,Doug Clove
Noah Ernst,Doug Clove,Cayle Tern,Timur Ender,Michael (Mike) Sands,Jamie Dunphy
Candace Avalos,Steph Routh,Jamie Dunphy,Noah Ernst,David Linn,Loretta Smith
Noah Ernst,Candace Avalos,Steph Routh,,,
Timur Ender,Candace Avalos,Steph Routh,,,
Doug Clove,,,,,
Jamie Dunphy,Noah Ernst,Candace Avalos,Steph Routh,,
Loretta Smith,Jamie Dunphy,Candace Avalos,Steph Routh,Timur Ender,Terrence Hayes
Cayle Tern,Timur Ender,Jamie Dunphy,Candace Avalos,Loretta Smith,Deian Salazar
Noah Ernst,Joe Furi,Loretta Smith,Steph Routh,Doug Clove,Candace Avalos
Loretta Smith,Jamie Dunphy,Terrence Hayes,Steph Routh,Timur Ender,
Peggy Sue Owens,Candace Avalos,Cayle Tern,Deian Salazar,Jamie Dunphy,Joe Furi
Noah Ernst,Candace Avalos,David Linn,,,
Candace Avalos,Timur Ender,Steph Routh,Jamie Dunphy,David Linn,Cayle Tern
Noah Ernst,Joe Allen,Doug Clove,Thomas Shervey,Michael (Mike) Sands,Joe Furi
Timur Ender,,,,,
Terrence Hayes,Jamie Dunphy,Candace Avalos,Loretta Smith,Timur Ender,Steph Routh
Jamie Dunphy,Steph Routh,Terrence Hayes,Thomas Shervey,Loretta Smith,Deian Salazar
Terrence Hayes,Noah Ernst,,,,
Timur Ender,Steph Routh,Jamie Dunphy,David Linn,Loretta Smith,Candace Avalos
Joe Allen,Steph Routh,Doug Clove,Candace Avalos,Jamie Dunphy,David Linn
Loretta Smith,Doug Clove,Candace Avalos,,,
Loretta Smith,Deian Salazar,Doug Clove,David Linn,Joe Allen,Candace Avalos
Candace Avalos,Timur Ender,Steph Routh,Cayle Tern,Jamie Dunphy,David Linn
Jamie Dunphy,Steph Routh,Loretta Smith,Terrence Hayes,Timur Ender,Doug Clove
Noah Ernst,Doug Clove,Deian Salazar,,,
Loretta Smith,Michael (Mike) Sands,,,,
Jamie Dunphy,Loretta Smith,Steph Routh,Terrence Hayes,Cayle Tern,David Linn
Jamie Dunphy,Candace Avalos,Steph Routh,Noah Ernst,David Linn,Loretta Smith
Loretta Smith,,,,,
Noah Ernst,Joe Allen,Doug Clove,Terrence Hayes,David Linn,Steph Routh
Timur Ender,Deian Salazar,Doug Clove,Steph Routh,Loretta Smith,
David Linn,Doug Clove,,,,
Terrence Hayes,Loretta Smith,Thomas Shervey,Steph Routh,Jamie Dunphy,Candace Avalos
Candace Avalos,,,,,
Steph Routh,Loretta Smith,Jamie Dunphy,Terrence Hayes,Thomas Shervey,Candace Avalos
Candace Avalos,Jamie Dunphy,Steph Routh,,,
,,,,,
Noah Ernst,,,,,
Timur Ender,Steph Routh,Jamie Dunphy,,,
Terrence Hayes,Loretta Smith,Noah Ernst,,,
Terrence Hayes,,,,,
Joe Allen,Cayle Tern,Terrence Hayes,Loretta Smith,Doug Clove,Noah Ernst
Jamie Dunphy,Steph Routh,Candace Avalos,,,
Jamie Dunphy,Candace Avalos,Steph Routh,Noah Ernst,David Linn,Loretta Smith
Loretta Smith,Terrence Hayes,Candace Avalos,,,
Candace Avalos,Cayle Tern,Timur Ender,,,
Timur Ender,Candace Avalos,Jamie Dunphy,Joe Allen,Cayle Tern,David Linn
Jamie Dunphy,Candace Avalos,Steph Routh,,,
Noah Ernst,Candace Avalos,Joe Allen,Loretta Smith,Terrence Hayes,Steph Routh
Jamie Dunphy,Candace Avalos,Steph Routh,Noah Ernst,David Linn,Loretta Smith
Joe Allen,Joe Furi,Thomas Shervey,Peggy Sue Owens,Jamie Dunphy,Deian Salazar
Loretta Smith,,,,,
Joe Furi,Candace Avalos,Thomas Shervey,Terrence Hayes,Deian Salazar,Joe Allen
Terrence Hayes,Noah Ernst,Doug Clove,,,
Noah Ernst,Thomas Shervey,Jamie Dunphy,Michael (Mike) Sands,Doug Clove,Joe Allen
Jamie Dunphy,,,,,
Doug Clove,Terrence Hayes,Loretta Smith,Noah Ernst,Candace Avalos,
Joe Furi,Deian Salazar,Timur Ender,Terrence Hayes,,
Noah Ernst,Deian Salazar,Terrence Hayes,,,
Timur Ender,Jamie Dunphy,Noah Ernst,Cayle Tern,,
Noah Ernst,Terrence Hayes,Doug Clove,Loretta Smith,David Linn,Timur Ender
Jamie Dunphy,Steph Routh,Terrence Hayes,,,
Timur Ender,Joe Allen,Deian Salazar,Cayle Tern,Michael (Mike) Sands,David Linn
Jamie Dunphy,Loretta Smith,Steph Routh,Timur Ender,Candace Avalos,David Linn
Steph Routh,Jamie Dunphy,Joe Furi,,,
Jamie Dunphy,Steph Routh,Timur Ender,Joe Furi,Loretta Smith,Noah Ernst
Terrence Hayes,Noah Ernst,Joe Furi,,,
Candace Avalos,Terrence Hayes,Cayle Tern,Deian Salazar,Jamie Dunphy,Thomas Shervey
Candace Avalos,Steph Routh,Timur Ender,Jamie Dunphy,Loretta Smith,Cayle Tern
Noah Ernst,Deian Salazar,Thomas Shervey,,,
Joe Furi,Jamie Dunphy,Steph Routh,Thomas Shervey,Loretta Smith,Michael (Mike) Sands
Timur Ender,Joe Furi,Cayle Tern,,,
Doug Clove,,,,,
Steph Routh,,,,,
Timur Ender,Candace Avalos,Doug Clove,Steph Routh,Cayle Tern,
David Linn,,,,,
Steph Routh,Timur Ender,Candace Avalos,Jamie Dunphy,,
Candace Avalos,Jamie Dunphy,Timur Ender,,,
Candace Avalos,Cayle Tern,Timur Ender,David Linn,Steph Routh,Jamie Dunphy
Candace Avalos,Cayle Tern,Timur Ender,Jamie Dunphy,Steph Routh,David Linn
Loretta Smith,Doug Clove,Terrence Hayes,,,
Loretta Smith,Candace Avalos,Timur Ender,Steph Routh,David Linn,Terrence Hayes
Doug Clove,Timur Ender,,,,
Jamie Dunphy,Candace Avalos,Steph Routh,,,
Noah Ernst,Terrence Hayes,Joe Furi,Loretta Smith,Doug Clove,
Steph Routh,Jamie Dunphy,Candace Avalos,David Linn,Joe Allen,Loretta Smith
Loretta Smith,Steph Routh,Jamie Dunphy,Terrence Hayes,Timur Ender,
Loretta Smith,Terrence Hayes,Cayle Tern,Joe Furi,Timur Ender,Thomas Shervey
David Linn,Michael (Mike) Sands,Loretta Smith,Deian Salazar,Noah Ernst,Timur Ender
Loretta Smith,Thomas Shervey,Doug Clove,Timur Ender,Joe Allen,David Linn
Steph Routh,Candace Avalos,,,,
Timur Ender,Candace Avalos,Loretta Smith,,,
Jamie Dunphy,Candace Avalos,Timur Ender,,,
Steph Routh,Timur Ender,Candace Avalos,Loretta Smith,Jamie Dunphy,
Peggy Sue Owens,Timur Ender,Noah Ernst,Candace Avalos,Joe Allen,David Linn
Timur Ender,Loretta Smith,Jamie Dunphy,Noah Ernst,Steph Routh,
Steph Routh,Timur Ender,Michael (Mike) Sands,,,
Timur Ender,,,,,
Candace Avalos,Loretta Smith,Terrence Hayes,Jamie Dunphy,Steph Routh,David Linn
Deian Salazar,Joe Allen,Thomas Shervey,Noah Ernst,Peggy Sue Owens,Steph Routh
Loretta Smith,Candace Avalos,Cayle Tern,Terrence Hayes,Steph Routh,Thomas Shervey
Jamie Dunphy,,,,,
Steph Routh,,,,,
Jamie Dunphy,Loretta Smith,Terrence Hayes,Steph Routh,Timur Ender,Candace Avalos
Doug Clove,,,,,
Steph Routh,Timur Ender,Candace Avalos,Jamie Dunphy,,
Noah Ernst,Doug Clove,Deian Salazar,,,
Jamie Dunphy,Steph Routh,Candace Avalos,,,
Candace Avalos,Jamie Dunphy,Terrence Hayes,Timur Ender,Steph Routh,Joe Allen
Candace Avalos,Loretta Smith,Steph Routh,Michael (Mike) Sands,Deian Salazar,Terrence Hayes
Noah Ernst,Terrence Hayes,Jamie Dunphy,,,
Candace Avalos,Timur Ender,Terrence Hayes,Steph Routh,,
Noah Ernst,Joe Allen,Doug Clove,,,
Michael (Mike) Sands,Terrence Hayes,Jamie Dunphy,Timur Ender,,
Thomas Shervey,David Linn,Noah Ernst,Doug Clove,Timur Ender,Jamie Dunphy
Jamie Dunphy,Steph Routh,Candace Avalos,,,
Michael (Mike) Sands,Loretta Smith,Jamie Dunphy,Terrence Hayes,Cayle Tern,Noah Ernst
Steph Routh,Candace Avalos,David Linn,Timur Ender,Jamie Dunphy,Loretta Smith
Timur Ender,Jamie Dunphy,Candace Avalos,Loretta Smith,,
Doug Clove,Noah Ernst,Michael (Mike) Sands,Steph Routh,,
Jamie Dunphy,Steph Routh,Candace Avalos,Loretta Smith,David Linn,Timur Ender
Candace Avalos,Timur Ender,Steph Routh,Jamie Dunphy,Joe Furi,Michael (Mike) Sands
Loretta Smith,Terrence Hayes,Noah Ernst,Candace Avalos,Steph Routh,Timur Ender
Timur Ender,Candace Avalos,Loretta Smith,Jamie Dunphy,,
Loretta Smith,Candace Avalos,David Linn,Peggy Sue Owens,Doug Clove,Steph Routh
Joe Allen,Jamie Dunphy,Steph Routh,Noah Ernst,Timur Ender,Michael (Mike) Sands
Jamie Dunphy,,,,,
Loretta Smith,,,,,
Timur Ender,Loretta Smith,,,,
Terrence Hayes,Loretta Smith,,,,
Candace Avalos,Steph Routh,Timur Ender,Jamie Dunphy,,
Candace Avalos,Jamie Dunphy,Steph Routh,Timur Ender,Loretta Smith,Terrence Hayes
Steph Routh,,,,,
Candace Avalos,Steph Routh,Timur Ender,Cayle Tern,,
Steph Routh,Candace Avalos,Jamie Dunphy,Terrence Hayes,Noah Ernst,David Linn
Loretta Smith,Steph Routh,Timur Ender,Jamie Dunphy,Terrence Hayes,David Linn
Steph Routh,Jamie Dunphy,Candace Avalos,Terrence Hayes,,
Terrence Hayes,Jamie Dunphy,Cayle Tern,Candace Avalos,Timur Ender,Steph Routh
Candace Avalos,Timur Ender,Terrence Hayes,Deian Salazar,Jamie Dunphy,Cayle Tern
Candace Avalos,Cayle Tern,Timur Ender,Jamie Dunphy,Steph Routh,David Linn
Noah Ernst,,,,,
Joe Allen,Timur Ender,Steph Routh,Terrence Hayes,Candace Avalos,Joe Furi
Joe Allen,Deian Salazar,Thomas Shervey,Jamie Dunphy,Terrence Hayes,Steph Routh
Jamie Dunphy,Candace Avalos,Steph Routh,Noah Ernst,David Linn,Loretta Smith
Doug Clove,,,,,
Candace Avalos,Loretta Smith,,,,
Candace Avalos,Steph Routh,Loretta Smith,,,
Timur Ender,Candace Avalos,Steph Routh,Joe Allen,,
Timur Ender,Candace Avalos,Jamie Dunphy,,,
Michael (Mike) Sands,Timur Ender,Candace Avalos,Jamie Dunphy,,
Peggy Sue Owens,Loretta Smith,Doug Clove,David Linn,Candace Avalos,Michael (Mike) Sands
Jamie Dunphy,Steph Routh,Candace Avalos,Cayle Tern,Timur Ender,Loretta Smith
Loretta Smith,Deian Salazar,Terrence Hayes,Cayle Tern,Jamie Dunphy,
Peggy Sue Owens,Candace Avalos,Loretta Smith,Jamie Dunphy,Doug Clove,Timur Ender
Jamie Dunphy,Timur Ender,,,,
Jamie Dunphy,Steph Routh,Noah Ernst,Terrence Hayes,Candace Avalos,Loretta Smith
Candace Avalos,David Linn,Terrence Hayes,Thomas Shervey,Joe Furi,Jamie Dunphy
Jamie Dunphy,,,,,
Candace Avalos,Jamie Dunphy,Steph Routh,Loretta Smith,David Linn,Michael (Mike) Sands
Jamie Dunphy,Timur Ender,Candace Avalos,David Linn,Thomas Shervey,Cayle Tern
Jamie Dunphy,Candace Avalos,Steph Routh,Timur Ender,Loretta Smith,
,,,,,
Jamie Dunphy,David Linn,Candace Avalos,,,
Michael (Mike) Sands,Joe Allen,Noah Ernst,Timur Ender,Steph Routh,Jamie Dunphy
Steph Routh,Candace Avalos,Timur Ender,Jamie Dunphy,Cayle Tern,David Linn
Candace Avalos,Cayle Tern,Timur Ender,Jamie Dunphy,,
Terrence Hayes,Noah Ernst,Doug Clove,,,
Candace Avalos,Cayle Tern,Peggy Sue Owens,Terrence Hayes,Loretta Smith,Jamie Dunphy
Steph Routh,Jamie Dunphy,,,,
Noah Ernst,Doug Clove,Terrence Hayes,,,
Candace Avalos,Timur Ender,Steph Routh,Jamie Dunphy,,
Timur Ender,Loretta Smith,Cayle Tern,Candace Avalos,Michael (Mike) Sands,Terrence Hayes
Jamie Dunphy,Candace Avalos,Steph Routh,,,
Candace Avalos,Loretta Smith,Jamie Dunphy,Steph Routh,Timur Ender,Noah Ernst
Loretta Smith,Steph Routh,,,,
Candace Avalos,Steph Routh,Timur Ender,Jamie Dunphy,Cayle Tern,David Linn
Steph Routh,,,,,
Terrence Hayes,Jamie Dunphy,Steph Routh,Deian Salazar,Candace Avalos,Cayle Tern
Peggy Sue Owens,Timur Ender,Noah Ernst,Candace Avalos,Joe Allen,David Linn
Cayle Tern,Loretta Smith,Candace Avalos,Noah Ernst,Steph Routh,Michael (Mike) Sands
Jamie Dunphy,Terrence Hayes,Steph Routh,Noah Ernst,Loretta Smith,Doug Clove
Jamie Dunphy,Loretta Smith,Steph Routh,Terrence Hayes,Candace Avalos,
Terrence Hayes,Noah Ernst,Joe Furi,Loretta Smith,Doug Clove,
Doug Clove,,,,,
Doug Clove,Joe Furi,,,,
Loretta Smith,Candace Avalos,Steph Routh,Terrence Hayes,Jamie Dunphy,Deian Salazar
Candace Avalos,Cayle Tern,Deian Salazar,Joe Furi,Steph Routh,Joe Allen
Candace Avalos,Terrence Hayes,Steph Routh,Thomas Shervey,Jamie Dunphy,Joe Allen
Terrence Hayes,Noah Ernst,Joe Furi,Loretta Smith,Doug Clove,
Loretta Smith,,,,,
Jamie Dunphy,Candace Avalos,Steph Routh,Timur Ender,,
Loretta Smith,Steph Routh,Terrence Hayes,Timur Ender,Cayle Tern,Michael (Mike) Sands
Timur Ender,Candace Avalos,Jamie Dunphy,Steph Routh,Loretta Smith,Terrence Hayes
Cayle Tern,Peggy Sue Owens,Noah Ernst,Timur Ender,Doug Clove,Terrence Hayes
Peggy Sue Owens,Terrence Hayes,,,,
Jamie Dunphy,Steph Routh,Loretta Smith,Candace Avalos,Noah Ernst,Timur Ender
Noah Ernst,Cayle Tern,Doug Clove,Steph Routh,Terrence Hayes,Loretta Smith
Jamie Dunphy,Loretta Smith,Peggy Sue Owens,,,
Candace Avalos,,,,,
Candace Avalos,Jamie Dunphy,Timur Ender,David Linn,Michael (Mike) Sands,Steph Routh
Deian Salazar,Michael (Mike) Sands,Peggy Sue Owens,Terrence Hayes,Loretta Smith,Doug Clove
Loretta Smith,Doug Clove,Steph Routh,Candace Avalos,David Linn,Deian Salazar
Loretta Smith,Terrence Hayes,,,,
Jamie Dunphy,Steph Routh,Timur Ender,,,
Candace Avalos,Terrence Hayes,Deian Salazar,Jamie Dunphy,Timur Ender,Steph Routh
Loretta Smith,David Linn,Jamie Dunphy,Timur Ender,Terrence Hayes,Steph Routh
Noah Ernst,Doug Clove,Steph Routh,Cayle Tern,Candace Avalos,Terrence Hayes
Loretta Smith,Terrence Hayes,Steph Routh,David Linn,Candace Avalos,Noah Ernst
Timur Ender,,,,,
Loretta Smith,Jamie Dunphy,,,,
Timur Ender,Candace Avalos,Loretta Smith,Steph Routh,,
Timur Ender,Noah Ernst,Candace Avalos,Cayle Tern,Michael (Mike) Sands,Jamie Dunphy
Loretta Smith,Noah Ernst,Timur Ender,,,
Timur Ender,Jamie Dunphy,Joe Furi,David Linn,Doug Clove,
Doug Clove,Joe Furi,Timur Ender,,,
Terrence Hayes,Loretta Smith,Noah Ernst,,,
Noah Ernst,Joe Allen,Peggy Sue Owens,Michael (Mike) Sands,Terrence Hayes,Jamie Dunphy
Loretta Smith,Michael (Mike) Sands,David Linn,Thomas Shervey,Terrence Hayes,
Noah Ernst,,,,,
Jamie Dunphy,Candace Avalos,Steph Routh,,,
Noah Ernst,Steph Routh,Doug Clove,Terrence Hayes,,
Jamie Dunphy,Candace Avalos,Terrence Hayes,Steph Routh,Timur Ender,Cayle Tern
Candace Avalos,Cayle Tern,Timur Ender,,,
David Linn,Cayle Tern,Loretta Smith,Steph Routh,Timur Ender,Terrence Hayes
Loretta Smith,,,,,
Jamie Dunphy,Timur Ender,Candace Avalos,Steph Routh,Loretta Smith,
Jamie Dunphy,Terrence Hayes,Michael (Mike) Sands,Doug Clove,Joe Allen,Noah Ernst
Jamie Dunphy,Joe Allen,Noah Ernst,David Linn,,
Joe Allen,,,,,
Candace Avalos,Steph Routh,Jamie Dunphy,Cayle Tern,David Linn,Timur Ender
Candace Avalos,Steph Routh,Michael (Mike) Sands,Terrence Hayes,,
Loretta Smith,Steph Routh,Cayle Tern,,,
Steph Routh,Candace Avalos,Joe Allen,Timur Ender,Cayle Tern,Deian Salazar
,,,,,
Candace Avalos,Cayle Tern,Michael (Mike) Sands,Timur Ender,Steph Routh,Jamie Dunphy
Jamie Dunphy,Candace Avalos,Steph Routh,Noah Ernst,David Linn,Loretta Smith
Doug Clove,Noah Ernst,,,,
Doug Clove,Terrence Hayes,Noah Ernst,,,
Candace Avalos,Steph Routh,Jamie Dunphy,Cayle Tern,Timur Ender,
Noah Ernst,Doug Clove,,,,
Terrence Hayes,,,,,
Timur Ender,Michael (Mike) Sands,Steph Routh,Terrence Hayes,Cayle Tern,Candace Avalos
Candace Avalos,Cayle Tern,Timur Ender,Steph Routh,,
Doug Clove,Michael (Mike) Sands,Noah Ernst,Terrence Hayes,Timur Ender,Joe Allen
Terrence Hayes,Steph Routh,Jamie Dunphy,Timur Ender,,
Joe Allen,David Linn,Terrence Hayes,Doug Clove,Joe Furi,Noah Ernst
Jamie Dunphy,Candace Avalos,Steph Routh,Noah Ernst,David Linn,Loretta Smith
Peggy Sue Owens,Joe Furi,Deian Salazar,Terrence Hayes,Jamie Dunphy,Write-in-120
Candace Avalos,Timur Ender,Jamie Dunphy,Steph Routh,,
Candace Avalos,Steph Routh,Timur Ender,Jamie Dunphy,David Linn,Terrence Hayes
Candace Avalos,Loretta Smith,,,,
Timur Ender,Candace Avalos,Cayle Tern,Steph Routh,Jamie Dunphy,David Linn
Jamie Dunphy,Timur Ender,,,,
Peggy Sue Owens,Candace Avalos,Cayle Tern,,,
Noah Ernst,Doug Clove,Terrence Hayes,David Linn,,
Steph Routh,Thomas Shervey,Michael (Mike) Sands,Jamie Dunphy,Joe Allen,Joe Furi
Terrence Hayes,Noah Ernst,Loretta Smith,Timur Ender,,
Candace Avalos,Terrence Hayes,Loretta Smith,Michael (Mike) Sands,Jamie Dunphy,
Noah Ernst,,,,,
Peggy Sue Owens,Joe Allen,Cayle Tern,Michael (Mike) Sands,Steph Routh,Loretta Smith
Deian Salazar,Jamie Dunphy,Doug Clove,David Linn,Loretta Smith,Noah Ernst
Peggy Sue Owens,Loretta Smith,Candace Avalos,Cayle Tern,Doug Clove,Jamie Dunphy
Terrence Hayes,Thomas Shervey,Doug Clove,Noah Ernst,,
Jamie Dunphy,Steph Routh,Candace Avalos,,,
Doug Clove,,,,,
Candace Avalos,Cayle Tern,Timur Ender,,,
Jamie Dunphy,Candace Avalos,Steph Routh,David Linn,Loretta Smith,
Loretta Smith,Steph Routh,Deian Salazar,Doug Clove,Michael (Mike) Sands,Candace Avalos
Loretta Smith,Candace Avalos,Timur Ender,Steph Routh,David Linn,Terrence Hayes
Noah Ernst,Terrence Hayes,Loretta Smith,Candace Avalos,Steph Routh,Timur Ender
Steph Routh,Candace Avalos,Jamie Dunphy,Timur Ender,,
Candace Avalos,Terrence Hayes,Loretta Smith,Jamie Dunphy,Cayle Tern,Steph Routh
Candace Avalos,Cayle Tern,Timur Ender,,,
Loretta Smith,Terrence Hayes,,,,
Jamie Dunphy,,,,,
Steph Routh,Candace Avalos,Timur Ender,Jamie Dunphy,,
Loretta Smith,,,,,
David Linn,Deian Salazar,Jamie Dunphy,,,
Michael (Mike) Sands,Thomas Shervey,Peggy Sue Owens,Jamie Dunphy,Candace Avalos,Joe Allen
Deian Salazar,Michael (Mike) Sands,Candace Avalos,Terrence Hayes,Jamie Dunphy,Loretta Smith
Jamie Dunphy,Steph Routh,Candace Avalos,Noah Ernst,David Linn,Loretta Smith
Jamie Dunphy,Steph Routh,Candace Avalos,Timur Ender,Loretta Smith,
Noah Ernst,Terrence Hayes,Joe Furi,Loretta Smith,Doug Clove,
Candace Avalos,Timur Ender,Steph Routh,Jamie Dunphy,Cayle Tern,David Linn
Candace Avalos,Loretta Smith,,,,
Doug Clove,Candace Avalos,Thomas Shervey,Terrence Hayes,Peggy Sue Owens,Jamie Dunphy
Noah Ernst,,,,,
Noah Ernst,Doug Clove,Joe Allen,Cayle Tern,Deian Salazar,Terrence Hayes
Candace Avalos,Doug Clove,,,,
Candace Avalos,Cayle Tern,Timur Ender,Steph Routh,Jamie Dunphy,David Linn
Steph Routh,Candace Avalos,Timur Ender,,,
Loretta Smith,,,,,
Cayle Tern,Timur Ender,Joe Allen,Peggy Sue Owens,Candace Avalos,David Linn
Timur Ender,Terrence Hayes,Jamie Dunphy,Candace Avalos,David Linn,Michael (Mike) Sands
Deian Salazar,Candace Avalos,Timur Ender,,,
Candace Avalos,Steph Routh,Timur Ender,Cayle Tern,David Linn,Jamie Dunphy
Jamie Dunphy,Michael (Mike) Sands,Steph Routh,Doug Clove,,
Candace Avalos,Cayle Tern,Timur Ender,David Linn,Terrence Hayes,Steph Routh
Noah Ernst,Terrence Hayes,Joe Furi,Loretta Smith,Doug Clove,Write-in-120
Timur Ender,Deian Salazar,Loretta Smith,Terrence Hayes,Steph Routh,Candace Avalos
Candace Avalos,Cayle Tern,Timur Ender,Steph Routh,Jamie Dunphy,David Linn
Joe Allen,,,,,
Jamie Dunphy,Steph Routh,Terrence Hayes,Deian Salazar,Candace Avalos,Timur Ender
Timur Ender,Doug Clove,Loretta Smith,Terrence Hayes,,
Jamie Dunphy,Steph Routh,Terrence Hayes,Candace Avalos,Loretta Smith,Michael (Mike) Sands
David Linn,Peggy Sue Owens,Jamie Dunphy,Noah Ernst,Terrence Hayes,Doug Clove
Noah Ernst,Terrence Hayes,Candace Avalos,,,
Jamie Dunphy,Candace Avalos,Timur Ender,,,
Steph Routh,Terrence Hayes,,,,
Steph Routh,Doug Clove,Noah Ernst,David Linn,Michael (Mike) Sands,Joe Furi
Candace Avalos,Jamie Dunphy,Cayle Tern,Noah Ernst,Timur Ender,David Linn
Jamie Dunphy,Candace Avalos,David Linn,Steph Routh,Deian Salazar,Michael (Mike) Sands
Michael (Mike) Sands,Candace Avalos,Timur Ender,Write-in-120,David Linn,
David Linn,Joe Furi,Michael (Mike) Sands,,,
Jamie Dunphy,,,,,
Candace Avalos,Terrence Hayes,Steph Routh,Timur Ender,,
Jamie Dunphy,,,,,
Loretta Smith,Terrence Hayes,Steph Routh,Jamie Dunphy,Michael (Mike) Sands,Timur Ender
Peggy Sue Owens,Noah Ernst,Terrence Hayes,,,
David Linn,Doug Clove,Joe Furi,Noah Ernst,Timur Ender,Candace Avalos
David Linn,Terrence Hayes,Noah Ernst,Candace Avalos,Deian Salazar,Loretta Smith
Candace Avalos,Steph Routh,Timur Ender,Jamie Dunphy,,
Loretta Smith,Candace Avalos,Steph Routh,,,
Noah Ernst,Doug Clove,Joe Allen,,,
Loretta Smith,,,,,
Candace Avalos,Steph Routh,Jamie Dunphy,Loretta Smith,,
Steph Routh,Candace Avalos,Loretta Smith,David Linn,Jamie Dunphy,
Loretta Smith,,,,,
Timur Ender,Terrence Hayes,,,,
Loretta Smith,Candace Avalos,Terrence Hayes,Steph Routh,,
Steph Routh,Candace Avalos,Timur Ender,Jamie Dunphy,Loretta Smith,
Timur Ender,,,,,
Jamie Dunphy,Joe Furi,Candace Avalos,David Linn,Doug Clove,Steph Routh
Terrence Hayes,Steph Routh,Joe Allen,,,
Timur Ender,Candace Avalos,David Linn,Loretta Smith,Cayle Tern,Michael (Mike) Sands
Terrence Hayes,Joe Allen,David Linn,Doug Clove,Steph Routh,Thomas Shervey
Jamie Dunphy,Candace Avalos,Steph Routh,Noah Ernst,David Linn,Loretta Smith
Cayle Tern,Deian Salazar,Loretta Smith,Terrence Hayes,Noah Ernst,Candace Avalos
Peggy Sue Owens,,,,,
Loretta Smith,Candace Avalos,,,,
Candace Avalos,Steph Routh,Timur Ender,Jamie Dunphy,Cayle Tern,Terrence Hayes
Candace Avalos,,,,,
Candace Avalos,Timur Ender,Jamie Dunphy,Steph Routh,Michael (Mike) Sands,Cayle Tern
Candace Avalos,Timur Ender,Loretta Smith,,,
Jamie Dunphy,Terrence Hayes,Timur Ender,Loretta Smith,Candace Avalos,Steph Routh
Jamie Dunphy,Loretta Smith,David Linn,Timur Ender,Thomas Shervey,Joe Furi
Terrence Hayes,David Linn,Noah Ernst,Deian Salazar,Doug Clove,Steph Routh
Terrence Hayes,Noah Ernst,Loretta Smith,,,
Michael (Mike) Sands,,,,,
Candace Avalos,Steph Routh,Timur Ender,,,
Loretta Smith,David Linn,Michael (Mike) Sands,Thomas Shervey,Steph Routh,Jamie Dunphy
Steph Routh,Jamie Dunphy,Timur Ender,Noah Ernst,,
Write-in-122,,,,,
Terrence Hayes,Candace Avalos,Jamie Dunphy,,,
Loretta Smith,Timur Ender,Joe Allen,Cayle Tern,Terrence Hayes,Jamie Dunphy
Timur Ender,Loretta Smith,Candace Avalos,Jamie Dunphy,Steph Routh,Terrence Hayes
Jamie Dunphy,Timur Ender,Candace Avalos,Steph Routh,,
Terrence Hayes,Thomas Shervey,Doug Clove,David Linn,Timur Ender,Peggy Sue Owens
Loretta Smith,Steph Routh,Timur Ender,Candace Avalos,David Linn,Michael (Mike) Sands
,,,,,
Candace Avalos,Joe Allen,Joe Furi,Steph Routh,Terrence Hayes,Jamie Dunphy
Candace Avalos,Terrence Hayes,Noah Ernst,Steph Routh,Jamie Dunphy,
Loretta Smith,Terrence Hayes,Doug Clove,,,
Candace Avalos,Steph Routh,Timur Ender,Jamie Dunphy,,
Candace Avalos,Jamie Dunphy,Steph Routh,Timur Ender,Cayle Tern,David Linn
Loretta Smith,,,,,
Loretta Smith,Jamie Dunphy,Steph Routh,Candace Avalos,Cayle Tern,David Linn
Doug Clove,Deian Salazar,Loretta Smith,Thomas Shervey,Steph Routh,Candace Avalos
Jamie Dunphy,Candace Avalos,Steph Routh,Noah Ernst,David Linn,Loretta Smith
Peggy Sue Owens,Candace Avalos,Steph Routh,Cayle Tern,Jamie Dunphy,Loretta Smith
Candace Avalos,Joe Furi,Cayle Tern,Loretta Smith,Thomas Shervey,Jamie Dunphy
Candace Avalos,Cayle Tern,Timur Ender,Deian Salazar,David Linn,Steph Routh
Joe Allen,,,,,
Steph Routh,Candace Avalos,Jamie Dunphy,,,
David Linn,Jamie Dunphy,Thomas Shervey,Terrence Hayes,Candace Avalos,
Candace Avalos,Joe Allen,Steph Routh,Jamie Dunphy,Thomas Shervey,Loretta Smith
Terrence Hayes,Noah Ernst,Joe Furi,Loretta Smith,Doug Clove,Write-in-120
Jamie Dunphy,Cayle Tern,Terrence Hayes,Timur Ender,Steph Routh,Loretta Smith
Write-in-120,,,,,
Noah Ernst,Steph Routh,Loretta Smith,,,
Timur Ender,David Linn,Candace Avalos,,,
Steph Routh,Terrence Hayes,Loretta Smith,Michael (Mike) Sands,Joe Furi,Cayle Tern
Steph Routh,Jamie Dunphy,Timur Ender,Loretta Smith,Candace Avalos,
Loretta Smith,Steph Routh,Timur Ender,,,
Candace Avalos,Cayle Tern,Timur Ender,Jamie Dunphy,David Linn,
Candace Avalos,Cayle Tern,Timur Ender,,,
Joe Allen,Doug Clove,Deian Salazar,Terrence Hayes,Jamie Dunphy,Noah Ernst
Candace Avalos,Steph Routh,Timur Ender,Jamie Dunphy,Peggy Sue Owens,
Loretta Smith,Terrence Hayes,Noah Ernst,,,
,,,,,
Jamie Dunphy,Candace Avalos,Noah Ernst,,,
Candace Avalos,Cayle Tern,Timur Ender,Steph Routh,David Linn,Jamie Dunphy
Steph Routh,Timur Ender,Jamie Dunphy,Candace Avalos,,
Timur Ender,,,,,
Peggy Sue Owens,,,,,
Peggy Sue Owens,Joe Allen,David Linn,Michael (Mike) Sands,Loretta Smith,Thomas Shervey
Candace Avalos,Timur Ender,Steph Routh,Jamie Dunphy,Michael (Mike) Sands,Joe Allen
,,,,,
Noah Ernst,David Linn,Doug Clove,Joe Furi,,
Candace Avalos,,,,,
Candace Avalos,Steph Routh,Jamie Dunphy,Timur Ender,,
Jamie Dunphy,Candace Avalos,Steph Routh,Noah Ernst,,
Noah Ernst,Timur Ender,Deian Salazar,Joe Furi,Doug Clove,
Timur Ender,Deian Salazar,Loretta Smith,,,
Joe Allen,,,,,
Terrence Hayes,Noah Ernst,Michael (Mike) Sands,,,
Cayle Tern,Joe Allen,Peggy Sue Owens,Deian Salazar,Terrence Hayes,Timur Ender
Loretta Smith,Jamie Dunphy,,,,
Loretta Smith,Terrence Hayes,Candace Avalos,David Linn,Timur Ender,
Candace Avalos,Timur Ender,Terrence Hayes,,,
Write-in-120,Candace Avalos,Steph Routh,Noah Ernst,David Linn,Loretta Smith
Loretta Smith,,,,,
Timur Ender,Candace Avalos,Steph Routh,Jamie Dunphy,,
Loretta Smith,,,,,
Candace Avalos,Loretta Smith,Timur Ender,,,
Candace Avalos,,,,,
Loretta Smith,Terrence Hayes,Steph Routh,,,
Steph Routh,Timur Ender,Candace Avalos,Jamie Dunphy,,
Doug Clove,,,,,
Doug Clove,Terrence Hayes,Jamie Dunphy,Thomas Shervey,Loretta Smith,Joe Furi
Steph Routh,Loretta Smith,Timur Ender,Candace Avalos,,
Candace Avalos,Jamie Dunphy,Peggy Sue Owens,Loretta Smith,Deian Salazar,Cayle Tern
Timur Ender,Cayle Tern,Michael (Mike) Sands,Candace Avalos,,
Noah Ernst,Terrence Hayes,Joe Furi,Loretta Smith,Jamie Dunphy,
,,,,,
Doug Clove,Loretta Smith,Deian Salazar,,,
Candace Avalos,Terrence Hayes,Steph Routh,Loretta Smith,Jamie Dunphy,Michael (Mike) Sands
Candace Avalos,Cayle Tern,Timur Ender,,,
Candace Avalos,Cayle Tern,Timur Ender,,,
Terrence Hayes,,,,,
Jamie Dunphy,Candace Avalos,Steph Routh,Noah Ernst,David Linn,Loretta Smith
Cayle Tern,,,,,
Doug Clove,,,,,
Jamie Dunphy,Candace Avalos,Steph Routh,Noah Ernst,David Linn,Loretta Smith
Doug Clove,,,,,
Jamie Dunphy,Candace Avalos,Steph Routh,David Linn,Loretta Smith,
Michael (Mike) Sands,Jamie Dunphy,Steph Routh,Terrence Hayes,Timur Ender,Candace Avalos
Candace Avalos,David Linn,Timur Ender,Steph Routh,Terrence Hayes,Loretta Smith
Doug Clove,Thomas Shervey,Joe Furi,Timur Ender,Noah Ernst,Cayle Tern
Peggy Sue Owens,Joe Allen,Cayle Tern,Michael (Mike) Sands,Terrence Hayes,Noah Ernst
Peggy Sue Owens,Noah Ernst,Joe Allen,Loretta Smith,Doug Clove,Steph Routh
Candace Avalos,Steph Routh,Jamie Dunphy,Noah Ernst,Loretta Smith,David Linn
Noah Ernst,,,,,
Joe Allen,,,,,
Thomas Shervey,Jamie Dunphy,Steph Routh,Loretta Smith,,
Steph Routh,Jamie Dunphy,Candace Avalos,Timur Ender,,
Terrence Hayes,Deian Salazar,Candace Avalos,Jamie Dunphy,Thomas Shervey,David Linn
Doug Clove,Joe Allen,David Linn,,,
Candace Avalos,Steph Routh,Terrence Hayes,,,
Joe Allen,Peggy Sue Owens,Joe Furi,Thomas Shervey,Jamie Dunphy,David Linn
Steph Routh,Jamie Dunphy,Terrence Hayes,,,
Joe Allen,Loretta Smith,Terrence Hayes,,,
Doug Clove,Joe Furi,Michael (Mike) Sands,Deian Salazar,Loretta Smith,Thomas Shervey
,,,,,
Noah Ernst,Thomas Shervey,,,,
Loretta Smith,Terrence Hayes,Jamie Dunphy,,,
Candace Avalos,Steph Routh,Timur Ender,Jamie Dunphy,,
Loretta Smith,David Linn,Terrence Hayes,Candace Avalos,Timur Ender,Steph Routh
Timur Ender,Candace Avalos,Loretta Smith,Michael (Mike) Sands,,
Noah Ernst,Terrence Hayes,Joe Furi,Loretta Smith,,
Candace Avalos,Jamie Dunphy,Steph Routh,Timur Ender,,
Candace Avalos,Timur Ender,Loretta Smith,Steph Routh,Jamie Dunphy,
Jamie Dunphy,Steph Routh,Candace Avalos,Loretta Smith,David Linn,
Doug Clove,Joe Allen,,,,
Noah Ernst,Terrence Hayes,Joe Furi,Loretta Smith,Doug Clove,
Cayle Tern,Terrence Hayes,,,,
Timur Ender,David Linn,Steph Routh,,,
Doug Clove,Joe Furi,,,,
Candace Avalos,Timur Ender,Noah Ernst,Terrence Hayes,Peggy Sue Owens,Steph Routh
Candace Avalos,Steph Routh,Jamie Dunphy,Timur Ender,Noah Ernst,David Linn
Noah Ernst,Doug Clove,Deian Salazar,Thomas Shervey,,
Loretta Smith,Noah Ernst,Deian Salazar,Doug Clove,Joe Allen,Joe Furi
Terrence Hayes,Noah Ernst,Doug Clove,,,
Loretta Smith,Candace Avalos,Steph Routh,Peggy Sue Owens,Cayle Tern,
Steph Routh,,,,,
Candace Avalos,Jamie Dunphy,Cayle Tern,,,
Steph Routh,Jamie Dunphy,Timur Ender,Candace Avalos,,
Candace Avalos,Timur Ender,Terrence Hayes,Doug Clove,Jamie Dunphy,Loretta Smith
Candace Avalos,Loretta Smith,Peggy Sue Owens,Steph Routh,Deian Salazar,Jamie Dunphy
Terrence Hayes,Loretta Smith,Noah Ernst,Steph Routh,,
Candace Avalos,,,,,
Candace Avalos,Loretta Smith,,,,
Steph Routh,Candace Avalos,Timur Ender,Jamie Dunphy,,
Candace Avalos,Cayle Tern,Timur Ender,,,
Deian Salazar,Terrence Hayes,Loretta Smith,,,
Steph Routh,Jamie Dunphy,,,,
Candace Avalos,Steph Routh,Jamie Dunphy,,,
Candace Avalos,Timur Ender,Doug Clove,David Linn,Jamie Dunphy,Loretta Smith
Candace Avalos,Steph Routh,Terrence Hayes,Timur Ender,,
Joe Furi,Thomas Shervey,David Linn,Candace Avalos,Deian Salazar,Timur Ender
Jamie Dunphy,Steph Routh,Candace Avalos,,,
Steph Routh,Candace Avalos,,,,
Candace Avalos,,,,,
Candace Avalos,Steph Routh,Cayle Tern,Timur Ender,Deian Salazar,Jamie Dunphy
Michael (Mike) Sands,Thomas Shervey,Noah Ernst,Terrence Hayes,Doug Clove,Joe Allen
Peggy Sue Owens,Joe Allen,Noah Ernst,Steph Routh,Deian Salazar,Cayle Tern
Terrence Hayes,Noah Ernst,,,,
Terrence Hayes,,,,,
Peggy Sue Owens,Candace Avalos,Loretta Smith,Steph Routh,Jamie Dunphy,Timur Ender
Loretta Smith,Steph Routh,Terrence Hayes,Deian Salazar,Jamie Dunphy,Candace Avalos
Terrence Hayes,Steph Routh,Candace Avalos,,,
Noah Ernst,Terrence Hayes,Joe Furi,Doug Clove,,
Candace Avalos,David Linn,Terrence Hayes,Jamie Dunphy,Joe Furi,Joe Allen
Candace Avalos,Steph Routh,,,,
Joe Allen,Noah Ernst,Doug Clove,Thomas Shervey,Deian Salazar,Michael (Mike) Sands
Noah Ernst,David Linn,Terrence Hayes,Loretta Smith,Cayle Tern,Deian Salazar
Steph Routh,Terrence Hayes,Loretta Smith,,,
Loretta Smith,Timur Ender,,,,
Candace Avalos,Cayle Tern,Timur Ender,,,
Terrence Hayes,Timur Ender,Jamie Dunphy,,,
Noah Ernst,,,,,
Jamie Dunphy,Steph Routh,Candace Avalos,,,
Steph Routh,Timur Ender,Noah Ernst,Loretta Smith,Jamie Dunphy,
Timur Ender,Noah Ernst,Cayle Tern,Jamie Dunphy,Steph Routh,Loretta Smith
Steph Routh,Candace Avalos,,,,
Noah Ernst,Terrence Hayes,Loretta Smith,,,
Terrence Hayes,Michael (Mike) Sands,Noah Ernst,Doug Clove,Thomas Shervey,
Noah Ernst,Peggy Sue Owens,Candace Avalos,Timur Ender,David Linn,Joe Allen
Candace Avalos,Cayle Tern,Timur Ender,,,
Noah Ernst,Joe Allen,Timur Ender,,,
Loretta Smith,Timur Ender,Steph Routh,Candace Avalos,Terrence Hayes,Noah Ernst
Terrence Hayes,Noah Ernst,Candace Avalos,,,
Joe Allen,,,,,
Loretta Smith,,,,,
Loretta Smith,Doug Clove,Timur Ender,Candace Avalos,Terrence Hayes,
Jamie Dunphy,Candace Avalos,Steph Routh,Noah Ernst,,
Peggy Sue Owens,Timur Ender,Noah Ernst,Candace Avalos,Joe Allen,David Linn
Jamie Dunphy,Steph Routh,Candace Avalos,Timur Ender,,
Jamie Dunphy,Candace Avalos,Timur Ender,Steph Routh,David Linn,
Noah Ernst,Loretta Smith,Doug Clove,,,
Candace Avalos,Jamie Dunphy,Steph Routh,Loretta Smith,Terrence Hayes,Noah Ernst
Terrence Hayes,,,,,
Jamie Dunphy,Candace Avalos,Steph Routh,Noah Ernst,David Linn,Loretta Smith
Candace Avalos,,,,,
Timur Ender,Steph Routh,,,,
Timur Ender,Candace Avalos,Cayle Tern,,,
Timur Ender,Jamie Dunphy,Candace Avalos,Steph Routh,Noah Ernst,Deian Salazar
Jamie Dunphy,Candace Avalos,Terrence Hayes,,,
Loretta Smith,Terrence Hayes,,,,
Noah Ernst,,,,,
Loretta Smith,Thomas Shervey,Doug Clove,Timur Ender,Joe Allen,David Linn
Jamie Dunphy,,,,,
Cayle Tern,Steph Routh,Jamie Dunphy,Loretta Smith,,
Candace Avalos,Loretta Smith,Steph Routh,Terrence Hayes,Jamie Dunphy,Timur Ender
Candace Avalos,,,,,
Steph Routh,Thomas Shervey,Deian Salazar,Loretta Smith,Terrence Hayes,Michael (Mike) Sands
Terrence Hayes,Loretta Smith,Doug Clove,Joe Allen,Noah Ernst,Timur Ender
Michael (Mike) Sands,Joe Allen,Terrence Hayes,Timur Ender,Doug Clove,Loretta Smith
Doug Clove,Noah Ernst,Loretta Smith,,,
Doug Clove,,,,,
Cayle Tern,Loretta Smith,Candace Avalos,Terrence Hayes,Timur Ender,Peggy Sue Owens
Cayle Tern,Doug Clove,Michael (Mike) Sands,Candace Avalos,,
Timur Ender,Candace Avalos,Terrence Hayes,Steph Routh,,
Jamie Dunphy,Loretta Smith,Terrence Hayes,Candace Avalos,Steph Routh,Deian Salazar
Steph Routh,,,,,
Steph Routh,Terrence Hayes,Candace Avalos,Jamie Dunphy,David Linn,
Jamie Dunphy,Steph Routh,,,,
Steph Routh,,,,,
Terrence Hayes,Candace Avalos,Doug Clove,David Linn,Thomas Shervey,Steph Routh
Jamie Dunphy,Candace Avalos,Steph Routh,Timur Ender,,
Candace Avalos,Steph Routh,Loretta Smith,Timur Ender,Terrence Hayes,Jamie Dunphy
David Linn,Loretta Smith,Terrence Hayes,Noah Ernst,Jamie Dunphy,Peggy Sue Owens
Steph Routh,Timur Ender,Jamie Dunphy,,,
Noah Ernst,Doug Clove,Jamie Dunphy,Steph Routh,David Linn,Joe Furi
Steph Routh,Loretta Smith,Candace Avalos,,,
Loretta Smith,,,,,
Joe Furi,Candace Avalos,Thomas Shervey,,,
Steph Routh,Loretta Smith,Terrence Hayes,Timur Ender,Candace Avalos,Doug Clove
Peggy Sue Owens,Candace Avalos,Loretta Smith,Cayle Tern,Steph Routh,Write-in-120
Jamie Dunphy,Candace Avalos,Loretta Smith,Joe Allen,Steph Routh,Terrence Hayes
Noah Ernst,Terrence Hayes,Joe Furi,Loretta Smith,Doug Clove,Peggy Sue Owens
Deian Salazar,,,,,
Loretta Smith,Jamie Dunphy,Doug Clove,,,
Noah Ernst,,,,,
Doug Clove,,,,,
Timur Ender,Noah Ernst,,,,
Terrence Hayes,Loretta Smith,Steph Routh,Timur Ender,,
Timur Ender,David Linn,Candace Avalos,Terrence Hayes,Loretta Smith,Joe Furi
Loretta Smith,,,,,
Jamie Dunphy,Steph Routh,Candace Avalos,Timur Ender,,
Doug Clove,Loretta Smith,Steph Routh,Joe Furi,Jamie Dunphy,Thomas Shervey
Jamie Dunphy,Candace Avalos,Steph Routh,Noah Ernst,David Linn,Loretta Smith
Jamie Dunphy,Candace Avalos,Steph Routh,Noah Ernst,David Linn,
Jamie Dunphy,Terrence Hayes,,,,
Loretta Smith,David Linn,Michael (Mike) Sands,,,
Michael (Mike) Sands,,,,,
Noah Ernst,Doug Clove,Terrence Hayes,Steph Routh,Jamie Dunphy,Thomas Shervey
Timur Ender,Candace Avalos,Terrence Hayes,Michael (Mike) Sands,Deian Salazar,Steph Routh
Noah Ernst,Terrence Hayes,Joe Furi,Loretta Smith,Doug Clove,
Candace Avalos,Timur Ender,Steph Routh,Jamie Dunphy,Cayle Tern,David Linn
Candace Avalos,Steph Routh,Jamie Dunphy,,,
Noah Ernst,Cayle Tern,Jamie Dunphy,Thomas Shervey,,
Steph Routh,Timur Ender,Candace Avalos,Loretta Smith,Jamie Dunphy,
Noah Ernst,Terrence Hayes,Timur Ender,,,
Steph Routh,Jamie Dunphy,Terrence Hayes,Candace Avalos,,
Loretta Smith,Candace Avalos,,,,
Timur Ender,Candace Avalos,David Linn,Thomas Shervey,,
Michael (Mike) Sands,Doug Clove,Thomas Shervey,Jamie Dunphy,Candace Avalos,Terrence Hayes
Loretta Smith,Joe Allen,Jamie Dunphy,,,
Jamie Dunphy,Steph Routh,Candace Avalos,Loretta Smith,Joe Furi,Joe Allen
Peggy Sue Owens,David Linn,Noah Ernst,Thomas Shervey,Michael (Mike) Sands,Jamie Dunphy
Jamie Dunphy,Candace Avalos,Noah Ernst,Steph Routh,David Linn,Loretta Smith
Loretta Smith,Steph Routh,Jamie Dunphy,Joe Furi,Timur Ender,Michael (Mike) Sands
Candace Avalos,Cayle Tern,Timur Ender,Jamie Dunphy,Steph Routh,Michael (Mike) Sands
Steph Routh,Jamie Dunphy,Timur Ender,Candace Avalos,Cayle Tern,David Linn
Candace Avalos,Timur Ender,Terrence Hayes,Cayle Tern,Steph Routh,Jamie Dunphy
Noah Ernst,Thomas Shervey,Terrence Hayes,Doug Clove,Joe Furi,
Doug Clove,Joe Furi,,,,
Deian Salazar,Candace Avalos,Steph Routh,Timur Ender,Jamie Dunphy,
David Linn,Candace Avalos,Jamie Dunphy,Deian Salazar,Thomas Shervey,Cayle Tern
Candace Avalos,Timur Ender,Cayle Tern,Steph Routh,Jamie Dunphy,
Peggy Sue Owens,Timur Ender,Noah Ernst,Candace Avalos,Joe Allen,David Linn
Jamie Dunphy,Steph Routh,Noah Ernst,Candace Avalos,David Linn,Terrence Hayes
,,,,,
Noah Ernst,Terrence Hayes,,,,
Loretta Smith,Terrence Hayes,Candace Avalos,Cayle Tern,Jamie Dunphy,
Doug Clove,Noah Ernst,Thomas Shervey,Loretta Smith,Terrence Hayes,David Linn
Terrence Hayes,Noah Ernst,Timur Ender,Steph Routh,Loretta Smith,
Candace Avalos,Timur Ender,Steph Routh,Jamie Dunphy,Cayle Tern,David Linn
Timur Ender,Noah Ernst,David Linn,Terrence Hayes,Doug Clove,
Timur Ender,Noah Ernst,Candace Avalos,David Linn,Steph Routh,Jamie Dunphy
Candace Avalos,Steph Routh,,,,
Cayle Tern,Michael (Mike) Sands,Candace Avalos,Write-in-120,,
Jamie Dunphy,Noah Ernst,Steph Routh,Timur Ender,Cayle Tern,Michael (Mike) Sands
Timur Ender,Candace Avalos,Jamie Dunphy,,,
Candace Avalos,Timur Ender,Steph Routh,Jamie Dunphy,Cayle Tern,David Linn
Jamie Dunphy,Candace Avalos,Steph Routh,Noah Ernst,David Linn,
Terrence Hayes,Noah Ernst,Doug Clove,Joe Furi,Loretta Smith,Steph Routh
Steph Routh,Timur Ender,Loretta Smith,Cayle Tern,,
David Linn,,,,,
Michael (Mike) Sands,Noah Ernst,David Linn,Doug Clove,Terrence Hayes,Peggy Sue Owens
Noah Ernst,Deian Salazar,Doug Clove,Cayle Tern,Candace Avalos,Timur Ender
Timur Ender,Candace Avalos,Steph Routh,Jamie Dunphy,,
Candace Avalos,Steph Routh,Timur Ender,Jamie Dunphy,Terrence Hayes,Cayle Tern
David Linn,Steph Routh,Terrence Hayes,Loretta Smith,Timur Ender,
Michael (Mike) Sands,Cayle Tern,Thomas Shervey,Deian Salazar,Candace Avalos,
Candace Avalos,Deian Salazar,Terrence Hayes,Steph Routh,Loretta Smith,Joe Furi
Candace Avalos,Terrence Hayes,Joe Allen,Deian Salazar,Jamie Dunphy,Loretta Smith
Noah Ernst,Steph Routh,Candace Avalos,Jamie Dunphy,,
David Linn,Terrence Hayes,Steph Routh,Jamie Dunphy,Deian Salazar,Noah Ernst
Noah Ernst,Doug Clove,,,,
Jamie Dunphy,Steph Routh,Candace Avalos,Noah Ernst,Terrence Hayes,Timur Ender
Candace Avalos,Jamie Dunphy,Cayle Tern,Joe Furi,David Linn,Deian Salazar
Timur Ender,Candace Avalos,Noah Ernst,Terrence Hayes,Loretta Smith,Steph Routh
Jamie Dunphy,Candace Avalos,Steph Routh,,,
Timur Ender,Steph Routh,Candace Avalos,,,
Cayle Tern,,,,,
Terrence Hayes,Timur Ender,Jamie Dunphy,Steph Routh,Noah Ernst,Loretta Smith
Candace Avalos,Timur Ender,Cayle Tern,,,
Terrence Hayes,Noah Ernst,Joe Furi,Loretta Smith,Doug Clove,Write-in-120
Candace Avalos,Timur Ender,,,,
Steph Routh,Timur Ender,Candace Avalos,Doug Clove,Cayle Tern,
Candace Avalos,Steph Routh,Terrence Hayes,,,
David Linn,Terrence Hayes,Doug Clove,Timur Ender,Thomas Shervey,Loretta Smith
Terrence Hayes,Noah Ernst,Steph Routh,Loretta Smith,Candace Avalos,David Linn
Deian Salazar,Cayle Tern,Jamie Dunphy,Thomas Shervey,Candace Avalos,Terrence Hayes
Peggy Sue Owens,Joe Allen,Noah Ernst,Michael (Mike) Sands,Jamie Dunphy,
Peggy Sue Owens,Timur Ender,Noah Ernst,Candace Avalos,Joe Allen,David Linn
Candace Avalos,David Linn,,,,
David Linn,,,,,
Terrence Hayes,Timur Ender,Steph Routh,Candace Avalos,Jamie Dunphy,Loretta Smith
Noah Ernst,Terrence Hayes,Loretta Smith,,,
David Linn,Joe Furi,Thomas Shervey,Deian Salazar,Timur Ender,Jamie Dunphy
Timur Ender,Joe Allen,Doug Clove,Noah Ernst,David Linn,Joe Furi
Candace Avalos,Jamie Dunphy,Cayle Tern,Deian Salazar,Peggy Sue Owens,Thomas Shervey
Doug Clove,Noah Ernst,Loretta Smith,,,
Loretta Smith,Terrence Hayes,Candace Avalos,Deian Salazar,Thomas Shervey,Joe Furi
Peggy Sue Owens,David Linn,Doug Clove,,,
Michael (Mike) Sands,Terrence Hayes,Steph Routh,,,
Candace Avalos,David Linn,Cayle Tern,Noah Ernst,Terrence Hayes,Peggy Sue Owens
Terrence Hayes,Doug Clove,Loretta Smith,Jamie Dunphy,Michael (Mike) Sands,
Terrence Hayes,Loretta Smith,Candace Avalos,,,
Joe Allen,Candace Avalos,Noah Ernst,Peggy Sue Owens,Cayle Tern,David Linn
Jamie Dunphy,Steph Routh,Candace Avalos,Timur Ender,,
Noah Ernst,Loretta Smith,Terrence Hayes,,,
Joe Allen,,,,,
Timur Ender,Noah Ernst,Steph Routh,Jamie Dunphy,Terrence Hayes,Candace Avalos
Thomas Shervey,Michael (Mike) Sands,Jamie Dunphy,David Linn,Steph Routh,
Jamie Dunphy,Candace Avalos,Steph Routh,Noah Ernst,David Linn,Terrence Hayes
Candace Avalos,Timur Ender,Steph Routh,Cayle Tern,Jamie Dunphy,David Linn
,,,,,
Noah Ernst,Terrence Hayes,Joe Furi,Loretta Smith,Doug Clove,
Terrence Hayes,Deian Salazar,Jamie Dunphy,Loretta Smith,,
Steph Routh,Doug Clove,Thomas Shervey,,,
Timur Ender,Steph Routh,Thomas Shervey,Terrence Hayes,,
Steph Routh,,,,,
Jamie Dunphy,Candace Avalos,Loretta Smith,Steph Routh,Write-in-122,
Terrence Hayes,Cayle Tern,Michael (Mike) Sands,Timur Ender,Thomas Shervey,Joe Allen
Doug Clove,,,,,
Loretta Smith,Terrence Hayes,Candace Avalos,Deian Salazar,Jamie Dunphy,Steph Routh
Loretta Smith,Deian Salazar,Candace Avalos,Terrence Hayes,Noah Ernst,
Doug Clove,Terrence Hayes,Loretta Smith,Noah Ernst,Candace Avalos,
Candace Avalos,Cayle Tern,Timur Ender,,,
Terrence Hayes,Deian Salazar,Candace Avalos,Jamie Dunphy,Thomas Shervey,David Linn
Candace Avalos,Cayle Tern,Timur Ender,Steph Routh,Loretta Smith,Terrence Hayes
Doug Clove,Noah Ernst,Candace Avalos,Michael (Mike) Sands,Deian Salazar,Joe Furi
Joe Allen,Candace Avalos,Michael (Mike) Sands,Terrence Hayes,Steph Routh,Cayle Tern
Steph Routh,Candace Avalos,Cayle Tern,Timur Ender,,
Noah Ernst,Terrence Hayes,Loretta Smith,,,
Jamie Dunphy,Noah Ernst,Candace Avalos,Timur Ender,Loretta Smith,Doug Clove
Doug Clove,David Linn,Peggy Sue Owens,Thomas Shervey,Write-in-120,
Candace Avalos,Timur Ender,Steph Routh,,,
Jamie Dunphy,,,,,
Loretta Smith,Terrence Hayes,Steph Routh,Michael (Mike) Sands,,
Terrence Hayes,,,,,
Michael (Mike) Sands,,,,,
Candace Avalos,Cayle Tern,Timur Ender,Loretta Smith,Terrence Hayes,Steph Routh
Candace Avalos,Steph Routh,Timur Ender,Loretta Smith,Jamie Dunphy,Cayle Tern
Loretta Smith,Candace Avalos,David Linn,Michael (Mike) Sands,Terrence Hayes,Doug Clove
Loretta Smith,,,,,
Timur Ender,Noah Ernst,Peggy Sue Owens,Joe Allen,Doug Clove,David Linn
Jamie Dunphy,Steph Routh,Candace Avalos,,,
Noah Ernst,Timur Ender,Terrence Hayes,Loretta Smith,Candace Avalos,
Jamie Dunphy,Candace Avalos,Steph Routh,,,
David Linn,Noah Ernst,Candace Avalos,Cayle Tern,Michael (Mike) Sands,Deian Salazar
Loretta Smith,Steph Routh,Candace Avalos,Terrence Hayes,Cayle Tern,Deian Salazar
Candace Avalos,Peggy Sue Owens,Noah Ernst,,,
David Linn,Cayle Tern,Doug Clove,Peggy Sue Owens,Timur Ender,Noah Ernst
Candace Avalos,Timur Ender,Steph Routh,Jamie Dunphy,,
Candace Avalos,Jamie Dunphy,Timur Ender,Steph Routh,,
Noah Ernst,Terrence Hayes,Doug Clove,Loretta Smith,Joe Allen,Deian Salazar
Terrence Hayes,Jamie Dunphy,Loretta Smith,Michael (Mike) Sands,Candace Avalos,
Candace Avalos,Terrence Hayes,Jamie Dunphy,,,
Steph Routh,Cayle Tern,Timur Ender,Jamie Dunphy,Candace Avalos,Joe Allen
Candace Avalos,Jamie Dunphy,Steph Routh,Timur Ender,Loretta Smith,
Jamie Dunphy,Joe Allen,Steph Routh,,,
Candace Avalos,Jamie Dunphy,Timur Ender,Steph Routh,David Linn,Cayle Tern
Doug Clove,Timur Ender,Steph Routh,Jamie Dunphy,Cayle Tern,Joe Furi
Candace Avalos,Steph Routh,Timur Ender,Cayle Tern,Jamie Dunphy,David Linn
Doug Clove,Thomas Shervey,Cayle Tern,Michael (Mike) Sands,,
Noah Ernst,Terrence Hayes,Michael (Mike) Sands,Loretta Smith,Joe Furi,Jamie Dunphy
Timur Ender,Candace Avalos,Jamie Dunphy,Steph Routh,,
Thomas Shervey,,,,,
Terrence Hayes,Steph Routh,Jamie Dunphy,Candace Avalos,Loretta Smith,Thomas Shervey
Noah Ernst,Doug Clove,Joe Furi,Deian Salazar,Jamie Dunphy,Loretta Smith
Loretta Smith,,,,,
Jamie Dunphy,Candace Avalos,Steph Routh,,,
Loretta Smith,Terrence Hayes,Jamie Dunphy,Timur Ender,Steph Routh,Candace Avalos
Noah Ernst,Candace Avalos,,,,
Doug Clove,Joe Allen,,,,
Jamie Dunphy,Candace Avalos,Steph Routh,Timur Ender,,
,,,,,
Timur Ender,Candace Avalos,Noah Ernst,Cayle Tern,Jamie Dunphy,
Loretta Smith,,,,,
Loretta Smith,Jamie Dunphy,Doug Clove,,,
David Linn,Timur Ender,,,,
Terrence Hayes,Jamie Dunphy,Loretta Smith,,,
Joe Allen,Timur Ender,Doug Clove,Joe Furi,Deian Salazar,Jamie Dunphy
Peggy Sue Owens,Candace Avalos,Loretta Smith,Jamie Dunphy,Cayle Tern,Joe Furi
Terrence Hayes,Timur Ender,Steph Routh,Loretta Smith,Joe Allen,Candace Avalos
Loretta Smith,Steph Routh,Doug Clove,Michael (Mike) Sands,Thomas Shervey,Candace Avalos
Cayle Tern,Candace Avalos,Michael (Mike) Sands,Timur Ender,Joe Furi,Steph Routh
Peggy Sue Owens,Candace Avalos,Cayle Tern,Loretta Smith,Steph Routh,Noah Ernst
Noah Ernst,Loretta Smith,Joe Allen,Candace Avalos,Doug Clove,Joe Furi
Terrence Hayes,Loretta Smith,Noah Ernst,,,
Terrence Hayes,Loretta Smith,Joe Allen,Peggy Sue Owens,Michael (Mike) Sands,Deian Salazar
Terrence Hayes,Noah Ernst,Timur Ender,,,
Candace Avalos,Timur Ender,Noah Ernst,,,
Loretta Smith,,,,,
David Linn,Doug Clove,Candace Avalos,Joe Furi,Joe Allen,Deian Salazar
Candace Avalos,Cayle Tern,Steph Routh,Terrence Hayes,Timur Ender,Loretta Smith
Candace Avalos,Steph Routh,Timur Ender,Jamie Dunphy,,
Steph Routh,Timur Ender,Jamie Dunphy,Candace Avalos,Terrence Hayes,Loretta Smith
David Linn,Michael (Mike) Sands,Jamie Dunphy,Peggy Sue Owens,Doug Clove,Steph Routh
Joe Allen,,,,,
Steph Routh,Thomas Shervey,Loretta Smith,Cayle Tern,Jamie Dunphy,Candace Avalos
Michael (Mike) Sands,Timur Ender,Jamie Dunphy,Noah Ernst,Steph Routh,Peggy Sue Owens
Loretta Smith,Candace Avalos,Jamie Dunphy,Cayle Tern,Doug Clove,Terrence Hayes
Loretta Smith,Doug Clove,Deian Salazar,,,
Peggy Sue Owens,,,,,
Candace Avalos,Cayle Tern,Timur Ender,Jamie Dunphy,Steph Routh,David Linn
Candace Avalos,Timur Ender,Terrence Hayes,Joe Allen,Jamie Dunphy,Noah Ernst
Steph Routh,Terrence Hayes,Jamie Dunphy,,,
Candace Avalos,Jamie Dunphy,Noah Ernst,Steph Routh,,
Candace Avalos,Cayle Tern,Timur Ender,,,
Loretta Smith,David Linn,Noah Ernst,Michael (Mike) Sands,Joe Furi,Cayle Tern
Loretta Smith,Thomas Shervey,Doug Clove,Timur Ender,Joe Allen,David Linn
Peggy Sue Owens,David Linn,Joe Furi,Noah Ernst,Jamie Dunphy,Loretta Smith
Noah Ernst,Joe Furi,David Linn,Loretta Smith,Cayle Tern,
Jamie Dunphy,Steph Routh,Candace Avalos,Peggy Sue Owens,Doug Clove,Loretta Smith
Terrence Hayes,Loretta Smith,Cayle Tern,David Linn,Noah Ernst,Candace Avalos
Doug Clove,Thomas Shervey,Deian Salazar,Joe Allen,Michael (Mike) Sands,Joe Furi
Loretta Smith,Peggy Sue Owens,,,,
Candace Avalos,Timur Ender,,,,
Timur Ender,Candace Avalos,Jamie Dunphy,Loretta Smith,Terrence Hayes,Cayle Tern
Jamie Dunphy,Steph Routh,Terrence Hayes,Loretta Smith,Timur Ender,Candace Avalos
Loretta Smith,Terrence Hayes,Candace Avalos,Steph Routh,Deian Salazar,Michael (Mike) Sands
Doug Clove,Timur Ender,Candace Avalos,Cayle Tern,,
Loretta Smith,Candace Avalos,Peggy Sue Owens,David Linn,Doug Clove,Deian Salazar
Peggy Sue Owens,,,,,
Candace Avalos,Jamie Dunphy,Steph Routh,Timur Ender,,
Jamie Dunphy,,,,,
Jamie Dunphy,Terrence Hayes,Loretta Smith,Noah Ernst,,
Candace Avalos,David Linn,Jamie Dunphy,Timur Ender,Cayle Tern,Loretta Smith
Steph Routh,Jamie Dunphy,Candace Avalos,,,
Candace Avalos,Timur Ender,Cayle Tern,Steph Routh,,
Terrence Hayes,,,,,
Candace Avalos,Cayle Tern,Steph Routh,Jamie Dunphy,Timur Ender,
Jamie Dunphy,Candace Avalos,Steph Routh,Noah Ernst,Timur Ender,
Joe Furi,Joe Allen,Noah Ernst,,,
Michael (Mike) Sands,Candace Avalos,Timur Ender,,,
Steph Routh,Loretta Smith,Candace Avalos,Timur Ender,David Linn,Terrence Hayes
Steph Routh,Jamie Dunphy,Loretta Smith,Candace Avalos,Terrence Hayes,
Candace Avalos,Timur Ender,,,,
Steph Routh,Loretta Smith,Doug Clove,Joe Allen,Candace Avalos,Peggy Sue Owens
Jamie Dunphy,Steph Routh,Timur Ender,Loretta Smith,David Linn,
Noah Ernst,Joe Allen,Doug Clove,Steph Routh,Thomas Shervey,Michael (Mike) Sands
Joe Furi,Candace Avalos,Timur Ender,Noah Ernst,Joe Allen,Terrence Hayes
Timur Ender,Steph Routh,Loretta Smith,Terrence Hayes,Candace Avalos,Jamie Dunphy
Cayle Tern,Noah Ernst,Loretta Smith,Jamie Dunphy,Terrence Hayes,Candace Avalos
Thomas Shervey,Jamie Dunphy,Michael (Mike) Sands,David Linn,Doug Clove,Noah Ernst
Candace Avalos,Steph Routh,,,,
Candace Avalos,Steph Routh,Timur Ender,David Linn,Jamie Dunphy,Cayle Tern
Michael (Mike) Sands,Thomas Shervey,Steph Routh,,,
Candace Avalos,Timur Ender,Steph Routh,Loretta Smith,,
Candace Avalos,Terrence Hayes,Loretta Smith,,,
Noah Ernst,Loretta Smith,,,,
Terrence Hayes,,,,,
Candace Avalos,Jamie Dunphy,Terrence Hayes,,,
Timur Ender,Candace Avalos,Cayle Tern,Terrence Hayes,Jamie Dunphy,Loretta Smith
,,,,,
Jamie Dunphy,Timur Ender,David Linn,,,
Jamie Dunphy,Steph Routh,Timur Ender,Noah Ernst,Candace Avalos,David Linn
Timur Ender,Candace Avalos,,,,
Joe Allen,Michael (Mike) Sands,Joe Furi,Jamie Dunphy,Steph Routh,Loretta Smith
Candace Avalos,Timur Ender,,,,
Loretta Smith,Cayle Tern,Timur Ender,Candace Avalos,Steph Routh,David Linn
Timur Ender,Terrence Hayes,Steph Routh,Deian Salazar,Loretta Smith,Jamie Dunphy
Noah Ernst,Terrence Hayes,Deian Salazar,Doug Clove,,
Timur Ender,Candace Avalos,Steph Routh,Jamie Dunphy,Loretta Smith,Terrence Hayes
Loretta Smith,Michael (Mike) Sands,Candace Avalos,Steph Routh,Jamie Dunphy,Thomas Shervey
Candace Avalos,Steph Routh,Noah Ernst,Jamie Dunphy,Deian Salazar,Peggy Sue Owens
Jamie Dunphy,,,,,
Noah Ernst,,,,,
Candace Avalos,Steph Routh,Timur Ender,Jamie Dunphy,Cayle Tern,
Loretta Smith,Terrence Hayes,Cayle Tern,Candace Avalos,Peggy Sue Owens,Joe Allen
Terrence Hayes,Noah Ernst,Joe Furi,Loretta Smith,Doug Clove,Write-in-120
Candace Avalos,Cayle Tern,Timur Ender,Jamie Dunphy,,
Terrence Hayes,Steph Routh,Candace Avalos,Timur Ender,,
Write-in-120,Jamie Dunphy,Timur Ender,Candace Avalos,Michael (Mike) Sands,Deian Salazar
Loretta Smith,Terrence Hayes,Timur Ender,David Linn,,
Candace Avalos,Loretta Smith,Terrence Hayes,Jamie Dunphy,Steph Routh,David Linn
Loretta Smith,Timur Ender,Terrence Hayes,Michael (Mike) Sands,Peggy Sue Owens,Candace Avalos
Noah Ernst,,,,,
Thomas Shervey,Jamie Dunphy,Doug Clove,,,
Loretta Smith,,,,,
Steph Routh,Noah Ernst,Terrence Hayes,Candace Avalos,Loretta Smith,Jamie Dunphy
Loretta Smith,Terrence Hayes,Steph Routh,Jamie Dunphy,Deian Salazar,Candace Avalos
Noah Ernst,,,,,
Jamie Dunphy,Timur Ender,,,,
Jamie Dunphy,Steph Routh,Candace Avalos,Loretta Smith,Timur Ender,Thomas Shervey
Doug Clove,Deian Salazar,Michael (Mike) Sands,Noah Ernst,Steph Routh,
Candace Avalos,Timur Ender,Steph Routh,Cayle Tern,Jamie Dunphy,
Steph Routh,Candace Avalos,Loretta Smith,Peggy Sue Owens,,
Candace Avalos,Cayle Tern,Steph Routh,Timur Ender,,
Terrence Hayes,Noah Ernst,Doug Clove,,,
Doug Clove,Steph Routh,Loretta Smith,Deian Salazar,Terrence Hayes,Jamie Dunphy
Timur Ender,Terrence Hayes,Thomas Shervey,Cayle Tern,Deian Salazar,Loretta Smith
Timur Ender,Candace Avalos,Cayle Tern,Steph Routh,Jamie Dunphy,
Loretta Smith,Candace Avalos,Peggy Sue Owens,Noah Ernst,Deian Salazar,Terrence Hayes
Timur Ender,Candace Avalos,Steph Routh,Jamie Dunphy,Loretta Smith,Terrence Hayes
Loretta Smith,,,,,
Loretta Smith,Candace Avalos,Steph Routh,Timur Ender,Jamie Dunphy,Noah Ernst
Noah Ernst,Timur Ender,David Linn,Joe Allen,,
Candace Avalos,Steph Routh,Timur Ender,,,
Michael (Mike) Sands,Joe Allen,David Linn,,,
Loretta Smith,Michael (Mike) Sands,Joe Allen,Joe Furi,Noah Ernst,Terrence Hayes
Candace Avalos,Steph Routh,Timur Ender,Jamie Dunphy,,
,,,,,
Noah Ernst,Candace Avalos,Jamie Dunphy,,,
Jamie Dunphy,Steph Routh,Terrence Hayes,Loretta Smith,,
Noah Ernst,Deian Salazar,Doug Clove,Loretta Smith,Joe Furi,Joe Allen
Terrence Hayes,Timur Ender,Loretta Smith,Steph Routh,Jamie Dunphy,Noah Ernst
Candace Avalos,Steph Routh,Timur Ender,,,
Peggy Sue Owens,Timur Ender,David Linn,Cayle Tern,Michael (Mike) Sands,
Candace Avalos,Timur Ender,Steph Routh,Jamie Dunphy,Cayle Tern,David Linn
Jamie Dunphy,Candace Avalos,Timur Ender,Cayle Tern,Doug Clove,Joe Furi
David Linn,Doug Clove,Michael (Mike) Sands,,,
Loretta Smith,David Linn,,,,
Terrence Hayes,Loretta Smith,Candace Avalos,,,
Terrence Hayes,Noah Ernst,Doug Clove,,,
Deian Salazar,Thomas Shervey,Noah Ernst,,,
Michael (Mike) Sands,Noah Ernst,Cayle Tern,,,
Steph Routh,Thomas Shervey,Doug Clove,Loretta Smith,Candace Avalos,Timur Ender
Jamie Dunphy,Steph Routh,Timur Ender,Candace Avalos,Loretta Smith,Terrence Hayes
Noah Ernst,Terrence Hayes,Joe Furi,Loretta Smith,Doug Clove,
Loretta Smith,,,,,
Jamie Dunphy,,,,,
Candace Avalos,Timur Ender,Steph Routh,Jamie Dunphy,,
Candace Avalos,Timur Ender,Cayle Tern,Steph Routh,Jamie Dunphy,David Linn
Loretta Smith,Steph Routh,Terrence Hayes,Candace Avalos,Noah Ernst,
,,,,,
Joe Furi,,,,,
Timur Ender,Terrence Hayes,Joe Allen,David Linn,Steph Routh,Candace Avalos
Candace Avalos,Terrence Hayes,Thomas Shervey,Loretta Smith,Cayle Tern,
Michael (Mike) Sands,Jamie Dunphy,Peggy Sue Owens,,,
Jamie Dunphy,Steph Routh,Terrence Hayes,Loretta Smith,,
Candace Avalos,Noah Ernst,Terrence Hayes,Loretta Smith,Timur Ender,Steph Routh
Doug Clove,,,,,
Loretta Smith,Steph Routh,Timur Ender,Terrence Hayes,David Linn,
Steph Routh,Candace Avalos,Timur Ender,Jamie Dunphy,,
,,,,,
Steph Routh,Jamie Dunphy,Thomas Shervey,Timur Ender,Candace Avalos,Cayle Tern
Doug Clove,Joe Allen,,,,
Timur Ender,Noah Ernst,Joe Allen,Thomas Shervey,Joe Furi,David Linn
Noah Ernst,Jamie Dunphy,Candace Avalos,Steph Routh,,
Loretta Smith,Terrence Hayes,Steph Routh,Michael (Mike) Sands,Joe Furi,Joe Allen
Noah Ernst,Jamie Dunphy,Steph Routh,Terrence Hayes,Loretta Smith,
Candace Avalos,Steph Routh,Jamie Dunphy,Cayle Tern,David Linn,Timur Ender
Timur Ender,Noah Ernst,Candace Avalos,David Linn,Terrence Hayes,Loretta Smith
Noah Ernst,Timur Ender,Terrence Hayes,Joe Furi,Candace Avalos,
Cayle Tern,Doug Clove,Steph Routh,Loretta Smith,Jamie Dunphy,Timur Ender
Loretta Smith,,,,,
Noah Ernst,Doug Clove,Cayle Tern,,,
Loretta Smith,Timur Ender,Jamie Dunphy,,,
Candace Avalos,Timur Ender,Steph Routh,Jamie Dunphy,David Linn,Doug Clove
Loretta Smith,Timur Ender,David Linn,Jamie Dunphy,Noah Ernst,Terrence Hayes
Steph Routh,Jamie Dunphy,,,,
Candace Avalos,Loretta Smith,Noah Ernst,Cayle Tern,Deian Salazar,Steph Routh
Noah Ernst,David Linn,Jamie Dunphy,Deian Salazar,Cayle Tern,Candace Avalos
Jamie Dunphy,Timur Ender,Steph Routh,,,
Loretta Smith,Doug Clove,Jamie Dunphy,Candace Avalos,Terrence Hayes,Deian Salazar
Terrence Hayes,Noah Ernst,Joe Furi,Loretta Smith,Doug Clove,Write-in-120
Jamie Dunphy,Timur Ender,Candace Avalos,Steph Routh,Terrence Hayes,Thomas Shervey
Timur Ender,Candace Avalos,Steph Routh,Cayle Tern,,
Deian Salazar,Joe Allen,Timur Ender,Terrence Hayes,Loretta Smith,Doug Clove
Steph Routh,Candace Avalos,Michael (Mike) Sands,Loretta Smith,Terrence Hayes,Jamie Dunphy
Loretta Smith,Candace Avalos,Terrence Hayes,,,
Candace Avalos,Timur Ender,Terrence Hayes,,,
Thomas Shervey,Noah Ernst,,,,
Doug Clove,Joe Allen,Noah Ernst,,,
Noah Ernst,,,,,
Deian Salazar,Noah Ernst,Terrence Hayes,Peggy Sue Owens,Joe Allen,David Linn
Jamie Dunphy,Candace Avalos,Peggy Sue Owens,,,
Joe Furi,,,,,
Terrence Hayes,Jamie Dunphy,Loretta Smith,Cayle Tern,Candace Avalos,Joe Allen
Steph Routh,,,,,
,,,,,
Candace Avalos,Steph Routh,Jamie Dunphy,David Linn,Cayle Tern,Timur Ender
Timur Ender,David Linn,Candace Avalos,,,
Terrence Hayes,Loretta Smith,,,,
Candace Avalos,,,,,
Peggy Sue Owens,Michael (Mike) Sands,Cayle Tern,Steph Routh,Terrence Hayes,Joe Allen
Candace Avalos,Loretta Smith,Timur Ender,Cayle Tern,,
Terrence Hayes,Loretta Smith,Steph Routh,Jamie Dunphy,Timur Ender,Candace Avalos
Doug Clove,,,,,
Terrence Hayes,Loretta Smith,Cayle Tern,Noah Ernst,Candace Avalos,Deian Salazar
Terrence Hayes,Noah Ernst,Timur Ender,,,
Doug Clove,Joe Furi,Terrence Hayes,Loretta Smith,Jamie Dunphy,Thomas Shervey
Candace Avalos,Steph Routh,Timur Ender,Jamie Dunphy,Loretta Smith,
Joe Allen,Peggy Sue Owens,Michael (Mike) Sands,Jamie Dunphy,Joe Furi,Noah Ernst
Candace Avalos,Timur Ender,Loretta Smith,Terrence Hayes,,
Candace Avalos,Jamie Dunphy,Loretta Smith,Steph Routh,Peggy Sue Owens,Timur Ender
Jamie Dunphy,Steph Routh,Terrence Hayes,Thomas Shervey,Loretta Smith,Deian Salazar
Peggy Sue Owens,Candace Avalos,Terrence Hayes,Cayle Tern,Joe Allen,Jamie Dunphy
Candace Avalos,Cayle Tern,Timur Ender,,,
Doug Clove,,,,,
Candace Avalos,Loretta Smith,,,,
Loretta Smith,Terrence Hayes,Thomas Shervey,Jamie Dunphy,Timur Ender,Noah Ernst
Steph Routh,Candace Avalos,Timur Ender,Loretta Smith,Terrence Hayes,Cayle Tern
Jamie Dunphy,Candace Avalos,Steph Routh,Noah Ernst,David Linn,Loretta Smith
Steph Routh,,,,,
Loretta Smith,Terrence Hayes,Noah Ernst,Jamie Dunphy,,
Steph Routh,Noah Ernst,Jamie Dunphy,David Linn,,
Doug Clove,Joe Allen,Terrence Hayes,Timur Ender,Deian Salazar,Steph Routh
Jamie Dunphy,,,,,
Noah Ernst,,,,,
Michael (Mike) Sands,Candace Avalos,Loretta Smith,Jamie Dunphy,Steph Routh,Joe Allen
Steph Routh,Jamie Dunphy,Noah Ernst,,,
Candace Avalos,Cayle Tern,Timur Ender,,,
Loretta Smith,Noah Ernst,Joe Allen,,,
Doug Clove,Terrence Hayes,Candace Avalos,,,
Candace Avalos,Timur Ender,Steph Routh,Jamie Dunphy,David Linn,Cayle Tern
Jamie Dunphy,Candace Avalos,Steph Routh,Noah Ernst,David Linn,Loretta Smith
Loretta Smith,,,,,
Loretta Smith,,,,,
Candace Avalos,Steph Routh,Loretta Smith,Timur Ender,Michael (Mike) Sands,Terrence Hayes
Steph Routh,Candace Avalos,Timur Ender,,,
Candace Avalos,Cayle Tern,Timur Ender,,,
Candace Avalos,Steph Routh,Loretta Smith,Timur Ender,Terrence Hayes,Jamie Dunphy
Candace Avalos,Timur Ender,Loretta Smith,Jamie Dunphy,Terrence Hayes,Steph Routh
Joe Allen,Cayle Tern,Steph Routh,Candace Avalos,Doug Clove,Deian Salazar
Steph Routh,Noah Ernst,Peggy Sue Owens,Loretta Smith,Jamie Dunphy,Joe Furi
Candace Avalos,Michael (Mike) Sands,Steph Routh,Jamie Dunphy,Timur Ender,David Linn
,,,,,
Doug Clove,Noah Ernst,Loretta Smith,,,
Noah Ernst,Candace Avalos,Jamie Dunphy,,,
Terrence Hayes,David Linn,Doug Clove,,,
Candace Avalos,Deian Salazar,,,,
Noah Ernst,Terrence Hayes,Loretta Smith,Doug Clove,Deian Salazar,
Noah Ernst,,,,,
Candace Avalos,Steph Routh,Timur Ender,Jamie Dunphy,,
Jamie Dunphy,Candace Avalos,Steph Routh,Noah Ernst,,
Candace Avalos,Steph Routh,Terrence Hayes,Doug Clove,,
Loretta Smith,Peggy Sue Owens,Candace Avalos,Cayle Tern,Jamie Dunphy,Joe Allen
Steph Routh,Jamie Dunphy,Doug Clove,Terrence Hayes,Noah Ernst,Timur Ender
Noah Ernst,Candace Avalos,Write-in-120,,,
Noah Ernst,Cayle Tern,Michael (Mike) Sands,Jamie Dunphy,Steph Routh,Terrence Hayes
Terrence Hayes,Michael (Mike) Sands,Joe Furi,David Linn,Joe Allen,Noah Ernst
Terrence Hayes,Noah Ernst,Doug Clove,,,
Candace Avalos,Loretta Smith,Doug Clove,Joe Allen,Terrence Hayes,Timur Ender
Timur Ender,Loretta Smith,,,,
Jamie Dunphy,,,,,
Loretta Smith,,,,,
Timur Ender,Candace Avalos,Noah Ernst,Steph Routh,Jamie Dunphy,
Jamie Dunphy,Candace Avalos,Timur Ender,,,
Candace Avalos,Noah Ernst,Doug Clove,Michael (Mike) Sands,Cayle Tern,Steph Routh
Peggy Sue Owens,Joe Allen,David Linn,Cayle Tern,Michael (Mike) Sands,Loretta Smith
Loretta Smith,Joe Allen,Peggy Sue Owens,Candace Avalos,Jamie Dunphy,Noah Ernst
Terrence Hayes,Jamie Dunphy,Candace Avalos,Noah Ernst,David Linn,Loretta Smith
Timur Ender,Candace Avalos,Cayle Tern,Joe Furi,Thomas Shervey,Michael (Mike) Sands
Steph Routh,Jamie Dunphy,Candace Avalos,,,
Timur Ender,Loretta Smith,Jamie Dunphy,Noah Ernst,Steph Routh,
Steph Routh,Timur Ender,Jamie Dunphy,,,
Candace Avalos,Loretta Smith,Cayle Tern,Steph Routh,,
Candace Avalos,Timur Ender,Loretta Smith,Terrence Hayes,Steph Routh,Jamie Dunphy
Noah Ernst,Joe Allen,Deian Salazar,Joe Furi,,
Steph Routh,Candace Avalos,Timur Ender,Jamie Dunphy,Loretta Smith,
Thomas Shervey,,,,,
Candace Avalos,Steph Routh,Timur Ender,Jamie Dunphy,Joe Furi,Deian Salazar
Jamie Dunphy,Candace Avalos,Steph Routh,Noah Ernst,David Linn,Loretta Smith
Candace Avalos,Steph Routh,Loretta Smith,Jamie Dunphy,Timur Ender,Terrence Hayes
Timur Ender,Loretta Smith,Cayle Tern,Jamie Dunphy,,
Candace Avalos,Timur Ender,Steph Routh,Jamie Dunphy,David Linn,Cayle Tern
Terrence Hayes,Timur Ender,Steph Routh,Doug Clove,Cayle Tern,Loretta Smith
Candace Avalos,Loretta Smith,Joe Allen,,,
Jamie Dunphy,Candace Avalos,Steph Routh,Terrence Hayes,Loretta Smith,Timur Ender
Timur Ender,Doug Clove,Michael (Mike) Sands,Loretta Smith,Steph Routh,Jamie Dunphy
Noah Ernst,Timur Ender,Loretta Smith,Terrence Hayes,Steph Routh,Jamie Dunphy
Loretta Smith,David Linn,Doug Clove,Joe Furi,Deian Salazar,Noah Ernst
Candace Avalos,Jamie Dunphy,Timur Ender,Loretta Smith,Cayle Tern,
Timur Ender,,,,,
Doug Clove,Steph Routh,Loretta Smith,Candace Avalos,,
Doug Clove,Terrence Hayes,Steph Routh,,,
Candace Avalos,Timur Ender,David Linn,Steph Routh,Jamie Dunphy,
Loretta Smith,,,,,
Terrence Hayes,Noah Ernst,,,,
Jamie Dunphy,Candace Avalos,Steph Routh,Loretta Smith,,
Terrence Hayes,Noah Ernst,,,,
Michael (Mike) Sands,Terrence Hayes,Candace Avalos,,,
Loretta Smith,Candace Avalos,Steph Routh,Jamie Dunphy,Michael (Mike) Sands,Joe Furi
Loretta Smith,Cayle Tern,Jamie Dunphy,Candace Avalos,Terrence Hayes,Noah Ernst
Candace Avalos,Cayle Tern,Timur Ender,,,
Candace Avalos,Steph Routh,Timur Ender,Jamie Dunphy,Cayle Tern,
Steph Routh,Jamie Dunphy,Peggy Sue Owens,Doug Clove,Joe Furi,Joe Allen
Terrence Hayes,Timur Ender,,,,
Noah Ernst,Timur Ender,Deian Salazar,Joe Allen,,
Timur Ender,Candace Avalos,Steph Routh,Cayle Tern,Jamie Dunphy,
Noah Ernst,Terrence Hayes,Michael (Mike) Sands,Loretta Smith,Joe Furi,Jamie Dunphy
Noah Ernst,Terrence Hayes,Doug Clove,,,
Loretta Smith,Timur Ender,Terrence Hayes,Michael (Mike) Sands,David Linn,Candace Avalos
Candace Avalos,Terrence Hayes,Steph Routh,Timur Ender,Jamie Dunphy,Loretta Smith
Candace Avalos,Loretta Smith,Cayle Tern,Thomas Shervey,Noah Ernst,David Linn
Jamie Dunphy,Candace Avalos,Steph Routh,Cayle Tern,Timur Ender,Michael (Mike) Sands
Candace Avalos,Jamie Dunphy,,,,
Noah Ernst,Terrence Hayes,Deian Salazar,,,
Steph Routh,Timur Ender,Candace Avalos,Terrence Hayes,Jamie Dunphy,Deian Salazar
Jamie Dunphy,Doug Clove,Noah Ernst,Thomas Shervey,,
Jamie Dunphy,Timur Ender,David Linn,Candace Avalos,Cayle Tern,Steph Routh
Noah Ernst,,,,,
Jamie Dunphy,Noah Ernst,Candace Avalos,,,
Jamie Dunphy,Candace Avalos,Steph Routh,Noah Ernst,David Linn,Loretta Smith
Doug Clove,Terrence Hayes,Michael (Mike) Sands,David Linn,Peggy Sue Owens,
Doug Clove,Noah Ernst,Loretta Smith,,,
David Linn,,,,,
Noah Ernst,Timur Ender,Joe Allen,Joe Furi,Steph Routh,Jamie Dunphy
David Linn,Timur Ender,Terrence Hayes,Michael (Mike) Sands,Thomas Shervey,Candace Avalos
Doug Clove,Timur Ender,David Linn,Jamie Dunphy,,
Timur Ender,Candace Avalos,David Linn,Cayle Tern,Loretta Smith,Terrence Hayes
Candace Avalos,Steph Routh,Thomas Shervey,Cayle Tern,David Linn,
Candace Avalos,Cayle Tern,Loretta Smith,Steph Routh,,
Loretta Smith,Steph Routh,Jamie Dunphy,Terrence Hayes,Candace Avalos,Timur Ender
Timur Ender,Michael (Mike) Sands,Candace Avalos,Peggy Sue Owens,Steph Routh,Loretta Smith
Terrence Hayes,Loretta Smith,,,,
Candace Avalos,Loretta Smith,David Linn,Jamie Dunphy,,
Jamie Dunphy,Candace Avalos,Steph Routh,Noah Ernst,,
Joe Allen,Joe Furi,Loretta Smith,,,
Noah Ernst,Terrence Hayes,Doug Clove,Loretta Smith,,
Timur Ender,Jamie Dunphy,Loretta Smith,Terrence Hayes,,
Peggy Sue Owens,Candace Avalos,Terrence Hayes,Loretta Smith,Deian Salazar,Cayle Tern
Jamie Dunphy,,,,,
Noah Ernst,Doug Clove,Michael (Mike) Sands,,,
Candace Avalos,Loretta Smith,Steph Routh,Timur Ender,Thomas Shervey,Jamie Dunphy
Noah Ernst,Doug Clove,Terrence Hayes,Loretta Smith,,
Terrence Hayes,Steph Routh,Loretta Smith,Candace Avalos,,
Noah Ernst,David Linn,Loretta Smith,Terrence Hayes,,
Deian Salazar,Doug Clove,Terrence Hayes,,,
Loretta Smith,Jamie Dunphy,Candace Avalos,Noah Ernst,Timur Ender,
Steph Routh,,,,,
David Linn,Michael (Mike) Sands,Thomas Shervey,Steph Routh,Jamie Dunphy,Noah Ernst
Jamie Dunphy,Candace Avalos,Loretta Smith,Terrence Hayes,Cayle Tern,Timur Ender
Doug Clove,Joe Allen,Deian Salazar,Thomas Shervey,Steph Routh,
Jamie Dunphy,Candace Avalos,Steph Routh,Noah Ernst,Doug Clove,Deian Salazar
Timur Ender,Noah Ernst,Doug Clove,Steph Routh,Terrence Hayes,Jamie Dunphy
Timur Ender,,,,,
Candace Avalos,Timur Ender,Steph Routh,Jamie Dunphy,Cayle Tern,David Linn
Candace Avalos,Jamie Dunphy,Steph Routh,Timur Ender,Terrence Hayes,Cayle Tern
Steph Routh,Candace Avalos,Jamie Dunphy,Timur Ender,Loretta Smith,Noah Ernst
Candace Avalos,Cayle Tern,Loretta Smith,Steph Routh,Peggy Sue Owens,Joe Furi
Loretta Smith,Thomas Shervey,Timur Ender,,,
Jamie Dunphy,Michael (Mike) Sands,David Linn,Timur Ender,,
Steph Routh,Candace Avalos,Jamie Dunphy,Joe Allen,Timur Ender,Cayle Tern
Loretta Smith,,,,,
,,,,,
Terrence Hayes,Noah Ernst,Doug Clove,,,
Candace Avalos,Steph Routh,Timur Ender,Jamie Dunphy,Cayle Tern,David Linn
Joe Allen,,,,,
Timur Ender,Candace Avalos,Cayle Tern,Loretta Smith,David Linn,Terrence Hayes
Candace Avalos,David Linn,Noah Ernst,Timur Ender,Michael (Mike) Sands,Cayle Tern
Write-in-120,,,,,
Joe Allen,,,,,
Noah Ernst,,,,,
Candace Avalos,Steph Routh,Terrence Hayes,Timur Ender,Loretta Smith,Jamie Dunphy
Noah Ernst,David Linn,Loretta Smith,,,
Michael (Mike) Sands,,,,,
Steph Routh,Candace Avalos,Jamie Dunphy,Timur Ender,Cayle Tern,Loretta Smith
Joe Allen,,,,,
Candace Avalos,Timur Ender,Steph Routh,,,
Noah Ernst,Loretta Smith,Deian Salazar,,,
Loretta Smith,Deian Salazar,Joe Furi,Doug Clove,,
Steph Routh,Terrence Hayes,Joe Furi,David Linn,Candace Avalos,Timur Ender
Jamie Dunphy,Steph Routh,,,,
Timur Ender,Candace Avalos,Jamie Dunphy,Loretta Smith,,
Candace Avalos,Cayle Tern,Timur Ender,,,
Candace Avalos,Steph Routh,Jamie Dunphy,Timur Ender,Terrence Hayes,
Jamie Dunphy,Candace Avalos,Steph Routh,Noah Ernst,David Linn,Loretta Smith
Loretta Smith,,,,,
Deian Salazar,Doug Clove,Noah Ernst,Timur Ender,,
Write-in-120,,,,,
Timur Ender,Terrence Hayes,Loretta Smith,,,
Candace Avalos,Steph Routh,Timur Ender,,,
Doug Clove,Michael (Mike) Sands,Deian Salazar,Joe Furi,,
Peggy Sue Owens,Candace Avalos,Cayle Tern,Deian Salazar,Jamie Dunphy,Joe Furi
Timur Ender,David Linn,Jamie Dunphy,,,
Steph Routh,Timur Ender,Loretta Smith,Candace Avalos,Terrence Hayes,Noah Ernst
Jamie Dunphy,Steph Routh,Candace Avalos,Loretta Smith,Timur Ender,Noah Ernst
Jamie Dunphy,Candace Avalos,Steph Routh,Noah Ernst,,
Candace Avalos,Cayle Tern,,,,
Noah Ernst,Loretta Smith,Terrence Hayes,,,
Candace Avalos,Loretta Smith,Terrence Hayes,Cayle Tern,Timur Ender,Steph Routh
Noah Ernst,Terrence Hayes,Joe Furi,Loretta Smith,Doug Clove,
Candace Avalos,Timur Ender,Steph Routh,Jamie Dunphy,Cayle Tern,Joe Furi
Jamie Dunphy,Candace Avalos,Steph Routh,Noah Ernst,Timur Ender,
Candace Avalos,Steph Routh,Timur Ender,Jamie Dunphy,David Linn,Michael (Mike) Sands
Peggy Sue Owens,Noah Ernst,Cayle Tern,Terrence Hayes,Steph Routh,Joe Allen
Timur Ender,Candace Avalos,Steph Routh,Loretta Smith,Jamie Dunphy,
Candace Avalos,Loretta Smith,,,,
Terrence Hayes,Noah Ernst,Joe Furi,Loretta Smith,,
Candace Avalos,Jamie Dunphy,Cayle Tern,Timur Ender,Steph Routh,Terrence Hayes
Noah Ernst,,,,,
Joe Allen,Jamie Dunphy,Noah Ernst,Steph Routh,David Linn,Candace Avalos
Timur Ender,Candace Avalos,Steph Routh,Jamie Dunphy,Loretta Smith,Terrence Hayes
Loretta Smith,Timur Ender,Joe Allen,Peggy Sue Owens,Candace Avalos,David Linn
Jamie Dunphy,Steph Routh,Candace Avalos,Timur Ender,Loretta Smith,
Doug Clove,Joe Allen,Terrence Hayes,Timur Ender,Deian Salazar,Steph Routh
Doug Clove,Thomas Shervey,Steph Routh,Loretta Smith,David Linn,Candace Avalos
Timur Ender,Candace Avalos,Loretta Smith,Terrence Hayes,Steph Routh,Jamie Dunphy
Candace Avalos,Jamie Dunphy,Steph Routh,Timur Ender,,
Candace Avalos,Cayle Tern,Timur Ender,,,
David Linn,Joe Furi,Doug Clove,Loretta Smith,Jamie Dunphy,Noah Ernst
Michael (Mike) Sands,,,,,
Terrence Hayes,Noah Ernst,Joe Furi,Loretta Smith,Doug Clove,Write-in-120
Jamie Dunphy,Steph Routh,Terrence Hayes,,,
Candace Avalos,Timur Ender,Jamie Dunphy,,,
Timur Ender,Jamie Dunphy,Loretta Smith,Candace Avalos,Terrence Hayes,Joe Furi
Candace Avalos,Jamie Dunphy,Timur Ender,Steph Routh,Terrence Hayes,Loretta Smith
Jamie Dunphy,Noah Ernst,Candace Avalos,Steph Routh,,
Doug Clove,Joe Allen,,,,
,,,,,
Joe Allen,,,,,
Steph Routh,Candace Avalos,Terrence Hayes,Jamie Dunphy,Loretta Smith,Cayle Tern
Noah Ernst,,,,,
Noah Ernst,,,,,
Doug Clove,Loretta Smith,,,,
Joe Allen,Deian Salazar,Timur Ender,Terrence Hayes,Doug Clove,Steph Routh
Peggy Sue Owens,Candace Avalos,Cayle Tern,Michael (Mike) Sands,Timur Ender,Steph Routh
Candace Avalos,Timur Ender,Terrence Hayes,Cayle Tern,Steph Routh,Jamie Dunphy
Terrence Hayes,Noah Ernst,Loretta Smith,,,
Cayle Tern,Deian Salazar,Steph Routh,Loretta Smith,Timur Ender,Jamie Dunphy
Doug Clove,Terrence Hayes,Steph Routh,Loretta Smith,Candace Avalos,Noah Ernst
Michael (Mike) Sands,Steph Routh,Jamie Dunphy,,,
Noah Ernst,,,,,
Candace Avalos,Cayle Tern,Timur Ender,,,
Steph Routh,Jamie Dunphy,Candace Avalos,Noah Ernst,David Linn,Loretta Smith
Terrence Hayes,Cayle Tern,,,,
Candace Avalos,Steph Routh,Timur Ender,David Linn,Jamie Dunphy,
Noah Ernst,Joe Allen,Doug Clove,Terrence Hayes,,
Timur Ender,Jamie Dunphy,Candace Avalos,Steph Routh,,
Timur Ender,Jamie Dunphy,,,,
Candace Avalos,Cayle Tern,Timur Ender,,,
Terrence Hayes,Noah Ernst,Deian Salazar,Steph Routh,,
Noah Ernst,Doug Clove,Loretta Smith,Joe Allen,David Linn,Deian Salazar
Steph Routh,Loretta Smith,Timur Ender,Candace Avalos,Michael (Mike) Sands,Jamie Dunphy
Noah Ernst,Peggy Sue Owens,David Linn,,,
Jamie Dunphy,Terrence Hayes,Doug Clove,Loretta Smith,,
Loretta Smith,Terrence Hayes,Steph Routh,Michael (Mike) Sands,Deian Salazar,Timur Ender
Michael (Mike) Sands,David Linn,,,,
Jamie Dunphy,Steph Routh,Candace Avalos,,,
Timur Ender,Candace Avalos,Deian Salazar,Steph Routh,Loretta Smith,
Timur Ender,Candace Avalos,Loretta Smith,Terrence Hayes,Steph Routh,Jamie Dunphy
Doug Clove,,,,,
Loretta Smith,,,,,
Jamie Dunphy,Timur Ender,Steph Routh,Loretta Smith,Cayle Tern,Terrence Hayes
Noah Ernst,Michael (Mike) Sands,David Linn,Loretta Smith,Terrence Hayes,
Terrence Hayes,Noah Ernst,Steph Routh,,,
,,,,,
Jamie Dunphy,Candace Avalos,Steph Routh,,,
Deian Salazar,Loretta Smith,Jamie Dunphy,Steph Routh,Candace Avalos,Timur Ender
Candace Avalos,Jamie Dunphy,Timur Ender,Steph Routh,,
David Linn,,,,,
Terrence Hayes,Loretta Smith,Jamie Dunphy,Steph Routh,Timur Ender,Thomas Shervey
Candace Avalos,Steph Routh,Timur Ender,,,
Loretta Smith,Timur Ender,Jamie Dunphy,Steph Routh,,
Timur Ender,Loretta Smith,Doug Clove,,,
Peggy Sue Owens,Candace Avalos,Cayle Tern,Deian Salazar,Loretta Smith,Steph Routh
Peggy Sue Owens,Jamie Dunphy,,,,
Steph Routh,Loretta Smith,Doug Clove,,,
Noah Ernst,,,,,
Noah Ernst,Steph Routh,Peggy Sue Owens,Loretta Smith,David Linn,
Peggy Sue Owens,,,,,
David Linn,Terrence Hayes,Thomas Shervey,Joe Furi,Candace Avalos,Jamie Dunphy
Candace Avalos,Timur Ender,Jamie Dunphy,David Linn,Terrence Hayes,Peggy Sue Owens
Noah Ernst,Joe Allen,,,,
Doug Clove,,,,,
Candace Avalos,Steph Routh,Jamie Dunphy,Noah Ernst,David Linn,Loretta Smith
Loretta Smith,,,,,
Candace Avalos,Timur Ender,Steph Routh,Jamie Dunphy,Cayle Tern,David Linn
Steph Routh,,,,,
Noah Ernst,Loretta Smith,Terrence Hayes,Jamie Dunphy,Thomas Shervey,Peggy Sue Owens
Michael (Mike) Sands,Thomas Shervey,Noah Ernst,Terrence Hayes,David Linn,Joe Allen
Jamie Dunphy,Steph Routh,Timur Ender,Terrence Hayes,Loretta Smith,Deian Salazar
Michael (Mike) Sands,,,,,
Terrence Hayes,,,,,
Loretta Smith,Candace Avalos,David Linn,Joe Allen,Cayle Tern,Terrence Hayes
Terrence Hayes,Noah Ernst,Candace Avalos,,,
Candace Avalos,Steph Routh,Thomas Shervey,,,
Deian Salazar,Joe Allen,,,,
Doug Clove,Cayle Tern,Joe Allen,Jamie Dunphy,Michael (Mike) Sands,Thomas Shervey
Joe Allen,Noah Ernst,Joe Furi,Loretta Smith,Jamie Dunphy,
Jamie Dunphy,Steph Routh,Deian Salazar,Michael (Mike) Sands,Noah Ernst,Timur Ender
Timur Ender,Noah Ernst,Deian Salazar,Thomas Shervey,Terrence Hayes,Jamie Dunphy
Candace Avalos,Timur Ender,Steph Routh,,,
Candace Avalos,,,,,
Loretta Smith,Terrence Hayes,Jamie Dunphy,,,
Jamie Dunphy,Candace Avalos,,,,
Loretta Smith,,,,,
Doug Clove,Michael (Mike) Sands,Loretta Smith,,,
Jamie Dunphy,,,,,
Loretta Smith,Terrence Hayes,Jamie Dunphy,Deian Salazar,Candace Avalos,Steph Routh
Noah Ernst,David Linn,Terrence Hayes,Timur Ender,,
Jamie Dunphy,Candace Avalos,Steph Routh,Noah Ernst,David Linn,Loretta Smith
Doug Clove,Noah Ernst,,,,
Timur Ender,Candace Avalos,Jamie Dunphy,Steph Routh,Joe Allen,
Loretta Smith,Timur Ender,David Linn,Michael (Mike) Sands,Terrence Hayes,Steph Routh
Doug Clove,,,,,
Doug Clove,,,,,
Noah Ernst,Thomas Shervey,Doug Clove,,,
Steph Routh,,,,,
Candace Avalos,,,,,
Candace Avalos,Jamie Dunphy,Steph Routh,,,
Terrence Hayes,Noah Ernst,Loretta Smith,Joe Allen,Joe Furi,Timur Ender
Terrence Hayes,Noah Ernst,David Linn,Steph Routh,Doug Clove,
Steph Routh,Loretta Smith,Candace Avalos,,,
Noah Ernst,Joe Allen,,,,
Michael (Mike) Sands,David Linn,Joe Allen,Terrence Hayes,Steph Routh,Peggy Sue Owens
Steph Routh,Noah Ernst,Candace Avalos,Terrence Hayes,Jamie Dunphy,Loretta Smith
Noah Ernst,,,,,
Timur Ender,Jamie Dunphy,David Linn,Cayle Tern,Candace Avalos,Steph Routh
Jamie Dunphy,Candace Avalos,Timur Ender,Cayle Tern,David Linn,Steph Routh
Jamie Dunphy,Candace Avalos,Loretta Smith,,,
Timur Ender,Candace Avalos,David Linn,Cayle Tern,Loretta Smith,Terrence Hayes
Timur Ender,Terrence Hayes,Jamie Dunphy,,,
Jamie Dunphy,Steph Routh,,,,
Noah Ernst,Candace Avalos,Steph Routh,Jamie Dunphy,Timur Ender,
Noah Ernst,Timur Ender,Doug Clove,Terrence Hayes,Deian Salazar,Candace Avalos
Steph Routh,Loretta Smith,Terrence Hayes,,,
Candace Avalos,Steph Routh,Timur Ender,Jamie Dunphy,,
Candace Avalos,Timur Ender,Cayle Tern,Write-in-120,Jamie Dunphy,
Loretta Smith,Doug Clove,Jamie Dunphy,Timur Ender,Steph Routh,Deian Salazar
Terrence Hayes,Noah Ernst,,,,
Joe Allen,Loretta Smith,Jamie Dunphy,,,
Doug Clove,,,,,
Terrence Hayes,,,,,
Thomas Shervey,Deian Salazar,Terrence Hayes,Steph Routh,David Linn,Joe Furi
Noah Ernst,Doug Clove,Joe Allen,Candace Avalos,Terrence Hayes,
Deian Salazar,Candace Avalos,Michael (Mike) Sands,,,
Cayle Tern,David Linn,Joe Furi,,,
Loretta Smith,Terrence Hayes,Candace Avalos,,,
Jamie Dunphy,,,,,
Timur Ender,Michael (Mike) Sands,Joe Furi,Candace Avalos,Cayle Tern,Jamie Dunphy
Terrence Hayes,Loretta Smith,,,,
Terrence Hayes,Noah Ernst,Joe Furi,Loretta Smith,Doug Clove,Write-in-120
Jamie Dunphy,Steph Routh,David Linn,Candace Avalos,Loretta Smith,
Terrence Hayes,Noah Ernst,Loretta Smith,Deian Salazar,Cayle Tern,Jamie Dunphy
David Linn,Loretta Smith,Terrence Hayes,,,
Loretta Smith,,,,,
Noah Ernst,Deian Salazar,Terrence Hayes,Doug Clove,Steph Routh,Timur Ender
Timur Ender,Terrence Hayes,Steph Routh,Loretta Smith,Jamie Dunphy,David Linn
Candace Avalos,Jamie Dunphy,Terrence Hayes,Noah Ernst,Steph Routh,Deian Salazar
Noah Ernst,Timur Ender,,,,
Noah Ernst,Loretta Smith,Jamie Dunphy,Terrence Hayes,Joe Furi,Doug Clove
Candace Avalos,Steph Routh,Timur Ender,Jamie Dunphy,Loretta Smith,Cayle Tern
Steph Routh,Candace Avalos,Timur Ender,Jamie Dunphy,,
Noah Ernst,Terrence Hayes,Steph Routh,Jamie Dunphy,Candace Avalos,
Candace Avalos,Steph Routh,Loretta Smith,,,
Loretta Smith,Terrence Hayes,Steph Routh,Jamie Dunphy,,
,,,,,
Jamie Dunphy,Terrence Hayes,Loretta Smith,,,
Timur Ender,Jamie Dunphy,Doug Clove,,,
,,,,,
Candace Avalos,Deian Salazar,Loretta Smith,Cayle Tern,Timur Ender,Joe Furi
Candace Avalos,Steph Routh,Jamie Dunphy,,,
Jamie Dunphy,Steph Routh,Candace Avalos,Loretta Smith,,
Michael (Mike) Sands,Timur Ender,,,,
Timur Ender,Jamie Dunphy,Loretta Smith,Steph Routh,Candace Avalos,Cayle Tern
Timur Ender,Loretta Smith,Candace Avalos,Steph Routh,Michael (Mike) Sands,David Linn
Candace Avalos,Cayle Tern,Steph Routh,,,
Loretta Smith,Candace Avalos,Michael (Mike) Sands,Deian Salazar,Terrence Hayes,Cayle Tern
Loretta Smith,Terrence Hayes,David Linn,Michael (Mike) Sands,Write-in-120,Joe Allen
Candace Avalos,Jamie Dunphy,Timur Ender,Terrence Hayes,Loretta Smith,Steph Routh
Candace Avalos,Doug Clove,,,,
Cayle Tern,Candace Avalos,Jamie Dunphy,Steph Routh,Joe Furi,Timur Ender
Cayle Tern,Noah Ernst,Joe Furi,Steph Routh,Thomas Shervey,Write-in-122
Cayle Tern,Candace Avalos,,,,
Candace Avalos,Terrence Hayes,Steph Routh,Timur Ender,Jamie Dunphy,
Loretta Smith,Terrence Hayes,,,,
Peggy Sue Owens,Loretta Smith,Candace Avalos,Jamie Dunphy,Steph Routh,Cayle Tern
Noah Ernst,Terrence Hayes,Peggy Sue Owens,David Linn,Thomas Shervey,Michael (Mike) Sands
Jamie Dunphy,Candace Avalos,Terrence Hayes,Loretta Smith,Steph Routh,Timur Ender
Candace Avalos,Timur Ender,Jamie Dunphy,Steph Routh,Cayle Tern,Loretta Smith
Terrence Hayes,Steph Routh,Loretta Smith,Jamie Dunphy,Candace Avalos,
Doug Clove,Noah Ernst,Jamie Dunphy,Terrence Hayes,Loretta Smith,Steph Routh
Jamie Dunphy,Candace Avalos,Timur Ender,David Linn,Cayle Tern,Michael (Mike) Sands
Candace Avalos,Cayle Tern,Steph Routh,Timur Ender,,
Jamie Dunphy,Candace Avalos,Steph Routh,Noah Ernst,David Linn,Loretta Smith
Candace Avalos,Steph Routh,Cayle Tern,Timur Ender,Michael (Mike) Sands,Jamie Dunphy
Terrence Hayes,Noah Ernst,Timur Ender,Doug Clove,Michael (Mike) Sands,Deian Salazar
Steph Routh,Candace Avalos,Timur Ender,Jamie Dunphy,,
Cayle Tern,Terrence Hayes,Candace Avalos,Timur Ender,Steph Routh,David Linn
Loretta Smith,Terrence Hayes,Candace Avalos,David Linn,Steph Routh,Jamie Dunphy
Candace Avalos,,,,,
Candace Avalos,,,,,
Doug Clove,Noah Ernst,Candace Avalos,David Linn,Terrence Hayes,Thomas Shervey
Candace Avalos,Cayle Tern,Timur Ender,Steph Routh,Jamie Dunphy,David Linn
Doug Clove,Deian Salazar,,,,
Jamie Dunphy,Loretta Smith,,,,
Noah Ernst,Michael (Mike) Sands,Loretta Smith,Terrence Hayes,Doug Clove,Joe Allen
Timur Ender,Candace Avalos,Cayle Tern,,,
Jamie Dunphy,Candace Avalos,Noah Ernst,Cayle Tern,Terrence Hayes,Timur Ender
Loretta Smith,Terrence Hayes,Doug Clove,,,
Loretta Smith,Terrence Hayes,Doug Clove,Candace Avalos,Noah Ernst,Steph Routh
Timur Ender,Candace Avalos,Terrence Hayes,Jamie Dunphy,Deian Salazar,
Jamie Dunphy,Joe Allen,Candace Avalos,Timur Ender,,
Jamie Dunphy,Candace Avalos,Steph Routh,,,
Doug Clove,Joe Furi,,,,
Michael (Mike) Sands,,,,,
Candace Avalos,Write-in-120,Timur Ender,Doug Clove,Steph Routh,
Jamie Dunphy,,,,,
Terrence Hayes,Joe Allen,Doug Clove,,,
Jamie Dunphy,Candace Avalos,Steph Routh,Noah Ernst,David Linn,Loretta Smith
Timur Ender,Candace Avalos,Steph Routh,Cayle Tern,Loretta Smith,Deian Salazar
Candace Avalos,Cayle Tern,Timur Ender,Jamie Dunphy,,
Candace Avalos,Steph Routh,Timur Ender,,,
Steph Routh,Terrence Hayes,Loretta Smith,Candace Avalos,,
Steph Routh,Jamie Dunphy,Candace Avalos,Loretta Smith,,
Deian Salazar,Candace Avalos,Doug Clove,Loretta Smith,Peggy Sue Owens,David Linn
Thomas Shervey,Jamie Dunphy,Terrence Hayes,Doug Clove,Joe Furi,Deian Salazar
,,,,,
Noah Ernst,David Linn,Candace Avalos,Steph Routh,Jamie Dunphy,
Noah Ernst,Deian Salazar,David Linn,Write-in-120,Thomas Shervey,
Loretta Smith,Candace Avalos,Timur Ender,Steph Routh,,
Jamie Dunphy,Loretta Smith,Steph Routh,David Linn,Terrence Hayes,
Timur Ender,Candace Avalos,Steph Routh,Cayle Tern,,
Peggy Sue Owens,Joe Furi,David Linn,Loretta Smith,Candace Avalos,Steph Routh
Loretta Smith,,,,,
Jamie Dunphy,Timur Ender,Noah Ernst,Cayle Tern,,
Noah Ernst,Doug Clove,Jamie Dunphy,Steph Routh,David Linn,Joe Furi
Deian Salazar,,,,,
Noah Ernst,Deian Salazar,Candace Avalos,,,
Candace Avalos,,,,,
Candace Avalos,Steph Routh,Timur Ender,Jamie Dunphy,,
Timur Ender,Jamie Dunphy,Loretta Smith,,,
Loretta Smith,Terrence Hayes,Candace Avalos,,,
Candace Avalos,Cayle Tern,Timur Ender,,,
Terrence Hayes,Loretta Smith,Steph Routh,Timur Ender,,
David Linn,Joe Allen,Candace Avalos,Michael (Mike) Sands,Loretta Smith,Steph Routh
Timur Ender,Candace Avalos,Doug Clove,Loretta Smith,,
Deian Salazar,Joe Allen,Noah Ernst,Doug Clove,,
Loretta Smith,,,,,
Loretta Smith,Jamie Dunphy,Steph Routh,Cayle Tern,Candace Avalos,
Candace Avalos,Timur Ender,David Linn,Cayle Tern,Jamie Dunphy,Steph Routh
Steph Routh,Loretta Smith,Terrence Hayes,Michael (Mike) Sands,Jamie Dunphy,Deian Salazar
Terrence Hayes,Noah Ernst,,,,
Steph Routh,Candace Avalos,Jamie Dunphy,Cayle Tern,Terrence Hayes,Deian Salazar
Candace Avalos,Cayle Tern,Steph Routh,Jamie Dunphy,Timur Ender,
Timur Ender,Steph Routh,Jamie Dunphy,Terrence Hayes,Candace Avalos,
Loretta Smith,Terrence Hayes,Steph Routh,Jamie Dunphy,Deian Salazar,Timur Ender
Steph Routh,,,,,
Candace Avalos,Steph Routh,Timur Ender,,,
Noah Ernst,Jamie Dunphy,Candace Avalos,Steph Routh,David Linn,Loretta Smith
Deian Salazar,Michael (Mike) Sands,Joe Furi,Doug Clove,Cayle Tern,
Loretta Smith,Steph Routh,,,,
Candace Avalos,Peggy Sue Owens,Loretta Smith,Deian Salazar,Cayle Tern,Jamie Dunphy
Peggy Sue Owens,Joe Allen,Joe Furi,Thomas Shervey,Jamie Dunphy,Cayle Tern
Loretta Smith,,,,,
Steph Routh,Noah Ernst,Terrence Hayes,Loretta Smith,Michael (Mike) Sands,David Linn
Timur Ender,Jamie Dunphy,,,,
Loretta Smith,Jamie Dunphy,Michael (Mike) Sands,David Linn,,
Loretta Smith,,,,,
Loretta Smith,Jamie Dunphy,Steph Routh,,,
Deian Salazar,Terrence Hayes,Jamie Dunphy,David Linn,Noah Ernst,Loretta Smith
Jamie Dunphy,Steph Routh,Loretta Smith,Candace Avalos,Timur Ender,Cayle Tern
Jamie Dunphy,Timur Ender,Deian Salazar,Terrence Hayes,Loretta Smith,Candace Avalos
Timur Ender,Loretta Smith,Terrence Hayes,Steph Routh,Deian Salazar,David Linn
Steph Routh,Timur Ender,Joe Allen,David Linn,Jamie Dunphy,
Noah Ernst,Joe Allen,David Linn,Doug Clove,Michael (Mike) Sands,Jamie Dunphy
Loretta Smith,Candace Avalos,Joe Allen,Joe Furi,Deian Salazar,Jamie Dunphy
Steph Routh,Jamie Dunphy,Candace Avalos,,,
Candace Avalos,Cayle Tern,Steph Routh,,,
Loretta Smith,,,,,
David Linn,Loretta Smith,Jamie Dunphy,Joe Allen,,
Deian Salazar,,,,,
Terrence Hayes,Loretta Smith,Joe Allen,,,
Timur Ender,Michael (Mike) Sands,Loretta Smith,,,
Loretta Smith,Peggy Sue Owens,Candace Avalos,Cayle Tern,Steph Routh,Timur Ender
Timur Ender,Loretta Smith,Candace Avalos,Steph Routh,Jamie Dunphy,Joe Allen
Candace Avalos,Cayle Tern,Noah Ernst,,,
Loretta Smith,Terrence Hayes,Steph Routh,Candace Avalos,David Linn,Timur Ender
Joe Allen,Peggy Sue Owens,Noah Ernst,David Linn,Timur Ender,Jamie Dunphy
Terrence Hayes,Noah Ernst,,,,
Candace Avalos,Timur Ender,Cayle Tern,Michael (Mike) Sands,Thomas Shervey,Steph Routh
Deian Salazar,Noah Ernst,Joe Allen,Terrence Hayes,Doug Clove,
Candace Avalos,Cayle Tern,Joe Furi,Timur Ender,Loretta Smith,Terrence Hayes
Jamie Dunphy,Michael (Mike) Sands,Timur Ender,Candace Avalos,Steph Routh,Cayle Tern
Steph Routh,Candace Avalos,Jamie Dunphy,Timur Ender,,
Terrence Hayes,Joe Furi,Cayle Tern,Joe Allen,Steph Routh,Candace Avalos
Timur Ender,Jamie Dunphy,Candace Avalos,Steph Routh,,
Noah Ernst,Terrence Hayes,Loretta Smith,,,
Timur Ender,,,,,
Candace Avalos,Loretta Smith,Terrence Hayes,Jamie Dunphy,Steph Routh,David Linn
Terrence Hayes,Jamie Dunphy,Cayle Tern,Candace Avalos,Timur Ender,Steph Routh
Deian Salazar,,,,,
Peggy Sue Owens,Jamie Dunphy,Joe Furi,Deian Salazar,Thomas Shervey,Terrence Hayes
Loretta Smith,,,,,
Joe Allen,Noah Ernst,,,,
Jamie Dunphy,Candace Avalos,Steph Routh,Noah Ernst,David Linn,Loretta Smith
Loretta Smith,Timur Ender,,,,
Timur Ender,,,,,
Jamie Dunphy,Timur Ender,Candace Avalos,Terrence Hayes,Thomas Shervey,Deian Salazar
Doug Clove,Joe Allen,Steph Routh,Candace Avalos,Jamie Dunphy,Michael (Mike) Sands
Timur Ender,Candace Avalos,Cayle Tern,,,
Candace Avalos,Cayle Tern,Steph Routh,Timur Ender,David Linn,
Jamie Dunphy,Candace Avalos,David Linn,Steph Routh,Loretta Smith,
Terrence Hayes,Loretta Smith,Steph Routh,Candace Avalos,Noah Ernst,Timur Ender
Steph Routh,Loretta Smith,Peggy Sue Owens,,,
Jamie Dunphy,Terrence Hayes,Steph Routh,Candace Avalos,,
Noah Ernst,Peggy Sue Owens,Doug Clove,,,
David Linn,Joe Furi,Michael (Mike) Sands,Loretta Smith,Thomas Shervey,Jamie Dunphy
Timur Ender,Candace Avalos,Terrence Hayes,Jamie Dunphy,Noah Ernst,Steph Routh
Steph Routh,Doug Clove,Timur Ender,Loretta Smith,,
Timur Ender,Candace Avalos,Cayle Tern,Steph Routh,Jamie Dunphy,
Jamie Dunphy,Candace Avalos,Steph Routh,Timur Ender,,
Steph Routh,Jamie Dunphy,,,,
Terrence Hayes,Steph Routh,Loretta Smith,David Linn,Joe Allen,Noah Ernst
Jamie Dunphy,Timur Ender,Steph Routh,David Linn,Terrence Hayes,Candace Avalos
Candace Avalos,Steph Routh,Timur Ender,Jamie Dunphy,Cayle Tern,David Linn
Michael (Mike) Sands,,,,,
Candace Avalos,Jamie Dunphy,Steph Routh,Loretta Smith,Cayle Tern,Peggy Sue Owens
Doug Clove,Cayle Tern,Deian Salazar,Loretta Smith,,
Loretta Smith,Michael (Mike) Sands,Terrence Hayes,David Linn,Steph Routh,Cayle Tern
Steph Routh,Candace Avalos,Jamie Dunphy,,,
Cayle Tern,Loretta Smith,David Linn,Jamie Dunphy,,
Candace Avalos,Cayle Tern,Timur Ender,Steph Routh,David Linn,Michael (Mike) Sands
Candace Avalos,Timur Ender,Loretta Smith,Terrence Hayes,Steph Routh,Jamie Dunphy
Steph Routh,Jamie Dunphy,Candace Avalos,,,
Loretta Smith,Peggy Sue Owens,Candace Avalos,Jamie Dunphy,Steph Routh,Michael (Mike) Sands
Joe Allen,Deian Salazar,,,,
Thomas Shervey,Loretta Smith,Michael (Mike) Sands,Timur Ender,David Linn,Joe Allen
Jamie Dunphy,Steph Routh,Noah Ernst,Loretta Smith,,
Candace Avalos,Timur Ender,Noah Ernst,,,
Joe Furi,Joe Allen,Deian Salazar,Candace Avalos,David Linn,Steph Routh
Doug Clove,Terrence Hayes,Jamie Dunphy,Candace Avalos,David Linn,Deian Salazar
Terrence Hayes,,,,,
Jamie Dunphy,Michael (Mike) Sands,Joe Allen,Candace Avalos,Noah Ernst,Terrence Hayes
Terrence Hayes,Steph Routh,Jamie Dunphy,Cayle Tern,Candace Avalos,Doug Clove
Noah Ernst,Doug Clove,Deian Salazar,,,
Loretta Smith,Jamie Dunphy,Candace Avalos,Terrence Hayes,Timur Ender,Steph Routh
Terrence Hayes,Steph Routh,Candace Avalos,Timur Ender,David Linn,Loretta Smith
,,,,,
Timur Ender,Jamie Dunphy,Steph Routh,Terrence Hayes,Noah Ernst,
Michael (Mike) Sands,,,,,
Loretta Smith,Jamie Dunphy,Steph Routh,Candace Avalos,Cayle Tern,David Linn
Candace Avalos,Steph Routh,,,,
Candace Avalos,Terrence Hayes,Timur Ender,Steph Routh,,
Candace Avalos,Steph Routh,Jamie Dunphy,David Linn,Loretta Smith,Terrence Hayes
Jamie Dunphy,Steph Routh,Timur Ender,Candace Avalos,Loretta Smith,Terrence Hayes
Candace Avalos,Steph Routh,Timur Ender,Jamie Dunphy,,
Doug Clove,Jamie Dunphy,Steph Routh,Terrence Hayes,Noah Ernst,Candace Avalos
Timur Ender,David Linn,Loretta Smith,,,
Noah Ernst,David Linn,Loretta Smith,Terrence Hayes,,
Doug Clove,David Linn,Loretta Smith,Terrence Hayes,Steph Routh,Jamie Dunphy
Candace Avalos,Loretta Smith,Jamie Dunphy,Steph Routh,,
Candace Avalos,,,,,
Peggy Sue Owens,Candace Avalos,Loretta Smith,Jamie Dunphy,Terrence Hayes,Steph Routh
Loretta Smith,Steph Routh,Timur Ender,Jamie Dunphy,,
Loretta Smith,Terrence Hayes,Jamie Dunphy,Candace Avalos,Steph Routh,
Candace Avalos,Deian Salazar,Loretta Smith,Joe Allen,Terrence Hayes,Jamie Dunphy
Loretta Smith,,,,,
Candace Avalos,Cayle Tern,Timur Ender,Steph Routh,Loretta Smith,Jamie Dunphy
Terrence Hayes,,,,,
Peggy Sue Owens,Timur Ender,Candace Avalos,Joe Allen,Steph Routh,
Terrence Hayes,Steph Routh,Noah Ernst,Cayle Tern,,
Noah Ernst,Jamie Dunphy,Steph Routh,Timur Ender,Doug Clove,Candace Avalos
Doug Clove,Loretta Smith,Jamie Dunphy,Michael (Mike) Sands,,
Timur Ender,,,,,
Steph Routh,Candace Avalos,Jamie Dunphy,Terrence Hayes,David Linn,
Jamie Dunphy,Candace Avalos,Steph Routh,Noah Ernst,David Linn,Loretta Smith
Peggy Sue Owens,,,,,
Deian Salazar,,,,,
Candace Avalos,Jamie Dunphy,Timur Ender,Steph Routh,Cayle Tern,
Candace Avalos,David Linn,,,,
Terrence Hayes,Steph Routh,Loretta Smith,Jamie Dunphy,,
Loretta Smith,Terrence Hayes,,,,
Michael (Mike) Sands,Steph Routh,,,,
Jamie Dunphy,Timur Ender,Steph Routh,Candace Avalos,,
Candace Avalos,Timur Ender,Steph Routh,Jamie Dunphy,,
Timur Ender,Terrence Hayes,Loretta Smith,,,
Candace Avalos,Steph Routh,Jamie Dunphy,Joe Allen,,
Jamie Dunphy,,,,,
Jamie Dunphy,Timur Ender,Cayle Tern,Steph Routh,David Linn,
Steph Routh,Jamie Dunphy,Timur Ender,Candace Avalos,,
Candace Avalos,Jamie Dunphy,Timur Ender,Steph Routh,,
Michael (Mike) Sands,Deian Salazar,Steph Routh,,,
Noah Ernst,Joe Allen,David Linn,Joe Furi,Michael (Mike) Sands,Doug Clove
Jamie Dunphy,Steph Routh,Candace Avalos,,,
Jamie Dunphy,Candace Avalos,Steph Routh,,,
Loretta Smith,Terrence Hayes,Steph Routh,Joe Allen,Candace Avalos,Jamie Dunphy
Steph Routh,Candace Avalos,Timur Ender,Jamie Dunphy,,
Terrence Hayes,Cayle Tern,Timur Ender,Candace Avalos,Loretta Smith,
Jamie Dunphy,Steph Routh,Terrence Hayes,Thomas Shervey,Loretta Smith,Deian Salazar
Candace Avalos,,,,,
Terrence Hayes,Noah Ernst,,,,
Candace Avalos,Doug Clove,Timur Ender,Jamie Dunphy,Noah Ernst,
Steph Routh,Candace Avalos,Terrence Hayes,Jamie Dunphy,David Linn,Cayle Tern
Noah Ernst,Doug Clove,Terrence Hayes,David Linn,Steph Routh,Thomas Shervey
Deian Salazar,Loretta Smith,Steph Routh,Jamie Dunphy,Candace Avalos,Terrence Hayes
Candace Avalos,Timur Ender,Steph Routh,,,
Noah Ernst,David Linn,Candace Avalos,Peggy Sue Owens,Thomas Shervey,Timur Ender
Joe Furi,Michael (Mike) Sands,Cayle Tern,Timur Ender,Terrence Hayes,Noah Ernst
Jamie Dunphy,Loretta Smith,,,,
Timur Ender,Jamie Dunphy,Candace Avalos,,,
Noah Ernst,Deian Salazar,Loretta Smith,Doug Clove,Thomas Shervey,Terrence Hayes
Timur Ender,Terrence Hayes,Loretta Smith,Steph Routh,,
Terrence Hayes,,,,,
Candace Avalos,Cayle Tern,Timur Ender,Steph Routh,Write-in-120,
Steph Routh,Jamie Dunphy,Candace Avalos,Noah Ernst,David Linn,
Noah Ernst,Terrence Hayes,Candace Avalos,David Linn,Loretta Smith,
Jamie Dunphy,Candace Avalos,Noah Ernst,David Linn,Cayle Tern,Terrence Hayes
Loretta Smith,Candace Avalos,Jamie Dunphy,Cayle Tern,Timur Ender,Noah Ernst
Noah Ernst,Joe Allen,Deian Salazar,Joe Furi,,
Candace Avalos,Peggy Sue Owens,Loretta Smith,Jamie Dunphy,Terrence Hayes,Joe Furi
Doug Clove,Joe Allen,Michael (Mike) Sands,Joe Furi,Thomas Shervey,Noah Ernst
Loretta Smith,,,,,
Terrence Hayes,Loretta Smith,Joe Furi,Steph Routh,Candace Avalos,Jamie Dunphy
David Linn,Timur Ender,Michael (Mike) Sands,Candace Avalos,Loretta Smith,Joe Furi
Timur Ender,Doug Clove,Loretta Smith,Candace Avalos,,
Candace Avalos,,,,,
Noah Ernst,Doug Clove,Loretta Smith,,,
Candace Avalos,,,,,
Thomas Shervey,Michael (Mike) Sands,Doug Clove,Joe Allen,Steph Routh,Terrence Hayes
Terrence Hayes,Doug Clove,Thomas Shervey,,,
Candace Avalos,David Linn,Cayle Tern,Terrence Hayes,Loretta Smith,Steph Routh
Loretta Smith,Thomas Shervey,Noah Ernst,Joe Allen,David Linn,Doug Clove
Candace Avalos,Terrence Hayes,Doug Clove,Steph Routh,Loretta Smith,
Terrence Hayes,Loretta Smith,Candace Avalos,Steph Routh,Deian Salazar,Timur Ender
Candace Avalos,Peggy Sue Owens,Cayle Tern,Deian Salazar,Loretta Smith,Jamie Dunphy
Candace Avalos,Terrence Hayes,Steph Routh,Jamie Dunphy,Timur Ender,Loretta Smith
Candace Avalos,Timur Ender,Jamie Dunphy,Steph Routh,Loretta Smith,David Linn
Loretta Smith,Steph Routh,Terrence Hayes,Timur Ender,Candace Avalos,Noah Ernst
Terrence Hayes,Steph Routh,Jamie Dunphy,Candace Avalos,Thomas Shervey,
Terrence Hayes,Noah Ernst,Timur Ender,Peggy Sue Owens,David Linn,Cayle Tern
Jamie Dunphy,,,,,
Terrence Hayes,Joe Furi,Candace Avalos,Loretta Smith,Peggy Sue Owens,Noah Ernst
Timur Ender,Jamie Dunphy,Terrence Hayes,Candace Avalos,Steph Routh,
Loretta Smith,Terrence Hayes,Timur Ender,Steph Routh,Candace Avalos,Jamie Dunphy
Candace Avalos,Steph Routh,Jamie Dunphy,,,
Noah Ernst,Michael (Mike) Sands,Thomas Shervey,,,
Candace Avalos,Timur Ender,Cayle Tern,Steph Routh,Write-in-120,Joe Furi
Steph Routh,Candace Avalos,Timur Ender,Jamie Dunphy,Loretta Smith,Noah Ernst
Terrence Hayes,Deian Salazar,Noah Ernst,Loretta Smith,Steph Routh,
Peggy Sue Owens,,,,,
Joe Allen,Doug Clove,Joe Furi,Deian Salazar,Terrence Hayes,Candace Avalos
Steph Routh,Jamie Dunphy,Noah Ernst,Candace Avalos,David Linn,Loretta Smith
Noah Ernst,Michael (Mike) Sands,Loretta Smith,Peggy Sue Owens,Jamie Dunphy,David Linn
Loretta Smith,,,,,
Timur Ender,,,,,
Candace Avalos,Timur Ender,David Linn,Jamie Dunphy,Thomas Shervey,Terrence Hayes
Steph Routh,Jamie Dunphy,Candace Avalos,,,
Loretta Smith,Steph Routh,Terrence Hayes,Jamie Dunphy,Timur Ender,
Cayle Tern,Candace Avalos,Joe Allen,Jamie Dunphy,,
Jamie Dunphy,Steph Routh,Joe Allen,Timur Ender,Cayle Tern,
Candace Avalos,Steph Routh,Timur Ender,,,
Loretta Smith,Jamie Dunphy,Steph Routh,,,
Jamie Dunphy,Candace Avalos,Steph Routh,Noah Ernst,David Linn,Loretta Smith
Timur Ender,David Linn,Candace Avalos,Cayle Tern,,
Loretta Smith,Doug Clove,Candace Avalos,Jamie Dunphy,Peggy Sue Owens,
Peggy Sue Owens,,,,,
Loretta Smith,Michael (Mike) Sands,Candace Avalos,,,
Noah Ernst,Doug Clove,Thomas Shervey,Terrence Hayes,Jamie Dunphy,Joe Allen
Timur Ender,,,,,
Loretta Smith,Candace Avalos,Noah Ernst,,,
Noah Ernst,Doug Clove,Timur Ender,David Linn,,
Noah Ernst,David Linn,,,,
Candace Avalos,Timur Ender,,,,
Peggy Sue Owens,Michael (Mike) Sands,Cayle Tern,,,
Terrence Hayes,Loretta Smith,Timur Ender,,,
Terrence Hayes,Timur Ender,Deian Salazar,Loretta Smith,Doug Clove,
Peggy Sue Owens,Timur Ender,Noah Ernst,Candace Avalos,Joe Allen,David Linn
Terrence Hayes,Noah Ernst,Joe Furi,Loretta Smith,Doug Clove,Write-in-120
Noah Ernst,,,,,
Noah Ernst,Doug Clove,Terrence Hayes,,,
Candace Avalos,Noah Ernst,Peggy Sue Owens,Joe Furi,Loretta Smith,Steph Routh
Doug Clove,Noah Ernst,Loretta Smith,,,
Loretta Smith,Michael (Mike) Sands,,,,
Candace Avalos,Loretta Smith,Terrence Hayes,Steph Routh,Jamie Dunphy,Deian Salazar
Terrence Hayes,Loretta Smith,Jamie Dunphy,Candace Avalos,Timur Ender,
Loretta Smith,Timur Ender,Candace Avalos,Thomas Shervey,Steph Routh,Jamie Dunphy
Terrence Hayes,Loretta Smith,Timur Ender,,,
,,,,,
Timur Ender,Terrence Hayes,Candace Avalos,Michael (Mike) Sands,Loretta Smith,David Linn
Noah Ernst,Timur Ender,Joe Allen,Steph Routh,,
Noah Ernst,,,,,
Terrence Hayes,Candace Avalos,Timur Ender,Jamie Dunphy,Steph Routh,David Linn
Timur Ender,,,,,
Candace Avalos,,,,,
Candace Avalos,Timur Ender,Steph Routh,Jamie Dunphy,Loretta Smith,Cayle Tern
Jamie Dunphy,Michael (Mike) Sands,Joe Allen,David Linn,Steph Routh,Timur Ender
Timur Ender,,,,,
Steph Routh,Loretta Smith,Timur Ender,Terrence Hayes,Michael (Mike) Sands,Deian Salazar
Loretta Smith,Timur Ender,Terrence Hayes,Jamie Dunphy,Candace Avalos,Steph Routh
Jamie Dunphy,Candace Avalos,Steph Routh,Timur Ender,,
Deian Salazar,Doug Clove,Terrence Hayes,Steph Routh,Cayle Tern,Candace Avalos
Jamie Dunphy,Steph Routh,Timur Ender,Candace Avalos,Cayle Tern,
Jamie Dunphy,,,,,
Terrence Hayes,Steph Routh,Loretta Smith,Deian Salazar,Candace Avalos,Jamie Dunphy
Doug Clove,Jamie Dunphy,Deian Salazar,,,
Jamie Dunphy,Candace Avalos,Steph Routh,Noah Ernst,,
Candace Avalos,Timur Ender,Jamie Dunphy,Cayle Tern,,
Timur Ender,Cayle Tern,Loretta Smith,Terrence Hayes,Jamie Dunphy,
Jamie Dunphy,Loretta Smith,Noah Ernst,,,
Steph Routh,Jamie Dunphy,Loretta Smith,Noah Ernst,,
Timur Ender,Noah Ernst,Joe Allen,Doug Clove,Terrence Hayes,Steph Routh
Noah Ernst,Timur Ender,Terrence Hayes,,,
Terrence Hayes,Loretta Smith,Jamie Dunphy,Candace Avalos,,
Timur Ender,Steph Routh,Candace Avalos,,,
Loretta Smith,,,,,
Doug Clove,Loretta Smith,,,,
Terrence Hayes,Loretta Smith,Jamie Dunphy,Candace Avalos,Timur Ender,
Loretta Smith,,,,,
Candace Avalos,Michael (Mike) Sands,Jamie Dunphy,Steph Routh,Loretta Smith,Cayle Tern
Candace Avalos,Steph Routh,Timur Ender,Thomas Shervey,David Linn,Loretta Smith
Peggy Sue Owens,Candace Avalos,Loretta Smith,Cayle Tern,Timur Ender,Write-in-120
Candace Avalos,Cayle Tern,Joe Furi,Steph Routh,Jamie Dunphy,
Noah Ernst,David Linn,Doug Clove,Joe Furi,Terrence Hayes,Thomas Shervey
Jamie Dunphy,Terrence Hayes,Timur Ender,Candace Avalos,Steph Routh,
Joe Furi,Peggy Sue Owens,Loretta Smith,,,
Steph Routh,Jamie Dunphy,Loretta Smith,Candace Avalos,Cayle Tern,Deian Salazar
Candace Avalos,Deian Salazar,Peggy Sue Owens,Noah Ernst,David Linn,Loretta Smith
Timur Ender,Steph Routh,Jamie Dunphy,Michael (Mike) Sands,,
Candace Avalos,Jamie Dunphy,Terrence Hayes,David Linn,Timur Ender,Cayle Tern
Joe Allen,Noah Ernst,,,,
Steph Routh,Deian Salazar,Jamie Dunphy,Terrence Hayes,Candace Avalos,Timur Ender
David Linn,Noah Ernst,Terrence Hayes,Joe Furi,Michael (Mike) Sands,Joe Allen
Peggy Sue Owens,Michael (Mike) Sands,,,,
Terrence Hayes,Loretta Smith,,,,
Steph Routh,Candace Avalos,Jamie Dunphy,Loretta Smith,Terrence Hayes,
Doug Clove,Deian Salazar,Cayle Tern,Joe Furi,Terrence Hayes,Steph Routh
Timur Ender,Jamie Dunphy,Steph Routh,Terrence Hayes,Candace Avalos,David Linn
Steph Routh,David Linn,Joe Furi,,,
Steph Routh,Jamie Dunphy,Peggy Sue Owens,Doug Clove,Joe Furi,Joe Allen
Doug Clove,David Linn,Cayle Tern,Terrence Hayes,,
Steph Routh,Candace Avalos,Joe Allen,Joe Furi,Jamie Dunphy,Loretta Smith
Joe Furi,Candace Avalos,Joe Allen,Doug Clove,Noah Ernst,Cayle Tern
Loretta Smith,Jamie Dunphy,Terrence Hayes,,,
Noah Ernst,Joe Furi,Doug Clove,,,
Jamie Dunphy,Steph Routh,Candace Avalos,,,
Steph Routh,Jamie Dunphy,Noah Ernst,Cayle Tern,Terrence Hayes,Loretta Smith
Jamie Dunphy,Candace Avalos,Steph Routh,,,
Candace Avalos,Steph Routh,Cayle Tern,Jamie Dunphy,Timur Ender,Terrence Hayes
Jamie Dunphy,Steph Routh,Candace Avalos,,,
Noah Ernst,,,,,
Doug Clove,Joe Furi,Noah Ernst,Joe Allen,Peggy Sue Owens,
Noah Ernst,Jamie Dunphy,Steph Routh,Candace Avalos,Terrence Hayes,
Loretta Smith,Cayle Tern,David Linn,Noah Ernst,Jamie Dunphy,Terrence Hayes
Thomas Shervey,Cayle Tern,Candace Avalos,Terrence Hayes,Steph Routh,Jamie Dunphy
Joe Furi,Candace Avalos,Timur Ender,Noah Ernst,Doug Clove,Loretta Smith
Peggy Sue Owens,Timur Ender,Noah Ernst,Candace Avalos,Joe Allen,David Linn
Loretta Smith,Terrence Hayes,Noah Ernst,Deian Salazar,,
Terrence Hayes,Noah Ernst,,,,
Candace Avalos,Cayle Tern,,,,
Loretta Smith,Doug Clove,Timur Ender,Candace Avalos,Terrence Hayes,
Noah Ernst,Loretta Smith,Joe Furi,Doug Clove,Joe Allen,
Candace Avalos,Cayle Tern,Loretta Smith,David Linn,Terrence Hayes,Deian Salazar
Noah Ernst,Terrence Hayes,Loretta Smith,,,
Terrence Hayes,Candace Avalos,Jamie Dunphy,Steph Routh,Loretta Smith,Joe Allen
Candace Avalos,Steph Routh,Loretta Smith,,,
Loretta Smith,Timur Ender,Jamie Dunphy,Steph Routh,,
Loretta Smith,Terrence Hayes,Timur Ender,Cayle Tern,,
Doug Clove,,,,,
Terrence Hayes,Loretta Smith,Steph Routh,Deian Salazar,Timur Ender,Jamie Dunphy
Noah Ernst,Deian Salazar,Doug Clove,Terrence Hayes,Steph Routh,Michael (Mike) Sands
Steph Routh,Peggy Sue Owens,David Linn,Michael (Mike) Sands,Terrence Hayes,
Candace Avalos,Timur Ender,David Linn,Steph Routh,Jamie Dunphy,Cayle Tern
Steph Routh,Candace Avalos,Timur Ender,Jamie Dunphy,,
David Linn,Doug Clove,Loretta Smith,Jamie Dunphy,Peggy Sue Owens,Joe Furi
Noah Ernst,,,,,
Terrence Hayes,,,,,
Candace Avalos,Timur Ender,Steph Routh,Jamie Dunphy,,
Michael (Mike) Sands,Loretta Smith,Steph Routh,Noah Ernst,Cayle Tern,David Linn
Terrence Hayes,Noah Ernst,Joe Furi,Doug Clove,Write-in-120,
Terrence Hayes,Timur Ender,Loretta Smith,Cayle Tern,,
,,,,,
Candace Avalos,Timur Ender,Write-in-120,,,
Candace Avalos,Noah Ernst,Steph Routh,Jamie Dunphy,Cayle Tern,
Candace Avalos,Jamie Dunphy,Timur Ender,Steph Routh,,
Loretta Smith,Terrence Hayes,Jamie Dunphy,Candace Avalos,,
Noah Ernst,Loretta Smith,David Linn,,,
Loretta Smith,Thomas Shervey,Timur Ender,Terrence Hayes,Steph Routh,Jamie Dunphy
Candace Avalos,Cayle Tern,Timur Ender,,,
Steph Routh,Jamie Dunphy,Loretta Smith,Cayle Tern,Timur Ender,David Linn
Candace Avalos,Cayle Tern,Timur Ender,,,
Timur Ender,Jamie Dunphy,Steph Routh,Candace Avalos,,
Timur Ender,Cayle Tern,Deian Salazar,Steph Routh,Write-in-120,
Steph Routh,Loretta Smith,,,,
Doug Clove,Candace Avalos,Joe Furi,Terrence Hayes,Steph Routh,Thomas Shervey
Candace Avalos,Steph Routh,Timur Ender,Jamie Dunphy,Michael (Mike) Sands,
Steph Routh,Timur Ender,Terrence Hayes,Candace Avalos,Loretta Smith,Jamie Dunphy
Candace Avalos,Terrence Hayes,Loretta Smith,,,
Peggy Sue Owens,Candace Avalos,Noah Ernst,Timur Ender,Deian Salazar,Terrence Hayes
Timur Ender,Candace Avalos,Cayle Tern,Michael (Mike) Sands,,
Peggy Sue Owens,Timur Ender,Noah Ernst,Candace Avalos,Joe Allen,David Linn
Cayle Tern,David Linn,Terrence Hayes,Jamie Dunphy,Timur Ender,
Loretta Smith,,,,,
Loretta Smith,Terrence Hayes,,,,
Terrence Hayes,Loretta Smith,Steph Routh,,,
Candace Avalos,Jamie Dunphy,Steph Routh,Thomas Shervey,Loretta Smith,David Linn
Steph Routh,Timur Ender,Jamie Dunphy,Loretta Smith,Candace Avalos,Cayle Tern
Terrence Hayes,Loretta Smith,,,,
Loretta Smith,Steph Routh,Cayle Tern,Terrence Hayes,,
Jamie Dunphy,Candace Avalos,Steph Routh,,,
Steph Routh,Jamie Dunphy,Timur Ender,Candace Avalos,Cayle Tern,David Linn
Loretta Smith,,,,,
Jamie Dunphy,,,,,
Candace Avalos,Steph Routh,Timur Ender,Jamie Dunphy,,
Michael (Mike) Sands,Candace Avalos,,,,
Candace Avalos,Terrence Hayes,David Linn,Joe Allen,,
Deian Salazar,,,,,
Candace Avalos,Jamie Dunphy,Steph Routh,,,
Michael (Mike) Sands,Timur Ender,Cayle Tern,Candace Avalos,Steph Routh,Terrence Hayes
Terrence Hayes,Deian Salazar,Candace Avalos,Noah Ernst,Doug Clove,Peggy Sue Owens
Jamie Dunphy,Candace Avalos,Steph Routh,,,
Timur Ender,Steph Routh,Candace Avalos,Loretta Smith,Cayle Tern,Terrence Hayes
Candace Avalos,Steph Routh,Timur Ender,Loretta Smith,Jamie Dunphy,Terrence Hayes
Terrence Hayes,Noah Ernst,David Linn,Thomas Shervey,Michael (Mike) Sands,Deian Salazar
Jamie Dunphy,Noah Ernst,Terrence Hayes,,,
Loretta Smith,,,,,
Loretta Smith,Steph Routh,Terrence Hayes,Noah Ernst,Candace Avalos,Jamie Dunphy
Noah Ernst,Doug Clove,Joe Allen,Thomas Shervey,Joe Furi,Terrence Hayes
Doug Clove,Timur Ender,,,,
Steph Routh,Jamie Dunphy,Timur Ender,Candace Avalos,Cayle Tern,David Linn
Candace Avalos,Cayle Tern,Timur Ender,,,
Jamie Dunphy,Candace Avalos,Steph Routh,Noah Ernst,David Linn,Loretta Smith
David Linn,Thomas Shervey,Terrence Hayes,,,
Loretta Smith,Terrence Hayes,,,,
Noah Ernst,Timur Ender,,,,
Candace Avalos,Cayle Tern,,,,
Jamie Dunphy,Timur Ender,Candace Avalos,Steph Routh,,
David Linn,Loretta Smith,Candace Avalos,Cayle Tern,Terrence Hayes,Steph Routh
Candace Avalos,Jamie Dunphy,Steph Routh,,,
Michael (Mike) Sands,,,,,
Timur Ender,Candace Avalos,David Linn,Michael (Mike) Sands,Loretta Smith,Terrence Hayes
Doug Clove,Joe Allen,David Linn,Thomas Shervey,Jamie Dunphy,Noah Ernst
Terrence Hayes,Jamie Dunphy,Loretta Smith,Steph Routh,David Linn,
Loretta Smith,Terrence Hayes,Timur Ender,,,
Michael (Mike) Sands,,,,,
Loretta Smith,,,,,
Noah Ernst,Jamie Dunphy,Terrence Hayes,,,
Terrence Hayes,,,,,
Terrence Hayes,Jamie Dunphy,Candace Avalos,Steph Routh,Timur Ender,Cayle Tern
Candace Avalos,Deian Salazar,Loretta Smith,Jamie Dunphy,Steph Routh,Peggy Sue Owens
Cayle Tern,Timur Ender,Candace Avalos,Terrence Hayes,David Linn,Steph Routh
Deian Salazar,Joe Furi,Doug Clove,Joe Allen,Loretta Smith,Terrence Hayes
Candace Avalos,Terrence Hayes,Jamie Dunphy,Deian Salazar,Steph Routh,David Linn
Noah Ernst,Michael (Mike) Sands,Cayle Tern,Loretta Smith,Steph Routh,Jamie Dunphy
Terrence Hayes,,,,,
Jamie Dunphy,Candace Avalos,David Linn,,,
Terrence Hayes,Loretta Smith,Jamie Dunphy,Steph Routh,,
Candace Avalos,Terrence Hayes,,,,
Candace Avalos,David Linn,Timur Ender,Cayle Tern,Doug Clove,Loretta Smith
Candace Avalos,,,,,
Jamie Dunphy,Candace Avalos,Steph Routh,David Linn,,
Jamie Dunphy,Timur Ender,Terrence Hayes,Steph Routh,,
Michael (Mike) Sands,,,,,
Loretta Smith,Candace Avalos,Timur Ender,,,
Doug Clove,David Linn,Terrence Hayes,,,
Noah Ernst,Terrence Hayes,Thomas Shervey,Loretta Smith,,
Terrence Hayes,Noah Ernst,Joe Furi,Loretta Smith,Doug Clove,Write-in-120
Loretta Smith,,,,,
Candace Avalos,Terrence Hayes,Steph Routh,Timur Ender,Jamie Dunphy,David Linn
Steph Routh,Timur Ender,David Linn,Candace Avalos,Jamie Dunphy,
Jamie Dunphy,Terrence Hayes,Steph Routh,Loretta Smith,Doug Clove,Noah Ernst
Terrence Hayes,,,,,
Loretta Smith,Jamie Dunphy,Candace Avalos,,,
Candace Avalos,Cayle Tern,,,,
Noah Ernst,Terrence Hayes,Loretta Smith,,,
Jamie Dunphy,Loretta Smith,Noah Ernst,Terrence Hayes,Steph Routh,
Michael (Mike) Sands,Joe Allen,David Linn,,,
Timur Ender,Jamie Dunphy,Steph Routh,David Linn,Cayle Tern,Candace Avalos
Jamie Dunphy,Steph Routh,Candace Avalos,,,
Timur Ender,Candace Avalos,Steph Routh,Jamie Dunphy,Terrence Hayes,Doug Clove
Jamie Dunphy,Candace Avalos,Steph Routh,,,
Noah Ernst,Jamie Dunphy,,,,
Jamie Dunphy,Steph Routh,Candace Avalos,,,
Peggy Sue Owens,Noah Ernst,Joe Allen,Cayle Tern,Joe Furi,Deian Salazar
Terrence Hayes,Candace Avalos,Cayle Tern,Steph Routh,,
Noah Ernst,Jamie Dunphy,,,,
Terrence Hayes,Jamie Dunphy,Thomas Shervey,Loretta Smith,Deian Salazar,David Linn
Loretta Smith,Timur Ender,David Linn,,,
Terrence Hayes,Michael (Mike) Sands,Doug Clove,,,
Jamie Dunphy,Deian Salazar,Michael (Mike) Sands,,,
Timur Ender,Candace Avalos,Cayle Tern,Steph Routh,,
Jamie Dunphy,Steph Routh,Peggy Sue Owens,Joe Allen,Loretta Smith,Thomas Shervey
Candace Avalos,Steph Routh,Joe Furi,Timur Ender,,
Loretta Smith,Steph Routh,Timur Ender,Jamie Dunphy,,
Loretta Smith,,,,,
Timur Ender,Candace Avalos,Loretta Smith,David Linn,Terrence Hayes,
Thomas Shervey,,,,,
Noah Ernst,Steph Routh,,,,
Loretta Smith,Steph Routh,Jamie Dunphy,,,
Timur Ender,Candace Avalos,Cayle Tern,Steph Routh,Terrence Hayes,Loretta Smith
Steph Routh,Jamie Dunphy,Loretta Smith,Terrence Hayes,David Linn,Candace Avalos
Jamie Dunphy,Timur Ender,Joe Allen,Deian Salazar,Terrence Hayes,Loretta Smith
Steph Routh,Timur Ender,Jamie Dunphy,Loretta Smith,,
Terrence Hayes,Noah Ernst,Loretta Smith,Deian Salazar,Steph Routh,Timur Ender
Steph Routh,Jamie Dunphy,Terrence Hayes,,,
Loretta Smith,,,,,
Jamie Dunphy,Candace Avalos,Steph Routh,,,
Loretta Smith,Steph Routh,Candace Avalos,Cayle Tern,David Linn,Timur Ender
Candace Avalos,Steph Routh,Timur Ender,Jamie Dunphy,Cayle Tern,David Linn
Terrence Hayes,Noah Ernst,Candace Avalos,,,
Noah Ernst,,,,,
Noah Ernst,,,,,
Terrence Hayes,Jamie Dunphy,,,,
Peggy Sue Owens,Candace Avalos,Loretta Smith,Steph Routh,Jamie Dunphy,Doug Clove
Loretta Smith,Candace Avalos,Steph Routh,David Linn,Timur Ender,Terrence Hayes
Candace Avalos,Steph Routh,Jamie Dunphy,Michael (Mike) Sands,,
Cayle Tern,Terrence Hayes,Steph Routh,Loretta Smith,Michael (Mike) Sands,Joe Furi
Jamie Dunphy,Timur Ender,Terrence Hayes,Steph Routh,,
Loretta Smith,Jamie Dunphy,Steph Routh,,,
Jamie Dunphy,Candace Avalos,Steph Routh,,,
Deian Salazar,Terrence Hayes,Thomas Shervey,,,
Jamie Dunphy,Candace Avalos,Steph Routh,Noah Ernst,David Linn,Loretta Smith
Jamie Dunphy,Terrence Hayes,,,,
Peggy Sue Owens,Candace Avalos,Michael (Mike) Sands,Loretta Smith,Terrence Hayes,Jamie Dunphy
Candace Avalos,Steph Routh,Jamie Dunphy,Cayle Tern,David Linn,Timur Ender
Deian Salazar,Thomas Shervey,David Linn,,,
Loretta Smith,Steph Routh,Terrence Hayes,,,
Loretta Smith,,,,,
Steph Routh,Noah Ernst,Jamie Dunphy,Loretta Smith,Candace Avalos,Terrence Hayes
Terrence Hayes,Noah Ernst,Timur Ender,David Linn,,
Noah Ernst,Deian Salazar,Candace Avalos,Steph Routh,Loretta Smith,Timur Ender
Loretta Smith,Deian Salazar,Terrence Hayes,Timur Ender,,
Loretta Smith,Terrence Hayes,Steph Routh,Thomas Shervey,Jamie Dunphy,Candace Avalos
Loretta Smith,Terrence Hayes,,,,
Noah Ernst,Terrence Hayes,Deian Salazar,Loretta Smith,,
Candace Avalos,Timur Ender,Deian Salazar,Doug Clove,Terrence Hayes,Jamie Dunphy
Loretta Smith,,,,,
Noah Ernst,Joe Allen,David Linn,Cayle Tern,Doug Clove,Michael (Mike) Sands
Loretta Smith,Steph Routh,Joe Furi,Cayle Tern,Deian Salazar,Timur Ender
Steph Routh,Jamie Dunphy,Candace Avalos,Joe Allen,Terrence Hayes,Loretta Smith
Noah Ernst,Joe Allen,Doug Clove,,,
Joe Furi,Deian Salazar,Loretta Smith,Candace Avalos,Jamie Dunphy,Peggy Sue Owens
Steph Routh,Terrence Hayes,Jamie Dunphy,Noah Ernst,Candace Avalos,Joe Allen
Candace Avalos,Steph Routh,Timur Ender,Jamie Dunphy,,
Doug Clove,Noah Ernst,Steph Routh,,,
Noah Ernst,Doug Clove,Timur Ender,Deian Salazar,,
Terrence Hayes,Noah Ernst,Doug Clove,Joe Allen,,
Steph Routh,Deian Salazar,Terrence Hayes,Joe Allen,Noah Ernst,Timur Ender
Timur Ender,,,,,
Noah Ernst,Doug Clove,Joe Furi,Terrence Hayes,Jamie Dunphy,Loretta Smith
Terrence Hayes,Timur Ender,Deian Salazar,Loretta Smith,Candace Avalos,Cayle Tern
Loretta Smith,Terrence Hayes,Steph Routh,Jamie Dunphy,Deian Salazar,Noah Ernst
Candace Avalos,Loretta Smith,Deian Salazar,Joe Allen,Terrence Hayes,
Candace Avalos,Timur Ender,Steph Routh,Jamie Dunphy,Cayle Tern,David Linn
Terrence Hayes,Noah Ernst,,,,
Candace Avalos,Timur Ender,Noah Ernst,,,
Loretta Smith,Terrence Hayes,Candace Avalos,,,
Candace Avalos,Steph Routh,Timur Ender,Jamie Dunphy,David Linn,Cayle Tern
Terrence Hayes,,,,,
,,,,,
Cayle Tern,Steph Routh,Michael (Mike) Sands,Terrence Hayes,Timur Ender,Candace Avalos
David Linn,Jamie Dunphy,Steph Routh,Loretta Smith,Timur Ender,Terrence Hayes
Jamie Dunphy,Terrence Hayes,Noah Ernst,Timur Ender,,
Terrence Hayes,Noah Ernst,Steph Routh,Loretta Smith,,
Terrence Hayes,Loretta Smith,Steph Routh,Jamie Dunphy,Cayle Tern,Candace Avalos
Noah Ernst,Deian Salazar,Candace Avalos,Jamie Dunphy,Thomas Shervey,Doug Clove
Joe Allen,Timur Ender,Peggy Sue Owens,Cayle Tern,Doug Clove,Joe Furi
Timur Ender,Steph Routh,Terrence Hayes,Noah Ernst,Jamie Dunphy,Loretta Smith
Loretta Smith,Steph Routh,Jamie Dunphy,Timur Ender,Cayle Tern,David Linn
Candace Avalos,Timur Ender,Steph Routh,Cayle Tern,Jamie Dunphy,David Linn
Terrence Hayes,Noah Ernst,Jamie Dunphy,,,
Noah Ernst,Peggy Sue Owens,Cayle Tern,Loretta Smith,Deian Salazar,Doug Clove
Terrence Hayes,Noah Ernst,Doug Clove,,,
Candace Avalos,Steph Routh,Loretta Smith,,,
Loretta Smith,Terrence Hayes,,,,
Candace Avalos,Steph Routh,Cayle Tern,Jamie Dunphy,,
Timur Ender,Cayle Tern,Jamie Dunphy,Terrence Hayes,Steph Routh,Deian Salazar
Loretta Smith,,,,,
Candace Avalos,Steph Routh,Jamie Dunphy,Loretta Smith,Timur Ender,Terrence Hayes
Steph Routh,Candace Avalos,Timur Ender,Cayle Tern,Jamie Dunphy,
Terrence Hayes,Noah Ernst,,,,
Steph Routh,Candace Avalos,Timur Ender,Michael (Mike) Sands,Cayle Tern,Loretta Smith
Loretta Smith,Timur Ender,Michael (Mike) Sands,Candace Avalos,Cayle Tern,Jamie Dunphy
Timur Ender,David Linn,Michael (Mike) Sands,Candace Avalos,Loretta Smith,Terrence Hayes
Timur Ender,Candace Avalos,Jamie Dunphy,,,
Steph Routh,Terrence Hayes,Jamie Dunphy,Noah Ernst,Joe Furi,
Steph Routh,Candace Avalos,Jamie Dunphy,,,
Noah Ernst,Terrence Hayes,Loretta Smith,,,
Terrence Hayes,Noah Ernst,Doug Clove,Joe Allen,,
Steph Routh,Jamie Dunphy,Loretta Smith,Candace Avalos,Terrence Hayes,Timur Ender
Loretta Smith,Terrence Hayes,Steph Routh,Jamie Dunphy,Candace Avalos,Cayle Tern
Jamie Dunphy,Timur Ender,Cayle Tern,Candace Avalos,David Linn,Terrence Hayes
David Linn,Terrence Hayes,Joe Furi,Loretta Smith,Steph Routh,
Loretta Smith,David Linn,Noah Ernst,Michael (Mike) Sands,Joe Furi,Cayle Tern
Candace Avalos,Steph Routh,Noah Ernst,Loretta Smith,Terrence Hayes,Jamie Dunphy
Candace Avalos,Steph Routh,Timur Ender,Jamie Dunphy,Cayle Tern,Loretta Smith
Terrence Hayes,Jamie Dunphy,Michael (Mike) Sands,Doug Clove,Loretta Smith,Candace Avalos
Steph Routh,Jamie Dunphy,Candace Avalos,Loretta Smith,David Linn,Noah Ernst
Loretta Smith,Candace Avalos,Jamie Dunphy,Cayle Tern,Timur Ender,Noah Ernst
Jamie Dunphy,Steph Routh,Peggy Sue Owens,Loretta Smith,Joe Furi,Doug Clove
Loretta Smith,Doug Clove,Deian Salazar,,,
Peggy Sue Owens,Candace Avalos,Loretta Smith,Jamie Dunphy,Deian Salazar,Timur Ender
Candace Avalos,Timur Ender,Cayle Tern,Deian Salazar,,
Steph Routh,Loretta Smith,Terrence Hayes,,,
Candace Avalos,Steph Routh,,,,
Candace Avalos,,,,,
Terrence Hayes,Candace Avalos,Loretta Smith,Steph Routh,,
Noah Ernst,,,,,
Loretta Smith,Deian Salazar,Timur Ender,Doug Clove,Jamie Dunphy,Terrence Hayes
Loretta Smith,Noah Ernst,Terrence Hayes,,,
Steph Routh,Loretta Smith,Jamie Dunphy,Candace Avalos,Cayle Tern,Noah Ernst
Michael (Mike) Sands,Candace Avalos,Timur Ender,,,
Candace Avalos,Timur Ender,Steph Routh,,,
Jamie Dunphy,Candace Avalos,Steph Routh,,,
Candace Avalos,Steph Routh,Jamie Dunphy,,,
Terrence Hayes,Candace Avalos,Steph Routh,Loretta Smith,Jamie Dunphy,
Loretta Smith,Peggy Sue Owens,,,,
Joe Allen,Steph Routh,Jamie Dunphy,,,
Loretta Smith,Steph Routh,Terrence Hayes,David Linn,,
Candace Avalos,Steph Routh,,,,
Noah Ernst,Doug Clove,Deian Salazar,Joe Allen,Terrence Hayes,Thomas Shervey
Peggy Sue Owens,Joe Furi,,,,
Terrence Hayes,,,,,
Joe Allen,Timur Ender,Joe Furi,Cayle Tern,Loretta Smith,Steph Routh
Steph Routh,Candace Avalos,Peggy Sue Owens,Cayle Tern,Loretta Smith,Timur Ender
Candace Avalos,Terrence Hayes,Jamie Dunphy,Thomas Shervey,Noah Ernst,Peggy Sue Owens
Candace Avalos,Loretta Smith,Terrence Hayes,Cayle Tern,Timur Ender,
Noah Ernst,Terrence Hayes,Loretta Smith,Joe Furi,Doug Clove,
Jamie Dunphy,Candace Avalos,Steph Routh,Loretta Smith,,
Deian Salazar,Noah Ernst,Michael (Mike) Sands,,,
Terrence Hayes,Noah Ernst,Candace Avalos,,,
Terrence Hayes,Noah Ernst,Loretta Smith,,,
Loretta Smith,Candace Avalos,Steph Routh,Peggy Sue Owens,Joe Allen,Terrence Hayes
Noah Ernst,Doug Clove,Steph Routh,Jamie Dunphy,Joe Allen,Candace Avalos
Loretta Smith,Thomas Shervey,Terrence Hayes,Noah Ernst,,
Steph Routh,Loretta Smith,Michael (Mike) Sands,Noah Ernst,Cayle Tern,Joe Allen
Loretta Smith,Terrence Hayes,Candace Avalos,David Linn,Joe Furi,Noah Ernst
Candace Avalos,Terrence Hayes,Noah Ernst,,,
Jamie Dunphy,Michael (Mike) Sands,,,,
Jamie Dunphy,Steph Routh,Candace Avalos,,,
Timur Ender,Candace Avalos,Cayle Tern,Jamie Dunphy,Steph Routh,
Timur Ender,Steph Routh,,,,
Timur Ender,David Linn,Michael (Mike) Sands,Loretta Smith,Steph Routh,Terrence Hayes
Loretta Smith,Candace Avalos,Terrence Hayes,,,
Joe Allen,Timur Ender,Doug Clove,Deian Salazar,Steph Routh,Thomas Shervey
Loretta Smith,Terrence Hayes,Steph Routh,David Linn,Candace Avalos,Cayle Tern
Loretta Smith,Terrence Hayes,Noah Ernst,Candace Avalos,,
Noah Ernst,Cayle Tern,David Linn,Joe Allen,Candace Avalos,
Candace Avalos,Cayle Tern,Doug Clove,Jamie Dunphy,Loretta Smith,Noah Ernst
Jamie Dunphy,Candace Avalos,Steph Routh,Noah Ernst,Loretta Smith,Terrence Hayes
Steph Routh,Timur Ender,Candace Avalos,David Linn,,
David Linn,Candace Avalos,Loretta Smith,,,
Timur Ender,Steph Routh,Candace Avalos,Cayle Tern,David Linn,
Loretta Smith,Candace Avalos,Jamie Dunphy,Timur Ender,Steph Routh,Terrence Hayes
Terrence Hayes,Loretta Smith,Noah Ernst,Timur Ender,,
Steph Routh,Loretta Smith,Noah Ernst,Candace Avalos,Terrence Hayes,
Steph Routh,Candace Avalos,Terrence Hayes,,,
Timur Ender,Candace Avalos,Steph Routh,Jamie Dunphy,,
Doug Clove,,,,,
Loretta Smith,Noah Ernst,Cayle Tern,Joe Allen,Steph Routh,Joe Furi
Candace Avalos,,,,,
Terrence Hayes,,,,,
Noah Ernst,Michael (Mike) Sands,Thomas Shervey,Candace Avalos,Jamie Dunphy,Joe Allen
Steph Routh,Jamie Dunphy,Timur Ender,Candace Avalos,,
Jamie Dunphy,,,,,
Steph Routh,Jamie Dunphy,Terrence Hayes,Candace Avalos,,
Peggy Sue Owens,Michael (Mike) Sands,Terrence Hayes,Jamie Dunphy,Doug Clove,David Linn
Timur Ender,Peggy Sue Owens,Loretta Smith,Noah Ernst,Joe Allen,Michael (Mike) Sands
Noah Ernst,Deian Salazar,,,,
Loretta Smith,Terrence Hayes,Jamie Dunphy,Candace Avalos,Steph Routh,
Candace Avalos,Timur Ender,Jamie Dunphy,Steph Routh,,
Loretta Smith,Doug Clove,Timur Ender,Noah Ernst,Thomas Shervey,Steph Routh
Candace Avalos,Jamie Dunphy,Steph Routh,,,
Candace Avalos,Joe Allen,Timur Ender,,,
Timur Ender,Noah Ernst,Candace Avalos,,,
Michael (Mike) Sands,Jamie Dunphy,Loretta Smith,Doug Clove,Joe Allen,Cayle Tern
Loretta Smith,Noah Ernst,Candace Avalos,Terrence Hayes,,
Doug Clove,,,,,
Candace Avalos,Cayle Tern,Steph Routh,Timur Ender,,
Jamie Dunphy,Steph Routh,Loretta Smith,David Linn,Joe Furi,Cayle Tern
Candace Avalos,Timur Ender,David Linn,Michael (Mike) Sands,,
Loretta Smith,,,,,
Noah Ernst,David Linn,Candace Avalos,Deian Salazar,Doug Clove,Terrence Hayes
David Linn,Deian Salazar,Peggy Sue Owens,,,
Terrence Hayes,Thomas Shervey,Steph Routh,Timur Ender,Candace Avalos,Deian Salazar
Loretta Smith,Steph Routh,Jamie Dunphy,Terrence Hayes,Candace Avalos,Deian Salazar
Loretta Smith,Peggy Sue Owens,Candace Avalos,Terrence Hayes,Cayle Tern,Jamie Dunphy
Candace Avalos,Steph Routh,Peggy Sue Owens,Jamie Dunphy,Timur Ender,Terrence Hayes
Timur Ender,Candace Avalos,Joe Allen,Steph Routh,Deian Salazar,Cayle Tern
Timur Ender,Terrence Hayes,Loretta Smith,Candace Avalos,,
Loretta Smith,Terrence Hayes,Candace Avalos,Cayle Tern,Steph Routh,Deian Salazar
Timur Ender,Candace Avalos,Steph Routh,Cayle Tern,Loretta Smith,Deian Salazar
Loretta Smith,Timur Ender,Candace Avalos,David Linn,Cayle Tern,Michael (Mike) Sands
Candace Avalos,Loretta Smith,Deian Salazar,,,
Noah Ernst,Terrence Hayes,Doug Clove,Steph Routh,,
Doug Clove,,,,,
Steph Routh,Candace Avalos,Jamie Dunphy,Loretta Smith,David Linn,Cayle Tern
Loretta Smith,Candace Avalos,Cayle Tern,Jamie Dunphy,David Linn,Michael (Mike) Sands
Candace Avalos,Jamie Dunphy,Steph Routh,Timur Ender,,
Loretta Smith,Thomas Shervey,Deian Salazar,Terrence Hayes,Michael (Mike) Sands,
Candace Avalos,Steph Routh,Timur Ender,Jamie Dunphy,,
Terrence Hayes,Noah Ernst,Doug Clove,,,
Candace Avalos,Jamie Dunphy,Steph Routh,David Linn,Timur Ender,
Candace Avalos,,,,,
Jamie Dunphy,Candace Avalos,Timur Ender,Steph Routh,Terrence Hayes,Loretta Smith
Steph Routh,Timur Ender,Candace Avalos,,,
Candace Avalos,Steph Routh,Timur Ender,,,
Jamie Dunphy,Candace Avalos,Steph Routh,Noah Ernst,David Linn,Loretta Smith
Terrence Hayes,Timur Ender,Loretta Smith,Joe Allen,Thomas Shervey,Candace Avalos
Noah Ernst,Timur Ender,Candace Avalos,,,
Terrence Hayes,,,,,
Loretta Smith,,,,,
Thomas Shervey,Timur Ender,Candace Avalos,Noah Ernst,David Linn,Doug Clove
Deian Salazar,Noah Ernst,Joe Allen,Terrence Hayes,Doug Clove,
Doug Clove,Deian Salazar,Cayle Tern,Noah Ernst,Candace Avalos,Timur Ender
Noah Ernst,Joe Allen,Joe Furi,Doug Clove,Thomas Shervey,Loretta Smith
Steph Routh,Candace Avalos,Jamie Dunphy,Cayle Tern,Timur Ender,David Linn
Joe Furi,Candace Avalos,Timur Ender,,,
Steph Routh,Timur Ender,Jamie Dunphy,Candace Avalos,Terrence Hayes,Joe Allen
Timur Ender,Candace Avalos,Deian Salazar,,,
Candace Avalos,Cayle Tern,Timur Ender,,,
Jamie Dunphy,Steph Routh,Candace Avalos,Michael (Mike) Sands,Deian Salazar,Terrence Hayes
Candace Avalos,Jamie Dunphy,Steph Routh,Timur Ender,Noah Ernst,Terrence Hayes
Candace Avalos,Timur Ender,Steph Routh,Jamie Dunphy,Cayle Tern,David Linn
Terrence Hayes,Noah Ernst,Candace Avalos,,,
Loretta Smith,Candace Avalos,Cayle Tern,,,
Joe Furi,Doug Clove,Jamie Dunphy,Noah Ernst,Steph Routh,Deian Salazar
Jamie Dunphy,Steph Routh,Timur Ender,Candace Avalos,Michael (Mike) Sands,
Timur Ender,Michael (Mike) Sands,Terrence Hayes,Doug Clove,Noah Ernst,Candace Avalos
Candace Avalos,Timur Ender,Jamie Dunphy,Cayle Tern,,
Terrence Hayes,Deian Salazar,,,,
Noah Ernst,Loretta Smith,Steph Routh,,,
Loretta Smith,Peggy Sue Owens,Thomas Shervey,Steph Routh,Noah Ernst,Cayle Tern
Loretta Smith,Terrence Hayes,Doug Clove,Deian Salazar,Noah Ernst,
Michael (Mike) Sands,Candace Avalos,Jamie Dunphy,Steph Routh,,
Loretta Smith,Jamie Dunphy,Steph Routh,Timur Ender,Terrence Hayes,Michael (Mike) Sands
Timur Ender,Candace Avalos,Steph Routh,Cayle Tern,Terrence Hayes,Deian Salazar
Candace Avalos,Cayle Tern,,,,
Timur Ender,Michael (Mike) Sands,Deian Salazar,Joe Furi,Loretta Smith,Terrence Hayes
Candace Avalos,Terrence Hayes,Loretta Smith,,,
Loretta Smith,,,,,
Jamie Dunphy,Loretta Smith,Terrence Hayes,Steph Routh,,
Candace Avalos,Steph Routh,Timur Ender,Jamie Dunphy,Loretta Smith,Deian Salazar
Loretta Smith,Thomas Shervey,Steph Routh,Jamie Dunphy,Noah Ernst,Timur Ender
Candace Avalos,Steph Routh,Timur Ender,Jamie Dunphy,,
Noah Ernst,Peggy Sue Owens,Candace Avalos,David Linn,,
Candace Avalos,Cayle Tern,Timur Ender,,,
Timur Ender,Candace Avalos,Steph Routh,Jamie Dunphy,Cayle Tern,Terrence Hayes
Loretta Smith,,,,,
Terrence Hayes,Timur Ender,Noah Ernst,Candace Avalos,Loretta Smith,Steph Routh
Jamie Dunphy,Steph Routh,Candace Avalos,Terrence Hayes,Noah Ernst,David Linn
Noah Ernst,,,,,
Noah Ernst,Terrence Hayes,Loretta Smith,,,
Cayle Tern,Doug Clove,Joe Allen,Michael (Mike) Sands,Peggy Sue Owens,Thomas Shervey
Candace Avalos,,,,,
Candace Avalos,,,,,
Doug Clove,Timur Ender,Candace Avalos,Cayle Tern,Terrence Hayes,Noah Ernst
Joe Allen,,,,,
Candace Avalos,Timur Ender,Steph Routh,Cayle Tern,,
Loretta Smith,Steph Routh,Doug Clove,Cayle Tern,Timur Ender,Noah Ernst
Loretta Smith,Terrence Hayes,Noah Ernst,Timur Ender,Candace Avalos,Cayle Tern
Noah Ernst,Michael (Mike) Sands,Thomas Shervey,,,
Candace Avalos,Loretta Smith,Terrence Hayes,Doug Clove,,
Cayle Tern,Doug Clove,Candace Avalos,Steph Routh,Terrence Hayes,Jamie Dunphy
David Linn,Steph Routh,Candace Avalos,Jamie Dunphy,Noah Ernst,Loretta Smith
Jamie Dunphy,Steph Routh,Noah Ernst,,,
Candace Avalos,Timur Ender,Jamie Dunphy,Steph Routh,Cayle Tern,Michael (Mike) Sands
Jamie Dunphy,Candace Avalos,Steph Routh,,,
Noah Ernst,Loretta Smith,Doug Clove,Joe Allen,Joe Furi,Terrence Hayes
Joe Allen,Joe Furi,Steph Routh,Noah Ernst,Loretta Smith,Jamie Dunphy
Candace Avalos,Terrence Hayes,Steph Routh,Loretta Smith,Cayle Tern,Timur Ender
Thomas Shervey,,,,,
Steph Routh,Joe Allen,Michael (Mike) Sands,Cayle Tern,Loretta Smith,Deian Salazar
Candace Avalos,Steph Routh,Timur Ender,Cayle Tern,Loretta Smith,
Candace Avalos,Steph Routh,Jamie Dunphy,Noah Ernst,Loretta Smith,David Linn
Candace Avalos,Steph Routh,Timur Ender,Jamie Dunphy,,
Candace Avalos,Steph Routh,Timur Ender,,,
Michael (Mike) Sands,Doug Clove,Timur Ender,,,
Steph Routh,,,,,
Jamie Dunphy,Timur Ender,Noah Ernst,Terrence Hayes,Doug Clove,Candace Avalos
Jamie Dunphy,Candace Avalos,Steph Routh,Noah Ernst,David Linn,Loretta Smith
Terrence Hayes,Noah Ernst,Cayle Tern,,,
Candace Avalos,Cayle Tern,Timur Ender,,,
Candace Avalos,Timur Ender,Cayle Tern,Loretta Smith,,
Steph Routh,Timur Ender,Candace Avalos,Loretta Smith,,
Steph Routh,Candace Avalos,Jamie Dunphy,Timur Ender,Cayle Tern,Noah Ernst
Noah Ernst,Doug Clove,Peggy Sue Owens,Terrence Hayes,,
Candace Avalos,Jamie Dunphy,Steph Routh,Timur Ender,,
Jamie Dunphy,Loretta Smith,Noah Ernst,,,
Candace Avalos,Timur Ender,Terrence Hayes,,,
Doug Clove,,,,,
Jamie Dunphy,Steph Routh,Timur Ender,,,
Jamie Dunphy,Candace Avalos,Steph Routh,Michael (Mike) Sands,Thomas Shervey,Peggy Sue Owens
Jamie Dunphy,Candace Avalos,Steph Routh,Noah Ernst,,
Candace Avalos,,,,,
David Linn,,,,,
Candace Avalos,Jamie Dunphy,Steph Routh,Timur Ender,Cayle Tern,David Linn
Candace Avalos,Timur Ender,Steph Routh,Jamie Dunphy,Cayle Tern,David Linn
Terrence Hayes,Noah Ernst,,,,
Peggy Sue Owens,Thomas Shervey,,,,
Doug Clove,Jamie Dunphy,Terrence Hayes,Steph Routh,Thomas Shervey,Loretta Smith
Jamie Dunphy,Terrence Hayes,Steph Routh,Candace Avalos,,
David Linn,,,,,
Terrence Hayes,Noah Ernst,Loretta Smith,,,
Jamie Dunphy,Noah Ernst,Joe Furi,Thomas Shervey,Terrence Hayes,Doug Clove
Michael (Mike) Sands,Deian Salazar,Loretta Smith,Jamie Dunphy,Cayle Tern,Doug Clove
Noah Ernst,Terrence Hayes,Doug Clove,Loretta Smith,,
Steph Routh,Loretta Smith,,,,
Loretta Smith,Jamie Dunphy,Candace Avalos,,,
Deian Salazar,,,,,
Candace Avalos,Steph Routh,Terrence Hayes,Jamie Dunphy,,
Candace Avalos,Steph Routh,Timur Ender,Jamie Dunphy,,
Steph Routh,,,,,
Loretta Smith,,,,,
Candace Avalos,Timur Ender,Jamie Dunphy,Cayle Tern,Steph Routh,
Loretta Smith,Timur Ender,Jamie Dunphy,,,
Candace Avalos,Timur Ender,Steph Routh,,,
Candace Avalos,Steph Routh,Noah Ernst,Jamie Dunphy,Loretta Smith,Cayle Tern
Candace Avalos,Steph Routh,Loretta Smith,Jamie Dunphy,Terrence Hayes,Timur Ender
Terrence Hayes,Noah Ernst,Joe Furi,Loretta Smith,Doug Clove,Write-in-120
Noah Ernst,Terrence Hayes,Joe Furi,Doug Clove,Deian Salazar,
Candace Avalos,Timur Ender,Steph Routh,Jamie Dunphy,David Linn,Cayle Tern
Loretta Smith,Terrence Hayes,Candace Avalos,,,
Peggy Sue Owens,,,,,
Steph Routh,Terrence Hayes,Michael (Mike) Sands,Loretta Smith,Timur Ender,Jamie Dunphy
Peggy Sue Owens,Candace Avalos,Loretta Smith,Steph Routh,Cayle Tern,Timur Ender
Timur Ender,,,,,
Noah Ernst,Steph Routh,Deian Salazar,,,
Steph Routh,Joe Allen,Loretta Smith,Jamie Dunphy,Terrence Hayes,
Loretta Smith,Jamie Dunphy,Noah Ernst,Terrence Hayes,David Linn,Steph Routh
Candace Avalos,Timur Ender,Steph Routh,Cayle Tern,Jamie Dunphy,
Terrence Hayes,Loretta Smith,,,,
Jamie Dunphy,Noah Ernst,Peggy Sue Owens,Steph Routh,Michael (Mike) Sands,Thomas Shervey
Terrence Hayes,,,,,
Deian Salazar,,,,,
Candace Avalos,,,,,
Joe Allen,Jamie Dunphy,Loretta Smith,,,
Timur Ender,Candace Avalos,Steph Routh,Jamie Dunphy,Cayle Tern,David Linn
Doug Clove,Steph Routh,Loretta Smith,Timur Ender,Candace Avalos,Jamie Dunphy
Steph Routh,Candace Avalos,Timur Ender,Noah Ernst,Joe Allen,Terrence Hayes
Michael (Mike) Sands,,,,,
Timur Ender,Candace Avalos,,,,
Steph Routh,Timur Ender,Candace Avalos,Jamie Dunphy,,
Jamie Dunphy,Candace Avalos,Steph Routh,,,
Terrence Hayes,Steph Routh,,,,
Terrence Hayes,Deian Salazar,Candace Avalos,Joe Allen,Joe Furi,Steph Routh
Steph Routh,Jamie Dunphy,Candace Avalos,Noah Ernst,,
Candace Avalos,Cayle Tern,Terrence Hayes,Jamie Dunphy,David Linn,Joe Furi
Steph Routh,Candace Avalos,Jamie Dunphy,Terrence Hayes,,
Jamie Dunphy,Candace Avalos,Terrence Hayes,Steph Routh,David Linn,Cayle Tern
Loretta Smith,Terrence Hayes,Candace Avalos,,,
Candace Avalos,Peggy Sue Owens,Cayle Tern,Loretta Smith,Steph Routh,
Loretta Smith,Doug Clove,Noah Ernst,,,
Loretta Smith,Terrence Hayes,Steph Routh,Timur Ender,Candace Avalos,David Linn
Candace Avalos,Jamie Dunphy,Steph Routh,Timur Ender,Noah Ernst,Terrence Hayes
Noah Ernst,Steph Routh,Terrence Hayes,,,
Noah Ernst,Doug Clove,Terrence Hayes,,,
Jamie Dunphy,,,,,
Jamie Dunphy,Steph Routh,Candace Avalos,,,
Jamie Dunphy,Steph Routh,Terrence Hayes,Loretta Smith,Candace Avalos,Timur Ender
Candace Avalos,Jamie Dunphy,Timur Ender,David Linn,Cayle Tern,
Timur Ender,,,,,
Jamie Dunphy,Candace Avalos,Timur Ender,Cayle Tern,,
Jamie Dunphy,Steph Routh,Terrence Hayes,Loretta Smith,,
Timur Ender,Terrence Hayes,Noah Ernst,David Linn,Steph Routh,Deian Salazar
Noah Ernst,Loretta Smith,Deian Salazar,,,
Joe Allen,Cayle Tern,Michael (Mike) Sands,Loretta Smith,Terrence Hayes,Jamie Dunphy
Terrence Hayes,Steph Routh,Timur Ender,Noah Ernst,,
Jamie Dunphy,Terrence Hayes,Steph Routh,Candace Avalos,Timur Ender,Michael (Mike) Sands
Loretta Smith,Candace Avalos,,,,
Jamie Dunphy,David Linn,Candace Avalos,Steph Routh,Terrence Hayes,Timur Ender
Steph Routh,Loretta Smith,Timur Ender,,,
Steph Routh,Joe Furi,Jamie Dunphy,,,
Candace Avalos,Steph Routh,Timur Ender,,,
Noah Ernst,,,,,
Candace Avalos,Timur Ender,Steph Routh,Thomas Shervey,Cayle Tern,David Linn
Jamie Dunphy,Candace Avalos,Steph Routh,,,
Terrence Hayes,Jamie Dunphy,Steph Routh,Loretta Smith,Candace Avalos,Timur Ender
Noah Ernst,,,,,
Loretta Smith,Terrence Hayes,Timur Ender,Steph Routh,Noah Ernst,Jamie Dunphy
Jamie Dunphy,Candace Avalos,Steph Routh,David Linn,Timur Ender,Deian Salazar
Candace Avalos,Timur Ender,Cayle Tern,,,
Noah Ernst,,,,,
Noah Ernst,Cayle Tern,Doug Clove,Steph Routh,,
Loretta Smith,David Linn,Steph Routh,Noah Ernst,Jamie Dunphy,
Candace Avalos,Jamie Dunphy,Cayle Tern,,,
Candace Avalos,,,,,
Candace Avalos,Doug Clove,Loretta Smith,Steph Routh,Jamie Dunphy,Terrence Hayes
Doug Clove,,,,,
Steph Routh,Candace Avalos,Terrence Hayes,Timur Ender,,
Noah Ernst,Candace Avalos,Timur Ender,Steph Routh,Loretta Smith,Deian Salazar
Steph Routh,Michael (Mike) Sands,Timur Ender,Candace Avalos,Deian Salazar,Cayle Tern
Loretta Smith,Candace Avalos,,,,
Steph Routh,Candace Avalos,Cayle Tern,Thomas Shervey,Loretta Smith,Timur Ender
Noah Ernst,Loretta Smith,Terrence Hayes,,,
Doug Clove,Joe Furi,,,,
Terrence Hayes,Loretta Smith,Jamie Dunphy,Thomas Shervey,David Linn,Timur Ender
Cayle Tern,Jamie Dunphy,Loretta Smith,Deian Salazar,Doug Clove,Joe Furi
Steph Routh,Timur Ender,Candace Avalos,Jamie Dunphy,Cayle Tern,
Noah Ernst,,,,,
Noah Ernst,,,,,
Jamie Dunphy,Candace Avalos,Steph Routh,Noah Ernst,Loretta Smith,David Linn
Noah Ernst,Steph Routh,Terrence Hayes,Candace Avalos,Jamie Dunphy,
Steph Routh,Loretta Smith,Michael (Mike) Sands,Noah Ernst,Peggy Sue Owens,Timur Ender
Loretta Smith,Joe Allen,Noah Ernst,Jamie Dunphy,,
Jamie Dunphy,Steph Routh,Candace Avalos,Timur Ender,Loretta Smith,
Jamie Dunphy,Steph Routh,Candace Avalos,Timur Ender,,
Terrence Hayes,Noah Ernst,Joe Furi,Loretta Smith,Doug Clove,
Terrence Hayes,Noah Ernst,Joe Furi,Loretta Smith,Doug Clove,Write-in-120
Candace Avalos,Cayle Tern,Timur Ender,Steph Routh,Jamie Dunphy,Terrence Hayes
Jamie Dunphy,Steph Routh,Noah Ernst,Candace Avalos,Terrence Hayes,
Candace Avalos,Timur Ender,Cayle Tern,Jamie Dunphy,Loretta Smith,
Jamie Dunphy,Steph Routh,Candace Avalos,Timur Ender,David Linn,Terrence Hayes
Candace Avalos,Jamie Dunphy,Steph Routh,Michael (Mike) Sands,Cayle Tern,Terrence Hayes
Jamie Dunphy,Deian Salazar,Peggy Sue Owens,Joe Allen,Loretta Smith,Terrence Hayes
David Linn,Joe Allen,Jamie Dunphy,,,
Doug Clove,Terrence Hayes,Deian Salazar,,,
Timur Ender,Steph Routh,Terrence Hayes,Noah Ernst,Jamie Dunphy,Candace Avalos
,,,,,
Steph Routh,Noah Ernst,Jamie Dunphy,Terrence Hayes,Timur Ender,Loretta Smith
Candace Avalos,Timur Ender,Steph Routh,,,
Timur Ender,Loretta Smith,Steph Routh,Candace Avalos,Deian Salazar,Joe Furi
Noah Ernst,Terrence Hayes,Candace Avalos,,,
Joe Allen,,,,,
Steph Routh,,,,,
Jamie Dunphy,Loretta Smith,Candace Avalos,,,
Candace Avalos,Steph Routh,Loretta Smith,Timur Ender,Terrence Hayes,Jamie Dunphy
Candace Avalos,Cayle Tern,Timur Ender,Jamie Dunphy,Steph Routh,David Linn
Candace Avalos,Loretta Smith,Deian Salazar,Steph Routh,,
Steph Routh,Timur Ender,Cayle Tern,,,
Candace Avalos,Timur Ender,Steph Routh,Terrence Hayes,Jamie Dunphy,Loretta Smith
Terrence Hayes,Timur Ender,Noah Ernst,,,
Terrence Hayes,Jamie Dunphy,Loretta Smith,Steph Routh,Doug Clove,Noah Ernst
Steph Routh,David Linn,Jamie Dunphy,Terrence Hayes,Timur Ender,
Noah Ernst,Loretta Smith,Doug Clove,Terrence Hayes,Steph Routh,Deian Salazar
Doug Clove,,,,,
Jamie Dunphy,Steph Routh,Timur Ender,,,
Candace Avalos,Joe Allen,Noah Ernst,Timur Ender,Peggy Sue Owens,
Thomas Shervey,Terrence Hayes,Noah Ernst,Joe Allen,David Linn,Cayle Tern
Peggy Sue Owens,Timur Ender,Doug Clove,Steph Routh,Michael (Mike) Sands,Joe Allen
Candace Avalos,,,,,
Noah Ernst,Peggy Sue Owens,Timur Ender,Candace Avalos,Joe Allen,David Linn
Doug Clove,,,,,
Steph Routh,Terrence Hayes,Jamie Dunphy,Loretta Smith,,
Timur Ender,Jamie Dunphy,Steph Routh,Loretta Smith,Terrence Hayes,
Candace Avalos,Steph Routh,Timur Ender,Jamie Dunphy,Loretta Smith,
Timur Ender,Candace Avalos,Loretta Smith,,,
Steph Routh,Loretta Smith,,,,
Noah Ernst,,,,,
Noah Ernst,Steph Routh,Deian Salazar,,,
Loretta Smith,,,,,
Terrence Hayes,Noah Ernst,Candace Avalos,,,
Candace Avalos,Timur Ender,Cayle Tern,Jamie Dunphy,David Linn,Steph Routh
Loretta Smith,,,,,
Noah Ernst,Terrence Hayes,Joe Furi,Loretta Smith,Doug Clove,
Candace Avalos,Steph Routh,Timur Ender,Jamie Dunphy,Loretta Smith,Cayle Tern
Timur Ender,Terrence Hayes,Steph Routh,Loretta Smith,Candace Avalos,Joe Furi
Candace Avalos,Noah Ernst,Loretta Smith,David Linn,Timur Ender,Jamie Dunphy
Doug Clove,Terrence Hayes,,,,
Jamie Dunphy,Candace Avalos,Steph Routh,,,
Noah Ernst,,,,,
Timur Ender,Steph Routh,Candace Avalos,Jamie Dunphy,,
Steph Routh,,,,,
Terrence Hayes,Steph Routh,Timur Ender,,,
Loretta Smith,,,,,
David Linn,Michael (Mike) Sands,Steph Routh,,,
Jamie Dunphy,Steph Routh,Timur Ender,Terrence Hayes,Loretta Smith,Candace Avalos
Joe Furi,Deian Salazar,Terrence Hayes,Jamie Dunphy,,
Timur Ender,David Linn,Doug Clove,Joe Furi,Loretta Smith,Terrence Hayes
Terrence Hayes,Candace Avalos,Deian Salazar,Loretta Smith,Jamie Dunphy,David Linn
Candace Avalos,Terrence Hayes,,,,
Jamie Dunphy,Steph Routh,Candace Avalos,Noah Ernst,Cayle Tern,
Steph Routh,Candace Avalos,Jamie Dunphy,,,
Loretta Smith,Steph Routh,Terrence Hayes,Jamie Dunphy,Candace Avalos,
Loretta Smith,Candace Avalos,Deian Salazar,,,
Peggy Sue Owens,Noah Ernst,Candace Avalos,Loretta Smith,Terrence Hayes,Steph Routh
Candace Avalos,Timur Ender,Steph Routh,Jamie Dunphy,Loretta Smith,Cayle Tern
Doug Clove,,,,,
David Linn,,,,,
Peggy Sue Owens,Loretta Smith,Jamie Dunphy,Candace Avalos,,
Jamie Dunphy,Candace Avalos,Steph Routh,Noah Ernst,David Linn,Loretta Smith
Candace Avalos,Steph Routh,Timur Ender,Jamie Dunphy,,
Steph Routh,Candace Avalos,Jamie Dunphy,,,
Peggy Sue Owens,Michael (Mike) Sands,Noah Ernst,Joe Furi,Cayle Tern,Thomas Shervey
,,,,,
Peggy Sue Owens,Candace Avalos,Loretta Smith,Steph Routh,Cayle Tern,Timur Ender
Candace Avalos,Steph Routh,Timur Ender,Jamie Dunphy,,
Steph Routh,Terrence Hayes,Loretta Smith,Jamie Dunphy,Doug Clove,Candace Avalos
Terrence Hayes,Noah Ernst,Joe Furi,Loretta Smith,Cayle Tern,Write-in-120
Terrence Hayes,Candace Avalos,Cayle Tern,Steph Routh,Jamie Dunphy,Doug Clove
Noah Ernst,Doug Clove,Terrence Hayes,,,
Candace Avalos,Loretta Smith,Steph Routh,Timur Ender,Cayle Tern,Joe Allen
,,,,,
Jamie Dunphy,Candace Avalos,Steph Routh,,,
Jamie Dunphy,Candace Avalos,Steph Routh,,,
Loretta Smith,Steph Routh,Terrence Hayes,,,
Loretta Smith,Steph Routh,Michael (Mike) Sands,Doug Clove,Candace Avalos,Timur Ender
Candace Avalos,,,,,
Timur Ender,Doug Clove,Jamie Dunphy,,,
Jamie Dunphy,Candace Avalos,Terrence Hayes,Steph Routh,Noah Ernst,Cayle Tern
Candace Avalos,Joe Allen,Steph Routh,David Linn,Noah Ernst,Timur Ender
Loretta Smith,Terrence Hayes,,,,
Candace Avalos,Steph Routh,Timur Ender,Jamie Dunphy,Loretta Smith,Terrence Hayes
Candace Avalos,Timur Ender,,,,
Deian Salazar,Candace Avalos,Michael (Mike) Sands,Peggy Sue Owens,Loretta Smith,Steph Routh
Steph Routh,Jamie Dunphy,Loretta Smith,,,
Noah Ernst,,,,,
Jamie Dunphy,Loretta Smith,,,,
Jamie Dunphy,Candace Avalos,Steph Routh,David Linn,Loretta Smith,
Candace Avalos,Jamie Dunphy,Steph Routh,Cayle Tern,Timur Ender,
Terrence Hayes,Noah Ernst,Timur Ender,Loretta Smith,,
Loretta Smith,Terrence Hayes,Steph Routh,Deian Salazar,Timur Ender,Candace Avalos
Noah Ernst,Doug Clove,Peggy Sue Owens,,,
Steph Routh,Jamie Dunphy,Timur Ender,Loretta Smith,Candace Avalos,Noah Ernst
Loretta Smith,Timur Ender,Terrence Hayes,,,
Peggy Sue Owens,,,,,
Jamie Dunphy,Candace Avalos,Steph Routh,,,
Terrence Hayes,Noah Ernst,Joe Furi,Loretta Smith,Doug Clove,Write-in-120
Steph Routh,Jamie Dunphy,Timur Ender,Terrence Hayes,Thomas Shervey,Loretta Smith
Jamie Dunphy,Timur Ender,,,,
Jamie Dunphy,Michael (Mike) Sands,Peggy Sue Owens,Doug Clove,Thomas Shervey,Candace Avalos
Loretta Smith,,,,,
Steph Routh,Candace Avalos,,,,
Loretta Smith,Jamie Dunphy,Timur Ender,Deian Salazar,Terrence Hayes,Michael (Mike) Sands
Jamie Dunphy,Candace Avalos,Steph Routh,David Linn,Terrence Hayes,Noah Ernst
David Linn,Loretta Smith,Steph Routh,Jamie Dunphy,Terrence Hayes,Doug Clove
Steph Routh,Timur Ender,Doug Clove,Noah Ernst,,
Doug Clove,Joe Allen,Michael (Mike) Sands,Deian Salazar,Terrence Hayes,Loretta Smith
Candace Avalos,Steph Routh,Jamie Dunphy,,,
Terrence Hayes,Candace Avalos,Timur Ender,Steph Routh,Cayle Tern,Noah Ernst
Timur Ender,Steph Routh,Terrence Hayes,Noah Ernst,Jamie Dunphy,Loretta Smith
Timur Ender,,,,,
Candace Avalos,Jamie Dunphy,Steph Routh,,,
Michael (Mike) Sands,Timur Ender,Jamie Dunphy,Candace Avalos,David Linn,Cayle Tern
Candace Avalos,Cayle Tern,Terrence Hayes,Loretta Smith,Timur Ender,
Terrence Hayes,Noah Ernst,Doug Clove,Deian Salazar,,
Terrence Hayes,Noah Ernst,Doug Clove,,,
Jamie Dunphy,Candace Avalos,Steph Routh,Noah Ernst,David Linn,Loretta Smith
,,,,,
Jamie Dunphy,Candace Avalos,Steph Routh,,,
Doug Clove,Joe Allen,Michael (Mike) Sands,Joe Furi,Thomas Shervey,Noah Ernst
Joe Furi,,,,,
Loretta Smith,Jamie Dunphy,Terrence Hayes,Michael (Mike) Sands,Doug Clove,Timur Ender
Terrence Hayes,Loretta Smith,Deian Salazar,David Linn,Candace Avalos,Peggy Sue Owens
Jamie Dunphy,Candace Avalos,Steph Routh,Terrence Hayes,Loretta Smith,Noah Ernst
Joe Allen,Doug Clove,Steph Routh,,,
Timur Ender,Candace Avalos,Loretta Smith,Cayle Tern,Steph Routh,
Noah Ernst,Joe Furi,Doug Clove,Peggy Sue Owens,Cayle Tern,Terrence Hayes
Candace Avalos,Steph Routh,Peggy Sue Owens,Loretta Smith,Jamie Dunphy,
Terrence Hayes,Candace Avalos,Steph Routh,,,
Steph Routh,Timur Ender,Candace Avalos,Jamie Dunphy,David Linn,Loretta Smith
Candace Avalos,Loretta Smith,Terrence Hayes,Steph Routh,Timur Ender,
Loretta Smith,Steph Routh,Jamie Dunphy,Cayle Tern,David Linn,Noah Ernst
Candace Avalos,Terrence Hayes,Loretta Smith,,,
Loretta Smith,Candace Avalos,Deian Salazar,Steph Routh,,
Steph Routh,Candace Avalos,Jamie Dunphy,,,
Candace Avalos,Cayle Tern,Timur Ender,,,
Noah Ernst,Terrence Hayes,Joe Furi,Loretta Smith,Doug Clove,
Loretta Smith,Timur Ender,Noah Ernst,Cayle Tern,Doug Clove,Steph Routh
Candace Avalos,Timur Ender,Doug Clove,Loretta Smith,,
Candace Avalos,Steph Routh,,,,
Loretta Smith,Michael (Mike) Sands,Peggy Sue Owens,David Linn,Joe Furi,Joe Allen
Steph Routh,Timur Ender,Candace Avalos,Michael (Mike) Sands,Terrence Hayes,Deian Salazar
Jamie Dunphy,Steph Routh,Candace Avalos,Loretta Smith,Timur Ender,
Timur Ender,David Linn,Joe Furi,Deian Salazar,Steph Routh,Jamie Dunphy
Thomas Shervey,Terrence Hayes,Candace Avalos,Joe Allen,David Linn,Doug Clove
Deian Salazar,Doug Clove,David Linn,Joe Allen,Loretta Smith,Jamie Dunphy
Peggy Sue Owens,Loretta Smith,Joe Allen,Candace Avalos,Noah Ernst,Joe Furi
David Linn,Peggy Sue Owens,Michael (Mike) Sands,Steph Routh,Loretta Smith,Noah Ernst
Loretta Smith,Michael (Mike) Sands,Terrence Hayes,Steph Routh,,
Timur Ender,Candace Avalos,Joe Allen,Loretta Smith,Steph Routh,Deian Salazar
Timur Ender,Jamie Dunphy,Steph Routh,Loretta Smith,Terrence Hayes,
Timur Ender,Candace Avalos,,,,
Terrence Hayes,Jamie Dunphy,David Linn,Steph Routh,Doug Clove,Noah Ernst
Cayle Tern,Candace Avalos,,,,
Peggy Sue Owens,Timur Ender,Noah Ernst,Candace Avalos,Joe Allen,David Linn
Loretta Smith,Deian Salazar,David Linn,Doug Clove,Terrence Hayes,
Loretta Smith,Timur Ender,Jamie Dunphy,,,
Noah Ernst,Jamie Dunphy,Steph Routh,Terrence Hayes,Timur Ender,David Linn
Terrence Hayes,Loretta Smith,Noah Ernst,,,
Timur Ender,Jamie Dunphy,Steph Routh,Noah Ernst,Terrence Hayes,Deian Salazar
Noah Ernst,Loretta Smith,,,,
Candace Avalos,Timur Ender,Steph Routh,Jamie Dunphy,Cayle Tern,David Linn
Noah Ernst,Joe Furi,Loretta Smith,Terrence Hayes,Jamie Dunphy,Candace Avalos
Candace Avalos,Jamie Dunphy,Steph Routh,,,
Candace Avalos,Timur Ender,Loretta Smith,Steph Routh,,
Noah Ernst,Loretta Smith,Terrence Hayes,Deian Salazar,,
Candace Avalos,Cayle Tern,Timur Ender,,,
David Linn,,,,,
Steph Routh,,,,,
Noah Ernst,Loretta Smith,Peggy Sue Owens,,,
Timur Ender,Loretta Smith,Peggy Sue Owens,,,
Noah Ernst,Terrence Hayes,Joe Furi,Loretta Smith,Doug Clove,
Candace Avalos,Timur Ender,Noah Ernst,Cayle Tern,Terrence Hayes,Jamie Dunphy
Candace Avalos,Timur Ender,Joe Allen,,,
Loretta Smith,Jamie Dunphy,Candace Avalos,Peggy Sue Owens,Doug Clove,Michael (Mike) Sands
Candace Avalos,Cayle Tern,Timur Ender,,,
Noah Ernst,Doug Clove,Loretta Smith,Terrence Hayes,Jamie Dunphy,Candace Avalos
Candace Avalos,Timur Ender,Joe Allen,Terrence Hayes,Jamie Dunphy,Steph Routh
Candace Avalos,Timur Ender,Peggy Sue Owens,,,
Terrence Hayes,Noah Ernst,,,,
Steph Routh,Loretta Smith,,,,
Candace Avalos,Noah Ernst,Loretta Smith,Steph Routh,,
Loretta Smith,Deian Salazar,Terrence Hayes,Candace Avalos,Cayle Tern,David Linn
Jamie Dunphy,,,,,
Terrence Hayes,Noah Ernst,Timur Ender,Loretta Smith,Candace Avalos,David Linn
Jamie Dunphy,Steph Routh,David Linn,Candace Avalos,Loretta Smith,Doug Clove
Doug Clove,Michael (Mike) Sands,,,,
Noah Ernst,Steph Routh,Terrence Hayes,,,
Candace Avalos,David Linn,Cayle Tern,Michael (Mike) Sands,Terrence Hayes,Thomas Shervey
Terrence Hayes,Noah Ernst,Doug Clove,Joe Furi,Deian Salazar,Cayle Tern
Timur Ender,David Linn,Cayle Tern,Joe Furi,Deian Salazar,Jamie Dunphy
Jamie Dunphy,Write-in-121,Timur Ender,Steph Routh,Loretta Smith,
Candace Avalos,Loretta Smith,Terrence Hayes,David Linn,Timur Ender,Jamie Dunphy
Candace Avalos,Joe Allen,Jamie Dunphy,Thomas Shervey,Noah Ernst,Steph Routh
David Linn,Candace Avalos,Michael (Mike) Sands,Joe Furi,Peggy Sue Owens,Deian Salazar
Doug Clove,,,,,
Timur Ender,Loretta Smith,Terrence Hayes,Steph Routh,Deian Salazar,David Linn
Noah Ernst,David Linn,Doug Clove,Terrence Hayes,Joe Furi,Steph Routh
Terrence Hayes,Loretta Smith,Steph Routh,,,
Loretta Smith,Steph Routh,Michael (Mike) Sands,Candace Avalos,David Linn,Peggy Sue Owens
,,,,,
Candace Avalos,Deian Salazar,Cayle Tern,Jamie Dunphy,Loretta Smith,Steph Routh
Steph Routh,Timur Ender,,,,
Timur Ender,Candace Avalos,Joe Allen,David Linn,Cayle Tern,Jamie Dunphy
Doug Clove,Loretta Smith,Joe Furi,Deian Salazar,,
Jamie Dunphy,Timur Ender,Steph Routh,Loretta Smith,Candace Avalos,
Deian Salazar,,,,,
Terrence Hayes,Doug Clove,Jamie Dunphy,Cayle Tern,David Linn,Noah Ernst
Jamie Dunphy,Terrence Hayes,Michael (Mike) Sands,Joe Furi,David Linn,Joe Allen
Timur Ender,Candace Avalos,Steph Routh,Jamie Dunphy,Terrence Hayes,Doug Clove
Timur Ender,Michael (Mike) Sands,Doug Clove,,,
Noah Ernst,,,,,
Noah Ernst,Timur Ender,Cayle Tern,Candace Avalos,Doug Clove,Joe Allen
Terrence Hayes,Noah Ernst,Doug Clove,,,
Peggy Sue Owens,Noah Ernst,Joe Furi,Thomas Shervey,Joe Allen,Steph Routh
Candace Avalos,Loretta Smith,Joe Furi,,,
Joe Allen,Loretta Smith,Jamie Dunphy,,,
Candace Avalos,Doug Clove,Steph Routh,David Linn,Joe Allen,
Timur Ender,Joe Furi,Cayle Tern,Michael (Mike) Sands,Terrence Hayes,Loretta Smith
Timur Ender,Cayle Tern,Steph Routh,Peggy Sue Owens,Doug Clove,
Candace Avalos,Timur Ender,Steph Routh,Jamie Dunphy,David Linn,Cayle Tern
Peggy Sue Owens,Michael (Mike) Sands,Loretta Smith,Terrence Hayes,Steph Routh,Cayle Tern
Timur Ender,Noah Ernst,Candace Avalos,Doug Clove,David Linn,Cayle Tern
Jamie Dunphy,Terrence Hayes,Steph Routh,David Linn,Noah Ernst,
Jamie Dunphy,Steph Routh,Candace Avalos,,,
Candace Avalos,Jamie Dunphy,David Linn,Loretta Smith,Steph Routh,
Steph Routh,,,,,
Loretta Smith,Steph Routh,Terrence Hayes,Candace Avalos,Jamie Dunphy,Timur Ender
Steph Routh,Doug Clove,Candace Avalos,Timur Ender,David Linn,Jamie Dunphy
Doug Clove,,,,,
Candace Avalos,Noah Ernst,,,,
Candace Avalos,Cayle Tern,Timur Ender,Steph Routh,Jamie Dunphy,David Linn
Jamie Dunphy,Candace Avalos,Steph Routh,,,
Candace Avalos,Thomas Shervey,David Linn,Deian Salazar,Steph Routh,Timur Ender
Jamie Dunphy,Candace Avalos,Steph Routh,Noah Ernst,David Linn,Loretta Smith
Doug Clove,Noah Ernst,Candace Avalos,Michael (Mike) Sands,,
Noah Ernst,David Linn,,,,
Terrence Hayes,Steph Routh,Candace Avalos,Cayle Tern,Jamie Dunphy,David Linn
Thomas Shervey,Doug Clove,Cayle Tern,,,
Steph Routh,Terrence Hayes,Timur Ender,Jamie Dunphy,,
David Linn,Loretta Smith,Candace Avalos,Terrence Hayes,Timur Ender,
Timur Ender,Candace Avalos,Cayle Tern,Steph Routh,Jamie Dunphy,David Linn
Noah Ernst,Terrence Hayes,Joe Furi,Loretta Smith,Doug Clove,
Cayle Tern,,,,,
Terrence Hayes,Loretta Smith,Noah Ernst,Peggy Sue Owens,Candace Avalos,Steph Routh
Candace Avalos,Jamie Dunphy,Steph Routh,,,
Candace Avalos,,,,,
Loretta Smith,,,,,
Candace Avalos,Timur Ender,Steph Routh,Jamie Dunphy,Cayle Tern,David Linn
Terrence Hayes,Loretta Smith,Noah Ernst,,,
Cayle Tern,Candace Avalos,Steph Routh,Timur Ender,Jamie Dunphy,Loretta Smith
Jamie Dunphy,Candace Avalos,Steph Routh,,,
Candace Avalos,Jamie Dunphy,Steph Routh,Loretta Smith,Terrence Hayes,Timur Ender
Candace Avalos,Cayle Tern,Timur Ender,,,
Jamie Dunphy,Candace Avalos,Steph Routh,,,
Jamie Dunphy,Candace Avalos,Steph Routh,Noah Ernst,David Linn,Loretta Smith
Loretta Smith,Candace Avalos,Terrence Hayes,Cayle Tern,Timur Ender,Jamie Dunphy
Joe Allen,Candace Avalos,Deian Salazar,Timur Ender,Peggy Sue Owens,Loretta Smith
Loretta Smith,Steph Routh,Candace Avalos,,,
Jamie Dunphy,Terrence Hayes,Loretta Smith,,,
Timur Ender,Loretta Smith,Joe Allen,David Linn,Peggy Sue Owens,Noah Ernst
Joe Furi,Peggy Sue Owens,Cayle Tern,Michael (Mike) Sands,Loretta Smith,Jamie Dunphy
Noah Ernst,Doug Clove,Joe Furi,,,
Terrence Hayes,Timur Ender,Cayle Tern,Deian Salazar,Candace Avalos,Joe Furi
Candace Avalos,David Linn,Joe Allen,Michael (Mike) Sands,Terrence Hayes,Doug Clove
Timur Ender,Candace Avalos,Loretta Smith,Terrence Hayes,Steph Routh,Jamie Dunphy
Candace Avalos,Steph Routh,Timur Ender,Cayle Tern,Jamie Dunphy,
Deian Salazar,Michael (Mike) Sands,Joe Allen,,,
Steph Routh,Terrence Hayes,Loretta Smith,Michael (Mike) Sands,Joe Furi,Cayle Tern
Noah Ernst,Terrence Hayes,,,,
Loretta Smith,,,,,
Candace Avalos,Doug Clove,Loretta Smith,Noah Ernst,David Linn,Michael (Mike) Sands
Loretta Smith,Michael (Mike) Sands,Joe Allen,Thomas Shervey,Steph Routh,Peggy Sue Owens
Loretta Smith,Timur Ender,,,,
Deian Salazar,Terrence Hayes,Noah Ernst,Candace Avalos,Loretta Smith,Peggy Sue Owens
Candace Avalos,Cayle Tern,Timur Ender,,,
Noah Ernst,Thomas Shervey,David Linn,Michael (Mike) Sands,Steph Routh,Terrence Hayes
Steph Routh,Timur Ender,Jamie Dunphy,,,
Candace Avalos,Cayle Tern,Doug Clove,Jamie Dunphy,Timur Ender,Steph Routh
Candace Avalos,Steph Routh,Terrence Hayes,Thomas Shervey,David Linn,Jamie Dunphy
Deian Salazar,Doug Clove,,,,
Deian Salazar,Doug Clove,David Linn,Terrence Hayes,,
Timur Ender,Jamie Dunphy,Candace Avalos,Steph Routh,,
Terrence Hayes,Candace Avalos,Loretta Smith,Cayle Tern,David Linn,Steph Routh
Timur Ender,Candace Avalos,Steph Routh,Terrence Hayes,,
Terrence Hayes,Noah Ernst,Loretta Smith,Timur Ender,Steph Routh,Michael (Mike) Sands
Deian Salazar,Steph Routh,Terrence Hayes,,,
Peggy Sue Owens,,,,,
Noah Ernst,Doug Clove,Jamie Dunphy,Joe Furi,,
Cayle Tern,Loretta Smith,Candace Avalos,Deian Salazar,Timur Ender,Jamie Dunphy
Doug Clove,Joe Furi,Terrence Hayes,Noah Ernst,Cayle Tern,Michael (Mike) Sands
Noah Ernst,Terrence Hayes,Steph Routh,Thomas Shervey,Joe Allen,Jamie Dunphy
Candace Avalos,Cayle Tern,Timur Ender,Jamie Dunphy,Steph Routh,David Linn
Steph Routh,Loretta Smith,Candace Avalos,Terrence Hayes,,
Noah Ernst,Doug Clove,Loretta Smith,Deian Salazar,Joe Allen,Terrence Hayes
Doug Clove,Candace Avalos,David Linn,Deian Salazar,Loretta Smith,Terrence Hayes
Loretta Smith,,,,,
Terrence Hayes,Loretta Smith,Steph Routh,Michael (Mike) Sands,Noah Ernst,
Cayle Tern,Loretta Smith,Terrence Hayes,Joe Allen,Noah Ernst,Thomas Shervey
David Linn,Noah Ernst,Doug Clove,,,
David Linn,Loretta Smith,Timur Ender,Steph Routh,Jamie Dunphy,Terrence Hayes
,,,,,
Candace Avalos,Cayle Tern,,,,
Noah Ernst,,,,,
David Linn,Loretta Smith,Jamie Dunphy,Joe Allen,,
Joe Allen,,,,,
Jamie Dunphy,Michael (Mike) Sands,Joe Allen,Candace Avalos,Noah Ernst,Terrence Hayes
Cayle Tern,Timur Ender,Jamie Dunphy,Candace Avalos,Steph Routh,David Linn
Candace Avalos,Steph Routh,Jamie Dunphy,David Linn,Cayle Tern,Timur Ender
Loretta Smith,Timur Ender,Candace Avalos,David Linn,Joe Allen,
Candace Avalos,Steph Routh,Cayle Tern,Timur Ender,Jamie Dunphy,David Linn
Jamie Dunphy,Candace Avalos,Steph Routh,,,
Doug Clove,Cayle Tern,Joe Furi,Deian Salazar,,
Noah Ernst,Steph Routh,Deian Salazar,,,
Timur Ender,Candace Avalos,Cayle Tern,Loretta Smith,,
Candace Avalos,Steph Routh,Timur Ender,Jamie Dunphy,Loretta Smith,Noah Ernst
Timur Ender,Candace Avalos,Loretta Smith,Terrence Hayes,Steph Routh,Jamie Dunphy
Loretta Smith,,,,,
Candace Avalos,Cayle Tern,Timur Ender,,,
Steph Routh,Candace Avalos,Timur Ender,Jamie Dunphy,David Linn,Cayle Tern
Peggy Sue Owens,Candace Avalos,Loretta Smith,Terrence Hayes,Steph Routh,Joe Furi
Candace Avalos,Cayle Tern,Joe Allen,Deian Salazar,Loretta Smith,Steph Routh
Terrence Hayes,David Linn,Deian Salazar,Doug Clove,Peggy Sue Owens,Candace Avalos
Terrence Hayes,Loretta Smith,,,,
Deian Salazar,Doug Clove,Jamie Dunphy,Steph Routh,David Linn,Joe Allen
Candace Avalos,Steph Routh,Jamie Dunphy,Timur Ender,,
Steph Routh,,,,,
Noah Ernst,Terrence Hayes,Joe Furi,Loretta Smith,Doug Clove,
,,,,,
Cayle Tern,Michael (Mike) Sands,Timur Ender,Joe Allen,David Linn,Candace Avalos
Candace Avalos,Steph Routh,Loretta Smith,,,
Michael (Mike) Sands,,,,,
,,,,,
Terrence Hayes,,,,,
Candace Avalos,Cayle Tern,Timur Ender,,,
Noah Ernst,Joe Allen,Joe Furi,,,
Terrence Hayes,,,,,
Loretta Smith,Terrence Hayes,Timur Ender,David Linn,Steph Routh,
Jamie Dunphy,Steph Routh,Timur Ender,Candace Avalos,Loretta Smith,Terrence Hayes
Candace Avalos,Steph Routh,Terrence Hayes,Jamie Dunphy,Timur Ender,Loretta Smith
Steph Routh,Cayle Tern,Jamie Dunphy,Terrence Hayes,Thomas Shervey,Noah Ernst
Candace Avalos,Steph Routh,Timur Ender,Michael (Mike) Sands,David Linn,Jamie Dunphy
Candace Avalos,Jamie Dunphy,Steph Routh,Timur Ender,Loretta Smith,Terrence Hayes
Noah Ernst,Terrence Hayes,Timur Ender,,,
Loretta Smith,Terrence Hayes,Timur Ender,Candace Avalos,Noah Ernst,Michael (Mike) Sands
Candace Avalos,Steph Routh,Timur Ender,Jamie Dunphy,,
Candace Avalos,Steph Routh,Loretta Smith,Terrence Hayes,Timur Ender,Cayle Tern
Candace Avalos,Terrence Hayes,Noah Ernst,Jamie Dunphy,Steph Routh,
Jamie Dunphy,,,,,
Timur Ender,Candace Avalos,Michael (Mike) Sands,Thomas Shervey,Terrence Hayes,Steph Routh
Deian Salazar,Candace Avalos,Timur Ender,,,
Candace Avalos,Timur Ender,Terrence Hayes,Jamie Dunphy,Steph Routh,Loretta Smith
Candace Avalos,Loretta Smith,Jamie Dunphy,Terrence Hayes,,
Loretta Smith,Jamie Dunphy,Terrence Hayes,Candace Avalos,Timur Ender,David Linn
Noah Ernst,Terrence Hayes,Michael (Mike) Sands,Loretta Smith,Joe Furi,Jamie Dunphy
,,,,,
Candace Avalos,Steph Routh,Loretta Smith,Thomas Shervey,Timur Ender,Terrence Hayes
Michael (Mike) Sands,Peggy Sue Owens,Loretta Smith,Steph Routh,,
Loretta Smith,Terrence Hayes,,,,
Timur Ender,David Linn,Doug Clove,Deian Salazar,Thomas Shervey,Steph Routh
Loretta Smith,Timur Ender,Noah Ernst,Cayle Tern,Doug Clove,Steph Routh
Jamie Dunphy,Terrence Hayes,Steph Routh,Deian Salazar,Candace Avalos,Loretta Smith
Noah Ernst,Loretta Smith,Steph Routh,Doug Clove,Terrence Hayes,Joe Furi
Joe Allen,Thomas Shervey,Loretta Smith,Noah Ernst,David Linn,Doug Clove
Loretta Smith,,,,,
Terrence Hayes,Noah Ernst,,,,
Jamie Dunphy,Timur Ender,Michael (Mike) Sands,Joe Furi,David Linn,
Steph Routh,Loretta Smith,Timur Ender,Jamie Dunphy,Candace Avalos,
Peggy Sue Owens,Joe Allen,Loretta Smith,Terrence Hayes,Jamie Dunphy,David Linn
Loretta Smith,Michael (Mike) Sands,Joe Allen,Thomas Shervey,Steph Routh,Peggy Sue Owens
Thomas Shervey,Michael (Mike) Sands,Doug Clove,Jamie Dunphy,David Linn,Noah Ernst
Steph Routh,Thomas Shervey,Joe Furi,Peggy Sue Owens,Cayle Tern,Candace Avalos
Peggy Sue Owens,Candace Avalos,Loretta Smith,Cayle Tern,Deian Salazar,Steph Routh
Steph Routh,David Linn,Jamie Dunphy,Noah Ernst,Terrence Hayes,
Loretta Smith,Thomas Shervey,Steph Routh,,,
Jamie Dunphy,David Linn,Peggy Sue Owens,Doug Clove,Candace Avalos,Loretta Smith
Terrence Hayes,,,,,
Doug Clove,Deian Salazar,Joe Allen,Noah Ernst,Cayle Tern,Candace Avalos
Noah Ernst,Timur Ender,Peggy Sue Owens,,,
Terrence Hayes,Michael (Mike) Sands,Deian Salazar,,,
Cayle Tern,Deian Salazar,Jamie Dunphy,,,
,,,,,
Jamie Dunphy,Steph Routh,Candace Avalos,,,
Candace Avalos,Steph Routh,Loretta Smith,Terrence Hayes,Cayle Tern,Timur Ender
Joe Allen,Doug Clove,Candace Avalos,Jamie Dunphy,Loretta Smith,Timur Ender
Peggy Sue Owens,Timur Ender,Noah Ernst,Candace Avalos,Joe Allen,David Linn
Candace Avalos,Terrence Hayes,Loretta Smith,Cayle Tern,Deian Salazar,Steph Routh
Candace Avalos,Steph Routh,Jamie Dunphy,Peggy Sue Owens,Doug Clove,Timur Ender
Candace Avalos,Timur Ender,Steph Routh,Jamie Dunphy,Cayle Tern,David Linn
Loretta Smith,Terrence Hayes,Steph Routh,,,
Peggy Sue Owens,Joe Furi,,,,
Doug Clove,Terrence Hayes,Steph Routh,Thomas Shervey,Deian Salazar,Timur Ender
Candace Avalos,Jamie Dunphy,Steph Routh,Timur Ender,,
Terrence Hayes,Noah Ernst,Joe Furi,Loretta Smith,Doug Clove,Write-in-120
Steph Routh,Candace Avalos,Timur Ender,,,
Candace Avalos,Steph Routh,Timur Ender,Cayle Tern,,
Peggy Sue Owens,Doug Clove,Thomas Shervey,Joe Allen,Joe Furi,Michael (Mike) Sands
Timur Ender,Noah Ernst,Michael (Mike) Sands,Deian Salazar,Steph Routh,Terrence Hayes
Timur Ender,Candace Avalos,Jamie Dunphy,Loretta Smith,Steph Routh,Cayle Tern
Terrence Hayes,Steph Routh,Loretta Smith,Deian Salazar,Candace Avalos,Cayle Tern
Timur Ender,Noah Ernst,Jamie Dunphy,David Linn,Cayle Tern,Michael (Mike) Sands
Terrence Hayes,Loretta Smith,,,,
Timur Ender,Doug Clove,Joe Furi,Terrence Hayes,Joe Allen,Loretta Smith
Candace Avalos,Steph Routh,Terrence Hayes,David Linn,Jamie Dunphy,
Jamie Dunphy,Steph Routh,Loretta Smith,Candace Avalos,Cayle Tern,David Linn
Candace Avalos,Loretta Smith,Peggy Sue Owens,,,
Candace Avalos,Joe Furi,,,,
Joe Furi,Steph Routh,Jamie Dunphy,Terrence Hayes,Loretta Smith,Candace Avalos
Jamie Dunphy,Steph Routh,Candace Avalos,Timur Ender,Loretta Smith,Cayle Tern
Terrence Hayes,Loretta Smith,Cayle Tern,Candace Avalos,Deian Salazar,Jamie Dunphy
Noah Ernst,Terrence Hayes,Joe Furi,Loretta Smith,Doug Clove,
Candace Avalos,,,,,
Candace Avalos,Timur Ender,Steph Routh,Loretta Smith,Terrence Hayes,Doug Clove
Noah Ernst,Doug Clove,Terrence Hayes,Loretta Smith,Joe Furi,
Candace Avalos,Loretta Smith,Deian Salazar,,,
Loretta Smith,Cayle Tern,Noah Ernst,Terrence Hayes,,
Doug Clove,Noah Ernst,Candace Avalos,Deian Salazar,,
Doug Clove,Terrence Hayes,,,,
David Linn,,,,,
Loretta Smith,Candace Avalos,Steph Routh,Peggy Sue Owens,Joe Allen,Terrence Hayes
Candace Avalos,David Linn,Loretta Smith,,,
Michael (Mike) Sands,Joe Allen,David Linn,Terrence Hayes,Joe Furi,Jamie Dunphy
Steph Routh,Terrence Hayes,,,,
Jamie Dunphy,,,,,
Candace Avalos,Steph Routh,Timur Ender,Jamie Dunphy,,
Noah Ernst,Terrence Hayes,Loretta Smith,,,
Jamie Dunphy,Steph Routh,Timur Ender,Loretta Smith,Michael (Mike) Sands,Cayle Tern
Jamie Dunphy,Candace Avalos,Cayle Tern,Loretta Smith,,
Deian Salazar,,,,,
Noah Ernst,Joe Furi,Loretta Smith,Steph Routh,Doug Clove,Candace Avalos
Terrence Hayes,,,,,
Timur Ender,Doug Clove,Loretta Smith,Thomas Shervey,,
Michael (Mike) Sands,Loretta Smith,Joe Allen,David Linn,Thomas Shervey,Steph Routh
Terrence Hayes,Joe Allen,Joe Furi,Jamie Dunphy,Peggy Sue Owens,David Linn
Candace Avalos,Timur Ender,Steph Routh,Jamie Dunphy,Cayle Tern,David Linn
Candace Avalos,Timur Ender,Jamie Dunphy,Steph Routh,Loretta Smith,Cayle Tern
Candace Avalos,,,,,
Candace Avalos,Deian Salazar,Cayle Tern,Timur Ender,,
Joe Furi,Terrence Hayes,,,,
Candace Avalos,Steph Routh,Timur Ender,Jamie Dunphy,,
Peggy Sue Owens,Noah Ernst,Loretta Smith,,,
Loretta Smith,Cayle Tern,David Linn,Noah Ernst,Jamie Dunphy,Terrence Hayes
Loretta Smith,Noah Ernst,,,,
Noah Ernst,Doug Clove,David Linn,Thomas Shervey,Steph Routh,
Noah Ernst,Loretta Smith,Deian Salazar,,,
Steph Routh,Jamie Dunphy,Candace Avalos,,,
Loretta Smith,Terrence Hayes,Thomas Shervey,Deian Salazar,Noah Ernst,Peggy Sue Owens
Loretta Smith,Terrence Hayes,Steph Routh,,,
Timur Ender,Deian Salazar,Loretta Smith,,,
David Linn,Cayle Tern,Doug Clove,Loretta Smith,Steph Routh,Jamie Dunphy
Steph Routh,Candace Avalos,Jamie Dunphy,David Linn,Noah Ernst,Loretta Smith
Loretta Smith,Noah Ernst,Peggy Sue Owens,,,
Loretta Smith,Terrence Hayes,Noah Ernst,Deian Salazar,Peggy Sue Owens,Steph Routh
Peggy Sue Owens,Timur Ender,Noah Ernst,Candace Avalos,Joe Allen,David Linn
Doug Clove,Noah Ernst,Loretta Smith,Deian Salazar,,
Candace Avalos,Timur Ender,Cayle Tern,Noah Ernst,,
Candace Avalos,Steph Routh,Terrence Hayes,Jamie Dunphy,Loretta Smith,Timur Ender
Terrence Hayes,Noah Ernst,Doug Clove,,,
Noah Ernst,Terrence Hayes,Joe Furi,Loretta Smith,Doug Clove,
Terrence Hayes,Doug Clove,Steph Routh,,,
Candace Avalos,Loretta Smith,Terrence Hayes,Steph Routh,Cayle Tern,David Linn
Steph Routh,Jamie Dunphy,Loretta Smith,Terrence Hayes,,
Candace Avalos,Cayle Tern,Steph Routh,Terrence Hayes,Jamie Dunphy,Timur Ender
Candace Avalos,Jamie Dunphy,Loretta Smith,Terrence Hayes,David Linn,
Doug Clove,Loretta Smith,Terrence Hayes,Steph Routh,Cayle Tern,Candace Avalos
Steph Routh,Timur Ender,Cayle Tern,,,
Noah Ernst,,,,,
Joe Allen,Joe Furi,Doug Clove,Thomas Shervey,,
Loretta Smith,Terrence Hayes,Noah Ernst,,,
Jamie Dunphy,Candace Avalos,Cayle Tern,Steph Routh,Timur Ender,Noah Ernst
Candace Avalos,Cayle Tern,Steph Routh,Terrence Hayes,,
Cayle Tern,Loretta Smith,Joe Furi,Jamie Dunphy,Thomas Shervey,Joe Allen
Noah Ernst,David Linn,Jamie Dunphy,,,
Timur Ender,Terrence Hayes,Candace Avalos,Michael (Mike) Sands,Loretta Smith,David Linn
Cayle Tern,Steph Routh,Candace Avalos,Joe Allen,Jamie Dunphy,Peggy Sue Owens
Candace Avalos,Cayle Tern,Joe Allen,Loretta Smith,Jamie Dunphy,Noah Ernst
David Linn,Timur Ender,Terrence Hayes,Cayle Tern,Steph Routh,Michael (Mike) Sands
Joe Allen,Doug Clove,Michael (Mike) Sands,,,
Jamie Dunphy,Candace Avalos,Terrence Hayes,David Linn,Noah Ernst,Loretta Smith
Candace Avalos,Steph Routh,Timur Ender,,,
Noah Ernst,,,,,
Noah Ernst,,,,,
Steph Routh,Jamie Dunphy,Candace Avalos,Timur Ender,Noah Ernst,David Linn
Loretta Smith,Michael (Mike) Sands,Terrence Hayes,Joe Allen,David Linn,Peggy Sue Owens
Jamie Dunphy,Candace Avalos,Steph Routh,,,
Terrence Hayes,Noah Ernst,Doug Clove,Joe Furi,Jamie Dunphy,Loretta Smith
Candace Avalos,Jamie Dunphy,Cayle Tern,Joe Furi,David Linn,Deian Salazar
Terrence Hayes,Loretta Smith,Candace Avalos,Noah Ernst,Steph Routh,Jamie Dunphy
Loretta Smith,Timur Ender,Candace Avalos,Steph Routh,Jamie Dunphy,Cayle Tern
Noah Ernst,Doug Clove,Candace Avalos,Cayle Tern,Deian Salazar,Loretta Smith
Noah Ernst,Joe Allen,Doug Clove,Candace Avalos,,
Loretta Smith,Steph Routh,Doug Clove,,,
Noah Ernst,Doug Clove,Joe Furi,Deian Salazar,Terrence Hayes,
Cayle Tern,Jamie Dunphy,Joe Allen,David Linn,Terrence Hayes,
Steph Routh,Terrence Hayes,Timur Ender,David Linn,Loretta Smith,Noah Ernst
Noah Ernst,Terrence Hayes,Joe Furi,Loretta Smith,Doug Clove,
Loretta Smith,,,,,
Terrence Hayes,,,,,
Steph Routh,Candace Avalos,,,,
Terrence Hayes,Noah Ernst,Joe Furi,Loretta Smith,Doug Clove,Write-in-120
Steph Routh,Timur Ender,Candace Avalos,Jamie Dunphy,,
Loretta Smith,Terrence Hayes,Joe Allen,Cayle Tern,,
Candace Avalos,Cayle Tern,David Linn,Joe Furi,Terrence Hayes,Loretta Smith
Timur Ender,Noah Ernst,Candace Avalos,Doug Clove,Terrence Hayes,Loretta Smith
Steph Routh,Timur Ender,Cayle Tern,Candace Avalos,Jamie Dunphy,Noah Ernst
Doug Clove,,,,,
David Linn,Candace Avalos,Joe Allen,Jamie Dunphy,Michael (Mike) Sands,
Doug Clove,Noah Ernst,,,,
Loretta Smith,Candace Avalos,Terrence Hayes,,,
Loretta Smith,Steph Routh,Jamie Dunphy,,,
Terrence Hayes,Loretta Smith,Timur Ender,Noah Ernst,Michael (Mike) Sands,Steph Routh
Jamie Dunphy,Steph Routh,Candace Avalos,,,
Candace Avalos,Doug Clove,Jamie Dunphy,Timur Ender,Thomas Shervey,Cayle Tern
Terrence Hayes,,,,,
Steph Routh,Jamie Dunphy,Michael (Mike) Sands,Candace Avalos,,
Loretta Smith,David Linn,Candace Avalos,Steph Routh,Terrence Hayes,Jamie Dunphy
,,,,,
Loretta Smith,Doug Clove,Timur Ender,Candace Avalos,Terrence Hayes,
Steph Routh,Michael (Mike) Sands,Loretta Smith,Jamie Dunphy,Candace Avalos,David Linn
Candace Avalos,,,,,
Deian Salazar,,,,,
Thomas Shervey,Doug Clove,David Linn,Jamie Dunphy,,
Deian Salazar,Candace Avalos,Steph Routh,,,
Candace Avalos,Cayle Tern,Timur Ender,,,
Deian Salazar,Candace Avalos,Terrence Hayes,Timur Ender,David Linn,Cayle Tern
Loretta Smith,Terrence Hayes,Peggy Sue Owens,Timur Ender,David Linn,Candace Avalos
Joe Allen,Joe Furi,Michael (Mike) Sands,,,
Joe Allen,Noah Ernst,David Linn,Doug Clove,Joe Furi,Michael (Mike) Sands
Steph Routh,Terrence Hayes,Jamie Dunphy,Candace Avalos,Noah Ernst,Loretta Smith
Candace Avalos,Cayle Tern,Timur Ender,Steph Routh,,
Terrence Hayes,Loretta Smith,Candace Avalos,David Linn,Joe Furi,Deian Salazar
Candace Avalos,Timur Ender,Jamie Dunphy,Steph Routh,,
Candace Avalos,Steph Routh,Deian Salazar,Cayle Tern,Peggy Sue Owens,Jamie Dunphy
Joe Allen,Loretta Smith,Steph Routh,,,
Jamie Dunphy,Candace Avalos,Steph Routh,,,
David Linn,,,,,
Jamie Dunphy,Candace Avalos,Noah Ernst,Cayle Tern,Terrence Hayes,Timur Ender
Doug Clove,Jamie Dunphy,Joe Furi,Loretta Smith,Deian Salazar,Joe Allen
Loretta Smith,,,,,
Candace Avalos,Loretta Smith,Steph Routh,,,
Cayle Tern,Loretta Smith,Steph Routh,Michael (Mike) Sands,Doug Clove,Candace Avalos
Timur Ender,Terrence Hayes,Deian Salazar,,,
Steph Routh,Jamie Dunphy,Timur Ender,Terrence Hayes,Noah Ernst,
Loretta Smith,Deian Salazar,Peggy Sue Owens,Timur Ender,Candace Avalos,David Linn
Loretta Smith,Terrence Hayes,Noah Ernst,Doug Clove,Steph Routh,Jamie Dunphy
Loretta Smith,Candace Avalos,Steph Routh,,,
Joe Furi,Michael (Mike) Sands,,,,
Terrence Hayes,Loretta Smith,Steph Routh,Jamie Dunphy,Candace Avalos,Timur Ender
Steph Routh,,,,,
Loretta Smith,,,,,
Noah Ernst,Doug Clove,Deian Salazar,Joe Allen,David Linn,Timur Ender
,,,,,
Joe Furi,Deian Salazar,,,,
Peggy Sue Owens,Timur Ender,Noah Ernst,Candace Avalos,Joe Allen,David Linn
Timur Ender,Joe Allen,Noah Ernst,Joe Furi,Jamie Dunphy,Doug Clove
Doug Clove,Noah Ernst,Candace Avalos,Michael (Mike) Sands,Deian Salazar,Joe Furi
Doug Clove,,,,,
Steph Routh,Jamie Dunphy,,,,
Noah Ernst,Doug Clove,Loretta Smith,Candace Avalos,,
Noah Ernst,,,,,
Noah Ernst,Joe Furi,Terrence Hayes,Jamie Dunphy,,
Candace Avalos,Steph Routh,Timur Ender,Cayle Tern,,
Michael (Mike) Sands,Jamie Dunphy,Loretta Smith,Steph Routh,,
Candace Avalos,Jamie Dunphy,Noah Ernst,Loretta Smith,Peggy Sue Owens,Deian Salazar
Steph Routh,Timur Ender,Candace Avalos,Loretta Smith,Terrence Hayes,David Linn
Doug Clove,Candace Avalos,Steph Routh,David Linn,Cayle Tern,Loretta Smith
Thomas Shervey,Loretta Smith,Joe Furi,Doug Clove,Joe Allen,
Joe Allen,Doug Clove,Timur Ender,,,
Terrence Hayes,,,,,
Candace Avalos,Jamie Dunphy,Terrence Hayes,,,
Loretta Smith,Timur Ender,Candace Avalos,Jamie Dunphy,Steph Routh,Terrence Hayes
Candace Avalos,Loretta Smith,,,,
Steph Routh,Terrence Hayes,Loretta Smith,Deian Salazar,David Linn,Joe Furi
Noah Ernst,Timur Ender,Deian Salazar,Steph Routh,Loretta Smith,Terrence Hayes
Jamie Dunphy,Timur Ender,Steph Routh,Thomas Shervey,Candace Avalos,David Linn
Candace Avalos,Jamie Dunphy,,,,
Peggy Sue Owens,,,,,
Candace Avalos,Timur Ender,David Linn,,,
Jamie Dunphy,Candace Avalos,Timur Ender,Cayle Tern,David Linn,Steph Routh
Candace Avalos,Jamie Dunphy,,,,
Candace Avalos,Steph Routh,Terrence Hayes,Timur Ender,Jamie Dunphy,Michael (Mike) Sands
Jamie Dunphy,Candace Avalos,David Linn,Steph Routh,Loretta Smith,
Joe Furi,,,,,
Loretta Smith,,,,,
Peggy Sue Owens,,,,,
Candace Avalos,Jamie Dunphy,Deian Salazar,Timur Ender,Cayle Tern,Terrence Hayes
Terrence Hayes,,,,,
Jamie Dunphy,Loretta Smith,Candace Avalos,Steph Routh,Timur Ender,David Linn
Loretta Smith,Terrence Hayes,Noah Ernst,Doug Clove,Steph Routh,Deian Salazar
Timur Ender,Steph Routh,Jamie Dunphy,,,
Thomas Shervey,Steph Routh,Jamie Dunphy,,,
Peggy Sue Owens,Doug Clove,Noah Ernst,Steph Routh,Jamie Dunphy,Loretta Smith
Candace Avalos,Timur Ender,Cayle Tern,Joe Furi,Loretta Smith,David Linn
Timur Ender,Candace Avalos,Loretta Smith,,,
Loretta Smith,,,,,
Timur Ender,Thomas Shervey,Noah Ernst,Jamie Dunphy,David Linn,
Candace Avalos,Loretta Smith,Cayle Tern,Steph Routh,Deian Salazar,Timur Ender
Candace Avalos,Steph Routh,Timur Ender,Jamie Dunphy,,
Loretta Smith,Terrence Hayes,,,,
Terrence Hayes,Noah Ernst,Joe Furi,Loretta Smith,Doug Clove,Write-in-120
Jamie Dunphy,Doug Clove,Michael (Mike) Sands,Candace Avalos,Noah Ernst,Timur Ender
Peggy Sue Owens,Timur Ender,Noah Ernst,Candace Avalos,Joe Allen,David Linn
Candace Avalos,Cayle Tern,Timur Ender,,,
Jamie Dunphy,Cayle Tern,David Linn,,,
Jamie Dunphy,Steph Routh,Doug Clove,Joe Allen,Loretta Smith,Peggy Sue Owens
Timur Ender,Candace Avalos,Jamie Dunphy,Loretta Smith,Steph Routh,
Peggy Sue Owens,David Linn,Loretta Smith,Terrence Hayes,Jamie Dunphy,Thomas Shervey
Candace Avalos,Timur Ender,Steph Routh,,,
Terrence Hayes,Candace Avalos,Loretta Smith,Deian Salazar,Steph Routh,Timur Ender
Terrence Hayes,Noah Ernst,Joe Furi,Loretta Smith,Doug Clove,Write-in-120
Terrence Hayes,Noah Ernst,Steph Routh,Loretta Smith,,
Loretta Smith,,,,,
Michael (Mike) Sands,Joe Furi,,,,
Doug Clove,Terrence Hayes,Steph Routh,Loretta Smith,Candace Avalos,Noah Ernst
Candace Avalos,Terrence Hayes,Steph Routh,Jamie Dunphy,Timur Ender,Joe Furi
Noah Ernst,Thomas Shervey,,,,
Doug Clove,,,,,
Jamie Dunphy,Steph Routh,Candace Avalos,,,
Joe Allen,Peggy Sue Owens,Deian Salazar,Thomas Shervey,Steph Routh,Loretta Smith
Candace Avalos,Timur Ender,Steph Routh,Jamie Dunphy,Cayle Tern,David Linn
Terrence Hayes,Noah Ernst,Candace Avalos,Loretta Smith,Steph Routh,
Steph Routh,,,,,
Timur Ender,Joe Furi,David Linn,Candace Avalos,Noah Ernst,Joe Allen
Steph Routh,Jamie Dunphy,Timur Ender,Terrence Hayes,Candace Avalos,David Linn
Jamie Dunphy,Candace Avalos,Timur Ender,Steph Routh,Loretta Smith,
Terrence Hayes,Steph Routh,Jamie Dunphy,Candace Avalos,,
Candace Avalos,Jamie Dunphy,Peggy Sue Owens,Loretta Smith,Joe Allen,Timur Ender
Michael (Mike) Sands,Joe Furi,Doug Clove,Jamie Dunphy,Joe Allen,Timur Ender
Loretta Smith,Noah Ernst,Terrence Hayes,,,
Terrence Hayes,Noah Ernst,Doug Clove,,,
Candace Avalos,,,,,
Candace Avalos,Timur Ender,Steph Routh,Cayle Tern,Loretta Smith,David Linn
Candace Avalos,Steph Routh,Loretta Smith,David Linn,Timur Ender,Terrence Hayes
Timur Ender,Doug Clove,Joe Furi,Jamie Dunphy,Loretta Smith,Candace Avalos
Michael (Mike) Sands,Timur Ender,Jamie Dunphy,Noah Ernst,Steph Routh,Peggy Sue Owens
Loretta Smith,Terrence Hayes,Candace Avalos,,,
Steph Routh,Candace Avalos,,,,
Loretta Smith,,,,,
Terrence Hayes,Noah Ernst,Deian Salazar,Doug Clove,,
Doug Clove,,,,,
Steph Routh,Terrence Hayes,,,,
Steph Routh,Terrence Hayes,David Linn,Candace Avalos,Loretta Smith,Timur Ender
Terrence Hayes,Noah Ernst,Joe Furi,Loretta Smith,Doug Clove,Write-in-120
Jamie Dunphy,Loretta Smith,Doug Clove,Peggy Sue Owens,Timur Ender,Thomas Shervey
,,,,,
Jamie Dunphy,Steph Routh,,,,
Joe Allen,Loretta Smith,Terrence Hayes,Jamie Dunphy,Candace Avalos,David Linn
Terrence Hayes,Noah Ernst,Joe Furi,Loretta Smith,Doug Clove,
Timur Ender,Terrence Hayes,Loretta Smith,,,
Candace Avalos,Loretta Smith,Joe Furi,Jamie Dunphy,Joe Allen,Terrence Hayes
Loretta Smith,,,,,
Doug Clove,,,,,
Candace Avalos,Timur Ender,Steph Routh,Jamie Dunphy,Cayle Tern,David Linn
Steph Routh,Doug Clove,,,,
Doug Clove,Deian Salazar,Michael (Mike) Sands,Thomas Shervey,Jamie Dunphy,David Linn
Loretta Smith,Terrence Hayes,Joe Furi,Cayle Tern,Timur Ender,Steph Routh
Jamie Dunphy,Candace Avalos,Timur Ender,Steph Routh,Cayle Tern,
Candace Avalos,Timur Ender,Jamie Dunphy,Loretta Smith,,
Candace Avalos,Cayle Tern,Doug Clove,,,
Deian Salazar,Doug Clove,Candace Avalos,Joe Furi,Loretta Smith,Steph Routh
Terrence Hayes,,,,,
Noah Ernst,Terrence Hayes,Joe Furi,Loretta Smith,Doug Clove,
Candace Avalos,Jamie Dunphy,Deian Salazar,David Linn,Loretta Smith,Peggy Sue Owens
Jamie Dunphy,Terrence Hayes,Candace Avalos,Noah Ernst,Thomas Shervey,Timur Ender
Steph Routh,Jamie Dunphy,Candace Avalos,,,
Noah Ernst,Loretta Smith,Terrence Hayes,,,
Peggy Sue Owens,David Linn,Michael (Mike) Sands,Jamie Dunphy,Loretta Smith,Joe Allen
Timur Ender,Candace Avalos,Steph Routh,Jamie Dunphy,David Linn,
Loretta Smith,Steph Routh,Timur Ender,,,
Peggy Sue Owens,Thomas Shervey,Candace Avalos,Doug Clove,Michael (Mike) Sands,Steph Routh
Noah Ernst,Terrence Hayes,Joe Furi,Loretta Smith,Doug Clove,
Terrence Hayes,Noah Ernst,Joe Allen,,,
Loretta Smith,Terrence Hayes,Michael (Mike) Sands,Candace Avalos,Noah Ernst,Peggy Sue Owens
Loretta Smith,Michael (Mike) Sands,David Linn,Noah Ernst,Joe Allen,Doug Clove
Candace Avalos,Steph Routh,Timur Ender,Jamie Dunphy,Loretta Smith,Cayle Tern
Terrence Hayes,,,,,
Steph Routh,Candace Avalos,Joe Allen,Noah Ernst,David Linn,Joe Furi
Steph Routh,Timur Ender,Noah Ernst,Loretta Smith,Candace Avalos,Terrence Hayes
Peggy Sue Owens,Noah Ernst,Michael (Mike) Sands,Cayle Tern,Candace Avalos,Joe Furi
Doug Clove,Michael (Mike) Sands,,,,
Steph Routh,Jamie Dunphy,Candace Avalos,,,
Candace Avalos,Jamie Dunphy,Timur Ender,Steph Routh,Loretta Smith,Terrence Hayes
Terrence Hayes,Loretta Smith,,,,
Jamie Dunphy,Candace Avalos,Steph Routh,Noah Ernst,David Linn,Loretta Smith
Michael (Mike) Sands,Thomas Shervey,Terrence Hayes,Jamie Dunphy,Doug Clove,Joe Allen
Noah Ernst,Candace Avalos,Jamie Dunphy,Timur Ender,,
Candace Avalos,Timur Ender,Steph Routh,Jamie Dunphy,Cayle Tern,David Linn
Loretta Smith,Peggy Sue Owens,Candace Avalos,Jamie Dunphy,Write-in-120,
Loretta Smith,Thomas Shervey,Terrence Hayes,Steph Routh,Jamie Dunphy,Timur Ender
Candace Avalos,,,,,
Candace Avalos,Steph Routh,Timur Ender,Terrence Hayes,Deian Salazar,Jamie Dunphy
Noah Ernst,David Linn,Thomas Shervey,Michael (Mike) Sands,Steph Routh,Timur Ender
Deian Salazar,Terrence Hayes,Noah Ernst,,,
Noah Ernst,Terrence Hayes,Joe Furi,Loretta Smith,Doug Clove,
Loretta Smith,,,,,
Candace Avalos,Loretta Smith,David Linn,Jamie Dunphy,,
Loretta Smith,,,,,
Steph Routh,Candace Avalos,Jamie Dunphy,,,
Thomas Shervey,,,,,
Loretta Smith,Jamie Dunphy,David Linn,Candace Avalos,Noah Ernst,Doug Clove
Jamie Dunphy,Candace Avalos,Steph Routh,,,
Timur Ender,,,,,
Jamie Dunphy,Candace Avalos,Steph Routh,David Linn,Noah Ernst,Loretta Smith
Candace Avalos,Steph Routh,Timur Ender,Jamie Dunphy,Cayle Tern,
Doug Clove,Deian Salazar,Terrence Hayes,Jamie Dunphy,Candace Avalos,Timur Ender
Loretta Smith,Steph Routh,,,,
Terrence Hayes,,,,,
Candace Avalos,Timur Ender,Steph Routh,Jamie Dunphy,David Linn,Cayle Tern
Terrence Hayes,Steph Routh,Jamie Dunphy,Noah Ernst,Loretta Smith,David Linn
Noah Ernst,,,,,
Candace Avalos,Jamie Dunphy,,,,
Doug Clove,Noah Ernst,David Linn,Cayle Tern,,
Terrence Hayes,Candace Avalos,Deian Salazar,Jamie Dunphy,Loretta Smith,Noah Ernst
Terrence Hayes,Loretta Smith,,,,
Timur Ender,Noah Ernst,Candace Avalos,David Linn,Doug Clove,Joe Allen
Candace Avalos,Jamie Dunphy,Timur Ender,David Linn,Michael (Mike) Sands,Steph Routh
Terrence Hayes,Michael (Mike) Sands,Deian Salazar,Steph Routh,Loretta Smith,Joe Allen
Candace Avalos,Steph Routh,Jamie Dunphy,Thomas Shervey,Timur Ender,Cayle Tern
Timur Ender,Loretta Smith,Candace Avalos,Cayle Tern,Deian Salazar,
Candace Avalos,Steph Routh,Timur Ender,Cayle Tern,Jamie Dunphy,David Linn
Doug Clove,Deian Salazar,Joe Allen,,,
Joe Allen,Cayle Tern,Michael (Mike) Sands,Steph Routh,David Linn,Jamie Dunphy
Noah Ernst,Jamie Dunphy,Steph Routh,David Linn,Doug Clove,Thomas Shervey
Peggy Sue Owens,,,,,
Steph Routh,,,,,
Steph Routh,Candace Avalos,Timur Ender,,,
Timur Ender,Steph Routh,Loretta Smith,,,
Terrence Hayes,Noah Ernst,Deian Salazar,Loretta Smith,,
Loretta Smith,,,,,
Doug Clove,Steph Routh,Loretta Smith,David Linn,Noah Ernst,Joe Allen
David Linn,,,,,
Terrence Hayes,Candace Avalos,Steph Routh,Cayle Tern,Noah Ernst,Timur Ender
Loretta Smith,Thomas Shervey,,,,
Noah Ernst,Jamie Dunphy,,,,
Loretta Smith,Jamie Dunphy,Peggy Sue Owens,Michael (Mike) Sands,,
Loretta Smith,Terrence Hayes,,,,
Cayle Tern,Candace Avalos,Doug Clove,Steph Routh,David Linn,Peggy Sue Owens
Loretta Smith,Candace Avalos,David Linn,Michael (Mike) Sands,Cayle Tern,Noah Ernst
Terrence Hayes,Noah Ernst,Loretta Smith,,,
Candace Avalos,Jamie Dunphy,Steph Routh,,,
Noah Ernst,Timur Ender,Peggy Sue Owens,,,
Timur Ender,Michael (Mike) Sands,Loretta Smith,,,
Steph Routh,Terrence Hayes,Deian Salazar,Timur Ender,Joe Furi,Loretta Smith
Timur Ender,Joe Allen,Doug Clove,,,
Timur Ender,Candace Avalos,Cayle Tern,Steph Routh,Terrence Hayes,Loretta Smith
Michael (Mike) Sands,,,,,
Loretta Smith,Candace Avalos,Deian Salazar,Terrence Hayes,Cayle Tern,
Doug Clove,Noah Ernst,Terrence Hayes,Thomas Shervey,,
Terrence Hayes,Joe Allen,Noah Ernst,Joe Furi,Doug Clove,Steph Routh
Terrence Hayes,Noah Ernst,Doug Clove,,,
Terrence Hayes,Steph Routh,Jamie Dunphy,Candace Avalos,Peggy Sue Owens,Deian Salazar
Candace Avalos,Steph Routh,Jamie Dunphy,Loretta Smith,Timur Ender,Cayle Tern
Candace Avalos,Timur Ender,Terrence Hayes,Steph Routh,,
Loretta Smith,Noah Ernst,Steph Routh,Peggy Sue Owens,Doug Clove,David Linn
Candace Avalos,Cayle Tern,Timur Ender,,,
Noah Ernst,Jamie Dunphy,Terrence Hayes,,,
Jamie Dunphy,Candace Avalos,Steph Routh,,,
Michael (Mike) Sands,,,,,
Steph Routh,Jamie Dunphy,David Linn,Cayle Tern,,
Jamie Dunphy,Candace Avalos,,,,
Candace Avalos,Cayle Tern,Timur Ender,,,
Candace Avalos,Timur Ender,Steph Routh,,,
Candace Avalos,Timur Ender,Steph Routh,Terrence Hayes,,
Jamie Dunphy,Steph Routh,Candace Avalos,,,
Loretta Smith,,,,,
Jamie Dunphy,,,,,
Peggy Sue Owens,,,,,
Thomas Shervey,,,,,
Terrence Hayes,Noah Ernst,Joe Furi,Loretta Smith,Doug Clove,
Terrence Hayes,Noah Ernst,Joe Furi,Loretta Smith,Doug Clove,
Jamie Dunphy,Loretta Smith,Terrence Hayes,Candace Avalos,David Linn,Peggy Sue Owens
Michael (Mike) Sands,Loretta Smith,,,,
Deian Salazar,Loretta Smith,Doug Clove,,,
David Linn,,,,,
Terrence Hayes,Loretta Smith,,,,
Candace Avalos,Steph Routh,Loretta Smith,Timur Ender,Cayle Tern,Jamie Dunphy
Jamie Dunphy,,,,,
Michael (Mike) Sands,Doug Clove,Cayle Tern,Terrence Hayes,,
Jamie Dunphy,Candace Avalos,Timur Ender,Steph Routh,,
Jamie Dunphy,Candace Avalos,Steph Routh,,,
Doug Clove,Terrence Hayes,,,,
Candace Avalos,Timur Ender,,,,
Candace Avalos,Joe Allen,Terrence Hayes,Jamie Dunphy,Cayle Tern,Loretta Smith
Cayle Tern,Noah Ernst,Timur Ender,Doug Clove,Deian Salazar,
Noah Ernst,Doug Clove,Terrence Hayes,Timur Ender,Steph Routh,
Candace Avalos,Jamie Dunphy,Loretta Smith,,,
Joe Allen,,,,,
Jamie Dunphy,Timur Ender,Candace Avalos,Steph Routh,Terrence Hayes,Thomas Shervey
Noah Ernst,Doug Clove,Deian Salazar,,,
Loretta Smith,Terrence Hayes,Steph Routh,,,
Steph Routh,Loretta Smith,Terrence Hayes,Candace Avalos,Jamie Dunphy,
Steph Routh,Candace Avalos,Cayle Tern,Timur Ender,Jamie Dunphy,
Candace Avalos,Noah Ernst,,,,
Steph Routh,Timur Ender,Candace Avalos,Joe Allen,Peggy Sue Owens,Deian Salazar
Peggy Sue Owens,Candace Avalos,Noah Ernst,Timur Ender,Deian Salazar,Terrence Hayes
Cayle Tern,Candace Avalos,Terrence Hayes,Loretta Smith,Joe Furi,Jamie Dunphy
Timur Ender,Candace Avalos,Steph Routh,,,
Candace Avalos,Steph Routh,,,,
Steph Routh,,,,,
Loretta Smith,Timur Ender,Steph Routh,Candace Avalos,,
Terrence Hayes,Noah Ernst,Cayle Tern,,,
Candace Avalos,Steph Routh,Terrence Hayes,Timur Ender,Jamie Dunphy,Loretta Smith
Loretta Smith,Noah Ernst,Terrence Hayes,Doug Clove,Timur Ender,Peggy Sue Owens
Loretta Smith,,,,,
Terrence Hayes,Loretta Smith,,,,
Steph Routh,Loretta Smith,Jamie Dunphy,Timur Ender,Terrence Hayes,Candace Avalos
David Linn,,,,,
Loretta Smith,Timur Ender,Cayle Tern,Candace Avalos,David Linn,
Loretta Smith,Candace Avalos,Timur Ender,,,
Loretta Smith,Steph Routh,Jamie Dunphy,Candace Avalos,Terrence Hayes,
Joe Allen,Peggy Sue Owens,Michael (Mike) Sands,,,
Timur Ender,Doug Clove,Loretta Smith,,,
Noah Ernst,Timur Ender,Jamie Dunphy,,,
Noah Ernst,Loretta Smith,,,,
Loretta Smith,Jamie Dunphy,Noah Ernst,Terrence Hayes,Steph Routh,
Noah Ernst,Loretta Smith,Terrence Hayes,Steph Routh,Michael (Mike) Sands,Joe Furi
Loretta Smith,Candace Avalos,Noah Ernst,Thomas Shervey,Cayle Tern,Peggy Sue Owens
Loretta Smith,Terrence Hayes,Steph Routh,Deian Salazar,,
Michael (Mike) Sands,David Linn,Steph Routh,Candace Avalos,Jamie Dunphy,Timur Ender
Terrence Hayes,Noah Ernst,David Linn,Michael (Mike) Sands,Write-in-120,Candace Avalos
Terrence Hayes,,,,,
Jamie Dunphy,Steph Routh,Candace Avalos,,,
Loretta Smith,Timur Ender,Michael (Mike) Sands,Deian Salazar,Terrence Hayes,
Loretta Smith,Candace Avalos,Cayle Tern,David Linn,Terrence Hayes,Jamie Dunphy
Steph Routh,Loretta Smith,,,,
Joe Allen,Michael (Mike) Sands,Jamie Dunphy,David Linn,Loretta Smith,Terrence Hayes
Terrence Hayes,,,,,
Steph Routh,Timur Ender,Candace Avalos,,,
Joe Allen,Terrence Hayes,Doug Clove,David Linn,Michael (Mike) Sands,Deian Salazar
Loretta Smith,Timur Ender,Jamie Dunphy,Candace Avalos,Steph Routh,
,,,,,
Joe Allen,Michael (Mike) Sands,Noah Ernst,Terrence Hayes,Jamie Dunphy,Doug Clove
,,,,,
Candace Avalos,,,,,
Terrence Hayes,Loretta Smith,Candace Avalos,Deian Salazar,Steph Routh,Cayle Tern
Timur Ender,Write-in-120,Write-in-121,Write-in-122,,
Loretta Smith,Terrence Hayes,,,,
Loretta Smith,Candace Avalos,Cayle Tern,Peggy Sue Owens,Steph Routh,Jamie Dunphy
Candace Avalos,Jamie Dunphy,,,,
Loretta Smith,Peggy Sue Owens,Candace Avalos,Joe Furi,Steph Routh,Jamie Dunphy
Jamie Dunphy,Steph Routh,Candace Avalos,,,
Loretta Smith,Candace Avalos,Steph Routh,Deian Salazar,Timur Ender,Jamie Dunphy
Steph Routh,Loretta Smith,Candace Avalos,Timur Ender,Terrence Hayes,Jamie Dunphy
Timur Ender,Joe Allen,Cayle Tern,Doug Clove,Terrence Hayes,Steph Routh
Jamie Dunphy,Steph Routh,Candace Avalos,,,
Michael (Mike) Sands,,,,,
Steph Routh,Deian Salazar,Jamie Dunphy,David Linn,Joe Allen,Cayle Tern
Loretta Smith,,,,,
Terrence Hayes,Noah Ernst,Doug Clove,,,
Doug Clove,Terrence Hayes,Noah Ernst,,,
Jamie Dunphy,Steph Routh,Noah Ernst,,,
Candace Avalos,Timur Ender,Jamie Dunphy,Noah Ernst,Steph Routh,Loretta Smith
Candace Avalos,Timur Ender,Steph Routh,,,
Candace Avalos,Timur Ender,Steph Routh,Cayle Tern,,
Doug Clove,,,,,
Michael (Mike) Sands,Doug Clove,Joe Furi,Timur Ender,Deian Salazar,Loretta Smith
Write-in-122,Write-in-121,Write-in-120,,,
Candace Avalos,Cayle Tern,Timur Ender,,,
Jamie Dunphy,Candace Avalos,Steph Routh,Noah Ernst,David Linn,Loretta Smith
Loretta Smith,Jamie Dunphy,Candace Avalos,,,
Noah Ernst,Candace Avalos,Doug Clove,Deian Salazar,,
David Linn,Steph Routh,Jamie Dunphy,Cayle Tern,Noah Ernst,Loretta Smith
Steph Routh,David Linn,Doug Clove,Timur Ender,Candace Avalos,Thomas Shervey
Candace Avalos,Timur Ender,Deian Salazar,Joe Furi,Cayle Tern,Peggy Sue Owens
Candace Avalos,Cayle Tern,Timur Ender,Jamie Dunphy,,
Timur Ender,Candace Avalos,Cayle Tern,Steph Routh,Loretta Smith,Terrence Hayes
David Linn,,,,,
Jamie Dunphy,Steph Routh,Candace Avalos,,,
Loretta Smith,Terrence Hayes,Jamie Dunphy,Deian Salazar,Joe Allen,
Michael (Mike) Sands,Noah Ernst,Cayle Tern,Deian Salazar,Doug Clove,Terrence Hayes
Candace Avalos,Steph Routh,Timur Ender,Jamie Dunphy,,
Steph Routh,Noah Ernst,,,,
Terrence Hayes,Steph Routh,Doug Clove,Michael (Mike) Sands,,
Steph Routh,Jamie Dunphy,Loretta Smith,Terrence Hayes,Candace Avalos,Peggy Sue Owens
Candace Avalos,Jamie Dunphy,Steph Routh,Timur Ender,Terrence Hayes,Cayle Tern
Noah Ernst,Cayle Tern,Joe Furi,Peggy Sue Owens,Loretta Smith,Steph Routh
David Linn,Timur Ender,Terrence Hayes,Cayle Tern,Steph Routh,Michael (Mike) Sands
Jamie Dunphy,Steph Routh,Candace Avalos,,,
Jamie Dunphy,Loretta Smith,Terrence Hayes,Deian Salazar,Timur Ender,Candace Avalos
David Linn,Steph Routh,Terrence Hayes,Loretta Smith,Timur Ender,
Joe Furi,Noah Ernst,Cayle Tern,Joe Allen,,
Timur Ender,Candace Avalos,David Linn,Jamie Dunphy,Cayle Tern,Steph Routh
Terrence Hayes,Loretta Smith,Noah Ernst,Joe Allen,Doug Clove,David Linn
Timur Ender,,,,,
Loretta Smith,Candace Avalos,Timur Ender,Steph Routh,Jamie Dunphy,
Noah Ernst,Doug Clove,Jamie Dunphy,Steph Routh,David Linn,Joe Furi
Candace Avalos,Cayle Tern,,,,
Timur Ender,David Linn,Loretta Smith,Candace Avalos,,
Terrence Hayes,Candace Avalos,Jamie Dunphy,Loretta Smith,Steph Routh,Timur Ender
Deian Salazar,Thomas Shervey,Doug Clove,,,
Candace Avalos,Cayle Tern,Timur Ender,Jamie Dunphy,Steph Routh,David Linn
Peggy Sue Owens,Timur Ender,Candace Avalos,Doug Clove,,
Noah Ernst,Deian Salazar,Doug Clove,,,
Loretta Smith,Jamie Dunphy,Doug Clove,,,
Timur Ender,Jamie Dunphy,Candace Avalos,Steph Routh,,
Steph Routh,Noah Ernst,Deian Salazar,Terrence Hayes,Joe Furi,Loretta Smith
Loretta Smith,Terrence Hayes,Steph Routh,Timur Ender,Noah Ernst,Jamie Dunphy
Candace Avalos,Timur Ender,Steph Routh,Jamie Dunphy,Cayle Tern,David Linn
Peggy Sue Owens,Timur Ender,,,,
Loretta Smith,Steph Routh,David Linn,,,
Timur Ender,Loretta Smith,,,,
Peggy Sue Owens,,,,,
Steph Routh,Loretta Smith,Timur Ender,Jamie Dunphy,Terrence Hayes,
David Linn,Candace Avalos,Cayle Tern,Timur Ender,Noah Ernst,Terrence Hayes
Candace Avalos,,,,,
Candace Avalos,Timur Ender,Steph Routh,,,
Jamie Dunphy,Candace Avalos,Timur Ender,Steph Routh,,
Peggy Sue Owens,,,,,
Jamie Dunphy,Joe Allen,Peggy Sue Owens,Timur Ender,Candace Avalos,
Candace Avalos,Loretta Smith,Steph Routh,Jamie Dunphy,Terrence Hayes,Timur Ender
Timur Ender,Candace Avalos,Steph Routh,Jamie Dunphy,Cayle Tern,
Deian Salazar,Jamie Dunphy,Joe Furi,Noah Ernst,Timur Ender,Peggy Sue Owens
Jamie Dunphy,Loretta Smith,Noah Ernst,,,
,,,,,
David Linn,Loretta Smith,Terrence Hayes,Timur Ender,Candace Avalos,Jamie Dunphy
Doug Clove,Candace Avalos,Timur Ender,,,
,,,,,
Terrence Hayes,Noah Ernst,Doug Clove,,,
Loretta Smith,Terrence Hayes,Jamie Dunphy,Candace Avalos,Steph Routh,
Candace Avalos,Jamie Dunphy,Loretta Smith,Steph Routh,Timur Ender,Doug Clove
Steph Routh,,,,,
Terrence Hayes,Noah Ernst,Doug Clove,,,
Candace Avalos,Jamie Dunphy,Steph Routh,Timur Ender,Cayle Tern,David Linn
Peggy Sue Owens,,,,,
Michael (Mike) Sands,Cayle Tern,Joe Furi,Candace Avalos,Timur Ender,Jamie Dunphy
Candace Avalos,Cayle Tern,Jamie Dunphy,Steph Routh,Timur Ender,David Linn
Timur Ender,Jamie Dunphy,Joe Allen,Deian Salazar,Terrence Hayes,Doug Clove
Steph Routh,Timur Ender,Cayle Tern,Loretta Smith,,
Candace Avalos,Jamie Dunphy,Steph Routh,Timur Ender,Terrence Hayes,Cayle Tern
Loretta Smith,Steph Routh,Terrence Hayes,,,
Timur Ender,Candace Avalos,Jamie Dunphy,,,
Candace Avalos,Steph Routh,Thomas Shervey,Cayle Tern,,
Terrence Hayes,,,,,
Timur Ender,Candace Avalos,Cayle Tern,Jamie Dunphy,Michael (Mike) Sands,
Terrence Hayes,Candace Avalos,Deian Salazar,,,
Noah Ernst,Candace Avalos,Terrence Hayes,David Linn,Cayle Tern,Jamie Dunphy
Jamie Dunphy,David Linn,Noah Ernst,Timur Ender,,
Candace Avalos,Terrence Hayes,,,,
Cayle Tern,Candace Avalos,,,,
Doug Clove,Joe Allen,Michael (Mike) Sands,Joe Furi,Thomas Shervey,Noah Ernst
Candace Avalos,Steph Routh,Terrence Hayes,Timur Ender,,
Candace Avalos,Steph Routh,Timur Ender,,,
Timur Ender,Joe Allen,Noah Ernst,Joe Furi,Jamie Dunphy,Doug Clove
Terrence Hayes,Noah Ernst,Doug Clove,,,
Noah Ernst,Deian Salazar,Timur Ender,Candace Avalos,Terrence Hayes,Loretta Smith
Candace Avalos,Cayle Tern,Timur Ender,,,
Candace Avalos,Timur Ender,Jamie Dunphy,Cayle Tern,,
Steph Routh,,,,,
Terrence Hayes,Steph Routh,Cayle Tern,Deian Salazar,Timur Ender,Jamie Dunphy
Candace Avalos,Terrence Hayes,Timur Ender,Noah Ernst,,
Terrence Hayes,Doug Clove,David Linn,Peggy Sue Owens,Joe Allen,Joe Furi
Candace Avalos,Jamie Dunphy,Steph Routh,Cayle Tern,Timur Ender,
Noah Ernst,Doug Clove,Joe Allen,Deian Salazar,,
Noah Ernst,Doug Clove,Loretta Smith,Terrence Hayes,Jamie Dunphy,
Michael (Mike) Sands,Jamie Dunphy,Joe Allen,Candace Avalos,Deian Salazar,Doug Clove
Candace Avalos,,,,,
Deian Salazar,Noah Ernst,,,,
Joe Allen,Loretta Smith,,,,
Steph Routh,Timur Ender,Jamie Dunphy,Candace Avalos,Cayle Tern,David Linn
Terrence Hayes,Loretta Smith,,,,
Candace Avalos,Cayle Tern,Joe Furi,Steph Routh,Jamie Dunphy,
Steph Routh,Jamie Dunphy,Candace Avalos,Noah Ernst,David Linn,Loretta Smith
Terrence Hayes,Deian Salazar,Cayle Tern,Michael (Mike) Sands,Noah Ernst,Jamie Dunphy
Loretta Smith,,,,,
Candace Avalos,Jamie Dunphy,Steph Routh,Timur Ender,Cayle Tern,Loretta Smith
Terrence Hayes,Loretta Smith,David Linn,Candace Avalos,Noah Ernst,Timur Ender
Doug Clove,,,,,
Jamie Dunphy,Candace Avalos,Steph Routh,Noah Ernst,David Linn,Loretta Smith
Candace Avalos,Cayle Tern,Loretta Smith,Steph Routh,Jamie Dunphy,Peggy Sue Owens
Steph Routh,Candace Avalos,David Linn,Timur Ender,Jamie Dunphy,Cayle Tern
Noah Ernst,Deian Salazar,Michael (Mike) Sands,Loretta Smith,,
Noah Ernst,Cayle Tern,Deian Salazar,Terrence Hayes,Loretta Smith,David Linn
Timur Ender,Joe Furi,Deian Salazar,Loretta Smith,,
Candace Avalos,Jamie Dunphy,Loretta Smith,Timur Ender,Steph Routh,
Jamie Dunphy,Timur Ender,Steph Routh,Candace Avalos,Cayle Tern,Thomas Shervey
Candace Avalos,Steph Routh,Jamie Dunphy,Cayle Tern,David Linn,Timur Ender
Jamie Dunphy,Noah Ernst,Timur Ender,Cayle Tern,Loretta Smith,Steph Routh
Terrence Hayes,Noah Ernst,,,,
Terrence Hayes,Candace Avalos,Noah Ernst,Timur Ender,Steph Routh,David Linn
Loretta Smith,Steph Routh,Timur Ender,Jamie Dunphy,,
Candace Avalos,Steph Routh,,,,
Timur Ender,Candace Avalos,Cayle Tern,Michael (Mike) Sands,Jamie Dunphy,Thomas Shervey
Candace Avalos,Loretta Smith,Jamie Dunphy,Timur Ender,Steph Routh,Deian Salazar
Doug Clove,Candace Avalos,Noah Ernst,Joe Furi,Deian Salazar,Jamie Dunphy
Noah Ernst,Steph Routh,Loretta Smith,Terrence Hayes,Michael (Mike) Sands,David Linn
Jamie Dunphy,,,,,
Candace Avalos,Cayle Tern,Timur Ender,Jamie Dunphy,Steph Routh,David Linn
Jamie Dunphy,Steph Routh,Candace Avalos,Timur Ender,Cayle Tern,
Candace Avalos,Loretta Smith,Terrence Hayes,Timur Ender,,
Timur Ender,Cayle Tern,Candace Avalos,Doug Clove,Deian Salazar,
,,,,,
Timur Ender,Candace Avalos,David Linn,Terrence Hayes,Loretta Smith,Steph Routh
Noah Ernst,Joe Allen,Doug Clove,Thomas Shervey,Jamie Dunphy,Steph Routh
Timur Ender,Candace Avalos,Loretta Smith,Terrence Hayes,Steph Routh,Jamie Dunphy
Joe Allen,Doug Clove,Noah Ernst,Terrence Hayes,Deian Salazar,Thomas Shervey
Timur Ender,Joe Allen,Doug Clove,Deian Salazar,Thomas Shervey,Jamie Dunphy
Loretta Smith,David Linn,Noah Ernst,Peggy Sue Owens,Michael (Mike) Sands,Steph Routh
Timur Ender,Candace Avalos,Cayle Tern,Jamie Dunphy,Steph Routh,Terrence Hayes
Loretta Smith,Candace Avalos,,,,
Joe Allen,,,,,
Candace Avalos,,,,,
Steph Routh,Doug Clove,Loretta Smith,Terrence Hayes,Noah Ernst,David Linn
Loretta Smith,Terrence Hayes,Doug Clove,Candace Avalos,David Linn,
Candace Avalos,Loretta Smith,Michael (Mike) Sands,Timur Ender,Jamie Dunphy,Terrence Hayes
Jamie Dunphy,Candace Avalos,Steph Routh,,,
Terrence Hayes,Doug Clove,Jamie Dunphy,Candace Avalos,Peggy Sue Owens,Joe Allen
Peggy Sue Owens,Timur Ender,Noah Ernst,Candace Avalos,Joe Allen,David Linn
Candace Avalos,Steph Routh,Timur Ender,Jamie Dunphy,,
Michael (Mike) Sands,Timur Ender,Noah Ernst,Loretta Smith,Thomas Shervey,Terrence Hayes
Loretta Smith,Terrence Hayes,,,,
Jamie Dunphy,Steph Routh,Candace Avalos,,,
Peggy Sue Owens,Candace Avalos,Doug Clove,Loretta Smith,Steph Routh,Jamie Dunphy
Candace Avalos,Cayle Tern,,,,
Steph Routh,,,,,
Candace Avalos,Timur Ender,Steph Routh,Loretta Smith,Jamie Dunphy,David Linn
Doug Clove,,,,,
Jamie Dunphy,Candace Avalos,Steph Routh,Noah Ernst,David Linn,Loretta Smith
Loretta Smith,Candace Avalos,,,,
Loretta Smith,Timur Ender,Candace Avalos,David Linn,Cayle Tern,Michael (Mike) Sands
Loretta Smith,Jamie Dunphy,Steph Routh,,,
Timur Ender,Steph Routh,Terrence Hayes,Loretta Smith,David Linn,Candace Avalos
Candace Avalos,Peggy Sue Owens,,,,
Loretta Smith,Steph Routh,Timur Ender,Michael (Mike) Sands,Jamie Dunphy,Candace Avalos
Timur Ender,Cayle Tern,Steph Routh,Jamie Dunphy,Candace Avalos,Michael (Mike) Sands
Noah Ernst,Steph Routh,Michael (Mike) Sands,Loretta Smith,Cayle Tern,David Linn
Loretta Smith,Timur Ender,Terrence Hayes,Michael (Mike) Sands,Peggy Sue Owens,Candace Avalos
Candace Avalos,,,,,
Jamie Dunphy,Candace Avalos,,,,
Doug Clove,Deian Salazar,David Linn,Candace Avalos,Steph Routh,Loretta Smith
Jamie Dunphy,Timur Ender,Candace Avalos,Terrence Hayes,Thomas Shervey,Deian Salazar
Thomas Shervey,,,,,
Candace Avalos,Deian Salazar,Thomas Shervey,Doug Clove,Joe Allen,Peggy Sue Owens
Peggy Sue Owens,Candace Avalos,Loretta Smith,,,
Loretta Smith,David Linn,Steph Routh,Noah Ernst,Jamie Dunphy,
Terrence Hayes,Jamie Dunphy,Thomas Shervey,Deian Salazar,Cayle Tern,David Linn
Timur Ender,Jamie Dunphy,Noah Ernst,David Linn,Loretta Smith,Candace Avalos
Candace Avalos,Cayle Tern,Loretta Smith,Terrence Hayes,,
Noah Ernst,Terrence Hayes,Joe Furi,Loretta Smith,Doug Clove,
Steph Routh,,,,,
Deian Salazar,Candace Avalos,Cayle Tern,,,
Noah Ernst,Deian Salazar,Doug Clove,Thomas Shervey,David Linn,Steph Routh
Cayle Tern,,,,,
Jamie Dunphy,Steph Routh,,,,
Jamie Dunphy,Timur Ender,Steph Routh,Candace Avalos,Cayle Tern,Thomas Shervey
Loretta Smith,Steph Routh,Timur Ender,,,
Noah Ernst,Doug Clove,Terrence Hayes,,,
Jamie Dunphy,Candace Avalos,Timur Ender,Steph Routh,Loretta Smith,Cayle Tern
Loretta Smith,Terrence Hayes,Deian Salazar,Candace Avalos,Noah Ernst,Joe Furi
Steph Routh,Candace Avalos,Deian Salazar,Loretta Smith,Jamie Dunphy,Peggy Sue Owens
Loretta Smith,Steph Routh,Candace Avalos,David Linn,Terrence Hayes,Timur Ender
Jamie Dunphy,Terrence Hayes,Loretta Smith,Doug Clove,Deian Salazar,Timur Ender
Loretta Smith,Jamie Dunphy,Peggy Sue Owens,Candace Avalos,Cayle Tern,Michael (Mike) Sands
Loretta Smith,,,,,
Candace Avalos,Timur Ender,Steph Routh,David Linn,,
Peggy Sue Owens,Candace Avalos,Joe Allen,Timur Ender,Steph Routh,Loretta Smith
Loretta Smith,David Linn,Noah Ernst,Peggy Sue Owens,Michael (Mike) Sands,Steph Routh
Doug Clove,Noah Ernst,Loretta Smith,,,
Loretta Smith,Candace Avalos,Cayle Tern,Steph Routh,Jamie Dunphy,
Steph Routh,Jamie Dunphy,Terrence Hayes,Candace Avalos,Thomas Shervey,David Linn
Timur Ender,Steph Routh,Candace Avalos,David Linn,Jamie Dunphy,Cayle Tern
Candace Avalos,Terrence Hayes,Timur Ender,Joe Allen,,
Candace Avalos,Steph Routh,Timur Ender,,,
Terrence Hayes,Loretta Smith,Joe Allen,,,
Jamie Dunphy,Candace Avalos,Steph Routh,,,
Candace Avalos,Cayle Tern,Timur Ender,Steph Routh,Loretta Smith,David Linn
Loretta Smith,,,,,
Timur Ender,Candace Avalos,Jamie Dunphy,Steph Routh,,
David Linn,Joe Allen,,,,
Candace Avalos,Jamie Dunphy,Timur Ender,Steph Routh,Cayle Tern,Terrence Hayes
Loretta Smith,,,,,
Loretta Smith,David Linn,Doug Clove,Candace Avalos,Terrence Hayes,
Candace Avalos,Jamie Dunphy,Steph Routh,Loretta Smith,Terrence Hayes,
Jamie Dunphy,Loretta Smith,,,,
Candace Avalos,Jamie Dunphy,Steph Routh,,,
Steph Routh,,,,,
Deian Salazar,,,,,
Timur Ender,Noah Ernst,Jamie Dunphy,,,
Jamie Dunphy,Candace Avalos,Steph Routh,Noah Ernst,David Linn,Loretta Smith
,,,,,
Candace Avalos,Timur Ender,Steph Routh,Cayle Tern,,
Noah Ernst,Terrence Hayes,Candace Avalos,Joe Allen,Cayle Tern,Thomas Shervey
Peggy Sue Owens,Timur Ender,Noah Ernst,Candace Avalos,Joe Allen,David Linn
Jamie Dunphy,Steph Routh,Candace Avalos,,,
Doug Clove,,,,,
Steph Routh,Jamie Dunphy,Loretta Smith,David Linn,,
Noah Ernst,Timur Ender,Candace Avalos,David Linn,Thomas Shervey,Terrence Hayes
Loretta Smith,Candace Avalos,Terrence Hayes,,,
Candace Avalos,Steph Routh,Timur Ender,Jamie Dunphy,Loretta Smith,David Linn
Steph Routh,Loretta Smith,Terrence Hayes,Cayle Tern,Candace Avalos,Timur Ender
Steph Routh,Candace Avalos,Timur Ender,Loretta Smith,David Linn,
Steph Routh,Candace Avalos,Timur Ender,Cayle Tern,Jamie Dunphy,
Steph Routh,Doug Clove,Timur Ender,David Linn,,
David Linn,Joe Allen,Timur Ender,Deian Salazar,Loretta Smith,Steph Routh
Noah Ernst,,,,,
Noah Ernst,Terrence Hayes,Doug Clove,Loretta Smith,Joe Furi,Deian Salazar
Loretta Smith,,,,,
Candace Avalos,Jamie Dunphy,Noah Ernst,Steph Routh,Deian Salazar,Peggy Sue Owens
Joe Furi,Thomas Shervey,Jamie Dunphy,Loretta Smith,Joe Allen,Doug Clove
Noah Ernst,Doug Clove,Joe Furi,Timur Ender,,
David Linn,Doug Clove,Joe Furi,Joe Allen,Loretta Smith,Steph Routh
Terrence Hayes,Noah Ernst,Candace Avalos,Peggy Sue Owens,Joe Furi,Cayle Tern
Loretta Smith,Terrence Hayes,Jamie Dunphy,,,
Steph Routh,Doug Clove,Terrence Hayes,Michael (Mike) Sands,Candace Avalos,Joe Allen
Steph Routh,Candace Avalos,Jamie Dunphy,Timur Ender,Loretta Smith,Noah Ernst
Timur Ender,Steph Routh,Candace Avalos,Cayle Tern,Jamie Dunphy,Joe Allen
David Linn,Joe Allen,Joe Furi,Thomas Shervey,Terrence Hayes,Noah Ernst
Timur Ender,Candace Avalos,Deian Salazar,Terrence Hayes,Loretta Smith,Jamie Dunphy
Loretta Smith,,,,,
Steph Routh,Candace Avalos,Cayle Tern,,,
Jamie Dunphy,Candace Avalos,Cayle Tern,,,
Loretta Smith,,,,,
Candace Avalos,Timur Ender,Steph Routh,Jamie Dunphy,Cayle Tern,David Linn
Terrence Hayes,,,,,
Peggy Sue Owens,Candace Avalos,Loretta Smith,Jamie Dunphy,Deian Salazar,Doug Clove
Candace Avalos,Steph Routh,Timur Ender,Jamie Dunphy,Cayle Tern,David Linn
Candace Avalos,,,,,
Noah Ernst,David Linn,Doug Clove,Loretta Smith,Terrence Hayes,Jamie Dunphy
Loretta Smith,Peggy Sue Owens,Joe Allen,,,
Noah Ernst,Terrence Hayes,,,,
Jamie Dunphy,Candace Avalos,Steph Routh,Noah Ernst,David Linn,Loretta Smith
Loretta Smith,Terrence Hayes,Steph Routh,,,
Candace Avalos,Timur Ender,Steph Routh,Cayle Tern,Jamie Dunphy,David Linn
Loretta Smith,Steph Routh,Jamie Dunphy,,,
Candace Avalos,Jamie Dunphy,Timur Ender,Cayle Tern,David Linn,Michael (Mike) Sands
David Linn,Steph Routh,Candace Avalos,Thomas Shervey,Loretta Smith,Timur Ender
Terrence Hayes,Joe Allen,Noah Ernst,,,
Candace Avalos,Steph Routh,Timur Ender,Jamie Dunphy,Thomas Shervey,Loretta Smith
Noah Ernst,Doug Clove,Joe Allen,,,
Candace Avalos,Jamie Dunphy,Loretta Smith,,,
Jamie Dunphy,Timur Ender,Candace Avalos,Steph Routh,Cayle Tern,Terrence Hayes
Loretta Smith,Doug Clove,Terrence Hayes,,,
Loretta Smith,Timur Ender,,,,
Jamie Dunphy,Candace Avalos,Timur Ender,Steph Routh,,
David Linn,,,,,
Noah Ernst,Terrence Hayes,Loretta Smith,,,
Loretta Smith,David Linn,Doug Clove,Jamie Dunphy,Terrence Hayes,Candace Avalos
Terrence Hayes,Loretta Smith,Jamie Dunphy,Steph Routh,,
Loretta Smith,Noah Ernst,,,,
Jamie Dunphy,,,,,
Jamie Dunphy,Candace Avalos,Steph Routh,Noah Ernst,David Linn,Loretta Smith
Noah Ernst,Terrence Hayes,Timur Ender,Cayle Tern,,
Doug Clove,Deian Salazar,Cayle Tern,David Linn,Noah Ernst,Timur Ender
Steph Routh,Thomas Shervey,Michael (Mike) Sands,Doug Clove,Terrence Hayes,Loretta Smith
Jamie Dunphy,Steph Routh,Candace Avalos,Timur Ender,Cayle Tern,Thomas Shervey
Terrence Hayes,,,,,
Timur Ender,Loretta Smith,,,,
Terrence Hayes,Noah Ernst,Loretta Smith,,,
Terrence Hayes,Loretta Smith,Noah Ernst,,,
Noah Ernst,Terrence Hayes,Joe Furi,Loretta Smith,Doug Clove,
Timur Ender,Steph Routh,Jamie Dunphy,Candace Avalos,Terrence Hayes,
Joe Allen,Michael (Mike) Sands,David Linn,,,
Terrence Hayes,Noah Ernst,,,,
Noah Ernst,Doug Clove,Joe Allen,,,
Terrence Hayes,Loretta Smith,Candace Avalos,David Linn,,
Steph Routh,Jamie Dunphy,Candace Avalos,Noah Ernst,,
Candace Avalos,Jamie Dunphy,David Linn,Terrence Hayes,Timur Ender,Steph Routh
Candace Avalos,Loretta Smith,Jamie Dunphy,Timur Ender,Steph Routh,
Noah Ernst,Joe Furi,David Linn,Thomas Shervey,Doug Clove,Joe Allen
Loretta Smith,Jamie Dunphy,,,,
Steph Routh,Candace Avalos,Timur Ender,Loretta Smith,Jamie Dunphy,Terrence Hayes
Doug Clove,Joe Furi,Terrence Hayes,Noah Ernst,Cayle Tern,Michael (Mike) Sands
Loretta Smith,Candace Avalos,Joe Furi,Terrence Hayes,Deian Salazar,Cayle Tern
Jamie Dunphy,Candace Avalos,Steph Routh,Noah Ernst,David Linn,Loretta Smith
Loretta Smith,Terrence Hayes,Steph Routh,Candace Avalos,Cayle Tern,Deian Salazar
Candace Avalos,Loretta Smith,Michael (Mike) Sands,Timur Ender,Jamie Dunphy,Terrence Hayes
Jamie Dunphy,Candace Avalos,Steph Routh,,,
Michael (Mike) Sands,Cayle Tern,Candace Avalos,Thomas Shervey,Terrence Hayes,Jamie Dunphy
Jamie Dunphy,Loretta Smith,Candace Avalos,,,
Jamie Dunphy,Steph Routh,Candace Avalos,Timur Ender,Loretta Smith,Joe Allen
Steph Routh,Michael (Mike) Sands,Deian Salazar,Cayle Tern,Joe Furi,Timur Ender
Timur Ender,Deian Salazar,,,,
Jamie Dunphy,Loretta Smith,Timur Ender,Steph Routh,Candace Avalos,
Loretta Smith,,,,,
Steph Routh,Loretta Smith,,,,
Noah Ernst,Jamie Dunphy,,,,
Terrence Hayes,Noah Ernst,Joe Furi,Loretta Smith,Doug Clove,
Timur Ender,Jamie Dunphy,Candace Avalos,Steph Routh,Loretta Smith,Terrence Hayes
Candace Avalos,,,,,
Candace Avalos,Jamie Dunphy,Noah Ernst,,,
Timur Ender,Michael (Mike) Sands,,,,
Terrence Hayes,Loretta Smith,Noah Ernst,Joe Allen,Doug Clove,
Doug Clove,Noah Ernst,Terrence Hayes,,,
Timur Ender,Jamie Dunphy,Loretta Smith,Doug Clove,Michael (Mike) Sands,Noah Ernst
Noah Ernst,Thomas Shervey,Doug Clove,,,
Michael (Mike) Sands,Doug Clove,Loretta Smith,,,
Loretta Smith,Timur Ender,Terrence Hayes,Deian Salazar,Jamie Dunphy,Candace Avalos
Steph Routh,Timur Ender,Candace Avalos,Doug Clove,,
Loretta Smith,Terrence Hayes,,,,
Noah Ernst,,,,,
Joe Allen,Peggy Sue Owens,Terrence Hayes,David Linn,Cayle Tern,Noah Ernst
Deian Salazar,Steph Routh,Terrence Hayes,David Linn,Joe Furi,
Timur Ender,Candace Avalos,Jamie Dunphy,,,
Noah Ernst,Terrence Hayes,Joe Furi,Loretta Smith,Doug Clove,
Loretta Smith,Candace Avalos,Timur Ender,,,
Terrence Hayes,Loretta Smith,Candace Avalos,Noah Ernst,,
Jamie Dunphy,,,,,
Steph Routh,Timur Ender,Thomas Shervey,David Linn,Noah Ernst,
Noah Ernst,Michael (Mike) Sands,Joe Allen,Cayle Tern,,
Jamie Dunphy,Candace Avalos,,,,
Cayle Tern,Timur Ender,David Linn,Steph Routh,Candace Avalos,Loretta Smith
,,,,,
Jamie Dunphy,Doug Clove,David Linn,Candace Avalos,,
Jamie Dunphy,Loretta Smith,,,,
Jamie Dunphy,Loretta Smith,Joe Furi,,,
Noah Ernst,Terrence Hayes,,,,
Terrence Hayes,Loretta Smith,Noah Ernst,Steph Routh,Thomas Shervey,Joe Furi
Jamie Dunphy,Candace Avalos,Steph Routh,Noah Ernst,,
Candace Avalos,Cayle Tern,Timur Ender,,,
Michael (Mike) Sands,Candace Avalos,Steph Routh,Joe Furi,Loretta Smith,Cayle Tern
Candace Avalos,Steph Routh,Jamie Dunphy,,,
Candace Avalos,Steph Routh,Jamie Dunphy,Timur Ender,David Linn,
Loretta Smith,Timur Ender,Cayle Tern,Candace Avalos,Terrence Hayes,Jamie Dunphy
Noah Ernst,Doug Clove,Loretta Smith,Terrence Hayes,,
,,,,,
David Linn,Noah Ernst,Doug Clove,,,
Joe Allen,David Linn,Jamie Dunphy,Thomas Shervey,Timur Ender,Doug Clove
Terrence Hayes,Jamie Dunphy,Steph Routh,,,
Jamie Dunphy,Candace Avalos,Timur Ender,Noah Ernst,Steph Routh,Loretta Smith
Jamie Dunphy,Loretta Smith,Steph Routh,Timur Ender,Candace Avalos,Joe Furi
Thomas Shervey,Terrence Hayes,,,,
Terrence Hayes,Loretta Smith,,,,
Steph Routh,Timur Ender,,,,
Loretta Smith,,,,,
Candace Avalos,Timur Ender,Steph Routh,Loretta Smith,Cayle Tern,Jamie Dunphy
Joe Allen,Jamie Dunphy,David Linn,Loretta Smith,Joe Furi,
Timur Ender,Candace Avalos,David Linn,Doug Clove,Michael (Mike) Sands,Terrence Hayes
Jamie Dunphy,Steph Routh,Timur Ender,Thomas Shervey,Candace Avalos,David Linn
Noah Ernst,Candace Avalos,,,,
Terrence Hayes,Loretta Smith,Noah Ernst,,,
Candace Avalos,Timur Ender,Jamie Dunphy,Joe Allen,,
Cayle Tern,Loretta Smith,Terrence Hayes,Candace Avalos,Doug Clove,Steph Routh
Noah Ernst,Deian Salazar,Michael (Mike) Sands,Loretta Smith,,
Peggy Sue Owens,,,,,
Jamie Dunphy,Terrence Hayes,Steph Routh,Candace Avalos,Timur Ender,Michael (Mike) Sands
Steph Routh,Jamie Dunphy,Loretta Smith,Michael (Mike) Sands,Noah Ernst,Peggy Sue Owens
Terrence Hayes,Timur Ender,Steph Routh,Jamie Dunphy,Candace Avalos,Loretta Smith
Terrence Hayes,Noah Ernst,Doug Clove,,,
Candace Avalos,Cayle Tern,Timur Ender,,,
Candace Avalos,David Linn,Terrence Hayes,Write-in-120,Write-in-121,Write-in-122
Timur Ender,Steph Routh,David Linn,Candace Avalos,Jamie Dunphy,Loretta Smith
Steph Routh,Candace Avalos,David Linn,Timur Ender,Cayle Tern,Terrence Hayes
Loretta Smith,Deian Salazar,Terrence Hayes,Noah Ernst,,
Candace Avalos,,,,,
Noah Ernst,Joe Furi,Deian Salazar,Doug Clove,Steph Routh,
Candace Avalos,Cayle Tern,Timur Ender,,,
Candace Avalos,Joe Allen,Loretta Smith,Joe Furi,Timur Ender,Steph Routh
Noah Ernst,Joe Allen,David Linn,Cayle Tern,Deian Salazar,Joe Furi
Timur Ender,Candace Avalos,,,,
Terrence Hayes,Loretta Smith,Thomas Shervey,Noah Ernst,David Linn,Joe Furi
Jamie Dunphy,Steph Routh,Terrence Hayes,Thomas Shervey,Loretta Smith,Deian Salazar
Joe Allen,,,,,
Steph Routh,Candace Avalos,Jamie Dunphy,David Linn,Terrence Hayes,Loretta Smith
Steph Routh,Loretta Smith,Jamie Dunphy,Terrence Hayes,Michael (Mike) Sands,Candace Avalos
Loretta Smith,Steph Routh,Jamie Dunphy,,,
Timur Ender,Steph Routh,Cayle Tern,Candace Avalos,,
Noah Ernst,Timur Ender,Candace Avalos,,,
Candace Avalos,Loretta Smith,Steph Routh,,,
Jamie Dunphy,Candace Avalos,Steph Routh,,,
Candace Avalos,,,,,
Candace Avalos,Terrence Hayes,Michael (Mike) Sands,Timur Ender,David Linn,Steph Routh
,,,,,
Candace Avalos,Timur Ender,Cayle Tern,Jamie Dunphy,Loretta Smith,Michael (Mike) Sands
David Linn,Peggy Sue Owens,,,,
Noah Ernst,Terrence Hayes,Joe Allen,,,
Terrence Hayes,Noah Ernst,Deian Salazar,Steph Routh,Loretta Smith,Jamie Dunphy
Timur Ender,Cayle Tern,Michael (Mike) Sands,Jamie Dunphy,Candace Avalos,Steph Routh
Peggy Sue Owens,Loretta Smith,,,,
Joe Allen,Noah Ernst,David Linn,Terrence Hayes,Peggy Sue Owens,Michael (Mike) Sands
Terrence Hayes,Deian Salazar,,,,
Steph Routh,Jamie Dunphy,,,,
Loretta Smith,Steph Routh,Timur Ender,Noah Ernst,Terrence Hayes,Jamie Dunphy
Deian Salazar,Cayle Tern,Loretta Smith,Jamie Dunphy,Terrence Hayes,Steph Routh
Cayle Tern,Candace Avalos,Timur Ender,David Linn,Steph Routh,Thomas Shervey
Candace Avalos,Steph Routh,Timur Ender,Jamie Dunphy,,
Candace Avalos,Timur Ender,Steph Routh,Jamie Dunphy,David Linn,Cayle Tern
Peggy Sue Owens,Timur Ender,Noah Ernst,Candace Avalos,Joe Allen,David Linn
David Linn,,,,,
Timur Ender,Michael (Mike) Sands,Candace Avalos,,,
Peggy Sue Owens,Candace Avalos,Loretta Smith,Cayle Tern,Joe Furi,Deian Salazar
Peggy Sue Owens,David Linn,Joe Furi,Loretta Smith,Terrence Hayes,Steph Routh
Loretta Smith,Jamie Dunphy,Steph Routh,Cayle Tern,Candace Avalos,
Doug Clove,Joe Furi,Jamie Dunphy,,,
Write-in-120,,,,,
Timur Ender,,,,,
Terrence Hayes,Candace Avalos,Cayle Tern,Deian Salazar,Timur Ender,Steph Routh
Doug Clove,Deian Salazar,Peggy Sue Owens,,,
Steph Routh,Timur Ender,Candace Avalos,Jamie Dunphy,,
Candace Avalos,Timur Ender,Steph Routh,Jamie Dunphy,Loretta Smith,Terrence Hayes
Loretta Smith,Terrence Hayes,Noah Ernst,Steph Routh,Jamie Dunphy,
Doug Clove,Jamie Dunphy,David Linn,Deian Salazar,Cayle Tern,Timur Ender
Steph Routh,Candace Avalos,Jamie Dunphy,Timur Ender,,
Candace Avalos,Timur Ender,Steph Routh,Cayle Tern,Jamie Dunphy,Loretta Smith
Loretta Smith,Terrence Hayes,,,,
Loretta Smith,Steph Routh,,,,
Timur Ender,Cayle Tern,Candace Avalos,Terrence Hayes,,
Loretta Smith,,,,,
Doug Clove,Noah Ernst,Deian Salazar,David Linn,Jamie Dunphy,Terrence Hayes
Jamie Dunphy,,,,,
Doug Clove,,,,,
Candace Avalos,Terrence Hayes,Timur Ender,Steph Routh,Jamie Dunphy,Cayle Tern
Cayle Tern,Steph Routh,Terrence Hayes,Michael (Mike) Sands,,
Thomas Shervey,Steph Routh,Candace Avalos,Doug Clove,Peggy Sue Owens,Timur Ender
Noah Ernst,Cayle Tern,Joe Furi,Loretta Smith,Jamie Dunphy,Steph Routh
Peggy Sue Owens,Jamie Dunphy,Deian Salazar,Cayle Tern,Loretta Smith,Candace Avalos
Candace Avalos,Timur Ender,Steph Routh,Jamie Dunphy,Joe Furi,Michael (Mike) Sands
Noah Ernst,Joe Allen,Loretta Smith,Jamie Dunphy,Peggy Sue Owens,David Linn
Candace Avalos,Jamie Dunphy,Steph Routh,Timur Ender,Cayle Tern,David Linn
Steph Routh,Loretta Smith,Joe Allen,Peggy Sue Owens,Michael (Mike) Sands,Candace Avalos
Candace Avalos,Jamie Dunphy,Steph Routh,Timur Ender,Terrence Hayes,Cayle Tern
Candace Avalos,Steph Routh,Timur Ender,Jamie Dunphy,,
Michael (Mike) Sands,Cayle Tern,David Linn,Terrence Hayes,Steph Routh,Loretta Smith
Steph Routh,Candace Avalos,Jamie Dunphy,Timur Ender,Noah Ernst,Loretta Smith
Terrence Hayes,Joe Allen,Jamie Dunphy,Steph Routh,Thomas Shervey,Cayle Tern
Jamie Dunphy,Steph Routh,Candace Avalos,Timur Ender,,
Loretta Smith,,,,,
Candace Avalos,Peggy Sue Owens,Loretta Smith,Deian Salazar,Cayle Tern,Jamie Dunphy
Jamie Dunphy,Candace Avalos,Steph Routh,Noah Ernst,David Linn,Loretta Smith
Timur Ender,Doug Clove,Joe Furi,Jamie Dunphy,Loretta Smith,Candace Avalos
Deian Salazar,Loretta Smith,Terrence Hayes,Doug Clove,Noah Ernst,Joe Allen
Peggy Sue Owens,Candace Avalos,Joe Allen,Deian Salazar,Jamie Dunphy,Thomas Shervey
Joe Allen,,,,,
Noah Ernst,Candace Avalos,Terrence Hayes,Steph Routh,Timur Ender,Jamie Dunphy
Candace Avalos,Timur Ender,Steph Routh,,,
Steph Routh,Loretta Smith,Jamie Dunphy,Timur Ender,Candace Avalos,David Linn
Candace Avalos,Steph Routh,Timur Ender,Jamie Dunphy,,
Michael (Mike) Sands,Joe Furi,Doug Clove,Joe Allen,Thomas Shervey,Candace Avalos
Cayle Tern,David Linn,Timur Ender,Joe Furi,Noah Ernst,Doug Clove
Steph Routh,Jamie Dunphy,Candace Avalos,Noah Ernst,David Linn,
Noah Ernst,,,,,
Deian Salazar,Timur Ender,Michael (Mike) Sands,Noah Ernst,Terrence Hayes,Steph Routh
Doug Clove,Joe Furi,Steph Routh,Joe Allen,Noah Ernst,Thomas Shervey
Terrence Hayes,Timur Ender,Candace Avalos,David Linn,Jamie Dunphy,Thomas Shervey
Doug Clove,,,,,
Steph Routh,Doug Clove,Joe Allen,Joe Furi,David Linn,Michael (Mike) Sands
Peggy Sue Owens,Timur Ender,Noah Ernst,Candace Avalos,Joe Allen,David Linn
Michael (Mike) Sands,Candace Avalos,Timur Ender,,,
Timur Ender,Jamie Dunphy,Steph Routh,,,
Steph Routh,Joe Allen,Noah Ernst,David Linn,Jamie Dunphy,Timur Ender
Timur Ender,Joe Allen,Cayle Tern,Deian Salazar,Loretta Smith,Steph Routh
Steph Routh,Loretta Smith,Peggy Sue Owens,Timur Ender,Candace Avalos,Noah Ernst
Noah Ernst,Timur Ender,Deian Salazar,Candace Avalos,Joe Furi,Jamie Dunphy
David Linn,Steph Routh,Jamie Dunphy,Timur Ender,Loretta Smith,
Candace Avalos,Jamie Dunphy,Noah Ernst,Terrence Hayes,Timur Ender,Cayle Tern
Loretta Smith,Terrence Hayes,Deian Salazar,David Linn,Candace Avalos,Cayle Tern
Terrence Hayes,Noah Ernst,Doug Clove,,,
Jamie Dunphy,Candace Avalos,Noah Ernst,Joe Furi,Loretta Smith,Peggy Sue Owens
Loretta Smith,,,,,
Candace Avalos,Cayle Tern,Noah Ernst,Joe Allen,Joe Furi,Michael (Mike) Sands
Loretta Smith,Terrence Hayes,Steph Routh,Michael (Mike) Sands,David Linn,Jamie Dunphy
Loretta Smith,,,,,
Candace Avalos,Terrence Hayes,Loretta Smith,Michael (Mike) Sands,,
Noah Ernst,Terrence Hayes,Steph Routh,Cayle Tern,Loretta Smith,Doug Clove
Joe Allen,,,,,
Loretta Smith,Terrence Hayes,Steph Routh,,,
Terrence Hayes,David Linn,Noah Ernst,Joe Allen,Joe Furi,Michael (Mike) Sands
Candace Avalos,Cayle Tern,Noah Ernst,,,
David Linn,Thomas Shervey,Cayle Tern,Jamie Dunphy,Loretta Smith,Candace Avalos
Noah Ernst,Terrence Hayes,Joe Furi,Loretta Smith,Doug Clove,
Candace Avalos,Terrence Hayes,Loretta Smith,Jamie Dunphy,Steph Routh,Michael (Mike) Sands
Terrence Hayes,Jamie Dunphy,David Linn,,,
Timur Ender,,,,,
Timur Ender,Peggy Sue Owens,,,,
Jamie Dunphy,Steph Routh,,,,
Timur Ender,Steph Routh,Jamie Dunphy,,,
Loretta Smith,Candace Avalos,David Linn,Cayle Tern,Michael (Mike) Sands,Steph Routh
Peggy Sue Owens,Deian Salazar,Loretta Smith,Candace Avalos,Cayle Tern,Noah Ernst
Candace Avalos,Timur Ender,Steph Routh,Jamie Dunphy,Cayle Tern,David Linn
Loretta Smith,Steph Routh,Joe Allen,Noah Ernst,Doug Clove,
Candace Avalos,Jamie Dunphy,Steph Routh,,,
Michael (Mike) Sands,,,,,
Timur Ender,Jamie Dunphy,Steph Routh,David Linn,Cayle Tern,Candace Avalos
Doug Clove,Thomas Shervey,Cayle Tern,Noah Ernst,Michael (Mike) Sands,
Timur Ender,Noah Ernst,Cayle Tern,,,
Timur Ender,,,,,
Jamie Dunphy,Candace Avalos,Steph Routh,Timur Ender,,
Candace Avalos,,,,,
Steph Routh,Jamie Dunphy,Candace Avalos,Timur Ender,,
Jamie Dunphy,Candace Avalos,Steph Routh,Noah Ernst,David Linn,Loretta Smith
Candace Avalos,Steph Routh,Jamie Dunphy,Timur Ender,David Linn,
Peggy Sue Owens,Timur Ender,Noah Ernst,,,
Timur Ender,Michael (Mike) Sands,Terrence Hayes,Steph Routh,Candace Avalos,
Michael (Mike) Sands,,,,,
Loretta Smith,Noah Ernst,Deian Salazar,Terrence Hayes,Timur Ender,Candace Avalos
Loretta Smith,Timur Ender,Terrence Hayes,Noah Ernst,Candace Avalos,David Linn
David Linn,Timur Ender,Doug Clove,Steph Routh,,
Jamie Dunphy,Steph Routh,Peggy Sue Owens,,,
Noah Ernst,Peggy Sue Owens,David Linn,,,
Loretta Smith,Candace Avalos,Timur Ender,Steph Routh,Jamie Dunphy,Noah Ernst
Candace Avalos,Cayle Tern,Timur Ender,Jamie Dunphy,,
Terrence Hayes,Joe Allen,Jamie Dunphy,Loretta Smith,Deian Salazar,Joe Furi
Jamie Dunphy,David Linn,Steph Routh,Noah Ernst,Candace Avalos,Terrence Hayes
Jamie Dunphy,Steph Routh,Candace Avalos,Timur Ender,Joe Allen,Cayle Tern
Loretta Smith,Timur Ender,Noah Ernst,Cayle Tern,Doug Clove,Steph Routh
Timur Ender,Loretta Smith,Terrence Hayes,,,
Candace Avalos,Doug Clove,Joe Allen,Thomas Shervey,Deian Salazar,Cayle Tern
Candace Avalos,Timur Ender,Steph Routh,Jamie Dunphy,Cayle Tern,
Doug Clove,Deian Salazar,Terrence Hayes,Noah Ernst,Joe Furi,David Linn
Jamie Dunphy,Candace Avalos,,,,
Joe Allen,,,,,
Jamie Dunphy,Candace Avalos,Steph Routh,Noah Ernst,David Linn,Terrence Hayes
Deian Salazar,Doug Clove,Michael (Mike) Sands,Loretta Smith,Jamie Dunphy,Terrence Hayes
Write-in-120,Steph Routh,Candace Avalos,Michael (Mike) Sands,Timur Ender,Cayle Tern
Terrence Hayes,Steph Routh,,,,
Jamie Dunphy,Steph Routh,Noah Ernst,David Linn,Joe Allen,Michael (Mike) Sands
Deian Salazar,Joe Allen,Peggy Sue Owens,Doug Clove,Michael (Mike) Sands,Jamie Dunphy
Jamie Dunphy,Steph Routh,David Linn,Timur Ender,,
Noah Ernst,Candace Avalos,Steph Routh,Loretta Smith,Jamie Dunphy,Thomas Shervey
,,,,,
Joe Allen,Cayle Tern,Doug Clove,,,
Noah Ernst,Candace Avalos,David Linn,Loretta Smith,Terrence Hayes,Steph Routh
Terrence Hayes,Loretta Smith,Candace Avalos,Peggy Sue Owens,Noah Ernst,Deian Salazar
Timur Ender,Joe Allen,Michael (Mike) Sands,Jamie Dunphy,,
Candace Avalos,Steph Routh,Jamie Dunphy,,,
Doug Clove,Loretta Smith,Jamie Dunphy,Candace Avalos,Cayle Tern,Peggy Sue Owens
David Linn,Terrence Hayes,,,,
Deian Salazar,,,,,
Loretta Smith,Terrence Hayes,Candace Avalos,,,
Terrence Hayes,Timur Ender,Candace Avalos,,,
Candace Avalos,Steph Routh,Timur Ender,Jamie Dunphy,,
Jamie Dunphy,Candace Avalos,Steph Routh,Timur Ender,,
Loretta Smith,Steph Routh,Candace Avalos,Peggy Sue Owens,Cayle Tern,Deian Salazar
Steph Routh,Timur Ender,Terrence Hayes,Loretta Smith,Candace Avalos,Cayle Tern
,,,,,
Timur Ender,Steph Routh,Candace Avalos,Cayle Tern,,
Terrence Hayes,Noah Ernst,Candace Avalos,,,
Terrence Hayes,Timur Ender,Steph Routh,David Linn,Thomas Shervey,Noah Ernst
Timur Ender,Noah Ernst,Loretta Smith,Steph Routh,,
Peggy Sue Owens,Noah Ernst,Deian Salazar,Jamie Dunphy,Doug Clove,Joe Allen
Timur Ender,,,,,
,,,,,
Candace Avalos,Steph Routh,Timur Ender,Jamie Dunphy,,
Loretta Smith,,,,,
,,,,,
Jamie Dunphy,Candace Avalos,Noah Ernst,Loretta Smith,,
Michael (Mike) Sands,Cayle Tern,Loretta Smith,Steph Routh,Jamie Dunphy,
Jamie Dunphy,David Linn,Steph Routh,Candace Avalos,Loretta Smith,Noah Ernst
Terrence Hayes,,,,,
Timur Ender,Steph Routh,Terrence Hayes,Loretta Smith,Michael (Mike) Sands,Candace Avalos
Jamie Dunphy,Steph Routh,Terrence Hayes,,,
Timur Ender,Candace Avalos,Jamie Dunphy,Noah Ernst,Terrence Hayes,David Linn
Jamie Dunphy,Terrence Hayes,Candace Avalos,Noah Ernst,Thomas Shervey,Timur Ender
Joe Furi,Noah Ernst,Doug Clove,Steph Routh,,
,,,,,
Candace Avalos,Timur Ender,Terrence Hayes,,,
Loretta Smith,,,,,
Michael (Mike) Sands,Terrence Hayes,Steph Routh,Cayle Tern,Candace Avalos,Write-in-120
Cayle Tern,Terrence Hayes,Loretta Smith,Steph Routh,Jamie Dunphy,Candace Avalos
Candace Avalos,Jamie Dunphy,Noah Ernst,,,
Jamie Dunphy,Steph Routh,Candace Avalos,,,
Loretta Smith,Write-in-120,Candace Avalos,Peggy Sue Owens,Joe Furi,Cayle Tern
Timur Ender,Terrence Hayes,Candace Avalos,Thomas Shervey,Noah Ernst,Cayle Tern
Timur Ender,David Linn,,,,
Noah Ernst,,,,,
Joe Allen,,,,,
Candace Avalos,Steph Routh,Noah Ernst,Timur Ender,Cayle Tern,Terrence Hayes
Candace Avalos,Jamie Dunphy,Steph Routh,,,
Timur Ender,Candace Avalos,Jamie Dunphy,Terrence Hayes,,
Doug Clove,Terrence Hayes,,,,
Noah Ernst,David Linn,Loretta Smith,Terrence Hayes,,
Steph Routh,,,,,
Loretta Smith,Terrence Hayes,,,,
Candace Avalos,Terrence Hayes,Cayle Tern,Timur Ender,,
Jamie Dunphy,Steph Routh,Loretta Smith,,,
Terrence Hayes,Noah Ernst,Candace Avalos,,,
Michael (Mike) Sands,Timur Ender,David Linn,Jamie Dunphy,Steph Routh,Thomas Shervey
Doug Clove,Jamie Dunphy,Loretta Smith,David Linn,Cayle Tern,
Jamie Dunphy,Steph Routh,Terrence Hayes,Timur Ender,David Linn,Noah Ernst
Steph Routh,Jamie Dunphy,Peggy Sue Owens,,,
Jamie Dunphy,Peggy Sue Owens,Noah Ernst,,,
Loretta Smith,Steph Routh,Timur Ender,Candace Avalos,Jamie Dunphy,
Peggy Sue Owens,,,,,
Noah Ernst,Terrence Hayes,Loretta Smith,,,
Loretta Smith,Terrence Hayes,,,,
Candace Avalos,Steph Routh,,,,
Candace Avalos,Cayle Tern,Steph Routh,Jamie Dunphy,Timur Ender,
Candace Avalos,Timur Ender,Steph Routh,Jamie Dunphy,Loretta Smith,Terrence Hayes
Loretta Smith,Terrence Hayes,Steph Routh,Candace Avalos,,
Candace Avalos,Cayle Tern,Timur Ender,,,
Joe Allen,Thomas Shervey,Michael (Mike) Sands,,,
Steph Routh,Candace Avalos,Jamie Dunphy,Timur Ender,,
Terrence Hayes,Loretta Smith,Doug Clove,Thomas Shervey,,
,,,,,
Steph Routh,Jamie Dunphy,David Linn,,,
Terrence Hayes,Noah Ernst,Candace Avalos,,,
Steph Routh,Loretta Smith,Terrence Hayes,Michael (Mike) Sands,Candace Avalos,Cayle Tern
Candace Avalos,Joe Allen,Steph Routh,Jamie Dunphy,Peggy Sue Owens,Timur Ender
Terrence Hayes,Timur Ender,Cayle Tern,Deian Salazar,Candace Avalos,Joe Furi
Candace Avalos,Jamie Dunphy,David Linn,,,
Joe Allen,Noah Ernst,Joe Furi,,,
Loretta Smith,Candace Avalos,Jamie Dunphy,Steph Routh,,
Jamie Dunphy,Candace Avalos,Steph Routh,Loretta Smith,David Linn,
Candace Avalos,Steph Routh,Jamie Dunphy,Timur Ender,Cayle Tern,David Linn
Loretta Smith,,,,,
Candace Avalos,,,,,
,,,,,
Loretta Smith,Terrence Hayes,Jamie Dunphy,Doug Clove,,
Noah Ernst,,,,,
Candace Avalos,Jamie Dunphy,Steph Routh,,,
Jamie Dunphy,Candace Avalos,Steph Routh,,,
Timur Ender,Steph Routh,Candace Avalos,Cayle Tern,Jamie Dunphy,Joe Allen
Jamie Dunphy,Deian Salazar,David Linn,Timur Ender,,
David Linn,Cayle Tern,Jamie Dunphy,Steph Routh,Timur Ender,Candace Avalos
Terrence Hayes,Candace Avalos,Noah Ernst,Loretta Smith,,
Candace Avalos,David Linn,Joe Allen,Joe Furi,Timur Ender,Loretta Smith
Candace Avalos,Loretta Smith,Jamie Dunphy,Timur Ender,Steph Routh,Joe Furi
Candace Avalos,Loretta Smith,Jamie Dunphy,Terrence Hayes,Steph Routh,Timur Ender
Thomas Shervey,Joe Allen,Steph Routh,,,
Candace Avalos,Loretta Smith,Steph Routh,Cayle Tern,Noah Ernst,Timur Ender
Joe Furi,Michael (Mike) Sands,Joe Allen,Doug Clove,Jamie Dunphy,Peggy Sue Owens
Jamie Dunphy,Candace Avalos,Steph Routh,Timur Ender,,
Joe Furi,,,,,
Candace Avalos,David Linn,Noah Ernst,Timur Ender,Michael (Mike) Sands,Cayle Tern
Jamie Dunphy,Terrence Hayes,Loretta Smith,Deian Salazar,,
Candace Avalos,Cayle Tern,Timur Ender,Jamie Dunphy,Steph Routh,David Linn
Noah Ernst,Cayle Tern,Doug Clove,Jamie Dunphy,Steph Routh,
Loretta Smith,Candace Avalos,Jamie Dunphy,Timur Ender,Steph Routh,Terrence Hayes
Loretta Smith,Jamie Dunphy,Terrence Hayes,Timur Ender,Candace Avalos,Cayle Tern
Loretta Smith,,,,,
David Linn,,,,,
Joe Allen,Jamie Dunphy,Doug Clove,Terrence Hayes,Loretta Smith,Timur Ender
Candace Avalos,Timur Ender,Terrence Hayes,Deian Salazar,David Linn,Loretta Smith
Peggy Sue Owens,Joe Allen,David Linn,Michael (Mike) Sands,Thomas Shervey,Terrence Hayes
Terrence Hayes,Noah Ernst,Joe Furi,Loretta Smith,Doug Clove,Write-in-120
Jamie Dunphy,,,,,
Doug Clove,Timur Ender,Candace Avalos,,,
Jamie Dunphy,Candace Avalos,Steph Routh,Noah Ernst,David Linn,Loretta Smith
Jamie Dunphy,Steph Routh,Candace Avalos,Joe Furi,Joe Allen,Deian Salazar
Terrence Hayes,Candace Avalos,Noah Ernst,,,
Noah Ernst,Joe Allen,Jamie Dunphy,,,
Steph Routh,Timur Ender,Candace Avalos,,,
Steph Routh,,,,,
Timur Ender,David Linn,Peggy Sue Owens,Deian Salazar,Terrence Hayes,Jamie Dunphy
Timur Ender,Candace Avalos,Deian Salazar,Steph Routh,Cayle Tern,Terrence Hayes
Terrence Hayes,Noah Ernst,Joe Furi,Loretta Smith,Doug Clove,Write-in-120
Doug Clove,Joe Furi,Jamie Dunphy,,,
Joe Furi,Terrence Hayes,,,,
Loretta Smith,Steph Routh,Candace Avalos,Timur Ender,Jamie Dunphy,Terrence Hayes
Loretta Smith,Deian Salazar,Candace Avalos,,,
Noah Ernst,Loretta Smith,Joe Allen,Joe Furi,Steph Routh,
Candace Avalos,Jamie Dunphy,Cayle Tern,Steph Routh,David Linn,Terrence Hayes
Steph Routh,Candace Avalos,Doug Clove,,,
Candace Avalos,Joe Allen,Steph Routh,,,
Noah Ernst,,,,,
Jamie Dunphy,Candace Avalos,Timur Ender,Steph Routh,Cayle Tern,
Loretta Smith,Michael (Mike) Sands,Terrence Hayes,Noah Ernst,Peggy Sue Owens,
Loretta Smith,David Linn,Steph Routh,Terrence Hayes,Candace Avalos,
Candace Avalos,Cayle Tern,Timur Ender,,,
Cayle Tern,Candace Avalos,Terrence Hayes,Doug Clove,Steph Routh,Timur Ender
Jamie Dunphy,Timur Ender,David Linn,,,
Michael (Mike) Sands,David Linn,,,,
David Linn,Candace Avalos,Loretta Smith,Steph Routh,Timur Ender,Jamie Dunphy
David Linn,Jamie Dunphy,Steph Routh,Terrence Hayes,Cayle Tern,Noah Ernst
Timur Ender,David Linn,Michael (Mike) Sands,Terrence Hayes,Jamie Dunphy,Deian Salazar
Candace Avalos,Cayle Tern,Jamie Dunphy,Timur Ender,David Linn,Steph Routh
Steph Routh,Jamie Dunphy,Timur Ender,,,
Loretta Smith,Timur Ender,David Linn,Jamie Dunphy,,
Noah Ernst,,,,,
Noah Ernst,Steph Routh,Loretta Smith,,,
Loretta Smith,Doug Clove,Joe Furi,Michael (Mike) Sands,Candace Avalos,Cayle Tern
Terrence Hayes,Loretta Smith,Steph Routh,,,
Noah Ernst,Loretta Smith,,,,
Candace Avalos,Terrence Hayes,Peggy Sue Owens,,,
Candace Avalos,Steph Routh,Jamie Dunphy,,,
Jamie Dunphy,Candace Avalos,Steph Routh,,,
Michael (Mike) Sands,,,,,
Terrence Hayes,Loretta Smith,Michael (Mike) Sands,Joe Allen,Candace Avalos,Peggy Sue Owens
Candace Avalos,Terrence Hayes,Loretta Smith,Deian Salazar,Timur Ender,Jamie Dunphy
Jamie Dunphy,Doug Clove,Michael (Mike) Sands,Joe Allen,Candace Avalos,Joe Furi
Jamie Dunphy,Steph Routh,Candace Avalos,Timur Ender,Cayle Tern,David Linn
Noah Ernst,Terrence Hayes,Joe Furi,Loretta Smith,Doug Clove,
Jamie Dunphy,Steph Routh,Candace Avalos,,,
Noah Ernst,Loretta Smith,Doug Clove,David Linn,Terrence Hayes,
Noah Ernst,Joe Furi,,,,
Steph Routh,,,,,
Candace Avalos,Steph Routh,Cayle Tern,Noah Ernst,Terrence Hayes,Jamie Dunphy
Deian Salazar,,,,,
Deian Salazar,Joe Furi,Candace Avalos,Noah Ernst,Steph Routh,Jamie Dunphy
Terrence Hayes,,,,,
Doug Clove,Michael (Mike) Sands,Deian Salazar,Noah Ernst,Thomas Shervey,
Deian Salazar,Loretta Smith,Jamie Dunphy,Peggy Sue Owens,Steph Routh,Candace Avalos
Candace Avalos,Timur Ender,Steph Routh,Jamie Dunphy,Cayle Tern,David Linn
Jamie Dunphy,Steph Routh,,,,
Loretta Smith,Terrence Hayes,Noah Ernst,Timur Ender,Candace Avalos,Deian Salazar
Peggy Sue Owens,Timur Ender,Noah Ernst,Candace Avalos,Joe Allen,David Linn
Candace Avalos,Timur Ender,Jamie Dunphy,Steph Routh,,
Candace Avalos,Timur Ender,Steph Routh,Cayle Tern,,
Loretta Smith,Terrence Hayes,,,,
Loretta Smith,,,,,
Noah Ernst,Terrence Hayes,Loretta Smith,Jamie Dunphy,Michael (Mike) Sands,David Linn
Write-in-122,,,,,
Noah Ernst,Jamie Dunphy,Joe Furi,,,
Jamie Dunphy,Terrence Hayes,Loretta Smith,Cayle Tern,Noah Ernst,Candace Avalos
Candace Avalos,Thomas Shervey,Loretta Smith,Jamie Dunphy,Joe Allen,Deian Salazar
Terrence Hayes,Jamie Dunphy,Michael (Mike) Sands,David Linn,Noah Ernst,Peggy Sue Owens
Timur Ender,Candace Avalos,Loretta Smith,Cayle Tern,Terrence Hayes,Steph Routh
Loretta Smith,Terrence Hayes,Candace Avalos,Deian Salazar,Joe Allen,Timur Ender
Candace Avalos,,,,,
Timur Ender,David Linn,Doug Clove,Joe Furi,Steph Routh,
Timur Ender,Terrence Hayes,Noah Ernst,David Linn,Deian Salazar,Steph Routh
Candace Avalos,Timur Ender,David Linn,Loretta Smith,Terrence Hayes,
Loretta Smith,Michael (Mike) Sands,Steph Routh,,,
Jamie Dunphy,Candace Avalos,Steph Routh,Noah Ernst,David Linn,Loretta Smith
,,,,,
Deian Salazar,,,,,
Noah Ernst,Terrence Hayes,Joe Allen,Michael (Mike) Sands,,
Loretta Smith,Timur Ender,Steph Routh,Candace Avalos,Cayle Tern,
Doug Clove,Jamie Dunphy,Deian Salazar,Noah Ernst,David Linn,Peggy Sue Owens
Candace Avalos,Terrence Hayes,Noah Ernst,,,
Deian Salazar,Jamie Dunphy,Joe Furi,Joe Allen,,
Noah Ernst,Timur Ender,Joe Allen,Cayle Tern,Doug Clove,Loretta Smith
Michael (Mike) Sands,Loretta Smith,Noah Ernst,Candace Avalos,Timur Ender,
Noah Ernst,,,,,
Steph Routh,Candace Avalos,,,,
Loretta Smith,Peggy Sue Owens,Michael (Mike) Sands,Terrence Hayes,Noah Ernst,Timur Ender
Jamie Dunphy,Timur Ender,Cayle Tern,Candace Avalos,Steph Routh,David Linn
Thomas Shervey,Loretta Smith,Jamie Dunphy,Joe Furi,Cayle Tern,Noah Ernst
Joe Furi,Loretta Smith,Thomas Shervey,Steph Routh,Jamie Dunphy,Candace Avalos
Noah Ernst,Doug Clove,Thomas Shervey,,,
Steph Routh,Terrence Hayes,Candace Avalos,Doug Clove,Loretta Smith,Noah Ernst
Terrence Hayes,Thomas Shervey,Steph Routh,Timur Ender,Candace Avalos,Deian Salazar
Noah Ernst,,,,,
Peggy Sue Owens,Noah Ernst,Cayle Tern,Deian Salazar,Loretta Smith,Jamie Dunphy
Timur Ender,David Linn,Cayle Tern,Jamie Dunphy,Michael (Mike) Sands,Candace Avalos
Timur Ender,Steph Routh,Candace Avalos,Loretta Smith,Jamie Dunphy,
Cayle Tern,,,,,
Candace Avalos,Timur Ender,Steph Routh,Jamie Dunphy,Joe Furi,Michael (Mike) Sands
,,,,,
Candace Avalos,Timur Ender,Steph Routh,Terrence Hayes,Jamie Dunphy,
Loretta Smith,Michael (Mike) Sands,Doug Clove,Timur Ender,Joe Allen,Peggy Sue Owens
Doug Clove,Cayle Tern,Joe Allen,Jamie Dunphy,Michael (Mike) Sands,Thomas Shervey
Candace Avalos,Jamie Dunphy,,,,
Loretta Smith,Candace Avalos,Deian Salazar,,,
Timur Ender,Candace Avalos,Jamie Dunphy,Joe Allen,Cayle Tern,David Linn
Timur Ender,Candace Avalos,Steph Routh,Jamie Dunphy,,
Noah Ernst,Loretta Smith,Doug Clove,,,
Loretta Smith,Steph Routh,Candace Avalos,Terrence Hayes,,
Jamie Dunphy,Candace Avalos,Steph Routh,,,
Timur Ender,Noah Ernst,Terrence Hayes,Doug Clove,Thomas Shervey,Deian Salazar
Timur Ender,Candace Avalos,Terrence Hayes,Noah Ernst,Steph Routh,Michael (Mike) Sands
Candace Avalos,Steph Routh,Loretta Smith,David Linn,Terrence Hayes,Jamie Dunphy
Noah Ernst,Cayle Tern,Joe Furi,Jamie Dunphy,Joe Allen,Candace Avalos
Candace Avalos,Cayle Tern,Timur Ender,Write-in-120,Jamie Dunphy,
Terrence Hayes,Noah Ernst,Timur Ender,,,
Candace Avalos,Cayle Tern,Timur Ender,Jamie Dunphy,Steph Routh,David Linn
Noah Ernst,Terrence Hayes,Loretta Smith,,,
Candace Avalos,Cayle Tern,Timur Ender,,,
Loretta Smith,Deian Salazar,Peggy Sue Owens,,,
Jamie Dunphy,Steph Routh,Candace Avalos,Timur Ender,Loretta Smith,
Timur Ender,,,,,
Timur Ender,Candace Avalos,Cayle Tern,Michael (Mike) Sands,Deian Salazar,Jamie Dunphy
Doug Clove,Noah Ernst,Loretta Smith,,,
Loretta Smith,Terrence Hayes,Timur Ender,Candace Avalos,Noah Ernst,Jamie Dunphy
Michael (Mike) Sands,Loretta Smith,Thomas Shervey,Doug Clove,David Linn,Write-in-120
Michael (Mike) Sands,,,,,
David Linn,,,,,
Noah Ernst,Candace Avalos,Terrence Hayes,Steph Routh,,
Steph Routh,,,,,
Noah Ernst,Joe Furi,Loretta Smith,Doug Clove,,
Candace Avalos,Steph Routh,Loretta Smith,Jamie Dunphy,,
Terrence Hayes,Loretta Smith,Noah Ernst,Timur Ender,,
Cayle Tern,Noah Ernst,Deian Salazar,Candace Avalos,Jamie Dunphy,
Loretta Smith,Candace Avalos,Steph Routh,Terrence Hayes,,
Loretta Smith,,,,,
Peggy Sue Owens,Candace Avalos,Joe Furi,Terrence Hayes,Timur Ender,Steph Routh
Jamie Dunphy,Candace Avalos,Steph Routh,Noah Ernst,David Linn,Loretta Smith
Terrence Hayes,Candace Avalos,Jamie Dunphy,Joe Furi,Timur Ender,Deian Salazar
Loretta Smith,Joe Furi,David Linn,Noah Ernst,Timur Ender,Peggy Sue Owens
Jamie Dunphy,Candace Avalos,Steph Routh,,,
Loretta Smith,Timur Ender,Candace Avalos,Steph Routh,Jamie Dunphy,David Linn
Loretta Smith,Steph Routh,Terrence Hayes,Jamie Dunphy,Joe Allen,Cayle Tern
Joe Furi,Michael (Mike) Sands,,,,
Doug Clove,Joe Allen,,,,
Peggy Sue Owens,Loretta Smith,Jamie Dunphy,Candace Avalos,Timur Ender,
Loretta Smith,Joe Allen,Noah Ernst,Doug Clove,Deian Salazar,Terrence Hayes
Candace Avalos,Steph Routh,Timur Ender,Jamie Dunphy,,
Noah Ernst,Joe Allen,Doug Clove,Joe Furi,Thomas Shervey,Terrence Hayes
Jamie Dunphy,,,,,
Joe Allen,Cayle Tern,Michael (Mike) Sands,Steph Routh,David Linn,Jamie Dunphy
Noah Ernst,Doug Clove,Michael (Mike) Sands,Jamie Dunphy,David Linn,Steph Routh
Candace Avalos,,,,,
Noah Ernst,Joe Allen,Doug Clove,Terrence Hayes,,
Doug Clove,Joe Furi,Timur Ender,Jamie Dunphy,,
Terrence Hayes,Candace Avalos,Deian Salazar,Jamie Dunphy,Loretta Smith,Noah Ernst
Candace Avalos,Timur Ender,Steph Routh,Jamie Dunphy,Noah Ernst,Loretta Smith
Steph Routh,Candace Avalos,Jamie Dunphy,,,
Candace Avalos,Timur Ender,Noah Ernst,,,
Candace Avalos,Timur Ender,Steph Routh,Jamie Dunphy,Loretta Smith,
Noah Ernst,Joe Allen,David Linn,Doug Clove,Michael (Mike) Sands,Jamie Dunphy
Jamie Dunphy,Noah Ernst,Loretta Smith,Doug Clove,Michael (Mike) Sands,Cayle Tern
Loretta Smith,Terrence Hayes,Michael (Mike) Sands,Joe Allen,Peggy Sue Owens,David Linn
Steph Routh,Jamie Dunphy,Candace Avalos,,,
Noah Ernst,,,,,
Noah Ernst,Doug Clove,Terrence Hayes,David Linn,Candace Avalos,Timur Ender
Timur Ender,Candace Avalos,Cayle Tern,Michael (Mike) Sands,Steph Routh,Jamie Dunphy
Doug Clove,Terrence Hayes,Noah Ernst,David Linn,Cayle Tern,
Noah Ernst,Steph Routh,Terrence Hayes,Loretta Smith,Thomas Shervey,Deian Salazar
Noah Ernst,Michael (Mike) Sands,Terrence Hayes,Joe Allen,Steph Routh,Loretta Smith
Loretta Smith,,,,,
Timur Ender,Joe Allen,Steph Routh,Write-in-120,Thomas Shervey,Loretta Smith
Jamie Dunphy,Candace Avalos,,,,
Jamie Dunphy,Terrence Hayes,Candace Avalos,Michael (Mike) Sands,Timur Ender,Loretta Smith
Deian Salazar,,,,,
Loretta Smith,David Linn,Candace Avalos,Deian Salazar,Peggy Sue Owens,Jamie Dunphy
Cayle Tern,Doug Clove,Michael (Mike) Sands,Candace Avalos,,
Candace Avalos,Timur Ender,Steph Routh,Jamie Dunphy,Loretta Smith,Terrence Hayes
Candace Avalos,Steph Routh,Jamie Dunphy,Timur Ender,Cayle Tern,David Linn
Doug Clove,Noah Ernst,Joe Allen,Thomas Shervey,Steph Routh,Deian Salazar
Loretta Smith,Timur Ender,Noah Ernst,Cayle Tern,Doug Clove,Steph Routh
Steph Routh,,,,,
Terrence Hayes,Noah Ernst,Candace Avalos,,,
Deian Salazar,Joe Allen,,,,
Candace Avalos,Steph Routh,Jamie Dunphy,,,
Noah Ernst,Peggy Sue Owens,Timur Ender,,,
Deian Salazar,Thomas Shervey,Terrence Hayes,,,
Candace Avalos,Jamie Dunphy,Timur Ender,,,
Michael (Mike) Sands,Noah Ernst,Joe Furi,Deian Salazar,Candace Avalos,Doug Clove
Jamie Dunphy,Candace Avalos,Steph Routh,,,
Loretta Smith,Steph Routh,Timur Ender,Candace Avalos,Terrence Hayes,Cayle Tern
Terrence Hayes,Loretta Smith,Candace Avalos,Cayle Tern,Steph Routh,
Loretta Smith,Terrence Hayes,Steph Routh,Candace Avalos,,
Timur Ender,Noah Ernst,,,,
Candace Avalos,Deian Salazar,Steph Routh,Joe Allen,Noah Ernst,Joe Furi
Candace Avalos,Timur Ender,Michael (Mike) Sands,Cayle Tern,Jamie Dunphy,Terrence Hayes
Candace Avalos,Terrence Hayes,Loretta Smith,Peggy Sue Owens,Noah Ernst,
Loretta Smith,Candace Avalos,Peggy Sue Owens,Jamie Dunphy,Thomas Shervey,Timur Ender
Timur Ender,,,,,
Steph Routh,Terrence Hayes,David Linn,Loretta Smith,Timur Ender,Cayle Tern
David Linn,,,,,
Candace Avalos,Timur Ender,Steph Routh,,,
Steph Routh,Timur Ender,,,,
Steph Routh,Candace Avalos,Timur Ender,Jamie Dunphy,Loretta Smith,
Joe Allen,Terrence Hayes,Noah Ernst,Doug Clove,,
Noah Ernst,,,,,
Doug Clove,,,,,
Joe Allen,Doug Clove,Terrence Hayes,Timur Ender,,
Michael (Mike) Sands,,,,,
Timur Ender,David Linn,Michael (Mike) Sands,Terrence Hayes,Jamie Dunphy,Deian Salazar
Jamie Dunphy,Peggy Sue Owens,Joe Allen,Doug Clove,Michael (Mike) Sands,David Linn
Loretta Smith,Steph Routh,Candace Avalos,Jamie Dunphy,Noah Ernst,Peggy Sue Owens
Noah Ernst,,,,,
Loretta Smith,Terrence Hayes,Candace Avalos,,,
Candace Avalos,Write-in-120,Terrence Hayes,Steph Routh,Timur Ender,Joe Furi
Candace Avalos,Timur Ender,Steph Routh,Jamie Dunphy,Cayle Tern,David Linn
Steph Routh,Noah Ernst,,,,
Noah Ernst,Joe Allen,Doug Clove,Deian Salazar,Jamie Dunphy,Steph Routh
Loretta Smith,Steph Routh,,,,
Joe Furi,Steph Routh,Jamie Dunphy,Terrence Hayes,Loretta Smith,Candace Avalos
Peggy Sue Owens,,,,,
Joe Furi,Thomas Shervey,Candace Avalos,Michael (Mike) Sands,Steph Routh,David Linn
Timur Ender,Candace Avalos,,,,
Jamie Dunphy,Steph Routh,Terrence Hayes,Timur Ender,David Linn,Candace Avalos
Candace Avalos,Michael (Mike) Sands,Jamie Dunphy,Steph Routh,Cayle Tern,David Linn
Candace Avalos,Steph Routh,Timur Ender,Jamie Dunphy,,
Noah Ernst,Deian Salazar,Steph Routh,,,
Noah Ernst,Doug Clove,David Linn,Terrence Hayes,Jamie Dunphy,Steph Routh
Noah Ernst,Terrence Hayes,Michael (Mike) Sands,Loretta Smith,Joe Furi,Jamie Dunphy
Timur Ender,,,,,
Loretta Smith,Terrence Hayes,Noah Ernst,Candace Avalos,,
Joe Allen,Steph Routh,Timur Ender,Noah Ernst,Terrence Hayes,Thomas Shervey
Loretta Smith,Terrence Hayes,Joe Furi,Cayle Tern,Timur Ender,Steph Routh
Loretta Smith,Noah Ernst,Terrence Hayes,Deian Salazar,,
Candace Avalos,Steph Routh,Jamie Dunphy,Timur Ender,,
Peggy Sue Owens,Timur Ender,Noah Ernst,Candace Avalos,Joe Allen,David Linn
Cayle Tern,Timur Ender,Jamie Dunphy,,,
Loretta Smith,,,,,
Candace Avalos,Timur Ender,Steph Routh,Cayle Tern,Jamie Dunphy,Noah Ernst
Jamie Dunphy,Candace Avalos,Steph Routh,Noah Ernst,David Linn,Loretta Smith
Candace Avalos,Cayle Tern,Michael (Mike) Sands,Jamie Dunphy,Joe Allen,Steph Routh
Timur Ender,Doug Clove,Joe Allen,Thomas Shervey,Joe Furi,Peggy Sue Owens
Jamie Dunphy,,,,,
Steph Routh,Jamie Dunphy,Candace Avalos,,,
Noah Ernst,,,,,
Candace Avalos,Cayle Tern,Loretta Smith,,,
Noah Ernst,Steph Routh,Terrence Hayes,Jamie Dunphy,,
Peggy Sue Owens,Cayle Tern,Candace Avalos,Loretta Smith,Terrence Hayes,Noah Ernst
Candace Avalos,Terrence Hayes,David Linn,Joe Allen,,
Terrence Hayes,Loretta Smith,Joe Allen,Doug Clove,Joe Furi,Noah Ernst
Jamie Dunphy,Candace Avalos,Steph Routh,Timur Ender,David Linn,Loretta Smith
Jamie Dunphy,Candace Avalos,Steph Routh,,,
Peggy Sue Owens,,,,,
Peggy Sue Owens,Timur Ender,Noah Ernst,Candace Avalos,Joe Allen,David Linn
Timur Ender,Jamie Dunphy,Cayle Tern,Loretta Smith,Steph Routh,Terrence Hayes
Timur Ender,Candace Avalos,Loretta Smith,Jamie Dunphy,Steph Routh,
Loretta Smith,Terrence Hayes,Noah Ernst,Jamie Dunphy,Candace Avalos,Timur Ender
Deian Salazar,Loretta Smith,Steph Routh,,,
Loretta Smith,Deian Salazar,Michael (Mike) Sands,Joe Furi,Doug Clove,Cayle Tern
Write-in-120,Write-in-121,Write-in-122,,,
Terrence Hayes,Noah Ernst,Timur Ender,Steph Routh,Loretta Smith,
Candace Avalos,,,,,
Loretta Smith,Joe Allen,Steph Routh,Cayle Tern,Michael (Mike) Sands,Peggy Sue Owens
Candace Avalos,Timur Ender,Jamie Dunphy,Steph Routh,Loretta Smith,Noah Ernst
Cayle Tern,,,,,
Candace Avalos,Steph Routh,Timur Ender,Cayle Tern,Jamie Dunphy,David Linn
Loretta Smith,Candace Avalos,Timur Ender,,,
Noah Ernst,Steph Routh,Timur Ender,Candace Avalos,Doug Clove,Thomas Shervey
Noah Ernst,Terrence Hayes,Joe Furi,Loretta Smith,Doug Clove,
Jamie Dunphy,,,,,
Candace Avalos,Timur Ender,Jamie Dunphy,Steph Routh,Cayle Tern,Terrence Hayes
Candace Avalos,Steph Routh,Jamie Dunphy,Joe Allen,Cayle Tern,David Linn
Noah Ernst,,,,,
Loretta Smith,,,,,
Terrence Hayes,Steph Routh,Timur Ender,Noah Ernst,,
Loretta Smith,Terrence Hayes,,,,
Doug Clove,Joe Furi,,,,
Doug Clove,,,,,
Steph Routh,Michael (Mike) Sands,Loretta Smith,Jamie Dunphy,Candace Avalos,David Linn
Steph Routh,Doug Clove,Terrence Hayes,Loretta Smith,Candace Avalos,David Linn
Candace Avalos,Jamie Dunphy,,,,
Terrence Hayes,Deian Salazar,David Linn,Jamie Dunphy,,
Steph Routh,Loretta Smith,Candace Avalos,Terrence Hayes,Jamie Dunphy,Michael (Mike) Sands
Candace Avalos,Cayle Tern,Timur Ender,,,
Candace Avalos,Timur Ender,Steph Routh,Jamie Dunphy,,
Loretta Smith,Terrence Hayes,Steph Routh,Jamie Dunphy,Timur Ender,Candace Avalos
Candace Avalos,Steph Routh,Timur Ender,Jamie Dunphy,,
Timur Ender,Candace Avalos,Steph Routh,Terrence Hayes,Loretta Smith,Michael (Mike) Sands
Candace Avalos,Steph Routh,Cayle Tern,Timur Ender,Deian Salazar,Jamie Dunphy
Candace Avalos,Jamie Dunphy,Steph Routh,,,
Steph Routh,Jamie Dunphy,Noah Ernst,Timur Ender,Loretta Smith,David Linn
Timur Ender,Steph Routh,Candace Avalos,Jamie Dunphy,David Linn,Cayle Tern
Loretta Smith,,,,,
Deian Salazar,,,,,
Candace Avalos,Steph Routh,Jamie Dunphy,,,
Timur Ender,David Linn,Candace Avalos,,,
Candace Avalos,Jamie Dunphy,,,,
Joe Allen,,,,,
Candace Avalos,Jamie Dunphy,Steph Routh,Timur Ender,,
Doug Clove,Loretta Smith,,,,
Candace Avalos,Steph Routh,Loretta Smith,Timur Ender,Cayle Tern,
Candace Avalos,Cayle Tern,Timur Ender,David Linn,Terrence Hayes,
David Linn,Cayle Tern,Candace Avalos,Doug Clove,Steph Routh,Jamie Dunphy
Steph Routh,Candace Avalos,Terrence Hayes,Deian Salazar,Loretta Smith,Cayle Tern
Timur Ender,David Linn,Terrence Hayes,Steph Routh,,
Peggy Sue Owens,,,,,
Michael (Mike) Sands,,,,,
Candace Avalos,Write-in-121,Deian Salazar,Write-in-122,David Linn,
Terrence Hayes,Loretta Smith,,,,
Jamie Dunphy,Candace Avalos,Michael (Mike) Sands,David Linn,Steph Routh,Terrence Hayes
Jamie Dunphy,,,,,
Noah Ernst,Doug Clove,Deian Salazar,,,
Jamie Dunphy,Steph Routh,Noah Ernst,David Linn,,
Peggy Sue Owens,Candace Avalos,Cayle Tern,Loretta Smith,Steph Routh,Jamie Dunphy
Terrence Hayes,,,,,
Terrence Hayes,Doug Clove,Cayle Tern,Steph Routh,,
Steph Routh,Timur Ender,Jamie Dunphy,Deian Salazar,Michael (Mike) Sands,David Linn
Jamie Dunphy,Candace Avalos,Steph Routh,,,
Jamie Dunphy,Michael (Mike) Sands,,,,
Loretta Smith,Peggy Sue Owens,Candace Avalos,Timur Ender,,
Candace Avalos,Cayle Tern,Timur Ender,Steph Routh,Jamie Dunphy,David Linn
Cayle Tern,David Linn,Doug Clove,Loretta Smith,Steph Routh,Jamie Dunphy
Candace Avalos,Timur Ender,Steph Routh,Jamie Dunphy,Cayle Tern,David Linn
Michael (Mike) Sands,Joe Furi,Doug Clove,Joe Allen,David Linn,Peggy Sue Owens
Candace Avalos,Jamie Dunphy,Timur Ender,Steph Routh,Cayle Tern,Terrence Hayes
Loretta Smith,Candace Avalos,Terrence Hayes,Noah Ernst,Jamie Dunphy,Steph Routh
Loretta Smith,Doug Clove,Terrence Hayes,,,
Terrence Hayes,Candace Avalos,Steph Routh,Loretta Smith,Jamie Dunphy,
David Linn,,,,,
Timur Ender,Loretta Smith,Terrence Hayes,Jamie Dunphy,Doug Clove,Candace Avalos
Loretta Smith,,,,,
Jamie Dunphy,Steph Routh,Terrence Hayes,Doug Clove,,
Loretta Smith,Jamie Dunphy,Noah Ernst,Steph Routh,David Linn,Terrence Hayes
Jamie Dunphy,Terrence Hayes,Loretta Smith,Noah Ernst,,
Candace Avalos,Cayle Tern,Timur Ender,,,
Loretta Smith,Jamie Dunphy,Terrence Hayes,,,
Jamie Dunphy,Steph Routh,Terrence Hayes,Loretta Smith,,
Deian Salazar,Candace Avalos,,,,
Noah Ernst,,,,,
Candace Avalos,Loretta Smith,Steph Routh,Terrence Hayes,Jamie Dunphy,Timur Ender
Candace Avalos,,,,,
Michael (Mike) Sands,Loretta Smith,David Linn,Candace Avalos,Cayle Tern,Joe Furi
Terrence Hayes,Noah Ernst,Loretta Smith,Doug Clove,,
,,,,,
Terrence Hayes,Steph Routh,Timur Ender,Candace Avalos,Cayle Tern,Jamie Dunphy
,,,,,
Loretta Smith,,,,,
Terrence Hayes,,,,,
Doug Clove,Michael (Mike) Sands,Joe Furi,,,
Doug Clove,Candace Avalos,Jamie Dunphy,Timur Ender,,
Joe Allen,Loretta Smith,Terrence Hayes,Cayle Tern,,
Candace Avalos,Steph Routh,Timur Ender,,,
Jamie Dunphy,Steph Routh,Candace Avalos,Timur Ender,Loretta Smith,David Linn
Candace Avalos,Cayle Tern,Timur Ender,,,
Timur Ender,Terrence Hayes,Jamie Dunphy,Candace Avalos,Noah Ernst,David Linn
Candace Avalos,Timur Ender,Steph Routh,David Linn,Cayle Tern,Jamie Dunphy
Terrence Hayes,Loretta Smith,Steph Routh,,,
Jamie Dunphy,Candace Avalos,Steph Routh,Timur Ender,Cayle Tern,David Linn
Jamie Dunphy,Steph Routh,Terrence Hayes,Deian Salazar,Candace Avalos,Timur Ender
,,,,,
Noah Ernst,Terrence Hayes,Thomas Shervey,,,
Jamie Dunphy,David Linn,Steph Routh,Joe Allen,Candace Avalos,Peggy Sue Owens
Loretta Smith,,,,,
Candace Avalos,Jamie Dunphy,Steph Routh,Timur Ender,Terrence Hayes,Deian Salazar
Candace Avalos,Timur Ender,Loretta Smith,Steph Routh,,
Candace Avalos,Steph Routh,Timur Ender,,,
Jamie Dunphy,Steph Routh,Candace Avalos,,,
Steph Routh,Terrence Hayes,Loretta Smith,Doug Clove,Joe Furi,Noah Ernst
Candace Avalos,Steph Routh,Timur Ender,Jamie Dunphy,Cayle Tern,David Linn
Jamie Dunphy,Candace Avalos,Steph Routh,,,
Terrence Hayes,Steph Routh,,,,
Candace Avalos,Timur Ender,Steph Routh,,,
Loretta Smith,,,,,
Loretta Smith,Timur Ender,Candace Avalos,Steph Routh,,
Jamie Dunphy,Timur Ender,Steph Routh,Terrence Hayes,Loretta Smith,David Linn
Jamie Dunphy,Candace Avalos,Steph Routh,Michael (Mike) Sands,Thomas Shervey,Peggy Sue Owens
Noah Ernst,Terrence Hayes,Steph Routh,Candace Avalos,Jamie Dunphy,Joe Allen
Candace Avalos,Timur Ender,Steph Routh,Jamie Dunphy,Cayle Tern,David Linn
Terrence Hayes,Loretta Smith,,,,
Thomas Shervey,Doug Clove,Deian Salazar,Terrence Hayes,,
Candace Avalos,Steph Routh,Terrence Hayes,Jamie Dunphy,Thomas Shervey,Michael (Mike) Sands
Jamie Dunphy,Candace Avalos,Steph Routh,Noah Ernst,Joe Allen,Loretta Smith
Peggy Sue Owens,Deian Salazar,Doug Clove,Noah Ernst,David Linn,Joe Furi
Loretta Smith,David Linn,Terrence Hayes,,,
Terrence Hayes,Loretta Smith,Joe Furi,Cayle Tern,Joe Allen,Peggy Sue Owens
Candace Avalos,Cayle Tern,Timur Ender,Jamie Dunphy,,
Loretta Smith,Terrence Hayes,Timur Ender,Jamie Dunphy,Deian Salazar,Candace Avalos
Loretta Smith,Jamie Dunphy,Candace Avalos,,,
Candace Avalos,Steph Routh,Jamie Dunphy,Timur Ender,,
Jamie Dunphy,Candace Avalos,Steph Routh,David Linn,Timur Ender,Deian Salazar
Jamie Dunphy,Noah Ernst,Joe Allen,Thomas Shervey,Terrence Hayes,Timur Ender
Candace Avalos,Timur Ender,Steph Routh,Jamie Dunphy,Loretta Smith,Cayle Tern
Loretta Smith,Deian Salazar,Terrence Hayes,Timur Ender,Candace Avalos,Noah Ernst
Noah Ernst,Joe Allen,Deian Salazar,Terrence Hayes,Steph Routh,Jamie Dunphy
Candace Avalos,Cayle Tern,Timur Ender,,,
Candace Avalos,Deian Salazar,Loretta Smith,Terrence Hayes,Doug Clove,Timur Ender
Timur Ender,Jamie Dunphy,,,,
Steph Routh,Jamie Dunphy,Terrence Hayes,Candace Avalos,Timur Ender,Noah Ernst
Candace Avalos,Cayle Tern,Timur Ender,,,
Joe Furi,Cayle Tern,Thomas Shervey,Peggy Sue Owens,Loretta Smith,Write-in-122
Jamie Dunphy,Steph Routh,,,,
Timur Ender,Candace Avalos,Jamie Dunphy,Loretta Smith,Joe Allen,Cayle Tern
Cayle Tern,Timur Ender,Candace Avalos,Steph Routh,,
Noah Ernst,,,,,
Cayle Tern,Timur Ender,Doug Clove,Deian Salazar,Jamie Dunphy,David Linn
Timur Ender,David Linn,Steph Routh,Thomas Shervey,Cayle Tern,
Deian Salazar,Terrence Hayes,Steph Routh,Cayle Tern,,
Timur Ender,,,,,
Terrence Hayes,Noah Ernst,Candace Avalos,,,
Loretta Smith,Candace Avalos,Jamie Dunphy,,,
Steph Routh,Loretta Smith,Candace Avalos,Terrence Hayes,David Linn,Timur Ender
Steph Routh,Loretta Smith,Candace Avalos,,,
David Linn,,,,,
Terrence Hayes,Noah Ernst,Loretta Smith,,,
Candace Avalos,David Linn,Deian Salazar,Terrence Hayes,Steph Routh,Jamie Dunphy
Terrence Hayes,Loretta Smith,Steph Routh,Cayle Tern,Jamie Dunphy,Timur Ender
David Linn,Michael (Mike) Sands,Terrence Hayes,Noah Ernst,Candace Avalos,Thomas Shervey
Cayle Tern,Candace Avalos,,,,
Joe Allen,Candace Avalos,Noah Ernst,Doug Clove,Steph Routh,Loretta Smith
Jamie Dunphy,Steph Routh,Timur Ender,,,
Deian Salazar,Noah Ernst,Doug Clove,Terrence Hayes,Loretta Smith,Jamie Dunphy
Candace Avalos,Cayle Tern,Timur Ender,,,
Terrence Hayes,Noah Ernst,Candace Avalos,Loretta Smith,Steph Routh,Jamie Dunphy
Steph Routh,Joe Furi,Jamie Dunphy,,,
Noah Ernst,Candace Avalos,David Linn,Joe Allen,Doug Clove,Terrence Hayes
Terrence Hayes,,,,,
Loretta Smith,,,,,
Steph Routh,Jamie Dunphy,Loretta Smith,David Linn,Doug Clove,Terrence Hayes
Candace Avalos,Cayle Tern,Timur Ender,,,
Terrence Hayes,Jamie Dunphy,Noah Ernst,Candace Avalos,Steph Routh,
David Linn,Jamie Dunphy,Terrence Hayes,,,
Loretta Smith,Timur Ender,David Linn,,,
Timur Ender,Candace Avalos,Cayle Tern,David Linn,Jamie Dunphy,
Loretta Smith,Michael (Mike) Sands,,,,
Candace Avalos,Timur Ender,Jamie Dunphy,Steph Routh,Cayle Tern,Michael (Mike) Sands
Thomas Shervey,Timur Ender,Michael (Mike) Sands,,,
Michael (Mike) Sands,Doug Clove,Loretta Smith,,,
Cayle Tern,Candace Avalos,Timur Ender,,,
Joe Allen,Terrence Hayes,Loretta Smith,,,
Loretta Smith,Candace Avalos,Terrence Hayes,Timur Ender,Steph Routh,David Linn
Loretta Smith,Terrence Hayes,,,,
Loretta Smith,Steph Routh,Terrence Hayes,,,
Cayle Tern,,,,,
Candace Avalos,Steph Routh,Timur Ender,Jamie Dunphy,Cayle Tern,David Linn
Joe Allen,Loretta Smith,Terrence Hayes,Candace Avalos,Jamie Dunphy,Steph Routh
Loretta Smith,Terrence Hayes,Steph Routh,,,
Terrence Hayes,Doug Clove,Noah Ernst,,,
Terrence Hayes,,,,,
Noah Ernst,Terrence Hayes,Steph Routh,,,
Loretta Smith,Noah Ernst,Terrence Hayes,Michael (Mike) Sands,Cayle Tern,Deian Salazar
Loretta Smith,Candace Avalos,Noah Ernst,Thomas Shervey,Cayle Tern,Peggy Sue Owens
Terrence Hayes,Steph Routh,Thomas Shervey,Loretta Smith,Joe Allen,Timur Ender
Peggy Sue Owens,Deian Salazar,Candace Avalos,Cayle Tern,Terrence Hayes,Jamie Dunphy
Cayle Tern,David Linn,Doug Clove,,,
Candace Avalos,Jamie Dunphy,,,,
Deian Salazar,Doug Clove,Terrence Hayes,,,
Candace Avalos,Cayle Tern,Timur Ender,Jamie Dunphy,Steph Routh,David Linn
Noah Ernst,Deian Salazar,Terrence Hayes,,,
,,,,,
,,,,,
Timur Ender,Candace Avalos,Jamie Dunphy,Cayle Tern,Michael (Mike) Sands,Thomas Shervey
Jamie Dunphy,Candace Avalos,Timur Ender,Steph Routh,,
Jamie Dunphy,Candace Avalos,Steph Routh,Noah Ernst,David Linn,Loretta Smith
Loretta Smith,Timur Ender,Jamie Dunphy,Candace Avalos,Steph Routh,Terrence Hayes
Steph Routh,,,,,
Candace Avalos,Cayle Tern,Steph Routh,Terrence Hayes,Jamie Dunphy,Timur Ender
Steph Routh,Terrence Hayes,Jamie Dunphy,Deian Salazar,,
Noah Ernst,David Linn,Terrence Hayes,Loretta Smith,Cayle Tern,Deian Salazar
Candace Avalos,Steph Routh,Jamie Dunphy,Cayle Tern,David Linn,Timur Ender
Loretta Smith,Steph Routh,Terrence Hayes,Thomas Shervey,Jamie Dunphy,Joe Allen
Doug Clove,Jamie Dunphy,Terrence Hayes,Loretta Smith,Cayle Tern,David Linn
Joe Furi,,,,,
Jamie Dunphy,Steph Routh,Candace Avalos,Thomas Shervey,Terrence Hayes,Loretta Smith
Doug Clove,David Linn,Steph Routh,Candace Avalos,Michael (Mike) Sands,Jamie Dunphy
Terrence Hayes,Loretta Smith,Jamie Dunphy,,,
Loretta Smith,Terrence Hayes,Candace Avalos,,,
Candace Avalos,Cayle Tern,Timur Ender,Jamie Dunphy,,
Noah Ernst,Loretta Smith,Terrence Hayes,,,
Terrence Hayes,Noah Ernst,Steph Routh,Candace Avalos,,
Thomas Shervey,Terrence Hayes,Noah Ernst,Candace Avalos,Cayle Tern,Deian Salazar
Deian Salazar,Steph Routh,Terrence Hayes,,,
Jamie Dunphy,Candace Avalos,Steph Routh,,,
Peggy Sue Owens,Doug Clove,Loretta Smith,Jamie Dunphy,Michael (Mike) Sands,Joe Allen
Candace Avalos,Steph Routh,Jamie Dunphy,,,
Joe Allen,Cayle Tern,Candace Avalos,Loretta Smith,Terrence Hayes,Steph Routh
Joe Allen,Michael (Mike) Sands,Loretta Smith,Thomas Shervey,Peggy Sue Owens,Jamie Dunphy
Timur Ender,David Linn,Candace Avalos,Michael (Mike) Sands,Jamie Dunphy,Steph Routh
Terrence Hayes,Loretta Smith,Candace Avalos,Peggy Sue Owens,Steph Routh,Noah Ernst
Timur Ender,Terrence Hayes,Steph Routh,Jamie Dunphy,Loretta Smith,Cayle Tern
Doug Clove,Michael (Mike) Sands,Joe Furi,,,
Candace Avalos,Steph Routh,Jamie Dunphy,Timur Ender,Cayle Tern,David Linn
Timur Ender,Steph Routh,Joe Furi,David Linn,Cayle Tern,
Terrence Hayes,Timur Ender,Steph Routh,Jamie Dunphy,,
Loretta Smith,Michael (Mike) Sands,Doug Clove,,,
Doug Clove,Deian Salazar,Noah Ernst,,,
Candace Avalos,David Linn,Timur Ender,Cayle Tern,Jamie Dunphy,Steph Routh
Deian Salazar,Terrence Hayes,Steph Routh,Cayle Tern,,
Candace Avalos,,,,,
Joe Allen,Candace Avalos,Terrence Hayes,Michael (Mike) Sands,Steph Routh,Joe Furi
Timur Ender,Joe Allen,Cayle Tern,Loretta Smith,Doug Clove,
Jamie Dunphy,Candace Avalos,Steph Routh,,,
Loretta Smith,Steph Routh,Jamie Dunphy,Terrence Hayes,Deian Salazar,Doug Clove
Steph Routh,Terrence Hayes,Thomas Shervey,Loretta Smith,Deian Salazar,Michael (Mike) Sands
Terrence Hayes,Loretta Smith,Candace Avalos,,,
Jamie Dunphy,,,,,
Timur Ender,Candace Avalos,Cayle Tern,Loretta Smith,David Linn,Terrence Hayes
Steph Routh,Loretta Smith,Candace Avalos,Timur Ender,Terrence Hayes,Jamie Dunphy
Candace Avalos,,,,,
Doug Clove,Cayle Tern,Jamie Dunphy,,,
Loretta Smith,Steph Routh,Terrence Hayes,,,
Noah Ernst,,,,,
Terrence Hayes,Noah Ernst,Joe Furi,Loretta Smith,Doug Clove,Write-in-122
Steph Routh,,,,,
Jamie Dunphy,Cayle Tern,Candace Avalos,Timur Ender,Deian Salazar,
Noah Ernst,Doug Clove,Thomas Shervey,Terrence Hayes,Deian Salazar,Cayle Tern
Loretta Smith,Candace Avalos,Steph Routh,,,
Noah Ernst,Terrence Hayes,Joe Furi,Loretta Smith,,
Doug Clove,,,,,
Steph Routh,Candace Avalos,David Linn,,,
Candace Avalos,Timur Ender,Jamie Dunphy,Cayle Tern,Steph Routh,Michael (Mike) Sands
Candace Avalos,Loretta Smith,Noah Ernst,,,
Doug Clove,Peggy Sue Owens,Noah Ernst,David Linn,Joe Allen,Jamie Dunphy
Joe Furi,,,,,
Noah Ernst,David Linn,Joe Furi,Deian Salazar,Joe Allen,Terrence Hayes
Noah Ernst,Michael (Mike) Sands,Terrence Hayes,,,
Candace Avalos,Cayle Tern,Timur Ender,,,
Timur Ender,Candace Avalos,Cayle Tern,Loretta Smith,Doug Clove,Michael (Mike) Sands
Jamie Dunphy,Candace Avalos,Deian Salazar,David Linn,Noah Ernst,Joe Furi
,,,,,
Peggy Sue Owens,Candace Avalos,Loretta Smith,Steph Routh,Michael (Mike) Sands,Doug Clove
Timur Ender,Steph Routh,Candace Avalos,Loretta Smith,Terrence Hayes,
Doug Clove,Candace Avalos,Timur Ender,Noah Ernst,Cayle Tern,Deian Salazar
Terrence Hayes,Loretta Smith,,,,
Loretta Smith,,,,,
Noah Ernst,Jamie Dunphy,Loretta Smith,Terrence Hayes,Steph Routh,Timur Ender
Jamie Dunphy,Steph Routh,Timur Ender,,,
Terrence Hayes,Noah Ernst,Doug Clove,,,
Jamie Dunphy,Candace Avalos,Steph Routh,Noah Ernst,David Linn,Loretta Smith
David Linn,Noah Ernst,Thomas Shervey,Doug Clove,Jamie Dunphy,Michael (Mike) Sands
Candace Avalos,Jamie Dunphy,Michael (Mike) Sands,Cayle Tern,Terrence Hayes,Steph Routh
David Linn,Steph Routh,,,,
Terrence Hayes,Noah Ernst,Doug Clove,,,
Loretta Smith,Terrence Hayes,Noah Ernst,Jamie Dunphy,,
Timur Ender,Michael (Mike) Sands,Candace Avalos,Peggy Sue Owens,Steph Routh,Loretta Smith
Loretta Smith,,,,,
Noah Ernst,,,,,
Steph Routh,,,,,
,,,,,
Terrence Hayes,Candace Avalos,Timur Ender,Steph Routh,Jamie Dunphy,David Linn
Candace Avalos,Jamie Dunphy,,,,
Steph Routh,Loretta Smith,,,,
Noah Ernst,Terrence Hayes,Doug Clove,Loretta Smith,,
Terrence Hayes,Loretta Smith,David Linn,,,
Deian Salazar,Doug Clove,Joe Allen,Noah Ernst,Loretta Smith,Terrence Hayes
Terrence Hayes,Noah Ernst,Joe Furi,Loretta Smith,Doug Clove,Write-in-120
Candace Avalos,Steph Routh,Timur Ender,Jamie Dunphy,,
Terrence Hayes,,,,,
Noah Ernst,Jamie Dunphy,,,,
Jamie Dunphy,Candace Avalos,Steph Routh,,,
Steph Routh,Loretta Smith,Terrence Hayes,Candace Avalos,Jamie Dunphy,
Jamie Dunphy,Timur Ender,Steph Routh,Cayle Tern,Candace Avalos,
Peggy Sue Owens,Candace Avalos,Jamie Dunphy,Thomas Shervey,Doug Clove,Steph Routh
Candace Avalos,Steph Routh,Loretta Smith,Timur Ender,Deian Salazar,Cayle Tern
Terrence Hayes,Loretta Smith,Candace Avalos,,,
Noah Ernst,Timur Ender,Doug Clove,David Linn,Thomas Shervey,Michael (Mike) Sands
Steph Routh,Candace Avalos,Jamie Dunphy,Noah Ernst,Peggy Sue Owens,Joe Furi
Steph Routh,Doug Clove,Jamie Dunphy,Timur Ender,Joe Furi,
Terrence Hayes,Deian Salazar,Candace Avalos,Jamie Dunphy,Thomas Shervey,David Linn
Candace Avalos,Cayle Tern,Timur Ender,,,
Steph Routh,Jamie Dunphy,Timur Ender,Candace Avalos,Loretta Smith,Noah Ernst
Joe Furi,Doug Clove,David Linn,Joe Allen,Candace Avalos,Terrence Hayes
Candace Avalos,Cayle Tern,Loretta Smith,Steph Routh,Noah Ernst,Peggy Sue Owens
Loretta Smith,Terrence Hayes,Doug Clove,Jamie Dunphy,,
Steph Routh,Jamie Dunphy,Candace Avalos,David Linn,Loretta Smith,Terrence Hayes
Noah Ernst,Deian Salazar,Doug Clove,David Linn,Terrence Hayes,Steph Routh
Steph Routh,Candace Avalos,Jamie Dunphy,,,
Terrence Hayes,Loretta Smith,Doug Clove,Joe Allen,Peggy Sue Owens,Jamie Dunphy
Loretta Smith,Terrence Hayes,,,,
Jamie Dunphy,Candace Avalos,Steph Routh,,,
Doug Clove,Timur Ender,David Linn,Candace Avalos,Cayle Tern,Michael (Mike) Sands
Jamie Dunphy,Candace Avalos,Steph Routh,Noah Ernst,David Linn,Loretta Smith
Timur Ender,Noah Ernst,David Linn,Terrence Hayes,Doug Clove,
Joe Furi,,,,,
Noah Ernst,,,,,
Steph Routh,Jamie Dunphy,Loretta Smith,Doug Clove,Timur Ender,David Linn
Terrence Hayes,,,,,
Candace Avalos,Timur Ender,Jamie Dunphy,Loretta Smith,Cayle Tern,David Linn
Noah Ernst,Michael (Mike) Sands,Jamie Dunphy,Candace Avalos,Timur Ender,Loretta Smith
Candace Avalos,,,,,
Loretta Smith,Terrence Hayes,,,,
Timur Ender,Candace Avalos,Steph Routh,Jamie Dunphy,Cayle Tern,
Jamie Dunphy,,,,,
Peggy Sue Owens,,,,,
Loretta Smith,Terrence Hayes,Steph Routh,Timur Ender,Cayle Tern,Joe Allen
Candace Avalos,Jamie Dunphy,,,,
Noah Ernst,Loretta Smith,Candace Avalos,,,
Candace Avalos,Timur Ender,Steph Routh,Doug Clove,,
Candace Avalos,,,,,
Timur Ender,Doug Clove,Steph Routh,,,
Terrence Hayes,Loretta Smith,Timur Ender,Candace Avalos,Noah Ernst,Steph Routh
Steph Routh,Candace Avalos,Jamie Dunphy,Noah Ernst,Loretta Smith,Timur Ender
Joe Furi,,,,,
Timur Ender,Candace Avalos,David Linn,Steph Routh,Cayle Tern,Joe Allen
,,,,,
Candace Avalos,Cayle Tern,Timur Ender,Steph Routh,,
Loretta Smith,Timur Ender,Candace Avalos,Jamie Dunphy,Noah Ernst,Steph Routh
Candace Avalos,Cayle Tern,Timur Ender,,,
Candace Avalos,Steph Routh,Jamie Dunphy,Timur Ender,Cayle Tern,Loretta Smith
Doug Clove,Jamie Dunphy,Deian Salazar,Cayle Tern,Candace Avalos,Peggy Sue Owens
,,,,,
David Linn,,,,,
Peggy Sue Owens,,,,,
Candace Avalos,Steph Routh,Cayle Tern,,,
Jamie Dunphy,Candace Avalos,,,,
Candace Avalos,Steph Routh,Timur Ender,Jamie Dunphy,Loretta Smith,Noah Ernst
Steph Routh,Timur Ender,Candace Avalos,Cayle Tern,Jamie Dunphy,
Jamie Dunphy,Timur Ender,Steph Routh,,,
Candace Avalos,Cayle Tern,Timur Ender,,,
Candace Avalos,Cayle Tern,Timur Ender,,,
Candace Avalos,Timur Ender,Steph Routh,Jamie Dunphy,Cayle Tern,David Linn
Jamie Dunphy,Candace Avalos,Steph Routh,,,
Candace Avalos,,,,,
Timur Ender,Steph Routh,Candace Avalos,Terrence Hayes,,
Steph Routh,Candace Avalos,Loretta Smith,,,
Steph Routh,Terrence Hayes,Joe Allen,Loretta Smith,Jamie Dunphy,Timur Ender
Candace Avalos,Cayle Tern,Timur Ender,Steph Routh,Jamie Dunphy,Terrence Hayes
Loretta Smith,Timur Ender,Steph Routh,Michael (Mike) Sands,Terrence Hayes,
Deian Salazar,,,,,
Noah Ernst,Deian Salazar,,,,
Candace Avalos,Timur Ender,Terrence Hayes,Jamie Dunphy,Cayle Tern,Doug Clove
Noah Ernst,Terrence Hayes,Joe Furi,Loretta Smith,Doug Clove,
Loretta Smith,,,,,
Thomas Shervey,David Linn,Joe Furi,Timur Ender,Noah Ernst,Deian Salazar
Terrence Hayes,Candace Avalos,,,,
Noah Ernst,Joe Furi,Thomas Shervey,Doug Clove,Michael (Mike) Sands,Joe Allen
Timur Ender,David Linn,Loretta Smith,Joe Allen,Steph Routh,Terrence Hayes
Candace Avalos,Cayle Tern,Timur Ender,,,
Peggy Sue Owens,Timur Ender,Noah Ernst,Candace Avalos,Joe Allen,David Linn
Candace Avalos,Timur Ender,Steph Routh,Jamie Dunphy,,
Steph Routh,Timur Ender,Candace Avalos,Terrence Hayes,Noah Ernst,Loretta Smith
Candace Avalos,Steph Routh,Timur Ender,Jamie Dunphy,,
Steph Routh,,,,,
Jamie Dunphy,Steph Routh,Loretta Smith,,,
Candace Avalos,Jamie Dunphy,Timur Ender,,,
Terrence Hayes,Deian Salazar,,,,
Noah Ernst,Candace Avalos,Peggy Sue Owens,Cayle Tern,Deian Salazar,Loretta Smith
Jamie Dunphy,Loretta Smith,,,,
Jamie Dunphy,Noah Ernst,Steph Routh,,,
Joe Furi,,,,,
Noah Ernst,Loretta Smith,Terrence Hayes,Deian Salazar,,
Loretta Smith,Candace Avalos,Steph Routh,Jamie Dunphy,,
Candace Avalos,Timur Ender,Steph Routh,Jamie Dunphy,Loretta Smith,David Linn
Loretta Smith,Steph Routh,Deian Salazar,Jamie Dunphy,Terrence Hayes,
Candace Avalos,Timur Ender,Steph Routh,Jamie Dunphy,Noah Ernst,Loretta Smith
Candace Avalos,Terrence Hayes,Deian Salazar,Cayle Tern,David Linn,
Candace Avalos,Timur Ender,Jamie Dunphy,,,
Candace Avalos,Steph Routh,Timur Ender,Jamie Dunphy,Loretta Smith,Noah Ernst
Candace Avalos,Peggy Sue Owens,Loretta Smith,Michael (Mike) Sands,Noah Ernst,Joe Furi
Jamie Dunphy,,,,,
Candace Avalos,Steph Routh,Peggy Sue Owens,Loretta Smith,Cayle Tern,Noah Ernst
Jamie Dunphy,David Linn,Cayle Tern,Michael (Mike) Sands,Steph Routh,Joe Furi
Jamie Dunphy,Candace Avalos,Steph Routh,Noah Ernst,David Linn,Loretta Smith
Loretta Smith,Terrence Hayes,Jamie Dunphy,Steph Routh,David Linn,Cayle Tern
Timur Ender,Candace Avalos,David Linn,Doug Clove,Michael (Mike) Sands,Loretta Smith
Peggy Sue Owens,Jamie Dunphy,Doug Clove,Noah Ernst,Joe Allen,
Candace Avalos,Cayle Tern,Timur Ender,,,
Candace Avalos,Cayle Tern,Timur Ender,Steph Routh,Jamie Dunphy,David Linn
Timur Ender,Jamie Dunphy,Candace Avalos,Deian Salazar,Doug Clove,Steph Routh
Doug Clove,Timur Ender,Candace Avalos,,,
Jamie Dunphy,Candace Avalos,Steph Routh,,,
Candace Avalos,Jamie Dunphy,Terrence Hayes,Steph Routh,Deian Salazar,Loretta Smith
Candace Avalos,Cayle Tern,Timur Ender,Jamie Dunphy,Terrence Hayes,David Linn
Loretta Smith,Michael (Mike) Sands,David Linn,Cayle Tern,Steph Routh,
Candace Avalos,Jamie Dunphy,Steph Routh,Noah Ernst,David Linn,Loretta Smith
Candace Avalos,Peggy Sue Owens,Noah Ernst,Joe Furi,,
Timur Ender,Steph Routh,Michael (Mike) Sands,Loretta Smith,Terrence Hayes,David Linn
Jamie Dunphy,Steph Routh,Noah Ernst,Loretta Smith,,
Doug Clove,Thomas Shervey,,,,
Joe Allen,Noah Ernst,David Linn,Loretta Smith,Terrence Hayes,Doug Clove
Cayle Tern,David Linn,Candace Avalos,Timur Ender,Loretta Smith,Terrence Hayes
Terrence Hayes,,,,,
Candace Avalos,Steph Routh,Timur Ender,Jamie Dunphy,,
Candace Avalos,Loretta Smith,Terrence Hayes,,,
Loretta Smith,Terrence Hayes,,,,
Loretta Smith,Steph Routh,Timur Ender,Terrence Hayes,Candace Avalos,
Peggy Sue Owens,Loretta Smith,Cayle Tern,Jamie Dunphy,Deian Salazar,Candace Avalos
Timur Ender,Steph Routh,Candace Avalos,David Linn,Terrence Hayes,
Candace Avalos,Jamie Dunphy,Timur Ender,Cayle Tern,Steph Routh,
Jamie Dunphy,Candace Avalos,Thomas Shervey,David Linn,Steph Routh,
Loretta Smith,Noah Ernst,Timur Ender,,,
Cayle Tern,Doug Clove,Steph Routh,Michael (Mike) Sands,Deian Salazar,David Linn
Candace Avalos,Cayle Tern,Timur Ender,,,
Candace Avalos,Deian Salazar,Cayle Tern,Timur Ender,,
Candace Avalos,Loretta Smith,Steph Routh,Terrence Hayes,Joe Allen,Jamie Dunphy
Noah Ernst,Loretta Smith,Terrence Hayes,,,
Peggy Sue Owens,Timur Ender,Doug Clove,Steph Routh,Michael (Mike) Sands,Joe Allen
Steph Routh,Candace Avalos,Loretta Smith,Terrence Hayes,Doug Clove,David Linn
Jamie Dunphy,,,,,
Terrence Hayes,Peggy Sue Owens,Deian Salazar,Loretta Smith,Noah Ernst,Jamie Dunphy
Candace Avalos,Timur Ender,Cayle Tern,Loretta Smith,Steph Routh,
Noah Ernst,Terrence Hayes,Loretta Smith,Deian Salazar,Doug Clove,
Noah Ernst,,,,,
Noah Ernst,Joe Furi,David Linn,Loretta Smith,Cayle Tern,
Jamie Dunphy,Candace Avalos,Steph Routh,Noah Ernst,David Linn,Loretta Smith
Cayle Tern,David Linn,Timur Ender,Steph Routh,Loretta Smith,Jamie Dunphy
Michael (Mike) Sands,Thomas Shervey,Steph Routh,Jamie Dunphy,Doug Clove,David Linn
Jamie Dunphy,Timur Ender,Steph Routh,Terrence Hayes,Loretta Smith,
Terrence Hayes,,,,,
Steph Routh,Terrence Hayes,Loretta Smith,Timur Ender,,
Candace Avalos,Steph Routh,Timur Ender,Jamie Dunphy,,
Michael (Mike) Sands,Noah Ernst,,,,
Terrence Hayes,Steph Routh,Doug Clove,Timur Ender,,
Steph Routh,Timur Ender,Candace Avalos,Loretta Smith,David Linn,Michael (Mike) Sands
Candace Avalos,Cayle Tern,Timur Ender,Jamie Dunphy,Steph Routh,David Linn
Candace Avalos,,,,,
Loretta Smith,Steph Routh,Jamie Dunphy,,,
Candace Avalos,Timur Ender,Loretta Smith,Jamie Dunphy,Terrence Hayes,Noah Ernst
Jamie Dunphy,Candace Avalos,Steph Routh,Timur Ender,Thomas Shervey,Loretta Smith
Steph Routh,David Linn,Thomas Shervey,Jamie Dunphy,Candace Avalos,Loretta Smith
Loretta Smith,Candace Avalos,Steph Routh,Timur Ender,Jamie Dunphy,Cayle Tern
Steph Routh,Noah Ernst,Loretta Smith,,,
Cayle Tern,Candace Avalos,Timur Ender,,,
Loretta Smith,Terrence Hayes,Steph Routh,Jamie Dunphy,Deian Salazar,Candace Avalos
Candace Avalos,Cayle Tern,Timur Ender,,,
Noah Ernst,Joe Allen,Timur Ender,,,
Timur Ender,Deian Salazar,Jamie Dunphy,Candace Avalos,Joe Furi,Steph Routh
Noah Ernst,Terrence Hayes,Loretta Smith,Michael (Mike) Sands,Thomas Shervey,Deian Salazar
Candace Avalos,Loretta Smith,Steph Routh,Terrence Hayes,Cayle Tern,
Jamie Dunphy,Steph Routh,Terrence Hayes,Timur Ender,David Linn,Cayle Tern
Timur Ender,Steph Routh,Jamie Dunphy,Candace Avalos,,
Doug Clove,Steph Routh,Loretta Smith,Candace Avalos,Joe Allen,Thomas Shervey
Terrence Hayes,Timur Ender,Candace Avalos,Steph Routh,Jamie Dunphy,Loretta Smith
Terrence Hayes,Candace Avalos,,,,
Candace Avalos,Timur Ender,,,,
Loretta Smith,Steph Routh,Peggy Sue Owens,Candace Avalos,David Linn,Michael (Mike) Sands
Deian Salazar,Doug Clove,Terrence Hayes,Thomas Shervey,Candace Avalos,Noah Ernst
Timur Ender,,,,,
Timur Ender,Terrence Hayes,Loretta Smith,Deian Salazar,,
Timur Ender,Steph Routh,Jamie Dunphy,David Linn,Noah Ernst,Loretta Smith
Peggy Sue Owens,Loretta Smith,,,,
Candace Avalos,Loretta Smith,Steph Routh,Jamie Dunphy,Terrence Hayes,Timur Ender
Noah Ernst,Joe Furi,Doug Clove,,,
Noah Ernst,Doug Clove,Terrence Hayes,,,
Loretta Smith,David Linn,Peggy Sue Owens,Jamie Dunphy,Michael (Mike) Sands,Thomas Shervey
Noah Ernst,David Linn,Thomas Shervey,Terrence Hayes,Jamie Dunphy,Loretta Smith
Joe Allen,Doug Clove,Joe Furi,Deian Salazar,Terrence Hayes,Candace Avalos
Steph Routh,Jamie Dunphy,Candace Avalos,,,
Loretta Smith,Thomas Shervey,Doug Clove,Timur Ender,Joe Allen,David Linn
Steph Routh,Candace Avalos,Timur Ender,Cayle Tern,Jamie Dunphy,David Linn
Candace Avalos,Timur Ender,Cayle Tern,David Linn,,
Noah Ernst,Deian Salazar,Terrence Hayes,,,
Loretta Smith,Michael (Mike) Sands,,,,
Timur Ender,Steph Routh,Jamie Dunphy,,,
Candace Avalos,Terrence Hayes,Noah Ernst,Loretta Smith,Deian Salazar,Steph Routh
Write-in-120,Steph Routh,Candace Avalos,,,
Candace Avalos,Steph Routh,Timur Ender,,,
Noah Ernst,Deian Salazar,Doug Clove,,,
Jamie Dunphy,Steph Routh,Timur Ender,Candace Avalos,Cayle Tern,Deian Salazar
Terrence Hayes,Candace Avalos,Timur Ender,Loretta Smith,Jamie Dunphy,Deian Salazar
Candace Avalos,Steph Routh,Timur Ender,Jamie Dunphy,,
Doug Clove,Terrence Hayes,Deian Salazar,Noah Ernst,Joe Allen,Joe Furi
Jamie Dunphy,,,,,
Jamie Dunphy,Steph Routh,Candace Avalos,,,
Cayle Tern,Timur Ender,Jamie Dunphy,Candace Avalos,Steph Routh,David Linn
Jamie Dunphy,Candace Avalos,Steph Routh,Noah Ernst,,
Terrence Hayes,,,,,
Jamie Dunphy,Candace Avalos,Steph Routh,Loretta Smith,Terrence Hayes,Noah Ernst
Terrence Hayes,Loretta Smith,,,,
Candace Avalos,Terrence Hayes,Steph Routh,Jamie Dunphy,Timur Ender,Joe Furi
Candace Avalos,Steph Routh,Timur Ender,Jamie Dunphy,,
Loretta Smith,Deian Salazar,Timur Ender,,,
Noah Ernst,,,,,
Noah Ernst,Terrence Hayes,Joe Furi,Loretta Smith,Doug Clove,
Timur Ender,Candace Avalos,Cayle Tern,Steph Routh,Jamie Dunphy,
Timur Ender,Candace Avalos,Steph Routh,Terrence Hayes,,
Loretta Smith,Terrence Hayes,,,,
,,,,,
Joe Allen,Jamie Dunphy,Cayle Tern,Michael (Mike) Sands,Noah Ernst,Thomas Shervey
Candace Avalos,Jamie Dunphy,Noah Ernst,Terrence Hayes,Steph Routh,
Doug Clove,Timur Ender,Terrence Hayes,Steph Routh,Jamie Dunphy,Joe Furi
Timur Ender,Steph Routh,,,,
Loretta Smith,Timur Ender,David Linn,Candace Avalos,,
Steph Routh,,,,,
Peggy Sue Owens,Michael (Mike) Sands,Steph Routh,Loretta Smith,Jamie Dunphy,Cayle Tern
Candace Avalos,Steph Routh,Timur Ender,,,
Candace Avalos,Steph Routh,Timur Ender,Jamie Dunphy,,
Timur Ender,Cayle Tern,Joe Allen,Thomas Shervey,Steph Routh,Jamie Dunphy
Terrence Hayes,Noah Ernst,Loretta Smith,,,
,,,,,
Joe Furi,Terrence Hayes,Steph Routh,,,
Jamie Dunphy,Candace Avalos,Terrence Hayes,,,
Candace Avalos,Steph Routh,Loretta Smith,Terrence Hayes,Timur Ender,Cayle Tern
Doug Clove,Noah Ernst,,,,
Timur Ender,Steph Routh,Cayle Tern,Candace Avalos,Jamie Dunphy,David Linn
Deian Salazar,Jamie Dunphy,Michael (Mike) Sands,Terrence Hayes,Cayle Tern,Thomas Shervey
,,,,,
Candace Avalos,Timur Ender,Jamie Dunphy,,,
Loretta Smith,David Linn,Steph Routh,Terrence Hayes,,
Jamie Dunphy,Candace Avalos,Steph Routh,Noah Ernst,David Linn,
Jamie Dunphy,Candace Avalos,Steph Routh,Loretta Smith,Timur Ender,David Linn
Candace Avalos,Timur Ender,Steph Routh,Jamie Dunphy,Cayle Tern,David Linn
Jamie Dunphy,Loretta Smith,,,,
Candace Avalos,Steph Routh,Timur Ender,Jamie Dunphy,Thomas Shervey,Michael (Mike) Sands
Deian Salazar,Candace Avalos,Steph Routh,Loretta Smith,Doug Clove,David Linn
Timur Ender,,,,,
Cayle Tern,,,,,
Candace Avalos,Timur Ender,Doug Clove,Loretta Smith,,
Steph Routh,,,,,
Steph Routh,Timur Ender,Jamie Dunphy,,,
Jamie Dunphy,Candace Avalos,Steph Routh,,,
Terrence Hayes,Candace Avalos,Timur Ender,,,
Steph Routh,Candace Avalos,Jamie Dunphy,Timur Ender,Joe Allen,Cayle Tern
Candace Avalos,Noah Ernst,Terrence Hayes,,,
Steph Routh,Jamie Dunphy,Loretta Smith,Candace Avalos,,
Candace Avalos,Timur Ender,Steph Routh,Jamie Dunphy,,
Joe Allen,,,,,
Loretta Smith,Candace Avalos,Jamie Dunphy,Timur Ender,Steph Routh,Terrence Hayes
Terrence Hayes,Loretta Smith,Candace Avalos,Deian Salazar,Peggy Sue Owens,Jamie Dunphy
Candace Avalos,Cayle Tern,Timur Ender,,,
Steph Routh,Loretta Smith,,,,
Loretta Smith,,,,,
Peggy Sue Owens,Deian Salazar,Doug Clove,Noah Ernst,David Linn,Joe Furi
David Linn,Michael (Mike) Sands,Timur Ender,Cayle Tern,,
Jamie Dunphy,Timur Ender,Steph Routh,Cayle Tern,Candace Avalos,
Terrence Hayes,Jamie Dunphy,Steph Routh,Loretta Smith,Thomas Shervey,Timur Ender
Noah Ernst,Loretta Smith,,,,
Noah Ernst,Doug Clove,Timur Ender,Candace Avalos,Steph Routh,Jamie Dunphy
Candace Avalos,Steph Routh,Timur Ender,,,
Terrence Hayes,Jamie Dunphy,Loretta Smith,,,
Doug Clove,Noah Ernst,Terrence Hayes,,,
Steph Routh,Loretta Smith,Deian Salazar,Terrence Hayes,Candace Avalos,
Noah Ernst,Terrence Hayes,Loretta Smith,Jamie Dunphy,Michael (Mike) Sands,David Linn
Candace Avalos,Timur Ender,Jamie Dunphy,Steph Routh,Cayle Tern,Loretta Smith
Jamie Dunphy,,,,,
Terrence Hayes,Steph Routh,Cayle Tern,Deian Salazar,Timur Ender,Jamie Dunphy
Steph Routh,Candace Avalos,Cayle Tern,Timur Ender,Jamie Dunphy,David Linn
Candace Avalos,Noah Ernst,Loretta Smith,,,
Noah Ernst,Doug Clove,Peggy Sue Owens,,,
Michael (Mike) Sands,David Linn,Joe Furi,,,
Steph Routh,Jamie Dunphy,Joe Allen,David Linn,Deian Salazar,
Candace Avalos,Jamie Dunphy,Timur Ender,David Linn,,
Noah Ernst,Loretta Smith,Terrence Hayes,,,
Loretta Smith,Noah Ernst,Cayle Tern,,,
Candace Avalos,Michael (Mike) Sands,Steph Routh,Jamie Dunphy,Timur Ender,David Linn
Jamie Dunphy,Candace Avalos,Timur Ender,Steph Routh,,
Doug Clove,Thomas Shervey,Steph Routh,Jamie Dunphy,Deian Salazar,Noah Ernst
Candace Avalos,Jamie Dunphy,Steph Routh,Timur Ender,Terrence Hayes,Deian Salazar
Timur Ender,Loretta Smith,Steph Routh,,,
Candace Avalos,Noah Ernst,Jamie Dunphy,Timur Ender,,
Joe Allen,Joe Furi,Doug Clove,Steph Routh,,
Candace Avalos,Timur Ender,Steph Routh,Jamie Dunphy,Cayle Tern,David Linn
Cayle Tern,Candace Avalos,Timur Ender,,,
Terrence Hayes,Noah Ernst,Candace Avalos,,,
Candace Avalos,Steph Routh,Timur Ender,Jamie Dunphy,,
David Linn,Michael (Mike) Sands,Noah Ernst,Steph Routh,,
Jamie Dunphy,Terrence Hayes,Loretta Smith,,,
Jamie Dunphy,Steph Routh,Terrence Hayes,Timur Ender,Joe Allen,Candace Avalos
Candace Avalos,Timur Ender,Steph Routh,,,
Terrence Hayes,Steph Routh,,,,
Candace Avalos,Timur Ender,Cayle Tern,David Linn,Joe Furi,Terrence Hayes
Candace Avalos,,,,,
Loretta Smith,Steph Routh,Candace Avalos,Peggy Sue Owens,Terrence Hayes,Jamie Dunphy
Noah Ernst,Terrence Hayes,Steph Routh,Cayle Tern,Loretta Smith,Doug Clove
Candace Avalos,Cayle Tern,Timur Ender,,,
Loretta Smith,Terrence Hayes,Joe Allen,Cayle Tern,Timur Ender,Doug Clove
Jamie Dunphy,Cayle Tern,Candace Avalos,David Linn,Steph Routh,Timur Ender
Steph Routh,Candace Avalos,Terrence Hayes,Jamie Dunphy,Deian Salazar,Michael (Mike) Sands
Terrence Hayes,Noah Ernst,Joe Furi,Loretta Smith,Doug Clove,Write-in-120
Terrence Hayes,Noah Ernst,Doug Clove,Timur Ender,Deian Salazar,Loretta Smith
Loretta Smith,Timur Ender,Michael (Mike) Sands,Steph Routh,Terrence Hayes,Candace Avalos
Candace Avalos,Steph Routh,Timur Ender,,,
Doug Clove,,,,,
Noah Ernst,Terrence Hayes,Loretta Smith,,,
Candace Avalos,Steph Routh,Jamie Dunphy,Michael (Mike) Sands,Cayle Tern,David Linn
Candace Avalos,Steph Routh,Joe Allen,Thomas Shervey,Cayle Tern,
Cayle Tern,Steph Routh,Candace Avalos,David Linn,,
Terrence Hayes,Noah Ernst,Candace Avalos,,,
Terrence Hayes,Noah Ernst,Doug Clove,Deian Salazar,,
Candace Avalos,Timur Ender,Steph Routh,Jamie Dunphy,Cayle Tern,David Linn
Loretta Smith,Terrence Hayes,Steph Routh,Candace Avalos,Jamie Dunphy,Doug Clove
Jamie Dunphy,Michael (Mike) Sands,Timur Ender,Joe Allen,David Linn,Doug Clove
Timur Ender,Steph Routh,,,,
Candace Avalos,Steph Routh,Timur Ender,Jamie Dunphy,Terrence Hayes,Cayle Tern
Doug Clove,Cayle Tern,,,,
Terrence Hayes,Steph Routh,Noah Ernst,Loretta Smith,Jamie Dunphy,David Linn
Timur Ender,Candace Avalos,,,,
Noah Ernst,Terrence Hayes,,,,
Candace Avalos,Loretta Smith,Doug Clove,Steph Routh,Jamie Dunphy,
Noah Ernst,Doug Clove,Jamie Dunphy,Terrence Hayes,Deian Salazar,
Timur Ender,Loretta Smith,Steph Routh,Terrence Hayes,Michael (Mike) Sands,Candace Avalos
Loretta Smith,Terrence Hayes,Jamie Dunphy,,,
Timur Ender,Jamie Dunphy,Candace Avalos,Steph Routh,,
Loretta Smith,Jamie Dunphy,Timur Ender,,,
Jamie Dunphy,Steph Routh,Timur Ender,,,
Noah Ernst,Terrence Hayes,Joe Furi,Loretta Smith,,
Timur Ender,,,,,
Candace Avalos,Jamie Dunphy,Steph Routh,Peggy Sue Owens,Timur Ender,Joe Allen
Jamie Dunphy,Candace Avalos,,,,
Steph Routh,Jamie Dunphy,Candace Avalos,Timur Ender,,
Deian Salazar,Peggy Sue Owens,Joe Allen,Joe Furi,Thomas Shervey,Steph Routh
Noah Ernst,Joe Allen,Doug Clove,Terrence Hayes,David Linn,Steph Routh
Candace Avalos,Jamie Dunphy,Joe Furi,Doug Clove,Michael (Mike) Sands,Deian Salazar
Candace Avalos,Timur Ender,Steph Routh,Jamie Dunphy,Terrence Hayes,Cayle Tern
Peggy Sue Owens,Candace Avalos,Michael (Mike) Sands,Terrence Hayes,Joe Furi,Cayle Tern
Noah Ernst,Doug Clove,,,,
Doug Clove,Joe Furi,Thomas Shervey,Steph Routh,,
Loretta Smith,Terrence Hayes,,,,
Jamie Dunphy,Steph Routh,Timur Ender,Candace Avalos,Cayle Tern,
Doug Clove,Noah Ernst,Terrence Hayes,,,
Steph Routh,Candace Avalos,Jamie Dunphy,Cayle Tern,,
Loretta Smith,Terrence Hayes,Cayle Tern,Doug Clove,Candace Avalos,Noah Ernst
Joe Allen,Doug Clove,Michael (Mike) Sands,Thomas Shervey,Steph Routh,Jamie Dunphy
Jamie Dunphy,,,,,
Noah Ernst,Timur Ender,Loretta Smith,,,
Candace Avalos,Terrence Hayes,Noah Ernst,,,
Doug Clove,Steph Routh,Joe Allen,Timur Ender,Loretta Smith,Jamie Dunphy
Candace Avalos,,,,,
Noah Ernst,Deian Salazar,Doug Clove,Cayle Tern,Candace Avalos,Timur Ender
,,,,,
Noah Ernst,Peggy Sue Owens,Steph Routh,,,
Candace Avalos,Cayle Tern,Deian Salazar,Jamie Dunphy,,
Noah Ernst,Doug Clove,Deian Salazar,,,
Steph Routh,Timur Ender,Candace Avalos,Jamie Dunphy,Cayle Tern,
Jamie Dunphy,Candace Avalos,Steph Routh,Noah Ernst,Cayle Tern,Loretta Smith
Doug Clove,Loretta Smith,,,,
Terrence Hayes,Noah Ernst,Doug Clove,,,
Loretta Smith,Noah Ernst,Timur Ender,,,
Loretta Smith,Peggy Sue Owens,Candace Avalos,Thomas Shervey,Terrence Hayes,Jamie Dunphy
Candace Avalos,,,,,
Joe Allen,Joe Furi,,,,
Timur Ender,Jamie Dunphy,,,,
Terrence Hayes,Deian Salazar,Loretta Smith,Cayle Tern,Steph Routh,Jamie Dunphy
Steph Routh,Terrence Hayes,Loretta Smith,Candace Avalos,David Linn,Deian Salazar
Candace Avalos,Steph Routh,Jamie Dunphy,,,
Candace Avalos,Steph Routh,Timur Ender,,,
Candace Avalos,Timur Ender,Steph Routh,Jamie Dunphy,Noah Ernst,David Linn
Jamie Dunphy,Candace Avalos,Cayle Tern,Steph Routh,Loretta Smith,Timur Ender
Doug Clove,Noah Ernst,Candace Avalos,Michael (Mike) Sands,Deian Salazar,Joe Furi
Doug Clove,,,,,
Loretta Smith,Timur Ender,Candace Avalos,Steph Routh,David Linn,Terrence Hayes
Timur Ender,Peggy Sue Owens,Noah Ernst,Candace Avalos,Joe Allen,David Linn
Loretta Smith,,,,,
Jamie Dunphy,Steph Routh,Candace Avalos,,,
Loretta Smith,Timur Ender,Candace Avalos,Steph Routh,David Linn,Cayle Tern
Michael (Mike) Sands,,,,,
Loretta Smith,Steph Routh,Jamie Dunphy,Doug Clove,David Linn,Terrence Hayes
Jamie Dunphy,Terrence Hayes,Candace Avalos,Loretta Smith,,
Loretta Smith,Timur Ender,Candace Avalos,,,
Jamie Dunphy,Steph Routh,Cayle Tern,Candace Avalos,Timur Ender,Loretta Smith
Steph Routh,Candace Avalos,Timur Ender,Loretta Smith,Terrence Hayes,Cayle Tern
Candace Avalos,Timur Ender,Jamie Dunphy,Cayle Tern,Steph Routh,David Linn
Jamie Dunphy,David Linn,Steph Routh,,,
Terrence Hayes,Noah Ernst,Doug Clove,Deian Salazar,,
Loretta Smith,Cayle Tern,Noah Ernst,Joe Allen,Terrence Hayes,
Timur Ender,,,,,
Loretta Smith,Timur Ender,David Linn,Jamie Dunphy,,
Loretta Smith,Steph Routh,Timur Ender,Terrence Hayes,David Linn,
Candace Avalos,Loretta Smith,Peggy Sue Owens,Terrence Hayes,Jamie Dunphy,Cayle Tern
Timur Ender,Jamie Dunphy,Loretta Smith,Steph Routh,Candace Avalos,Peggy Sue Owens
Michael (Mike) Sands,,,,,
Noah Ernst,Terrence Hayes,Jamie Dunphy,,,
Joe Allen,Cayle Tern,Candace Avalos,Michael (Mike) Sands,Doug Clove,Steph Routh
Deian Salazar,Joe Allen,Joe Furi,Loretta Smith,Terrence Hayes,Jamie Dunphy
Candace Avalos,Steph Routh,Timur Ender,Jamie Dunphy,,
Timur Ender,Candace Avalos,Loretta Smith,,,
Peggy Sue Owens,Candace Avalos,Cayle Tern,Loretta Smith,Jamie Dunphy,Deian Salazar
Deian Salazar,,,,,
Cayle Tern,Candace Avalos,Timur Ender,Steph Routh,,
Peggy Sue Owens,Timur Ender,Noah Ernst,Candace Avalos,Joe Allen,
Timur Ender,Terrence Hayes,Loretta Smith,,,
Timur Ender,,,,,
Steph Routh,Jamie Dunphy,Joe Furi,David Linn,Noah Ernst,Timur Ender
Loretta Smith,Steph Routh,Terrence Hayes,Timur Ender,Jamie Dunphy,Candace Avalos
Jamie Dunphy,Candace Avalos,Steph Routh,,,
Noah Ernst,Terrence Hayes,Loretta Smith,,,
Michael (Mike) Sands,Steph Routh,Cayle Tern,Thomas Shervey,Joe Allen,Jamie Dunphy
Terrence Hayes,Noah Ernst,Candace Avalos,,,
Jamie Dunphy,Candace Avalos,Steph Routh,Noah Ernst,David Linn,Loretta Smith
Steph Routh,Jamie Dunphy,Timur Ender,Terrence Hayes,Candace Avalos,David Linn
Candace Avalos,Timur Ender,Steph Routh,Cayle Tern,Jamie Dunphy,David Linn
Candace Avalos,Loretta Smith,Terrence Hayes,Cayle Tern,Timur Ender,
Candace Avalos,,,,,
Michael (Mike) Sands,Noah Ernst,David Linn,,,
Noah Ernst,,,,,
Timur Ender,Terrence Hayes,Candace Avalos,Cayle Tern,Doug Clove,Michael (Mike) Sands
Candace Avalos,Timur Ender,Steph Routh,,,
Terrence Hayes,Deian Salazar,Loretta Smith,,,
Write-in-120,Timur Ender,Candace Avalos,Jamie Dunphy,,
Terrence Hayes,Timur Ender,Candace Avalos,Steph Routh,Michael (Mike) Sands,Jamie Dunphy
Loretta Smith,Terrence Hayes,Steph Routh,Deian Salazar,Jamie Dunphy,Candace Avalos
Terrence Hayes,,,,,
Terrence Hayes,Candace Avalos,Noah Ernst,,,
Terrence Hayes,Noah Ernst,Joe Furi,Loretta Smith,Doug Clove,
Timur Ender,Noah Ernst,Candace Avalos,David Linn,Deian Salazar,
Jamie Dunphy,Steph Routh,Candace Avalos,Timur Ender,,
Noah Ernst,David Linn,Cayle Tern,Doug Clove,Loretta Smith,Steph Routh
Steph Routh,Loretta Smith,Terrence Hayes,Doug Clove,Timur Ender,Noah Ernst
Michael (Mike) Sands,Terrence Hayes,Doug Clove,Joe Allen,Jamie Dunphy,Cayle Tern
David Linn,Candace Avalos,Michael (Mike) Sands,Loretta Smith,Jamie Dunphy,Noah Ernst
Terrence Hayes,Candace Avalos,Deian Salazar,Loretta Smith,,
Terrence Hayes,,,,,
Terrence Hayes,Deian Salazar,David Linn,Noah Ernst,Loretta Smith,
David Linn,Loretta Smith,Steph Routh,Terrence Hayes,Timur Ender,Jamie Dunphy
Cayle Tern,Candace Avalos,Joe Allen,Joe Furi,Loretta Smith,Jamie Dunphy
Jamie Dunphy,Candace Avalos,David Linn,Timur Ender,Cayle Tern,Steph Routh
Steph Routh,,,,,
Jamie Dunphy,Cayle Tern,Candace Avalos,Timur Ender,,
Doug Clove,Joe Allen,Noah Ernst,Michael (Mike) Sands,Terrence Hayes,Thomas Shervey
Deian Salazar,Loretta Smith,Terrence Hayes,Jamie Dunphy,Cayle Tern,Steph Routh
Noah Ernst,Jamie Dunphy,,,,
David Linn,Michael (Mike) Sands,,,,
Joe Furi,Joe Allen,Noah Ernst,Peggy Sue Owens,Michael (Mike) Sands,Doug Clove
Steph Routh,Jamie Dunphy,Joe Furi,Peggy Sue Owens,Noah Ernst,David Linn
Steph Routh,Candace Avalos,Loretta Smith,Jamie Dunphy,Timur Ender,Noah Ernst
Noah Ernst,Terrence Hayes,Joe Furi,Loretta Smith,Doug Clove,
Terrence Hayes,Noah Ernst,Jamie Dunphy,,,
Candace Avalos,Cayle Tern,Timur Ender,Jamie Dunphy,Steph Routh,David Linn
Deian Salazar,Michael (Mike) Sands,Joe Allen,,,
Noah Ernst,Jamie Dunphy,Loretta Smith,Candace Avalos,,
Joe Allen,Steph Routh,Loretta Smith,Doug Clove,David Linn,Peggy Sue Owens
Doug Clove,Loretta Smith,Terrence Hayes,Deian Salazar,,
Candace Avalos,Steph Routh,Timur Ender,Jamie Dunphy,,
Candace Avalos,Noah Ernst,Joe Furi,Steph Routh,Jamie Dunphy,
Loretta Smith,Terrence Hayes,Joe Allen,Candace Avalos,Jamie Dunphy,Doug Clove
Candace Avalos,Terrence Hayes,Loretta Smith,,,
Loretta Smith,Thomas Shervey,Steph Routh,Cayle Tern,Joe Allen,Candace Avalos
Candace Avalos,Timur Ender,David Linn,Cayle Tern,,
Peggy Sue Owens,Loretta Smith,,,,
Candace Avalos,Deian Salazar,Jamie Dunphy,Joe Allen,Peggy Sue Owens,Noah Ernst
Jamie Dunphy,Steph Routh,Candace Avalos,Noah Ernst,Loretta Smith,David Linn
Peggy Sue Owens,Timur Ender,Noah Ernst,Candace Avalos,Joe Allen,David Linn
Timur Ender,Loretta Smith,Terrence Hayes,Jamie Dunphy,David Linn,
David Linn,Joe Allen,Doug Clove,Peggy Sue Owens,Candace Avalos,Timur Ender
Joe Allen,Peggy Sue Owens,Deian Salazar,Thomas Shervey,Steph Routh,Loretta Smith
Jamie Dunphy,Candace Avalos,Steph Routh,,,
Jamie Dunphy,Candace Avalos,Steph Routh,Noah Ernst,David Linn,Loretta Smith
Terrence Hayes,Loretta Smith,Candace Avalos,Steph Routh,,
Loretta Smith,Candace Avalos,Terrence Hayes,,,
Joe Furi,David Linn,Timur Ender,Jamie Dunphy,,
Terrence Hayes,Noah Ernst,Loretta Smith,Jamie Dunphy,,
Loretta Smith,Steph Routh,Terrence Hayes,,,
Candace Avalos,Steph Routh,Loretta Smith,Peggy Sue Owens,Jamie Dunphy,Cayle Tern
Noah Ernst,Candace Avalos,Steph Routh,Terrence Hayes,Loretta Smith,Timur Ender
Terrence Hayes,Steph Routh,,,,
Joe Allen,Steph Routh,Jamie Dunphy,Timur Ender,Loretta Smith,Noah Ernst
Noah Ernst,,,,,
Cayle Tern,Candace Avalos,Michael (Mike) Sands,,,
Doug Clove,Noah Ernst,Deian Salazar,Joe Furi,,
Candace Avalos,,,,,
Jamie Dunphy,Steph Routh,Candace Avalos,Loretta Smith,Timur Ender,
Timur Ender,Cayle Tern,Deian Salazar,Steph Routh,Write-in-120,
Candace Avalos,Jamie Dunphy,Loretta Smith,Steph Routh,Timur Ender,Deian Salazar
Candace Avalos,Timur Ender,Cayle Tern,,,
Steph Routh,Jamie Dunphy,Doug Clove,Terrence Hayes,Noah Ernst,Timur Ender
David Linn,,,,,
Noah Ernst,Timur Ender,Jamie Dunphy,,,
Doug Clove,,,,,
Jamie Dunphy,Timur Ender,Candace Avalos,David Linn,Thomas Shervey,Cayle Tern
Terrence Hayes,,,,,
Noah Ernst,Doug Clove,Deian Salazar,Peggy Sue Owens,David Linn,Jamie Dunphy
Loretta Smith,Terrence Hayes,David Linn,,,
Steph Routh,Candace Avalos,Loretta Smith,,,
,,,,,
Loretta Smith,,,,,
Candace Avalos,Jamie Dunphy,Timur Ender,Steph Routh,,
Steph Routh,Timur Ender,Candace Avalos,Jamie Dunphy,Cayle Tern,
Loretta Smith,,,,,
Steph Routh,Loretta Smith,Terrence Hayes,Deian Salazar,Jamie Dunphy,Candace Avalos
Steph Routh,Jamie Dunphy,Candace Avalos,Loretta Smith,David Linn,Noah Ernst
Doug Clove,Michael (Mike) Sands,Deian Salazar,Steph Routh,Jamie Dunphy,Cayle Tern
Noah Ernst,Doug Clove,Joe Allen,,,
Noah Ernst,Doug Clove,Terrence Hayes,Timur Ender,Deian Salazar,
Loretta Smith,,,,,
Jamie Dunphy,Steph Routh,Candace Avalos,,,
Candace Avalos,Cayle Tern,Timur Ender,,,
Jamie Dunphy,Candace Avalos,Steph Routh,Noah Ernst,David Linn,Loretta Smith
Loretta Smith,Terrence Hayes,Candace Avalos,Timur Ender,Cayle Tern,Steph Routh
Loretta Smith,Jamie Dunphy,Noah Ernst,Candace Avalos,Steph Routh,
Steph Routh,Noah Ernst,Terrence Hayes,Loretta Smith,Michael (Mike) Sands,David Linn
Noah Ernst,Joe Allen,Michael (Mike) Sands,Thomas Shervey,Loretta Smith,Jamie Dunphy
Terrence Hayes,Noah Ernst,Joe Furi,,,
David Linn,Deian Salazar,Terrence Hayes,Candace Avalos,Steph Routh,Timur Ender
Timur Ender,Candace Avalos,Steph Routh,Jamie Dunphy,Joe Furi,David Linn
Michael (Mike) Sands,Jamie Dunphy,Steph Routh,Terrence Hayes,Timur Ender,
Timur Ender,Loretta Smith,Doug Clove,Joe Furi,Michael (Mike) Sands,
Candace Avalos,Timur Ender,Cayle Tern,,,
Jamie Dunphy,Terrence Hayes,Candace Avalos,Noah Ernst,Steph Routh,Timur Ender
Timur Ender,Deian Salazar,Loretta Smith,Terrence Hayes,Steph Routh,Jamie Dunphy
Candace Avalos,Steph Routh,Jamie Dunphy,,,
Jamie Dunphy,Candace Avalos,Steph Routh,David Linn,,
Terrence Hayes,Noah Ernst,Loretta Smith,Steph Routh,David Linn,Timur Ender
Loretta Smith,Terrence Hayes,Timur Ender,Steph Routh,Noah Ernst,Deian Salazar
Noah Ernst,Timur Ender,David Linn,Cayle Tern,Candace Avalos,Loretta Smith
Candace Avalos,Jamie Dunphy,Steph Routh,David Linn,Timur Ender,
Loretta Smith,,,,,
Candace Avalos,Timur Ender,Steph Routh,Jamie Dunphy,,
Steph Routh,Loretta Smith,Terrence Hayes,Cayle Tern,Candace Avalos,Timur Ender
Candace Avalos,Cayle Tern,Timur Ender,,,
Noah Ernst,Thomas Shervey,David Linn,Michael (Mike) Sands,Steph Routh,Terrence Hayes
Noah Ernst,Terrence Hayes,Joe Furi,Loretta Smith,Doug Clove,
Jamie Dunphy,Timur Ender,Noah Ernst,Candace Avalos,,
Steph Routh,Terrence Hayes,David Linn,Candace Avalos,Loretta Smith,Timur Ender
Loretta Smith,Terrence Hayes,Deian Salazar,Cayle Tern,Candace Avalos,Timur Ender
Noah Ernst,,,,,
Cayle Tern,Michael (Mike) Sands,Candace Avalos,Write-in-120,,
Deian Salazar,Terrence Hayes,Steph Routh,,,
Jamie Dunphy,Candace Avalos,Steph Routh,Loretta Smith,,
Steph Routh,Cayle Tern,Candace Avalos,Timur Ender,Joe Furi,
Candace Avalos,Terrence Hayes,Steph Routh,Jamie Dunphy,Doug Clove,Joe Allen
Thomas Shervey,Terrence Hayes,Noah Ernst,Candace Avalos,Cayle Tern,Deian Salazar
Candace Avalos,Jamie Dunphy,Steph Routh,Thomas Shervey,Loretta Smith,David Linn
Jamie Dunphy,Candace Avalos,Timur Ender,Steph Routh,,
Timur Ender,Deian Salazar,Michael (Mike) Sands,Steph Routh,Terrence Hayes,Loretta Smith
Timur Ender,Cayle Tern,Candace Avalos,Steph Routh,Loretta Smith,Deian Salazar
Terrence Hayes,Noah Ernst,Steph Routh,,,
Steph Routh,Noah Ernst,Jamie Dunphy,Timur Ender,Joe Allen,Doug Clove
Candace Avalos,Timur Ender,Steph Routh,Jamie Dunphy,Cayle Tern,Terrence Hayes
Jamie Dunphy,Timur Ender,Noah Ernst,Cayle Tern,,
Loretta Smith,,,,,
Loretta Smith,Candace Avalos,David Linn,Joe Allen,Cayle Tern,Terrence Hayes
Candace Avalos,Loretta Smith,Terrence Hayes,,,
Noah Ernst,Terrence Hayes,Steph Routh,Timur Ender,,
Terrence Hayes,Noah Ernst,,,,
,,,,,
Doug Clove,,,,,
Noah Ernst,Doug Clove,Terrence Hayes,Loretta Smith,Michael (Mike) Sands,
Noah Ernst,Candace Avalos,,,,
Candace Avalos,Steph Routh,Peggy Sue Owens,Loretta Smith,Cayle Tern,Noah Ernst
Peggy Sue Owens,,,,,
Joe Allen,Doug Clove,Terrence Hayes,Deian Salazar,David Linn,Peggy Sue Owens
Timur Ender,Noah Ernst,Candace Avalos,Steph Routh,Jamie Dunphy,Loretta Smith
Loretta Smith,Steph Routh,Jamie Dunphy,Timur Ender,Cayle Tern,David Linn
Timur Ender,,,,,
Jamie Dunphy,Steph Routh,Candace Avalos,,,
Timur Ender,,,,,
Doug Clove,Loretta Smith,,,,
Loretta Smith,,,,,
Steph Routh,Loretta Smith,Jamie Dunphy,Candace Avalos,,
Jamie Dunphy,Candace Avalos,Steph Routh,Cayle Tern,David Linn,Deian Salazar
,,,,,
Jamie Dunphy,Candace Avalos,Noah Ernst,Steph Routh,Michael (Mike) Sands,Cayle Tern
Jamie Dunphy,Candace Avalos,Steph Routh,,,
Terrence Hayes,,,,,
Steph Routh,Jamie Dunphy,Loretta Smith,,,
Candace Avalos,Timur Ender,Steph Routh,Jamie Dunphy,David Linn,Cayle Tern
Candace Avalos,Jamie Dunphy,Timur Ender,Terrence Hayes,Steph Routh,Joe Furi
Steph Routh,Candace Avalos,Jamie Dunphy,,,
Jamie Dunphy,Candace Avalos,Timur Ender,Steph Routh,David Linn,Noah Ernst
Jamie Dunphy,Steph Routh,Candace Avalos,Timur Ender,,
Candace Avalos,Steph Routh,Jamie Dunphy,,,
Doug Clove,Noah Ernst,Deian Salazar,Joe Furi,Loretta Smith,Terrence Hayes
David Linn,Candace Avalos,Cayle Tern,,,
Candace Avalos,Cayle Tern,Timur Ender,Steph Routh,Jamie Dunphy,David Linn
Loretta Smith,Terrence Hayes,Noah Ernst,Timur Ender,,
Deian Salazar,Timur Ender,Noah Ernst,Cayle Tern,Joe Furi,Michael (Mike) Sands
Joe Allen,Candace Avalos,Michael (Mike) Sands,Terrence Hayes,Steph Routh,Cayle Tern
Noah Ernst,Timur Ender,Terrence Hayes,,,
Joe Allen,Joe Furi,,,,
Thomas Shervey,Terrence Hayes,Loretta Smith,,,
Loretta Smith,Steph Routh,Jamie Dunphy,Terrence Hayes,Timur Ender,
Loretta Smith,,,,,
Doug Clove,Write-in-120,,,,
Candace Avalos,Steph Routh,Cayle Tern,Timur Ender,Jamie Dunphy,David Linn
Steph Routh,Candace Avalos,Timur Ender,Jamie Dunphy,,
Jamie Dunphy,Peggy Sue Owens,Timur Ender,,,
Jamie Dunphy,Michael (Mike) Sands,Steph Routh,Terrence Hayes,Loretta Smith,Candace Avalos
Loretta Smith,Terrence Hayes,Candace Avalos,,,
Jamie Dunphy,,,,,
Steph Routh,Candace Avalos,Timur Ender,Jamie Dunphy,,
Candace Avalos,Timur Ender,Steph Routh,Jamie Dunphy,David Linn,Cayle Tern
Peggy Sue Owens,Candace Avalos,Jamie Dunphy,Loretta Smith,Steph Routh,Cayle Tern
Candace Avalos,Steph Routh,Noah Ernst,Terrence Hayes,Loretta Smith,
Terrence Hayes,Steph Routh,Timur Ender,Jamie Dunphy,David Linn,Doug Clove
Steph Routh,Candace Avalos,Timur Ender,,,
Noah Ernst,David Linn,Timur Ender,Joe Allen,Candace Avalos,Peggy Sue Owens
Loretta Smith,,,,,
Candace Avalos,Steph Routh,Timur Ender,,,
Peggy Sue Owens,Joe Allen,Loretta Smith,,,
Cayle Tern,David Linn,Michael (Mike) Sands,,,
Jamie Dunphy,Steph Routh,Candace Avalos,David Linn,Noah Ernst,
Peggy Sue Owens,Candace Avalos,Joe Allen,,,
Michael (Mike) Sands,,,,,
Steph Routh,Doug Clove,Timur Ender,David Linn,Candace Avalos,
Timur Ender,Candace Avalos,Cayle Tern,Michael (Mike) Sands,Jamie Dunphy,Thomas Shervey
Steph Routh,Timur Ender,Candace Avalos,,,
Peggy Sue Owens,Candace Avalos,Loretta Smith,,,
Cayle Tern,Candace Avalos,Timur Ender,Jamie Dunphy,Steph Routh,David Linn
Steph Routh,Candace Avalos,Cayle Tern,Timur Ender,Jamie Dunphy,
Candace Avalos,Steph Routh,Jamie Dunphy,Loretta Smith,Deian Salazar,Timur Ender
Candace Avalos,Steph Routh,Cayle Tern,Timur Ender,Jamie Dunphy,David Linn
Joe Allen,,,,,
Timur Ender,,,,,
Joe Allen,Joe Furi,Thomas Shervey,Steph Routh,,
Jamie Dunphy,Steph Routh,Loretta Smith,Noah Ernst,Timur Ender,Doug Clove
Joe Allen,Noah Ernst,,,,
Noah Ernst,,,,,
Terrence Hayes,Timur Ender,Candace Avalos,Steph Routh,,
Candace Avalos,Timur Ender,Steph Routh,Jamie Dunphy,Cayle Tern,David Linn
Steph Routh,Terrence Hayes,,,,
Peggy Sue Owens,,,,,
Timur Ender,Candace Avalos,Cayle Tern,Joe Allen,David Linn,Jamie Dunphy
Doug Clove,Terrence Hayes,Loretta Smith,Noah Ernst,Candace Avalos,
David Linn,,,,,
Jamie Dunphy,Steph Routh,Candace Avalos,Timur Ender,David Linn,Terrence Hayes
Candace Avalos,David Linn,Timur Ender,,,
Candace Avalos,Cayle Tern,Jamie Dunphy,,,
Timur Ender,Candace Avalos,David Linn,Cayle Tern,Loretta Smith,
Doug Clove,,,,,
Candace Avalos,Steph Routh,Jamie Dunphy,David Linn,Cayle Tern,Timur Ender
,,,,,
Candace Avalos,Timur Ender,Jamie Dunphy,Steph Routh,Cayle Tern,
Candace Avalos,David Linn,,,,
Michael (Mike) Sands,Steph Routh,Deian Salazar,Cayle Tern,Joe Furi,
Steph Routh,Candace Avalos,Timur Ender,Terrence Hayes,Thomas Shervey,Jamie Dunphy
Loretta Smith,Candace Avalos,Steph Routh,Timur Ender,Deian Salazar,Jamie Dunphy
Candace Avalos,Timur Ender,Cayle Tern,David Linn,Jamie Dunphy,Steph Routh
Terrence Hayes,Joe Allen,Thomas Shervey,,,
Loretta Smith,Candace Avalos,Cayle Tern,,,
Loretta Smith,Candace Avalos,Terrence Hayes,David Linn,Joe Allen,Peggy Sue Owens
Loretta Smith,Steph Routh,Terrence Hayes,Noah Ernst,Candace Avalos,Jamie Dunphy
Loretta Smith,Peggy Sue Owens,Candace Avalos,David Linn,Jamie Dunphy,Michael (Mike) Sands
Candace Avalos,Timur Ender,Steph Routh,Jamie Dunphy,Loretta Smith,Terrence Hayes
David Linn,Joe Allen,Loretta Smith,Terrence Hayes,Steph Routh,Peggy Sue Owens
Deian Salazar,Loretta Smith,Steph Routh,,,
Peggy Sue Owens,Candace Avalos,Joe Allen,David Linn,,
Candace Avalos,,,,,
Steph Routh,Cayle Tern,Timur Ender,Jamie Dunphy,Candace Avalos,Joe Allen
Loretta Smith,Candace Avalos,Terrence Hayes,Jamie Dunphy,David Linn,Steph Routh
Loretta Smith,Terrence Hayes,Steph Routh,Jamie Dunphy,,
Timur Ender,Loretta Smith,Thomas Shervey,Terrence Hayes,Joe Allen,Joe Furi
Thomas Shervey,Loretta Smith,Steph Routh,Joe Furi,Cayle Tern,Noah Ernst
Noah Ernst,Terrence Hayes,Jamie Dunphy,,,
Doug Clove,Michael (Mike) Sands,Terrence Hayes,Joe Furi,Steph Routh,Jamie Dunphy
Noah Ernst,Terrence Hayes,Loretta Smith,,,
Joe Allen,,,,,
Noah Ernst,Candace Avalos,Peggy Sue Owens,Cayle Tern,Terrence Hayes,Joe Allen
Candace Avalos,Steph Routh,Timur Ender,Jamie Dunphy,Noah Ernst,Loretta Smith
Candace Avalos,Joe Allen,Jamie Dunphy,Terrence Hayes,,
Jamie Dunphy,Steph Routh,Terrence Hayes,,,
Deian Salazar,Loretta Smith,Doug Clove,,,
Deian Salazar,,,,,
Loretta Smith,Terrence Hayes,Doug Clove,Noah Ernst,,
Terrence Hayes,Loretta Smith,Candace Avalos,Jamie Dunphy,Joe Allen,Steph Routh
Terrence Hayes,Steph Routh,,,,
Thomas Shervey,Terrence Hayes,Jamie Dunphy,,,
Steph Routh,Terrence Hayes,,,,
Michael (Mike) Sands,Noah Ernst,Peggy Sue Owens,David Linn,Joe Furi,Steph Routh
Deian Salazar,Doug Clove,Noah Ernst,,,
Jamie Dunphy,Candace Avalos,Steph Routh,,,
Doug Clove,Terrence Hayes,Steph Routh,,,
Terrence Hayes,Noah Ernst,Timur Ender,Loretta Smith,,
Terrence Hayes,Noah Ernst,Candace Avalos,Loretta Smith,,
Doug Clove,Deian Salazar,Thomas Shervey,Terrence Hayes,,
Noah Ernst,Terrence Hayes,Joe Furi,Loretta Smith,Doug Clove,
Terrence Hayes,,,,,
Deian Salazar,Thomas Shervey,Michael (Mike) Sands,Joe Allen,Doug Clove,Joe Furi
Loretta Smith,Jamie Dunphy,Terrence Hayes,Timur Ender,,
Terrence Hayes,Loretta Smith,Noah Ernst,,,
Cayle Tern,Timur Ender,Steph Routh,Michael (Mike) Sands,,
Doug Clove,Terrence Hayes,Steph Routh,Noah Ernst,Deian Salazar,Cayle Tern
Joe Furi,Joe Allen,Candace Avalos,Peggy Sue Owens,Thomas Shervey,Jamie Dunphy
Timur Ender,Candace Avalos,Cayle Tern,Jamie Dunphy,David Linn,Steph Routh
Loretta Smith,Terrence Hayes,Steph Routh,Jamie Dunphy,,
Loretta Smith,Terrence Hayes,Steph Routh,Jamie Dunphy,Timur Ender,Candace Avalos
Noah Ernst,,,,,
Steph Routh,Doug Clove,Timur Ender,Candace Avalos,Cayle Tern,Jamie Dunphy
Candace Avalos,Cayle Tern,Steph Routh,,,
David Linn,Terrence Hayes,Peggy Sue Owens,Michael (Mike) Sands,Joe Allen,Noah Ernst
Steph Routh,Jamie Dunphy,Candace Avalos,Timur Ender,,
Doug Clove,Cayle Tern,David Linn,,,
Jamie Dunphy,Candace Avalos,Steph Routh,Noah Ernst,David Linn,Loretta Smith
Doug Clove,Thomas Shervey,Loretta Smith,Jamie Dunphy,,
Joe Allen,David Linn,Terrence Hayes,Jamie Dunphy,Thomas Shervey,Candace Avalos
Candace Avalos,Timur Ender,Steph Routh,Cayle Tern,Jamie Dunphy,David Linn
Jamie Dunphy,Steph Routh,Candace Avalos,,,
Loretta Smith,Timur Ender,Cayle Tern,Steph Routh,,
Candace Avalos,Steph Routh,Timur Ender,Cayle Tern,Jamie Dunphy,Loretta Smith
Terrence Hayes,,,,,
Terrence Hayes,Noah Ernst,Joe Furi,Loretta Smith,Doug Clove,Michael (Mike) Sands
,,,,,
Candace Avalos,Terrence Hayes,Deian Salazar,Joe Furi,Peggy Sue Owens,David Linn
Noah Ernst,Peggy Sue Owens,Timur Ender,Joe Allen,David Linn,Candace Avalos
Loretta Smith,Peggy Sue Owens,,,,
Candace Avalos,Steph Routh,Cayle Tern,Michael (Mike) Sands,Timur Ender,David Linn
Noah Ernst,Loretta Smith,Thomas Shervey,Terrence Hayes,Jamie Dunphy,Doug Clove
Loretta Smith,Candace Avalos,Terrence Hayes,Michael (Mike) Sands,Timur Ender,Deian Salazar
Noah Ernst,Terrence Hayes,Joe Allen,David Linn,,
Jamie Dunphy,Steph Routh,David Linn,,,
Candace Avalos,Steph Routh,Deian Salazar,Loretta Smith,Timur Ender,Noah Ernst
Terrence Hayes,Noah Ernst,Doug Clove,,,
Loretta Smith,Deian Salazar,Cayle Tern,David Linn,Candace Avalos,Timur Ender
Steph Routh,Candace Avalos,Loretta Smith,Jamie Dunphy,,
Loretta Smith,Terrence Hayes,Steph Routh,Candace Avalos,,
Candace Avalos,Loretta Smith,Terrence Hayes,Steph Routh,Jamie Dunphy,
Loretta Smith,Candace Avalos,Timur Ender,Thomas Shervey,Steph Routh,
Joe Allen,Thomas Shervey,Michael (Mike) Sands,Jamie Dunphy,Terrence Hayes,Cayle Tern
Steph Routh,Candace Avalos,Loretta Smith,Jamie Dunphy,Noah Ernst,David Linn
Candace Avalos,Steph Routh,Loretta Smith,David Linn,Jamie Dunphy,Timur Ender
Candace Avalos,Steph Routh,Jamie Dunphy,Noah Ernst,Loretta Smith,
Deian Salazar,,,,,
Jamie Dunphy,Timur Ender,Steph Routh,Candace Avalos,David Linn,
Timur Ender,Steph Routh,Candace Avalos,Thomas Shervey,,
Loretta Smith,Jamie Dunphy,Candace Avalos,Terrence Hayes,Steph Routh,Deian Salazar
Terrence Hayes,Noah Ernst,Joe Furi,Loretta Smith,Doug Clove,
Michael (Mike) Sands,Jamie Dunphy,Steph Routh,Terrence Hayes,Joe Furi,Cayle Tern
Jamie Dunphy,Candace Avalos,Steph Routh,,,
Loretta Smith,,,,,
,,,,,
Jamie Dunphy,Candace Avalos,Steph Routh,,,
Candace Avalos,,,,,
Loretta Smith,Noah Ernst,Terrence Hayes,,,
Terrence Hayes,,,,,
Doug Clove,,,,,
Peggy Sue Owens,Thomas Shervey,Doug Clove,Michael (Mike) Sands,Joe Allen,David Linn
Loretta Smith,,,,,
Timur Ender,Jamie Dunphy,Terrence Hayes,,,
Jamie Dunphy,Steph Routh,Timur Ender,Candace Avalos,Loretta Smith,Terrence Hayes
Loretta Smith,,,,,
David Linn,Jamie Dunphy,Thomas Shervey,Steph Routh,Cayle Tern,Timur Ender
Steph Routh,Noah Ernst,Jamie Dunphy,,,
Steph Routh,Candace Avalos,Loretta Smith,Terrence Hayes,Doug Clove,Michael (Mike) Sands
Noah Ernst,Joe Allen,Joe Furi,,,
Joe Furi,Deian Salazar,Steph Routh,,,
Noah Ernst,Jamie Dunphy,Joe Allen,Timur Ender,Doug Clove,Terrence Hayes
Loretta Smith,Cayle Tern,Jamie Dunphy,Candace Avalos,Terrence Hayes,Noah Ernst
Deian Salazar,Terrence Hayes,,,,
Steph Routh,Thomas Shervey,Loretta Smith,Terrence Hayes,,
Loretta Smith,Terrence Hayes,Candace Avalos,,,
Michael (Mike) Sands,,,,,
Candace Avalos,Loretta Smith,Timur Ender,,,
Steph Routh,Timur Ender,Terrence Hayes,Candace Avalos,Loretta Smith,Jamie Dunphy
David Linn,Candace Avalos,Jamie Dunphy,,,
Noah Ernst,Terrence Hayes,Joe Furi,Loretta Smith,Doug Clove,
Candace Avalos,Timur Ender,Steph Routh,Jamie Dunphy,Cayle Tern,David Linn
Loretta Smith,Timur Ender,Steph Routh,Jamie Dunphy,Doug Clove,David Linn
Timur Ender,Steph Routh,Terrence Hayes,Loretta Smith,Candace Avalos,Cayle Tern
Steph Routh,Jamie Dunphy,Candace Avalos,Noah Ernst,Timur Ender,
Candace Avalos,Michael (Mike) Sands,Cayle Tern,,,
Peggy Sue Owens,Candace Avalos,Loretta Smith,Jamie Dunphy,Doug Clove,David Linn
Loretta Smith,Terrence Hayes,Steph Routh,Doug Clove,Candace Avalos,Timur Ender
Jamie Dunphy,Steph Routh,Candace Avalos,Timur Ender,Loretta Smith,Peggy Sue Owens
Timur Ender,Terrence Hayes,Jamie Dunphy,,,
Jamie Dunphy,Steph Routh,Terrence Hayes,,,
Steph Routh,Terrence Hayes,,,,
Terrence Hayes,Steph Routh,Jamie Dunphy,,,
Jamie Dunphy,Timur Ender,Candace Avalos,Steph Routh,Loretta Smith,Doug Clove
Timur Ender,Steph Routh,,,,
David Linn,Jamie Dunphy,Doug Clove,,,
Jamie Dunphy,Steph Routh,Loretta Smith,,,
Peggy Sue Owens,Steph Routh,Loretta Smith,Candace Avalos,Timur Ender,Cayle Tern
Timur Ender,Candace Avalos,Jamie Dunphy,Steph Routh,Noah Ernst,Terrence Hayes
Noah Ernst,Terrence Hayes,,,,
Loretta Smith,Terrence Hayes,Steph Routh,Jamie Dunphy,,
Candace Avalos,Steph Routh,Timur Ender,,,
Deian Salazar,Loretta Smith,,,,
Loretta Smith,,,,,
Candace Avalos,David Linn,Jamie Dunphy,Steph Routh,Noah Ernst,Loretta Smith
Jamie Dunphy,Candace Avalos,Steph Routh,,,
Noah Ernst,Loretta Smith,Jamie Dunphy,Steph Routh,Candace Avalos,
Noah Ernst,Terrence Hayes,,,,
Jamie Dunphy,Candace Avalos,Steph Routh,,,
Terrence Hayes,Cayle Tern,Jamie Dunphy,Joe Allen,,
Loretta Smith,Doug Clove,,,,
Candace Avalos,Jamie Dunphy,Timur Ender,Steph Routh,Doug Clove,
Noah Ernst,Loretta Smith,Terrence Hayes,David Linn,Doug Clove,Michael (Mike) Sands
,,,,,
Steph Routh,Jamie Dunphy,Timur Ender,David Linn,Terrence Hayes,Loretta Smith
Noah Ernst,Terrence Hayes,Loretta Smith,,,
Loretta Smith,Joe Allen,Joe Furi,Jamie Dunphy,Michael (Mike) Sands,Timur Ender
Terrence Hayes,Candace Avalos,Jamie Dunphy,,,
Jamie Dunphy,Noah Ernst,Steph Routh,Thomas Shervey,Cayle Tern,
Loretta Smith,Candace Avalos,Doug Clove,Steph Routh,Cayle Tern,Jamie Dunphy
Steph Routh,Loretta Smith,,,,
Candace Avalos,Jamie Dunphy,Steph Routh,,,
Loretta Smith,,,,,
Noah Ernst,Peggy Sue Owens,,,,
Noah Ernst,Peggy Sue Owens,Candace Avalos,Loretta Smith,Steph Routh,David Linn
Doug Clove,Steph Routh,Jamie Dunphy,Joe Furi,Cayle Tern,Timur Ender
Candace Avalos,Cayle Tern,Timur Ender,,,
Deian Salazar,Noah Ernst,,,,
Candace Avalos,Jamie Dunphy,Steph Routh,,,
Steph Routh,Thomas Shervey,Terrence Hayes,Loretta Smith,Deian Salazar,Joe Furi
Terrence Hayes,Candace Avalos,Steph Routh,Jamie Dunphy,David Linn,Timur Ender
Candace Avalos,Jamie Dunphy,Steph Routh,,,
Noah Ernst,Doug Clove,Loretta Smith,Terrence Hayes,Jamie Dunphy,Timur Ender
Noah Ernst,Candace Avalos,Joe Furi,Joe Allen,,
Jamie Dunphy,Candace Avalos,Noah Ernst,,,
Write-in-120,Write-in-121,Write-in-122,,,
Noah Ernst,Terrence Hayes,David Linn,Candace Avalos,Deian Salazar,Jamie Dunphy
Candace Avalos,Loretta Smith,Terrence Hayes,Jamie Dunphy,Steph Routh,David Linn
Doug Clove,Joe Allen,David Linn,Terrence Hayes,Loretta Smith,Steph Routh
Timur Ender,Steph Routh,Jamie Dunphy,Thomas Shervey,Joe Allen,Candace Avalos
Loretta Smith,Peggy Sue Owens,Timur Ender,Candace Avalos,Jamie Dunphy,David Linn
Noah Ernst,Terrence Hayes,Steph Routh,Loretta Smith,Joe Allen,Timur Ender
Jamie Dunphy,Loretta Smith,Steph Routh,Timur Ender,Noah Ernst,David Linn
Jamie Dunphy,Steph Routh,,,,
,,,,,
David Linn,Steph Routh,Loretta Smith,Noah Ernst,Candace Avalos,Jamie Dunphy
Loretta Smith,Terrence Hayes,Steph Routh,Jamie Dunphy,Timur Ender,
Candace Avalos,Steph Routh,Loretta Smith,Noah Ernst,,
Terrence Hayes,,,,,
Joe Allen,Noah Ernst,Doug Clove,,,
Joe Furi,Candace Avalos,Joe Allen,Steph Routh,Doug Clove,Thomas Shervey
Loretta Smith,Terrence Hayes,Jamie Dunphy,Joe Furi,Joe Allen,David Linn
Noah Ernst,Candace Avalos,Steph Routh,Jamie Dunphy,Timur Ender,
Terrence Hayes,Loretta Smith,Noah Ernst,,,
Terrence Hayes,Noah Ernst,Doug Clove,,,
Terrence Hayes,Peggy Sue Owens,Jamie Dunphy,Cayle Tern,Candace Avalos,Timur Ender
,,,,,
Candace Avalos,Steph Routh,Timur Ender,Jamie Dunphy,Terrence Hayes,
Terrence Hayes,,,,,
Loretta Smith,Steph Routh,Jamie Dunphy,Candace Avalos,Timur Ender,
Candace Avalos,Timur Ender,,,,
Candace Avalos,Steph Routh,Timur Ender,Jamie Dunphy,Cayle Tern,David Linn
Loretta Smith,Terrence Hayes,,,,
Noah Ernst,Steph Routh,Jamie Dunphy,Cayle Tern,Candace Avalos,Thomas Shervey
Michael (Mike) Sands,Noah Ernst,Terrence Hayes,Doug Clove,,
Terrence Hayes,Loretta Smith,,,,
Timur Ender,Steph Routh,Jamie Dunphy,Deian Salazar,,
Timur Ender,Candace Avalos,David Linn,,,
Candace Avalos,Timur Ender,Steph Routh,Cayle Tern,Jamie Dunphy,David Linn
Loretta Smith,Michael (Mike) Sands,,,,
Jamie Dunphy,Candace Avalos,Steph Routh,Noah Ernst,David Linn,Loretta Smith
Loretta Smith,Candace Avalos,David Linn,,,
Doug Clove,Joe Allen,Noah Ernst,Terrence Hayes,Deian Salazar,Cayle Tern
Candace Avalos,Cayle Tern,Timur Ender,,,
Candace Avalos,Timur Ender,Jamie Dunphy,Steph Routh,,
Timur Ender,Noah Ernst,Deian Salazar,Terrence Hayes,Steph Routh,Jamie Dunphy
Terrence Hayes,Noah Ernst,David Linn,Loretta Smith,Joe Allen,
Timur Ender,Steph Routh,Loretta Smith,Jamie Dunphy,Candace Avalos,
Candace Avalos,Steph Routh,Timur Ender,Cayle Tern,Terrence Hayes,Jamie Dunphy
Loretta Smith,Jamie Dunphy,Deian Salazar,Doug Clove,Joe Allen,Peggy Sue Owens
Doug Clove,,,,,
Peggy Sue Owens,Doug Clove,Michael (Mike) Sands,Loretta Smith,David Linn,Joe Allen
Jamie Dunphy,Candace Avalos,Steph Routh,,,
Jamie Dunphy,Candace Avalos,Steph Routh,,,
Loretta Smith,Terrence Hayes,,,,
Candace Avalos,Jamie Dunphy,Timur Ender,Terrence Hayes,Steph Routh,Loretta Smith
Loretta Smith,Terrence Hayes,Timur Ender,David Linn,Doug Clove,
Candace Avalos,Cayle Tern,Timur Ender,,,
Steph Routh,Candace Avalos,Loretta Smith,,,
Loretta Smith,Peggy Sue Owens,Candace Avalos,,,
Timur Ender,Terrence Hayes,Noah Ernst,David Linn,Deian Salazar,Steph Routh
Steph Routh,Jamie Dunphy,Terrence Hayes,,,
Terrence Hayes,Loretta Smith,Candace Avalos,Steph Routh,Jamie Dunphy,Noah Ernst
Steph Routh,Jamie Dunphy,Cayle Tern,Terrence Hayes,Timur Ender,Candace Avalos
Steph Routh,Jamie Dunphy,Candace Avalos,David Linn,Loretta Smith,Terrence Hayes
Joe Allen,,,,,
Joe Furi,Jamie Dunphy,Cayle Tern,Peggy Sue Owens,Candace Avalos,Michael (Mike) Sands
Steph Routh,Timur Ender,Candace Avalos,,,
Doug Clove,Noah Ernst,Joe Allen,Peggy Sue Owens,David Linn,
Timur Ender,Candace Avalos,Cayle Tern,Thomas Shervey,Steph Routh,Deian Salazar
Candace Avalos,Jamie Dunphy,Terrence Hayes,,,
Deian Salazar,Jamie Dunphy,Peggy Sue Owens,Candace Avalos,Joe Allen,Timur Ender
David Linn,Loretta Smith,Terrence Hayes,Doug Clove,Candace Avalos,Peggy Sue Owens
Jamie Dunphy,,,,,
Candace Avalos,Cayle Tern,Jamie Dunphy,Timur Ender,Steph Routh,Michael (Mike) Sands
Terrence Hayes,Noah Ernst,Candace Avalos,,,
Terrence Hayes,Loretta Smith,Timur Ender,Candace Avalos,Steph Routh,Peggy Sue Owens
Loretta Smith,,,,,
Noah Ernst,Michael (Mike) Sands,David Linn,Loretta Smith,Terrence Hayes,
Deian Salazar,Candace Avalos,Terrence Hayes,Joe Furi,Noah Ernst,Peggy Sue Owens
Noah Ernst,Terrence Hayes,Doug Clove,Joe Allen,Cayle Tern,Timur Ender
Timur Ender,Steph Routh,Terrence Hayes,Candace Avalos,David Linn,Jamie Dunphy
Loretta Smith,Deian Salazar,Terrence Hayes,Candace Avalos,Timur Ender,Jamie Dunphy
Timur Ender,Joe Allen,Noah Ernst,,,
Timur Ender,Jamie Dunphy,,,,
Candace Avalos,Timur Ender,Loretta Smith,Jamie Dunphy,Terrence Hayes,Steph Routh
Deian Salazar,,,,,
Terrence Hayes,Noah Ernst,Candace Avalos,,,
David Linn,Noah Ernst,Cayle Tern,,,
Joe Allen,Joe Furi,,,,
Joe Allen,Cayle Tern,Doug Clove,,,
Jamie Dunphy,Candace Avalos,Noah Ernst,,,
Noah Ernst,,,,,
David Linn,Joe Furi,Michael (Mike) Sands,Deian Salazar,Cayle Tern,Jamie Dunphy
Timur Ender,Candace Avalos,Terrence Hayes,Michael (Mike) Sands,Jamie Dunphy,Joe Allen
Doug Clove,Loretta Smith,Terrence Hayes,Deian Salazar,,
David Linn,Terrence Hayes,Thomas Shervey,Loretta Smith,Jamie Dunphy,Timur Ender
Loretta Smith,Terrence Hayes,Jamie Dunphy,Candace Avalos,Deian Salazar,Noah Ernst
Timur Ender,Steph Routh,Candace Avalos,Jamie Dunphy,Cayle Tern,David Linn
Jamie Dunphy,Michael (Mike) Sands,Timur Ender,Candace Avalos,Steph Routh,Cayle Tern
Noah Ernst,Timur Ender,Terrence Hayes,,,
Deian Salazar,Timur Ender,,,,
Noah Ernst,Terrence Hayes,Joe Furi,Loretta Smith,Doug Clove,Michael (Mike) Sands
Jamie Dunphy,Steph Routh,Candace Avalos,Noah Ernst,Terrence Hayes,Loretta Smith
David Linn,Terrence Hayes,Jamie Dunphy,Thomas Shervey,Doug Clove,
Terrence Hayes,Noah Ernst,Joe Furi,Loretta Smith,Doug Clove,Write-in-120
Jamie Dunphy,Candace Avalos,,,,
Loretta Smith,Candace Avalos,Thomas Shervey,,,
Loretta Smith,Jamie Dunphy,Steph Routh,Terrence Hayes,Candace Avalos,Deian Salazar
Jamie Dunphy,Candace Avalos,Steph Routh,Noah Ernst,David Linn,Loretta Smith
Loretta Smith,Terrence Hayes,Candace Avalos,Timur Ender,Cayle Tern,
Peggy Sue Owens,Candace Avalos,Joe Allen,Noah Ernst,Steph Routh,Terrence Hayes
Jamie Dunphy,Candace Avalos,Steph Routh,,,
Terrence Hayes,Steph Routh,Candace Avalos,Noah Ernst,Deian Salazar,Cayle Tern
Timur Ender,Candace Avalos,Steph Routh,Jamie Dunphy,Loretta Smith,Terrence Hayes
Loretta Smith,,,,,
Jamie Dunphy,,,,,
Candace Avalos,Cayle Tern,Peggy Sue Owens,Loretta Smith,Steph Routh,Jamie Dunphy
Steph Routh,Jamie Dunphy,Terrence Hayes,Candace Avalos,Thomas Shervey,David Linn
Peggy Sue Owens,Terrence Hayes,Michael (Mike) Sands,Jamie Dunphy,,
Loretta Smith,,,,,
David Linn,,,,,
Timur Ender,Candace Avalos,Steph Routh,Jamie Dunphy,Michael (Mike) Sands,Cayle Tern
Timur Ender,Joe Allen,Peggy Sue Owens,Joe Furi,Loretta Smith,Steph Routh
Candace Avalos,Timur Ender,Cayle Tern,,,
Steph Routh,Candace Avalos,Jamie Dunphy,,,
Jamie Dunphy,Loretta Smith,,,,
Terrence Hayes,David Linn,Steph Routh,,,
Candace Avalos,Steph Routh,Timur Ender,,,
,,,,,
Steph Routh,Candace Avalos,,,,
,,,,,
Steph Routh,Loretta Smith,Michael (Mike) Sands,Candace Avalos,Timur Ender,Cayle Tern
Terrence Hayes,Noah Ernst,Joe Furi,Loretta Smith,Doug Clove,Write-in-120
Doug Clove,Joe Allen,Steph Routh,Candace Avalos,Jamie Dunphy,Michael (Mike) Sands
Michael (Mike) Sands,,,,,
Noah Ernst,Deian Salazar,Thomas Shervey,Loretta Smith,Candace Avalos,
Candace Avalos,Steph Routh,Jamie Dunphy,Timur Ender,,
Terrence Hayes,Steph Routh,Loretta Smith,Timur Ender,Noah Ernst,David Linn
Noah Ernst,Candace Avalos,Terrence Hayes,Steph Routh,Joe Furi,Timur Ender
Terrence Hayes,Noah Ernst,Doug Clove,,,
Steph Routh,David Linn,Cayle Tern,Doug Clove,Joe Furi,Michael (Mike) Sands
Terrence Hayes,Noah Ernst,Joe Allen,,,
Noah Ernst,Steph Routh,Jamie Dunphy,Candace Avalos,Terrence Hayes,Joe Allen
Jamie Dunphy,Timur Ender,Steph Routh,Candace Avalos,,
Jamie Dunphy,Candace Avalos,Steph Routh,,,
Doug Clove,Noah Ernst,Terrence Hayes,,,
Candace Avalos,Jamie Dunphy,Loretta Smith,Steph Routh,Timur Ender,Noah Ernst
Joe Allen,,,,,
Candace Avalos,Timur Ender,Steph Routh,Jamie Dunphy,Loretta Smith,David Linn
Candace Avalos,Timur Ender,Steph Routh,Jamie Dunphy,David Linn,Michael (Mike) Sands
Loretta Smith,Steph Routh,Candace Avalos,Timur Ender,,
Doug Clove,Noah Ernst,Terrence Hayes,David Linn,,
Candace Avalos,Cayle Tern,Jamie Dunphy,Timur Ender,David Linn,Steph Routh
Jamie Dunphy,Steph Routh,Candace Avalos,,,
Jamie Dunphy,Steph Routh,Noah Ernst,Candace Avalos,Timur Ender,David Linn
Doug Clove,,,,,
Candace Avalos,Michael (Mike) Sands,Jamie Dunphy,Cayle Tern,Timur Ender,Steph Routh
Jamie Dunphy,Steph Routh,Loretta Smith,Terrence Hayes,Timur Ender,Cayle Tern
Terrence Hayes,Thomas Shervey,Cayle Tern,David Linn,Deian Salazar,Steph Routh
Deian Salazar,Joe Furi,Doug Clove,,,
Candace Avalos,Steph Routh,Jamie Dunphy,,,
David Linn,,,,,
Loretta Smith,,,,,
Doug Clove,Cayle Tern,Candace Avalos,Jamie Dunphy,Steph Routh,Terrence Hayes
Candace Avalos,Timur Ender,Steph Routh,Jamie Dunphy,Cayle Tern,David Linn
Candace Avalos,,,,,
Joe Allen,,,,,
Timur Ender,Terrence Hayes,Joe Furi,Loretta Smith,Doug Clove,
Timur Ender,Steph Routh,Jamie Dunphy,Candace Avalos,Terrence Hayes,Loretta Smith
David Linn,,,,,
Peggy Sue Owens,Steph Routh,Write-in-120,Loretta Smith,Cayle Tern,Joe Allen
Michael (Mike) Sands,Deian Salazar,Loretta Smith,Joe Furi,Terrence Hayes,Steph Routh
Jamie Dunphy,Steph Routh,Timur Ender,Candace Avalos,Terrence Hayes,
Cayle Tern,Deian Salazar,,,,
Timur Ender,Candace Avalos,Steph Routh,Jamie Dunphy,Doug Clove,David Linn
Candace Avalos,Jamie Dunphy,Terrence Hayes,Steph Routh,Deian Salazar,Loretta Smith
Steph Routh,Jamie Dunphy,,,,
Loretta Smith,Candace Avalos,David Linn,,,
Candace Avalos,Steph Routh,Terrence Hayes,Jamie Dunphy,Timur Ender,Deian Salazar
Candace Avalos,Timur Ender,Steph Routh,Cayle Tern,Jamie Dunphy,
Candace Avalos,Joe Allen,Thomas Shervey,Cayle Tern,,
Michael (Mike) Sands,,,,,
Doug Clove,Noah Ernst,,,,
Noah Ernst,,,,,
Jamie Dunphy,Steph Routh,Candace Avalos,Timur Ender,,
Candace Avalos,Steph Routh,Timur Ender,Jamie Dunphy,Cayle Tern,
Steph Routh,Jamie Dunphy,Loretta Smith,Terrence Hayes,,
Candace Avalos,Timur Ender,Cayle Tern,,,
Noah Ernst,Loretta Smith,Terrence Hayes,,,
Joe Furi,,,,,
Deian Salazar,Candace Avalos,Joe Furi,David Linn,Steph Routh,Thomas Shervey
Candace Avalos,Cayle Tern,Timur Ender,Jamie Dunphy,David Linn,
Candace Avalos,Steph Routh,Timur Ender,Jamie Dunphy,,
Jamie Dunphy,Candace Avalos,Steph Routh,Noah Ernst,David Linn,Loretta Smith
Candace Avalos,Steph Routh,,,,
Jamie Dunphy,,,,,
Noah Ernst,Candace Avalos,Jamie Dunphy,Steph Routh,,
Doug Clove,Joe Furi,,,,
Loretta Smith,Steph Routh,Michael (Mike) Sands,Thomas Shervey,Timur Ender,Terrence Hayes
Joe Allen,,,,,
Jamie Dunphy,Candace Avalos,Steph Routh,,,
Candace Avalos,Cayle Tern,Timur Ender,,,
Jamie Dunphy,Timur Ender,Steph Routh,Candace Avalos,Cayle Tern,Thomas Shervey
Noah Ernst,Loretta Smith,,,,
Timur Ender,Steph Routh,Candace Avalos,Terrence Hayes,Michael (Mike) Sands,Loretta Smith
Terrence Hayes,Noah Ernst,Jamie Dunphy,Doug Clove,Deian Salazar,
Terrence Hayes,Loretta Smith,,,,
Steph Routh,,,,,
Steph Routh,Candace Avalos,Timur Ender,Jamie Dunphy,,
Timur Ender,Terrence Hayes,Candace Avalos,Deian Salazar,Loretta Smith,Steph Routh
Loretta Smith,Jamie Dunphy,Steph Routh,Terrence Hayes,Candace Avalos,Timur Ender
Deian Salazar,Doug Clove,Noah Ernst,,,
Candace Avalos,Loretta Smith,,,,
David Linn,,,,,
Candace Avalos,Loretta Smith,Timur Ender,Steph Routh,,
Loretta Smith,Noah Ernst,Terrence Hayes,Timur Ender,Candace Avalos,Peggy Sue Owens
Timur Ender,David Linn,Terrence Hayes,Loretta Smith,Steph Routh,Jamie Dunphy
Timur Ender,Deian Salazar,Cayle Tern,Candace Avalos,David Linn,Steph Routh
Terrence Hayes,Timur Ender,Loretta Smith,Jamie Dunphy,David Linn,Steph Routh
Cayle Tern,Michael (Mike) Sands,Timur Ender,Steph Routh,Jamie Dunphy,Candace Avalos
Candace Avalos,Loretta Smith,Deian Salazar,Cayle Tern,Peggy Sue Owens,Steph Routh
Loretta Smith,Deian Salazar,,,,
Steph Routh,Thomas Shervey,Loretta Smith,Deian Salazar,Joe Furi,David Linn
Candace Avalos,Jamie Dunphy,Loretta Smith,Michael (Mike) Sands,Timur Ender,
Timur Ender,,,,,
Noah Ernst,,,,,
Candace Avalos,Steph Routh,Terrence Hayes,Timur Ender,Jamie Dunphy,Noah Ernst
Loretta Smith,Steph Routh,Terrence Hayes,Thomas Shervey,Deian Salazar,Joe Allen
Candace Avalos,Noah Ernst,Michael (Mike) Sands,Jamie Dunphy,Terrence Hayes,
Candace Avalos,Loretta Smith,Steph Routh,Timur Ender,Cayle Tern,
Loretta Smith,Timur Ender,,,,
Jamie Dunphy,Steph Routh,Candace Avalos,,,
Jamie Dunphy,,,,,
Peggy Sue Owens,Timur Ender,Noah Ernst,Candace Avalos,Joe Allen,
Steph Routh,Jamie Dunphy,Timur Ender,,,
Candace Avalos,Steph Routh,Jamie Dunphy,Timur Ender,Cayle Tern,
Deian Salazar,Doug Clove,Terrence Hayes,Thomas Shervey,Candace Avalos,Noah Ernst
Loretta Smith,Terrence Hayes,Steph Routh,Jamie Dunphy,Deian Salazar,Candace Avalos
Candace Avalos,Steph Routh,,,,
Terrence Hayes,Noah Ernst,Candace Avalos,,,
Loretta Smith,Terrence Hayes,Noah Ernst,Candace Avalos,,
Joe Furi,,,,,
Doug Clove,Noah Ernst,David Linn,,,
,,,,,
David Linn,,,,,
Noah Ernst,,,,,
Loretta Smith,Jamie Dunphy,Timur Ender,Candace Avalos,Cayle Tern,Steph Routh
Timur Ender,Noah Ernst,David Linn,Cayle Tern,Doug Clove,Terrence Hayes
Timur Ender,Candace Avalos,Cayle Tern,Steph Routh,Michael (Mike) Sands,Jamie Dunphy
Cayle Tern,Candace Avalos,Terrence Hayes,Loretta Smith,Joe Furi,Jamie Dunphy
Timur Ender,Thomas Shervey,Noah Ernst,David Linn,Doug Clove,Jamie Dunphy
Jamie Dunphy,Steph Routh,Candace Avalos,,,
Candace Avalos,Cayle Tern,Timur Ender,,,
Candace Avalos,Timur Ender,Steph Routh,Jamie Dunphy,Cayle Tern,
Loretta Smith,Jamie Dunphy,Candace Avalos,Timur Ender,Cayle Tern,Doug Clove
Steph Routh,Candace Avalos,David Linn,Jamie Dunphy,Cayle Tern,Loretta Smith
Joe Furi,Joe Allen,Noah Ernst,Terrence Hayes,Doug Clove,David Linn
Jamie Dunphy,Steph Routh,Candace Avalos,,,
Timur Ender,Deian Salazar,Loretta Smith,Candace Avalos,Jamie Dunphy,Steph Routh
Jamie Dunphy,Candace Avalos,Loretta Smith,,,
Loretta Smith,Timur Ender,Steph Routh,Candace Avalos,Cayle Tern,Deian Salazar
Jamie Dunphy,Steph Routh,Candace Avalos,Michael (Mike) Sands,,
Michael (Mike) Sands,,,,,
Jamie Dunphy,Candace Avalos,Steph Routh,Noah Ernst,David Linn,Loretta Smith
David Linn,Joe Allen,,,,
Terrence Hayes,Loretta Smith,Steph Routh,Candace Avalos,Thomas Shervey,Cayle Tern
Timur Ender,Noah Ernst,Joe Allen,Joe Furi,Terrence Hayes,Peggy Sue Owens
Steph Routh,Jamie Dunphy,Loretta Smith,Terrence Hayes,,
Terrence Hayes,Steph Routh,Loretta Smith,Jamie Dunphy,,
Loretta Smith,,,,,
Jamie Dunphy,Timur Ender,Steph Routh,David Linn,Thomas Shervey,Noah Ernst
Candace Avalos,Timur Ender,Steph Routh,Jamie Dunphy,Cayle Tern,
Doug Clove,,,,,
Terrence Hayes,Loretta Smith,Jamie Dunphy,,,
Candace Avalos,Loretta Smith,David Linn,Joe Allen,,
Loretta Smith,Thomas Shervey,Terrence Hayes,,,
Candace Avalos,Loretta Smith,Steph Routh,Peggy Sue Owens,David Linn,Thomas Shervey
Doug Clove,Jamie Dunphy,Michael (Mike) Sands,Candace Avalos,,
Candace Avalos,David Linn,Michael (Mike) Sands,Steph Routh,Loretta Smith,Terrence Hayes
,,,,,
Timur Ender,Steph Routh,Terrence Hayes,Noah Ernst,Loretta Smith,Candace Avalos
Loretta Smith,Terrence Hayes,Jamie Dunphy,Peggy Sue Owens,Cayle Tern,Noah Ernst
Candace Avalos,Jamie Dunphy,Timur Ender,Steph Routh,,
Steph Routh,Candace Avalos,Timur Ender,Jamie Dunphy,Peggy Sue Owens,Terrence Hayes
Jamie Dunphy,Steph Routh,Candace Avalos,,,
Candace Avalos,Timur Ender,Cayle Tern,,,
Loretta Smith,Timur Ender,,,,
Terrence Hayes,,,,,
Michael (Mike) Sands,Doug Clove,,,,
Candace Avalos,Loretta Smith,,,,
Noah Ernst,Thomas Shervey,Timur Ender,,,
Candace Avalos,Jamie Dunphy,,,,
Joe Allen,Michael (Mike) Sands,Loretta Smith,Thomas Shervey,Jamie Dunphy,David Linn
Terrence Hayes,Noah Ernst,Loretta Smith,,,
Timur Ender,Candace Avalos,Doug Clove,Loretta Smith,Jamie Dunphy,Cayle Tern
Terrence Hayes,Michael (Mike) Sands,Steph Routh,Cayle Tern,Joe Allen,David Linn
Candace Avalos,Cayle Tern,Timur Ender,,,
Candace Avalos,,,,,
Noah Ernst,Deian Salazar,Joe Furi,,,
Jamie Dunphy,Loretta Smith,Steph Routh,Terrence Hayes,,
Joe Allen,Deian Salazar,Michael (Mike) Sands,Joe Furi,,
Deian Salazar,Steph Routh,,,,
Loretta Smith,Terrence Hayes,,,,
Candace Avalos,Cayle Tern,Timur Ender,,,
Loretta Smith,Candace Avalos,,,,
Joe Allen,,,,,
Peggy Sue Owens,Loretta Smith,Jamie Dunphy,Candace Avalos,Deian Salazar,Joe Allen
Thomas Shervey,Cayle Tern,,,,
Timur Ender,David Linn,Doug Clove,Deian Salazar,Steph Routh,Jamie Dunphy
Candace Avalos,Loretta Smith,Jamie Dunphy,,,
Loretta Smith,Steph Routh,,,,
Candace Avalos,Jamie Dunphy,Steph Routh,Timur Ender,,
Candace Avalos,Jamie Dunphy,Steph Routh,Thomas Shervey,Noah Ernst,David Linn
Noah Ernst,Loretta Smith,Terrence Hayes,Steph Routh,Joe Allen,Deian Salazar
Jamie Dunphy,Candace Avalos,Steph Routh,,,
Jamie Dunphy,Steph Routh,,,,
Noah Ernst,Candace Avalos,Jamie Dunphy,,,
Noah Ernst,Joe Furi,David Linn,Thomas Shervey,Doug Clove,Joe Allen
Timur Ender,Terrence Hayes,Steph Routh,Loretta Smith,Cayle Tern,Candace Avalos
Candace Avalos,Jamie Dunphy,Steph Routh,,,
Noah Ernst,Doug Clove,Joe Allen,Deian Salazar,,
Deian Salazar,Cayle Tern,Timur Ender,Steph Routh,Jamie Dunphy,Noah Ernst
Doug Clove,Joe Furi,Steph Routh,Noah Ernst,Joe Allen,Candace Avalos
,,,,,
Jamie Dunphy,Candace Avalos,Steph Routh,Noah Ernst,David Linn,Loretta Smith
Candace Avalos,Jamie Dunphy,Steph Routh,Timur Ender,Terrence Hayes,Deian Salazar
Candace Avalos,Timur Ender,Steph Routh,Cayle Tern,,
Candace Avalos,Steph Routh,Timur Ender,,,
Loretta Smith,,,,,
Terrence Hayes,Noah Ernst,Joe Furi,Deian Salazar,Doug Clove,Write-in-120
Cayle Tern,Loretta Smith,Steph Routh,David Linn,,
Candace Avalos,Timur Ender,Loretta Smith,Steph Routh,Cayle Tern,Terrence Hayes
Loretta Smith,Steph Routh,Timur Ender,Jamie Dunphy,,
Timur Ender,Candace Avalos,,,,
Loretta Smith,Candace Avalos,Terrence Hayes,David Linn,Cayle Tern,Joe Furi
Jamie Dunphy,Terrence Hayes,Noah Ernst,Loretta Smith,,
Steph Routh,Peggy Sue Owens,Doug Clove,Joe Furi,Loretta Smith,Thomas Shervey
Thomas Shervey,Terrence Hayes,Doug Clove,Deian Salazar,Noah Ernst,Michael (Mike) Sands
Joe Allen,Joe Furi,Doug Clove,Peggy Sue Owens,David Linn,Noah Ernst
Terrence Hayes,Noah Ernst,Candace Avalos,,,
Timur Ender,Cayle Tern,Candace Avalos,,,
Timur Ender,Loretta Smith,Candace Avalos,Thomas Shervey,,
,,,,,
Timur Ender,Noah Ernst,,,,
Steph Routh,Candace Avalos,Timur Ender,,,
Loretta Smith,,,,,
Candace Avalos,Steph Routh,Timur Ender,David Linn,Jamie Dunphy,
Timur Ender,Doug Clove,Joe Allen,Terrence Hayes,Michael (Mike) Sands,Thomas Shervey
Steph Routh,Noah Ernst,Cayle Tern,Joe Furi,Loretta Smith,Terrence Hayes
Terrence Hayes,Candace Avalos,Cayle Tern,Deian Salazar,Steph Routh,Jamie Dunphy
Steph Routh,Candace Avalos,Timur Ender,Jamie Dunphy,,
Loretta Smith,Steph Routh,,,,
Joe Allen,Doug Clove,,,,
Terrence Hayes,Steph Routh,Timur Ender,Noah Ernst,Loretta Smith,Doug Clove
Timur Ender,,,,,
Candace Avalos,Peggy Sue Owens,Deian Salazar,Jamie Dunphy,Doug Clove,David Linn
Noah Ernst,Timur Ender,Candace Avalos,,,
Doug Clove,Terrence Hayes,Cayle Tern,Joe Furi,Timur Ender,Noah Ernst
Loretta Smith,Candace Avalos,Write-in-120,,,
Thomas Shervey,Loretta Smith,,,,
Doug Clove,,,,,
Terrence Hayes,Steph Routh,Joe Allen,,,
Candace Avalos,Timur Ender,Cayle Tern,Michael (Mike) Sands,Terrence Hayes,Steph Routh
Doug Clove,Loretta Smith,Peggy Sue Owens,,,
Noah Ernst,Doug Clove,Timur Ender,Peggy Sue Owens,Michael (Mike) Sands,Candace Avalos
Terrence Hayes,Candace Avalos,Timur Ender,Loretta Smith,Michael (Mike) Sands,Steph Routh
Jamie Dunphy,Michael (Mike) Sands,Joe Furi,Steph Routh,Doug Clove,Thomas Shervey
Candace Avalos,Cayle Tern,Timur Ender,,,
Candace Avalos,Timur Ender,Loretta Smith,Steph Routh,Terrence Hayes,
Joe Furi,,,,,
Noah Ernst,Jamie Dunphy,Loretta Smith,,,
Noah Ernst,Doug Clove,Jamie Dunphy,,,
Jamie Dunphy,Candace Avalos,Cayle Tern,Timur Ender,,
Michael (Mike) Sands,Deian Salazar,Steph Routh,,,
Joe Allen,Michael (Mike) Sands,Thomas Shervey,Steph Routh,David Linn,Doug Clove
Candace Avalos,Cayle Tern,Timur Ender,,,
Noah Ernst,Terrence Hayes,Steph Routh,,,
Noah Ernst,Terrence Hayes,Joe Furi,Loretta Smith,Doug Clove,
Candace Avalos,Jamie Dunphy,Noah Ernst,Steph Routh,,
Candace Avalos,Cayle Tern,Timur Ender,,,
Noah Ernst,Peggy Sue Owens,Michael (Mike) Sands,,,
Loretta Smith,,,,,
Doug Clove,Deian Salazar,Terrence Hayes,Timur Ender,Joe Furi,David Linn
Steph Routh,Candace Avalos,Jamie Dunphy,,,
Terrence Hayes,David Linn,Doug Clove,Michael (Mike) Sands,Jamie Dunphy,Thomas Shervey
Candace Avalos,Michael (Mike) Sands,Steph Routh,Jamie Dunphy,Terrence Hayes,Loretta Smith
Steph Routh,Terrence Hayes,Noah Ernst,Doug Clove,Deian Salazar,Thomas Shervey
Jamie Dunphy,Candace Avalos,Steph Routh,Noah Ernst,David Linn,Loretta Smith
Candace Avalos,Terrence Hayes,David Linn,Noah Ernst,Steph Routh,Michael (Mike) Sands
Steph Routh,Doug Clove,Loretta Smith,Terrence Hayes,Noah Ernst,David Linn
Loretta Smith,Candace Avalos,Steph Routh,Jamie Dunphy,Terrence Hayes,
Candace Avalos,Cayle Tern,Steph Routh,Timur Ender,Jamie Dunphy,
Timur Ender,Steph Routh,,,,
Doug Clove,Michael (Mike) Sands,Joe Furi,,,
Michael (Mike) Sands,Loretta Smith,Candace Avalos,Steph Routh,David Linn,Cayle Tern
Noah Ernst,David Linn,Thomas Shervey,Loretta Smith,Steph Routh,Terrence Hayes
Cayle Tern,Loretta Smith,Timur Ender,,,
David Linn,Steph Routh,Loretta Smith,Candace Avalos,,
Noah Ernst,Joe Allen,Deian Salazar,,,
Candace Avalos,Cayle Tern,Steph Routh,Jamie Dunphy,,
Cayle Tern,Peggy Sue Owens,Loretta Smith,,,
Thomas Shervey,,,,,
Noah Ernst,Loretta Smith,Candace Avalos,,,
Steph Routh,Candace Avalos,Loretta Smith,,,
Candace Avalos,Steph Routh,Timur Ender,,,
Noah Ernst,Doug Clove,Jamie Dunphy,Thomas Shervey,Michael (Mike) Sands,Joe Allen
Candace Avalos,Steph Routh,Timur Ender,Jamie Dunphy,Loretta Smith,Cayle Tern
Peggy Sue Owens,Noah Ernst,Steph Routh,Candace Avalos,Timur Ender,Joe Furi
Loretta Smith,,,,,
Jamie Dunphy,Steph Routh,,,,
Timur Ender,Loretta Smith,Terrence Hayes,,,
Noah Ernst,Thomas Shervey,David Linn,,,
Terrence Hayes,Loretta Smith,Candace Avalos,Jamie Dunphy,Steph Routh,Timur Ender
Candace Avalos,Timur Ender,Jamie Dunphy,Doug Clove,Steph Routh,David Linn
Peggy Sue Owens,Jamie Dunphy,Doug Clove,,,
Candace Avalos,Cayle Tern,Timur Ender,Terrence Hayes,,
Jamie Dunphy,Candace Avalos,Steph Routh,,,
Candace Avalos,Jamie Dunphy,Cayle Tern,Timur Ender,,
Loretta Smith,Terrence Hayes,Michael (Mike) Sands,Doug Clove,Joe Allen,Noah Ernst
Jamie Dunphy,Candace Avalos,Steph Routh,,,
Candace Avalos,Cayle Tern,Steph Routh,,,
Terrence Hayes,Steph Routh,Cayle Tern,,,
Jamie Dunphy,Timur Ender,Cayle Tern,Doug Clove,David Linn,Thomas Shervey
Loretta Smith,Jamie Dunphy,Steph Routh,Timur Ender,Candace Avalos,Terrence Hayes
Candace Avalos,Terrence Hayes,Michael (Mike) Sands,Timur Ender,David Linn,Steph Routh
Steph Routh,Terrence Hayes,Loretta Smith,Timur Ender,Candace Avalos,
Timur Ender,Candace Avalos,Doug Clove,David Linn,Joe Allen,Steph Routh
Terrence Hayes,,,,,
Candace Avalos,Terrence Hayes,Steph Routh,Timur Ender,Cayle Tern,Jamie Dunphy
Candace Avalos,Cayle Tern,Timur Ender,,,
Candace Avalos,Timur Ender,Steph Routh,Cayle Tern,Jamie Dunphy,David Linn
Candace Avalos,,,,,
Loretta Smith,Timur Ender,Cayle Tern,Jamie Dunphy,Steph Routh,Candace Avalos
Terrence Hayes,Steph Routh,Jamie Dunphy,,,
Candace Avalos,Jamie Dunphy,Steph Routh,Timur Ender,,
Steph Routh,Timur Ender,Jamie Dunphy,Candace Avalos,Cayle Tern,
Loretta Smith,,,,,
Noah Ernst,,,,,
Loretta Smith,Jamie Dunphy,Terrence Hayes,Timur Ender,Steph Routh,Candace Avalos
Loretta Smith,,,,,
Candace Avalos,Steph Routh,Timur Ender,Jamie Dunphy,,
Candace Avalos,Timur Ender,Cayle Tern,Steph Routh,Jamie Dunphy,David Linn
Thomas Shervey,Jamie Dunphy,Loretta Smith,Doug Clove,David Linn,Timur Ender
Loretta Smith,Steph Routh,Timur Ender,Jamie Dunphy,Noah Ernst,Candace Avalos
Timur Ender,Jamie Dunphy,Candace Avalos,Steph Routh,Cayle Tern,David Linn
Jamie Dunphy,,,,,
Loretta Smith,Cayle Tern,Terrence Hayes,Deian Salazar,Steph Routh,Jamie Dunphy
Peggy Sue Owens,Timur Ender,Noah Ernst,Candace Avalos,Joe Allen,David Linn
Candace Avalos,Steph Routh,Timur Ender,Jamie Dunphy,Cayle Tern,Michael (Mike) Sands
Loretta Smith,,,,,
David Linn,,,,,
Terrence Hayes,Joe Furi,Candace Avalos,Loretta Smith,Peggy Sue Owens,Noah Ernst
Loretta Smith,Doug Clove,Deian Salazar,,,
Candace Avalos,Steph Routh,Timur Ender,David Linn,Jamie Dunphy,Cayle Tern
Terrence Hayes,Noah Ernst,Timur Ender,Doug Clove,Steph Routh,Joe Allen
Steph Routh,Candace Avalos,Jamie Dunphy,,,
Loretta Smith,Jamie Dunphy,David Linn,,,
Joe Furi,David Linn,Loretta Smith,Doug Clove,Candace Avalos,Terrence Hayes
Noah Ernst,Thomas Shervey,Terrence Hayes,,,
Terrence Hayes,David Linn,Jamie Dunphy,Steph Routh,,
Timur Ender,Steph Routh,Candace Avalos,Jamie Dunphy,David Linn,Terrence Hayes
Jamie Dunphy,Candace Avalos,Steph Routh,Noah Ernst,David Linn,Loretta Smith
Steph Routh,Terrence Hayes,Loretta Smith,Jamie Dunphy,Deian Salazar,Cayle Tern
Peggy Sue Owens,Candace Avalos,Cayle Tern,Loretta Smith,Steph Routh,Jamie Dunphy
Terrence Hayes,Loretta Smith,Candace Avalos,David Linn,Steph Routh,Deian Salazar
Loretta Smith,Timur Ender,Jamie Dunphy,Candace Avalos,Steph Routh,Deian Salazar
Timur Ender,Jamie Dunphy,Steph Routh,Candace Avalos,Noah Ernst,David Linn
Steph Routh,Jamie Dunphy,Candace Avalos,Timur Ender,,
Steph Routh,Timur Ender,Michael (Mike) Sands,Terrence Hayes,Peggy Sue Owens,Loretta Smith
Candace Avalos,Jamie Dunphy,Steph Routh,,,
Jamie Dunphy,Timur Ender,Candace Avalos,Terrence Hayes,Cayle Tern,Thomas Shervey
Loretta Smith,Terrence Hayes,Candace Avalos,Noah Ernst,Doug Clove,Deian Salazar
Timur Ender,Jamie Dunphy,Steph Routh,Candace Avalos,,
Loretta Smith,Candace Avalos,Peggy Sue Owens,Jamie Dunphy,Noah Ernst,Cayle Tern
Candace Avalos,Steph Routh,Timur Ender,Cayle Tern,,
Loretta Smith,Terrence Hayes,Cayle Tern,Steph Routh,Jamie Dunphy,Candace Avalos
Doug Clove,David Linn,Noah Ernst,Michael (Mike) Sands,,
Loretta Smith,,,,,
Noah Ernst,Doug Clove,Deian Salazar,Cayle Tern,,
Jamie Dunphy,Candace Avalos,Terrence Hayes,Steph Routh,Loretta Smith,Cayle Tern
Candace Avalos,Jamie Dunphy,Thomas Shervey,Steph Routh,Loretta Smith,Terrence Hayes
Jamie Dunphy,Candace Avalos,Steph Routh,Terrence Hayes,Noah Ernst,David Linn
Noah Ernst,,,,,
Jamie Dunphy,Steph Routh,Candace Avalos,Timur Ender,Loretta Smith,David Linn
Candace Avalos,Loretta Smith,Timur Ender,Doug Clove,Jamie Dunphy,Steph Routh
Loretta Smith,Candace Avalos,Terrence Hayes,,,
Noah Ernst,Terrence Hayes,Joe Furi,Loretta Smith,Doug Clove,
Deian Salazar,,,,,
Candace Avalos,Steph Routh,Timur Ender,Jamie Dunphy,Loretta Smith,
Loretta Smith,David Linn,Joe Furi,Jamie Dunphy,,
Timur Ender,Candace Avalos,Jamie Dunphy,Steph Routh,Cayle Tern,
David Linn,Loretta Smith,Timur Ender,Steph Routh,Jamie Dunphy,Terrence Hayes
Michael (Mike) Sands,Jamie Dunphy,Timur Ender,Steph Routh,David Linn,Loretta Smith
Loretta Smith,Terrence Hayes,Steph Routh,,,
Candace Avalos,Loretta Smith,Terrence Hayes,David Linn,Timur Ender,Jamie Dunphy
Loretta Smith,Steph Routh,Candace Avalos,Timur Ender,Noah Ernst,
Terrence Hayes,Steph Routh,Loretta Smith,Michael (Mike) Sands,Jamie Dunphy,Candace Avalos
Terrence Hayes,Noah Ernst,Doug Clove,,,
Loretta Smith,Terrence Hayes,Deian Salazar,Timur Ender,Candace Avalos,Michael (Mike) Sands
Terrence Hayes,Steph Routh,Jamie Dunphy,Noah Ernst,Timur Ender,Loretta Smith
Loretta Smith,Timur Ender,Terrence Hayes,Steph Routh,Candace Avalos,Jamie Dunphy
Jamie Dunphy,Candace Avalos,Steph Routh,Timur Ender,,
Candace Avalos,Loretta Smith,,,,
Steph Routh,Timur Ender,Jamie Dunphy,Candace Avalos,Cayle Tern,David Linn
Noah Ernst,Terrence Hayes,,,,
Candace Avalos,Noah Ernst,Peggy Sue Owens,Joe Furi,Loretta Smith,Steph Routh
Jamie Dunphy,Steph Routh,Terrence Hayes,Thomas Shervey,Loretta Smith,Deian Salazar
Candace Avalos,Jamie Dunphy,Timur Ender,Steph Routh,,
Candace Avalos,,,,,
Loretta Smith,,,,,
Loretta Smith,,,,,
Doug Clove,Noah Ernst,,,,
Terrence Hayes,Steph Routh,Timur Ender,Candace Avalos,Noah Ernst,Loretta Smith
Doug Clove,Thomas Shervey,Peggy Sue Owens,Candace Avalos,Jamie Dunphy,David Linn
Noah Ernst,Terrence Hayes,Deian Salazar,Joe Furi,Doug Clove,Loretta Smith
Candace Avalos,Timur Ender,Steph Routh,Jamie Dunphy,Cayle Tern,David Linn
Terrence Hayes,Noah Ernst,Candace Avalos,,,
Jamie Dunphy,Candace Avalos,Steph Routh,Noah Ernst,David Linn,Loretta Smith
Jamie Dunphy,Candace Avalos,Timur Ender,David Linn,,
Noah Ernst,Terrence Hayes,Loretta Smith,Jamie Dunphy,Peggy Sue Owens,
Steph Routh,Candace Avalos,Jamie Dunphy,Loretta Smith,David Linn,Cayle Tern
Candace Avalos,Noah Ernst,,,,
Steph Routh,Candace Avalos,Loretta Smith,Terrence Hayes,,
Candace Avalos,Timur Ender,Steph Routh,Cayle Tern,Loretta Smith,David Linn
Candace Avalos,Cayle Tern,Timur Ender,,,
Cayle Tern,Candace Avalos,Terrence Hayes,Loretta Smith,Doug Clove,Joe Allen
Peggy Sue Owens,Noah Ernst,David Linn,Thomas Shervey,Joe Furi,Steph Routh
Doug Clove,Deian Salazar,Thomas Shervey,Steph Routh,Cayle Tern,Joe Allen
Terrence Hayes,,,,,
Noah Ernst,Joe Allen,Deian Salazar,Peggy Sue Owens,Steph Routh,Write-in-120
Terrence Hayes,,,,,
Steph Routh,Jamie Dunphy,Candace Avalos,,,
Noah Ernst,Doug Clove,Deian Salazar,,,
Candace Avalos,,,,,
Jamie Dunphy,Candace Avalos,Steph Routh,Noah Ernst,David Linn,Loretta Smith
Timur Ender,Candace Avalos,Loretta Smith,,,
Candace Avalos,Deian Salazar,Joe Furi,Cayle Tern,Timur Ender,Loretta Smith
Candace Avalos,Loretta Smith,,,,
David Linn,Steph Routh,Terrence Hayes,Loretta Smith,Timur Ender,
Loretta Smith,,,,,
Terrence Hayes,Candace Avalos,Deian Salazar,Noah Ernst,Jamie Dunphy,Timur Ender
Terrence Hayes,Thomas Shervey,Joe Allen,Michael (Mike) Sands,Deian Salazar,Doug Clove
Steph Routh,,,,,
Timur Ender,Candace Avalos,Loretta Smith,Steph Routh,,
Steph Routh,Jamie Dunphy,Candace Avalos,Loretta Smith,Terrence Hayes,Timur Ender
Noah Ernst,Doug Clove,Thomas Shervey,Steph Routh,Michael (Mike) Sands,Jamie Dunphy
Noah Ernst,,,,,
Timur Ender,Steph Routh,Jamie Dunphy,Candace Avalos,David Linn,Joe Furi
Peggy Sue Owens,Candace Avalos,Doug Clove,David Linn,Terrence Hayes,Jamie Dunphy
Jamie Dunphy,,,,,
Timur Ender,Candace Avalos,Cayle Tern,Michael (Mike) Sands,Terrence Hayes,Jamie Dunphy
Loretta Smith,Doug Clove,Jamie Dunphy,Timur Ender,Steph Routh,Deian Salazar
Candace Avalos,Terrence Hayes,Thomas Shervey,Loretta Smith,Steph Routh,Doug Clove
Steph Routh,Deian Salazar,Noah Ernst,,,
Candace Avalos,Peggy Sue Owens,Cayle Tern,Deian Salazar,Loretta Smith,Jamie Dunphy
Timur Ender,Joe Allen,Doug Clove,Deian Salazar,Thomas Shervey,Jamie Dunphy
Candace Avalos,Timur Ender,Steph Routh,Jamie Dunphy,Cayle Tern,David Linn
Noah Ernst,Loretta Smith,Terrence Hayes,,,
Terrence Hayes,,,,,
Michael (Mike) Sands,Loretta Smith,Deian Salazar,,,
Michael (Mike) Sands,Noah Ernst,Doug Clove,Loretta Smith,Candace Avalos,
Candace Avalos,Steph Routh,Timur Ender,Jamie Dunphy,,
Thomas Shervey,David Linn,Loretta Smith,,,
Candace Avalos,David Linn,Timur Ender,Loretta Smith,Steph Routh,Jamie Dunphy
Loretta Smith,,,,,
Timur Ender,Terrence Hayes,Peggy Sue Owens,Michael (Mike) Sands,Jamie Dunphy,Loretta Smith
Timur Ender,Candace Avalos,Cayle Tern,Jamie Dunphy,Steph Routh,Loretta Smith
Steph Routh,Loretta Smith,Timur Ender,David Linn,,
Timur Ender,David Linn,Jamie Dunphy,Steph Routh,Terrence Hayes,Loretta Smith
Timur Ender,David Linn,Michael (Mike) Sands,Doug Clove,Joe Allen,Noah Ernst
Jamie Dunphy,Steph Routh,David Linn,Candace Avalos,Timur Ender,
Steph Routh,Candace Avalos,Terrence Hayes,Timur Ender,Jamie Dunphy,
Jamie Dunphy,Loretta Smith,Candace Avalos,,,
Noah Ernst,Deian Salazar,Doug Clove,,,
Loretta Smith,,,,,
Terrence Hayes,Steph Routh,Noah Ernst,,,
Candace Avalos,Joe Allen,Michael (Mike) Sands,Deian Salazar,Loretta Smith,Steph Routh
Timur Ender,Candace Avalos,Cayle Tern,Loretta Smith,,
Candace Avalos,Jamie Dunphy,Steph Routh,,,
Candace Avalos,Timur Ender,Cayle Tern,Steph Routh,David Linn,Jamie Dunphy
Candace Avalos,,,,,
Thomas Shervey,David Linn,Candace Avalos,Timur Ender,Terrence Hayes,Noah Ernst
Jamie Dunphy,Candace Avalos,Steph Routh,,,
Terrence Hayes,Loretta Smith,Doug Clove,Michael (Mike) Sands,Joe Allen,Noah Ernst
Loretta Smith,Terrence Hayes,Candace Avalos,Jamie Dunphy,Timur Ender,
Steph Routh,Terrence Hayes,Loretta Smith,,,
Noah Ernst,Loretta Smith,Timur Ender,Terrence Hayes,Steph Routh,Deian Salazar
Steph Routh,Terrence Hayes,Candace Avalos,Cayle Tern,Timur Ender,Jamie Dunphy
Joe Allen,Jamie Dunphy,Terrence Hayes,,,
Jamie Dunphy,Steph Routh,Candace Avalos,Loretta Smith,Timur Ender,Noah Ernst
David Linn,Candace Avalos,Doug Clove,Steph Routh,Cayle Tern,Loretta Smith
Doug Clove,Steph Routh,Jamie Dunphy,,,
Noah Ernst,Doug Clove,,,,
Loretta Smith,Doug Clove,Jamie Dunphy,Candace Avalos,Michael (Mike) Sands,Peggy Sue Owens
Doug Clove,Joe Furi,,,,
Noah Ernst,Joe Allen,,,,
Jamie Dunphy,Candace Avalos,Steph Routh,Noah Ernst,David Linn,Loretta Smith
Terrence Hayes,Steph Routh,Loretta Smith,Joe Furi,Thomas Shervey,Candace Avalos
Timur Ender,Terrence Hayes,Jamie Dunphy,David Linn,Noah Ernst,Candace Avalos
Jamie Dunphy,Cayle Tern,David Linn,Candace Avalos,Timur Ender,Steph Routh
Deian Salazar,Jamie Dunphy,Joe Furi,Joe Allen,,
David Linn,Steph Routh,Jamie Dunphy,Timur Ender,Cayle Tern,Doug Clove
Jamie Dunphy,Candace Avalos,Thomas Shervey,Steph Routh,Doug Clove,Cayle Tern
Steph Routh,Jamie Dunphy,Candace Avalos,,,
Joe Allen,,,,,
Timur Ender,Loretta Smith,Candace Avalos,Terrence Hayes,Joe Allen,Jamie Dunphy
Timur Ender,Doug Clove,Joe Furi,,,
Doug Clove,Peggy Sue Owens,Jamie Dunphy,Cayle Tern,,
Timur Ender,Loretta Smith,Steph Routh,Terrence Hayes,Michael (Mike) Sands,Candace Avalos
Terrence Hayes,Noah Ernst,,,,
Candace Avalos,Steph Routh,Timur Ender,,,
Cayle Tern,David Linn,Jamie Dunphy,Timur Ender,Candace Avalos,Steph Routh
Peggy Sue Owens,Joe Allen,Michael (Mike) Sands,Doug Clove,Loretta Smith,Jamie Dunphy
Jamie Dunphy,Steph Routh,Candace Avalos,Noah Ernst,Loretta Smith,
Loretta Smith,Steph Routh,Candace Avalos,Noah Ernst,Terrence Hayes,Timur Ender
Steph Routh,Jamie Dunphy,Loretta Smith,Michael (Mike) Sands,David Linn,
Timur Ender,Cayle Tern,David Linn,,,
Jamie Dunphy,Candace Avalos,Steph Routh,,,
Terrence Hayes,Loretta Smith,Steph Routh,Thomas Shervey,Jamie Dunphy,Candace Avalos
Doug Clove,Joe Allen,Noah Ernst,Michael (Mike) Sands,Terrence Hayes,Thomas Shervey
Candace Avalos,Steph Routh,Noah Ernst,Jamie Dunphy,Doug Clove,
Timur Ender,Cayle Tern,Candace Avalos,,,
Terrence Hayes,Steph Routh,Candace Avalos,Cayle Tern,Jamie Dunphy,David Linn
Noah Ernst,,,,,
Jamie Dunphy,David Linn,Candace Avalos,,,
Steph Routh,Jamie Dunphy,Loretta Smith,,,
Loretta Smith,,,,,
David Linn,Doug Clove,Terrence Hayes,,,
Candace Avalos,Terrence Hayes,Jamie Dunphy,Timur Ender,Steph Routh,Deian Salazar
Noah Ernst,,,,,
Candace Avalos,Cayle Tern,Timur Ender,,,
Steph Routh,Peggy Sue Owens,,,,
Terrence Hayes,Noah Ernst,Doug Clove,,,
Candace Avalos,Cayle Tern,Timur Ender,Jamie Dunphy,Steph Routh,David Linn
Peggy Sue Owens,Jamie Dunphy,Joe Furi,Deian Salazar,Thomas Shervey,Terrence Hayes
Terrence Hayes,,,,,
Loretta Smith,Steph Routh,Terrence Hayes,,,
Candace Avalos,Loretta Smith,Cayle Tern,Doug Clove,Deian Salazar,Michael (Mike) Sands
Steph Routh,David Linn,Candace Avalos,Loretta Smith,Terrence Hayes,
Loretta Smith,Terrence Hayes,,,,
David Linn,Doug Clove,Terrence Hayes,Jamie Dunphy,,
Jamie Dunphy,Timur Ender,Steph Routh,David Linn,,
Peggy Sue Owens,Loretta Smith,Steph Routh,Thomas Shervey,Joe Furi,Cayle Tern
Jamie Dunphy,Timur Ender,,,,
Candace Avalos,,,,,
Candace Avalos,Timur Ender,Terrence Hayes,David Linn,Steph Routh,Jamie Dunphy
Loretta Smith,Terrence Hayes,Jamie Dunphy,,,
Timur Ender,Loretta Smith,Steph Routh,Candace Avalos,Terrence Hayes,Jamie Dunphy
Jamie Dunphy,Candace Avalos,Steph Routh,David Linn,Loretta Smith,
Candace Avalos,Timur Ender,Cayle Tern,Steph Routh,David Linn,Jamie Dunphy
Michael (Mike) Sands,Loretta Smith,,,,
,,,,,
Timur Ender,Candace Avalos,Terrence Hayes,Steph Routh,Jamie Dunphy,
Terrence Hayes,Jamie Dunphy,Timur Ender,Noah Ernst,,
Candace Avalos,Timur Ender,David Linn,Cayle Tern,Steph Routh,Jamie Dunphy
Timur Ender,Jamie Dunphy,Steph Routh,David Linn,Michael (Mike) Sands,Candace Avalos
Steph Routh,Terrence Hayes,Jamie Dunphy,Candace Avalos,Joe Allen,
David Linn,Loretta Smith,Steph Routh,Terrence Hayes,Timur Ender,Jamie Dunphy
Timur Ender,Jamie Dunphy,Noah Ernst,,,
Loretta Smith,Candace Avalos,Steph Routh,Michael (Mike) Sands,Terrence Hayes,Deian Salazar
Terrence Hayes,Loretta Smith,David Linn,Deian Salazar,,
Loretta Smith,David Linn,Joe Furi,Jamie Dunphy,,
Candace Avalos,Timur Ender,Deian Salazar,Terrence Hayes,Steph Routh,
Jamie Dunphy,Steph Routh,Peggy Sue Owens,Loretta Smith,Joe Furi,Doug Clove
Joe Allen,,,,,
Loretta Smith,Terrence Hayes,Candace Avalos,,,
Terrence Hayes,Loretta Smith,Noah Ernst,,,
Loretta Smith,Terrence Hayes,Steph Routh,Jamie Dunphy,Deian Salazar,Noah Ernst
Timur Ender,Candace Avalos,Steph Routh,Jamie Dunphy,Deian Salazar,
Terrence Hayes,Noah Ernst,Candace Avalos,David Linn,Timur Ender,Steph Routh
Noah Ernst,Deian Salazar,Candace Avalos,,,
Jamie Dunphy,,,,,
Terrence Hayes,Candace Avalos,,,,
David Linn,Jamie Dunphy,Steph Routh,Timur Ender,Candace Avalos,
Candace Avalos,Steph Routh,Timur Ender,,,
Steph Routh,Timur Ender,Loretta Smith,Candace Avalos,Jamie Dunphy,Cayle Tern
Loretta Smith,,,,,
Timur Ender,David Linn,Candace Avalos,Cayle Tern,Loretta Smith,Steph Routh
Candace Avalos,Cayle Tern,Jamie Dunphy,Steph Routh,Timur Ender,David Linn
Loretta Smith,Terrence Hayes,Candace Avalos,Timur Ender,,
Noah Ernst,Doug Clove,Deian Salazar,Joe Furi,Terrence Hayes,
Timur Ender,Jamie Dunphy,Loretta Smith,Terrence Hayes,Deian Salazar,David Linn
Jamie Dunphy,Steph Routh,Candace Avalos,Loretta Smith,Terrence Hayes,Cayle Tern
David Linn,Doug Clove,Michael (Mike) Sands,Write-in-120,Write-in-121,Write-in-122
Peggy Sue Owens,,,,,
Loretta Smith,Candace Avalos,,,,
Doug Clove,,,,,
Loretta Smith,Steph Routh,,,,
Noah Ernst,Doug Clove,Steph Routh,Terrence Hayes,,
Joe Allen,Michael (Mike) Sands,Thomas Shervey,Cayle Tern,Timur Ender,David Linn
Loretta Smith,Peggy Sue Owens,Candace Avalos,Terrence Hayes,Noah Ernst,Deian Salazar
Jamie Dunphy,,,,,
Candace Avalos,Cayle Tern,Steph Routh,Timur Ender,Loretta Smith,Jamie Dunphy
Candace Avalos,Steph Routh,Loretta Smith,Terrence Hayes,Jamie Dunphy,
Jamie Dunphy,Cayle Tern,David Linn,Timur Ender,Candace Avalos,Steph Routh
Terrence Hayes,Noah Ernst,Candace Avalos,,,
Loretta Smith,Candace Avalos,David Linn,Timur Ender,Michael (Mike) Sands,Terrence Hayes
Terrence Hayes,Loretta Smith,,,,
Steph Routh,Doug Clove,Loretta Smith,Terrence Hayes,Noah Ernst,David Linn
Terrence Hayes,Noah Ernst,Timur Ender,Loretta Smith,Candace Avalos,David Linn
Steph Routh,Candace Avalos,Timur Ender,Jamie Dunphy,Cayle Tern,David Linn
Loretta Smith,Timur Ender,Steph Routh,Terrence Hayes,Jamie Dunphy,Noah Ernst
Candace Avalos,Deian Salazar,Loretta Smith,Terrence Hayes,David Linn,Peggy Sue Owens
Terrence Hayes,Steph Routh,Joe Furi,Doug Clove,,
Steph Routh,Jamie Dunphy,Loretta Smith,Candace Avalos,Joe Allen,Peggy Sue Owens
Noah Ernst,David Linn,Steph Routh,,,
David Linn,Loretta Smith,Terrence Hayes,Timur Ender,Candace Avalos,Jamie Dunphy
Jamie Dunphy,Timur Ender,Loretta Smith,Terrence Hayes,,
Timur Ender,Jamie Dunphy,Steph Routh,Candace Avalos,,
Candace Avalos,Cayle Tern,Timur Ender,Steph Routh,Jamie Dunphy,
Candace Avalos,Steph Routh,Timur Ender,Cayle Tern,Loretta Smith,Jamie Dunphy
Joe Furi,Steph Routh,Thomas Shervey,Timur Ender,Noah Ernst,
Joe Allen,,,,,
Timur Ender,Deian Salazar,Candace Avalos,Steph Routh,,
Noah Ernst,Joe Allen,David Linn,Loretta Smith,Terrence Hayes,Joe Furi
Joe Allen,,,,,
Jamie Dunphy,Candace Avalos,Timur Ender,Noah Ernst,Steph Routh,Loretta Smith
Candace Avalos,Timur Ender,Cayle Tern,Joe Furi,Loretta Smith,David Linn
Terrence Hayes,,,,,
Terrence Hayes,Timur Ender,Loretta Smith,David Linn,Cayle Tern,Candace Avalos
Noah Ernst,Peggy Sue Owens,Terrence Hayes,,,
Deian Salazar,,,,,
Terrence Hayes,Steph Routh,Jamie Dunphy,Candace Avalos,Thomas Shervey,
Doug Clove,Timur Ender,,,,
Noah Ernst,Steph Routh,Terrence Hayes,,,
Timur Ender,David Linn,Candace Avalos,Cayle Tern,Loretta Smith,Steph Routh
Loretta Smith,Peggy Sue Owens,Candace Avalos,Jamie Dunphy,Deian Salazar,Cayle Tern
Noah Ernst,Terrence Hayes,Joe Allen,,,
Loretta Smith,,,,,
Noah Ernst,Doug Clove,Deian Salazar,,,
Loretta Smith,Joe Allen,Jamie Dunphy,Timur Ender,Noah Ernst,Steph Routh
Timur Ender,Jamie Dunphy,Candace Avalos,Steph Routh,,
,,,,,
Candace Avalos,Jamie Dunphy,Doug Clove,Steph Routh,Loretta Smith,Peggy Sue Owens
Jamie Dunphy,,,,,
Jamie Dunphy,Candace Avalos,Steph Routh,,,
Candace Avalos,Cayle Tern,Timur Ender,Michael (Mike) Sands,Joe Furi,Doug Clove
Doug Clove,,,,,
Noah Ernst,Michael (Mike) Sands,Steph Routh,Terrence Hayes,Joe Allen,Jamie Dunphy
Steph Routh,Candace Avalos,Jamie Dunphy,Timur Ender,,
Steph Routh,Timur Ender,Candace Avalos,Jamie Dunphy,Loretta Smith,Noah Ernst
Candace Avalos,Steph Routh,Timur Ender,Jamie Dunphy,,
Loretta Smith,Doug Clove,Terrence Hayes,Candace Avalos,Timur Ender,Noah Ernst
Candace Avalos,Loretta Smith,Terrence Hayes,Steph Routh,Cayle Tern,David Linn
Steph Routh,Candace Avalos,Timur Ender,Jamie Dunphy,,
Candace Avalos,Terrence Hayes,Jamie Dunphy,Steph Routh,Peggy Sue Owens,Noah Ernst
Terrence Hayes,Noah Ernst,Loretta Smith,Timur Ender,Steph Routh,
Candace Avalos,Steph Routh,Timur Ender,David Linn,Jamie Dunphy,
Candace Avalos,Jamie Dunphy,Loretta Smith,Terrence Hayes,Steph Routh,
Candace Avalos,Joe Furi,Cayle Tern,Loretta Smith,Thomas Shervey,Jamie Dunphy
Steph Routh,Candace Avalos,Timur Ender,Jamie Dunphy,Loretta Smith,David Linn
Jamie Dunphy,Loretta Smith,Steph Routh,,,
Timur Ender,Candace Avalos,Thomas Shervey,Terrence Hayes,Steph Routh,Jamie Dunphy
Noah Ernst,Cayle Tern,Joe Furi,Steph Routh,Terrence Hayes,Deian Salazar
Candace Avalos,Steph Routh,Timur Ender,Jamie Dunphy,,
Noah Ernst,Terrence Hayes,Joe Furi,Loretta Smith,Doug Clove,
Steph Routh,David Linn,Terrence Hayes,Loretta Smith,,
Noah Ernst,Joe Allen,Deian Salazar,,,
Deian Salazar,Doug Clove,Noah Ernst,Joe Allen,Michael (Mike) Sands,Terrence Hayes
Loretta Smith,Terrence Hayes,Steph Routh,Candace Avalos,David Linn,Timur Ender
Loretta Smith,Jamie Dunphy,Terrence Hayes,Timur Ender,Candace Avalos,Cayle Tern
Doug Clove,Noah Ernst,Joe Allen,Thomas Shervey,Terrence Hayes,Steph Routh
Terrence Hayes,Loretta Smith,Candace Avalos,Doug Clove,Deian Salazar,Steph Routh
Candace Avalos,Cayle Tern,Timur Ender,,,
Loretta Smith,,,,,
Jamie Dunphy,Loretta Smith,Steph Routh,Timur Ender,Candace Avalos,Cayle Tern
Timur Ender,Steph Routh,Terrence Hayes,Loretta Smith,Candace Avalos,
Noah Ernst,,,,,
Candace Avalos,Steph Routh,Jamie Dunphy,Timur Ender,Loretta Smith,David Linn
Steph Routh,Jamie Dunphy,,,,
Doug Clove,,,,,
Terrence Hayes,,,,,
Jamie Dunphy,Candace Avalos,Steph Routh,Noah Ernst,David Linn,
Loretta Smith,Steph Routh,Timur Ender,Candace Avalos,Cayle Tern,Deian Salazar
Loretta Smith,Terrence Hayes,Jamie Dunphy,Noah Ernst,Doug Clove,
,,,,,
Timur Ender,Candace Avalos,Michael (Mike) Sands,Loretta Smith,Jamie Dunphy,Terrence Hayes
Jamie Dunphy,Candace Avalos,Steph Routh,Loretta Smith,,
Steph Routh,Jamie Dunphy,Candace Avalos,David Linn,,
Jamie Dunphy,Candace Avalos,Steph Routh,Noah Ernst,David Linn,
David Linn,,,,,
Doug Clove,Candace Avalos,,,,
Loretta Smith,Steph Routh,Candace Avalos,Deian Salazar,Terrence Hayes,Jamie Dunphy
Joe Allen,,,,,
Candace Avalos,Steph Routh,Loretta Smith,Terrence Hayes,Jamie Dunphy,Timur Ender
Noah Ernst,Jamie Dunphy,Candace Avalos,,,
Steph Routh,Timur Ender,Candace Avalos,Jamie Dunphy,,
Candace Avalos,Timur Ender,Steph Routh,Jamie Dunphy,Cayle Tern,David Linn
Steph Routh,Jamie Dunphy,Loretta Smith,Terrence Hayes,Candace Avalos,Timur Ender
Loretta Smith,Terrence Hayes,Jamie Dunphy,Deian Salazar,Candace Avalos,Steph Routh
Loretta Smith,,,,,
Candace Avalos,Steph Routh,Jamie Dunphy,Timur Ender,,
Terrence Hayes,Steph Routh,David Linn,Michael (Mike) Sands,Jamie Dunphy,Candace Avalos
Steph Routh,Candace Avalos,Jamie Dunphy,,,
Terrence Hayes,Steph Routh,Jamie Dunphy,Timur Ender,Loretta Smith,Noah Ernst
Jamie Dunphy,Candace Avalos,Steph Routh,,,
Loretta Smith,Jamie Dunphy,Steph Routh,Terrence Hayes,Timur Ender,Candace Avalos
Loretta Smith,Terrence Hayes,Steph Routh,Jamie Dunphy,Doug Clove,Candace Avalos
Noah Ernst,Peggy Sue Owens,Candace Avalos,Timur Ender,David Linn,Joe Allen
Peggy Sue Owens,Timur Ender,Noah Ernst,Candace Avalos,Joe Allen,David Linn
Jamie Dunphy,Loretta Smith,,,,
Loretta Smith,Doug Clove,Joe Allen,Steph Routh,Peggy Sue Owens,David Linn
Cayle Tern,Thomas Shervey,Peggy Sue Owens,,,
Loretta Smith,Timur Ender,Candace Avalos,David Linn,Cayle Tern,Michael (Mike) Sands
Candace Avalos,Jamie Dunphy,David Linn,Loretta Smith,Steph Routh,Terrence Hayes
Thomas Shervey,Terrence Hayes,Steph Routh,,,
Timur Ender,Candace Avalos,Cayle Tern,Loretta Smith,Doug Clove,Michael (Mike) Sands
Cayle Tern,,,,,
Jamie Dunphy,Steph Routh,,,,
Steph Routh,Candace Avalos,Timur Ender,Jamie Dunphy,Loretta Smith,Noah Ernst
Candace Avalos,Loretta Smith,Steph Routh,David Linn,Timur Ender,Joe Furi
Peggy Sue Owens,,,,,
Jamie Dunphy,Loretta Smith,Terrence Hayes,,,
Timur Ender,Steph Routh,Candace Avalos,Cayle Tern,,
Jamie Dunphy,Candace Avalos,Steph Routh,,,
Timur Ender,David Linn,Terrence Hayes,Cayle Tern,Noah Ernst,Candace Avalos
Loretta Smith,Steph Routh,Timur Ender,Terrence Hayes,David Linn,
Jamie Dunphy,Candace Avalos,Steph Routh,,,
Peggy Sue Owens,Thomas Shervey,Candace Avalos,Doug Clove,Michael (Mike) Sands,Steph Routh
Deian Salazar,Noah Ernst,Loretta Smith,Jamie Dunphy,David Linn,Doug Clove
Candace Avalos,Timur Ender,Steph Routh,Jamie Dunphy,Noah Ernst,Loretta Smith
Thomas Shervey,Doug Clove,Joe Furi,,,
Noah Ernst,Steph Routh,Jamie Dunphy,Cayle Tern,Candace Avalos,Thomas Shervey
Loretta Smith,Timur Ender,Steph Routh,Candace Avalos,,
Candace Avalos,Timur Ender,Jamie Dunphy,Steph Routh,,
Noah Ernst,Jamie Dunphy,Michael (Mike) Sands,,,
Timur Ender,Candace Avalos,Cayle Tern,Jamie Dunphy,Steph Routh,Terrence Hayes
Candace Avalos,Loretta Smith,Terrence Hayes,Steph Routh,Joe Furi,Joe Allen
Loretta Smith,Michael (Mike) Sands,,,,
Jamie Dunphy,Timur Ender,Candace Avalos,Terrence Hayes,Thomas Shervey,Deian Salazar
Noah Ernst,Terrence Hayes,Joe Furi,Loretta Smith,Doug Clove,
Candace Avalos,Noah Ernst,Peggy Sue Owens,Deian Salazar,Loretta Smith,Steph Routh
Joe Allen,Noah Ernst,Doug Clove,,,
Steph Routh,Candace Avalos,Terrence Hayes,Noah Ernst,David Linn,Michael (Mike) Sands
,,,,,
Cayle Tern,Steph Routh,Timur Ender,Noah Ernst,,
Jamie Dunphy,Candace Avalos,Steph Routh,Noah Ernst,David Linn,Loretta Smith
Jamie Dunphy,Candace Avalos,Steph Routh,Terrence Hayes,Noah Ernst,Timur Ender
David Linn,Candace Avalos,Timur Ender,,,
David Linn,Loretta Smith,Cayle Tern,Doug Clove,Timur Ender,Steph Routh
Candace Avalos,,,,,
Candace Avalos,Steph Routh,Jamie Dunphy,David Linn,Cayle Tern,Timur Ender
Steph Routh,Jamie Dunphy,Timur Ender,Terrence Hayes,Loretta Smith,Candace Avalos
Timur Ender,Loretta Smith,Candace Avalos,David Linn,Terrence Hayes,Steph Routh
Noah Ernst,Candace Avalos,Steph Routh,Jamie Dunphy,Timur Ender,Terrence Hayes
Candace Avalos,Timur Ender,Steph Routh,Cayle Tern,,
Candace Avalos,Cayle Tern,Timur Ender,,,
Terrence Hayes,Loretta Smith,Jamie Dunphy,,,
Peggy Sue Owens,Joe Allen,David Linn,Michael (Mike) Sands,Thomas Shervey,Steph Routh
Candace Avalos,Loretta Smith,Steph Routh,,,
Candace Avalos,Timur Ender,Loretta Smith,Jamie Dunphy,Terrence Hayes,Steph Routh
Candace Avalos,Noah Ernst,Deian Salazar,,,
Terrence Hayes,Candace Avalos,Loretta Smith,,,
Jamie Dunphy,Candace Avalos,Steph Routh,,,
Candace Avalos,Deian Salazar,Peggy Sue Owens,Noah Ernst,David Linn,Loretta Smith
Loretta Smith,Jamie Dunphy,David Linn,Candace Avalos,,
Candace Avalos,Timur Ender,Steph Routh,Jamie Dunphy,Cayle Tern,David Linn
Candace Avalos,Cayle Tern,Timur Ender,Terrence Hayes,Steph Routh,
Deian Salazar,Michael (Mike) Sands,Thomas Shervey,Steph Routh,Jamie Dunphy,Terrence Hayes
Timur Ender,Doug Clove,Candace Avalos,Cayle Tern,Thomas Shervey,
Terrence Hayes,Candace Avalos,Jamie Dunphy,Timur Ender,,
Loretta Smith,Terrence Hayes,Timur Ender,,,
Steph Routh,Candace Avalos,David Linn,Doug Clove,Timur Ender,Thomas Shervey
Noah Ernst,Terrence Hayes,Steph Routh,David Linn,Cayle Tern,
Timur Ender,Steph Routh,Candace Avalos,Jamie Dunphy,David Linn,Cayle Tern
Thomas Shervey,Michael (Mike) Sands,Peggy Sue Owens,Joe Allen,Loretta Smith,Candace Avalos
Candace Avalos,,,,,
Steph Routh,Timur Ender,David Linn,Candace Avalos,Deian Salazar,Jamie Dunphy
Candace Avalos,Noah Ernst,Timur Ender,Terrence Hayes,Steph Routh,Jamie Dunphy
Jamie Dunphy,Steph Routh,Candace Avalos,Timur Ender,Loretta Smith,Doug Clove
Noah Ernst,,,,,
Loretta Smith,,,,,
Candace Avalos,Timur Ender,Steph Routh,,,
Peggy Sue Owens,Noah Ernst,Michael (Mike) Sands,Loretta Smith,Candace Avalos,Jamie Dunphy
Terrence Hayes,Loretta Smith,Steph Routh,Jamie Dunphy,,
Candace Avalos,Steph Routh,Timur Ender,,,
Jamie Dunphy,Candace Avalos,Steph Routh,David Linn,Loretta Smith,Deian Salazar
Loretta Smith,,,,,
Candace Avalos,Loretta Smith,Terrence Hayes,Cayle Tern,,
Candace Avalos,Steph Routh,Timur Ender,Cayle Tern,David Linn,
Candace Avalos,Terrence Hayes,Deian Salazar,Timur Ender,Steph Routh,Noah Ernst
Loretta Smith,,,,,
David Linn,,,,,
Terrence Hayes,Noah Ernst,Joe Furi,Loretta Smith,Doug Clove,
Loretta Smith,Terrence Hayes,Candace Avalos,,,
Joe Allen,Michael (Mike) Sands,Loretta Smith,Terrence Hayes,Jamie Dunphy,Cayle Tern
Deian Salazar,Doug Clove,Noah Ernst,Joe Allen,Michael (Mike) Sands,Terrence Hayes
Candace Avalos,Steph Routh,Loretta Smith,Terrence Hayes,Cayle Tern,David Linn
Candace Avalos,Steph Routh,,,,
Noah Ernst,Terrence Hayes,Joe Furi,Loretta Smith,Doug Clove,
Candace Avalos,Loretta Smith,Thomas Shervey,Steph Routh,,
Loretta Smith,Noah Ernst,Deian Salazar,Terrence Hayes,Timur Ender,Candace Avalos
Candace Avalos,Steph Routh,Timur Ender,Jamie Dunphy,David Linn,
Steph Routh,Noah Ernst,,,,
Candace Avalos,Timur Ender,Cayle Tern,Jamie Dunphy,Steph Routh,Loretta Smith
Doug Clove,Terrence Hayes,,,,
Candace Avalos,Joe Allen,Loretta Smith,Jamie Dunphy,Michael (Mike) Sands,Cayle Tern
,,,,,
Timur Ender,Loretta Smith,Candace Avalos,Jamie Dunphy,Steph Routh,Terrence Hayes
Jamie Dunphy,Timur Ender,Candace Avalos,Steph Routh,Terrence Hayes,David Linn
Loretta Smith,Steph Routh,Doug Clove,Candace Avalos,David Linn,Deian Salazar
Terrence Hayes,Noah Ernst,Steph Routh,David Linn,Loretta Smith,Jamie Dunphy
Peggy Sue Owens,Terrence Hayes,Michael (Mike) Sands,Loretta Smith,Joe Allen,
David Linn,Noah Ernst,Cayle Tern,Terrence Hayes,,
Terrence Hayes,,,,,
Loretta Smith,Steph Routh,Candace Avalos,Jamie Dunphy,,
Steph Routh,Candace Avalos,Timur Ender,,,
Loretta Smith,Doug Clove,Terrence Hayes,,,
Candace Avalos,Cayle Tern,Jamie Dunphy,Deian Salazar,Steph Routh,Timur Ender
Candace Avalos,Timur Ender,Steph Routh,Jamie Dunphy,Noah Ernst,Loretta Smith
Candace Avalos,Timur Ender,Jamie Dunphy,Loretta Smith,,
Loretta Smith,Candace Avalos,Terrence Hayes,Jamie Dunphy,David Linn,Steph Routh
Michael (Mike) Sands,Candace Avalos,David Linn,,,
Loretta Smith,Terrence Hayes,Deian Salazar,Cayle Tern,Candace Avalos,Timur Ender
,,,,,
Jamie Dunphy,Candace Avalos,Timur Ender,Steph Routh,Loretta Smith,Cayle Tern
Timur Ender,Steph Routh,Jamie Dunphy,Candace Avalos,,
Loretta Smith,,,,,
Peggy Sue Owens,Candace Avalos,Cayle Tern,Loretta Smith,Joe Allen,Steph Routh
Candace Avalos,Steph Routh,Timur Ender,Jamie Dunphy,Doug Clove,Michael (Mike) Sands
Timur Ender,David Linn,Noah Ernst,Terrence Hayes,Jamie Dunphy,
Candace Avalos,Timur Ender,Steph Routh,Cayle Tern,Jamie Dunphy,
Loretta Smith,Timur Ender,Terrence Hayes,Steph Routh,,
Jamie Dunphy,Steph Routh,Loretta Smith,Candace Avalos,Timur Ender,Cayle Tern
Michael (Mike) Sands,Joe Allen,Joe Furi,Deian Salazar,Doug Clove,David Linn
Jamie Dunphy,Loretta Smith,,,,
Steph Routh,Timur Ender,David Linn,Candace Avalos,Cayle Tern,Deian Salazar
Candace Avalos,Timur Ender,Deian Salazar,,,
Steph Routh,Candace Avalos,Jamie Dunphy,,,
Jamie Dunphy,Candace Avalos,Steph Routh,Noah Ernst,David Linn,Loretta Smith
Terrence Hayes,,,,,
Doug Clove,Noah Ernst,,,,
Jamie Dunphy,Loretta Smith,Steph Routh,Terrence Hayes,Deian Salazar,Timur Ender
Peggy Sue Owens,,,,,
Noah Ernst,,,,,
Joe Furi,Michael (Mike) Sands,,,,
Peggy Sue Owens,David Linn,Joe Furi,Noah Ernst,Jamie Dunphy,Loretta Smith
Timur Ender,Loretta Smith,Terrence Hayes,Steph Routh,Jamie Dunphy,Thomas Shervey
Peggy Sue Owens,Thomas Shervey,Jamie Dunphy,Cayle Tern,Michael (Mike) Sands,Noah Ernst
Candace Avalos,Timur Ender,Steph Routh,,,
Timur Ender,Loretta Smith,Terrence Hayes,,,
Cayle Tern,Terrence Hayes,Joe Allen,,,
Terrence Hayes,Noah Ernst,Steph Routh,Candace Avalos,Loretta Smith,Jamie Dunphy
Timur Ender,Noah Ernst,Loretta Smith,,,
Deian Salazar,Candace Avalos,Loretta Smith,Steph Routh,David Linn,Joe Furi
Jamie Dunphy,Steph Routh,Timur Ender,,,
Candace Avalos,Timur Ender,David Linn,Steph Routh,Jamie Dunphy,
Candace Avalos,Cayle Tern,Timur Ender,,,
Peggy Sue Owens,Deian Salazar,Joe Allen,Timur Ender,Steph Routh,Michael (Mike) Sands
Steph Routh,Loretta Smith,Terrence Hayes,,,
Candace Avalos,Jamie Dunphy,,,,
Loretta Smith,David Linn,Terrence Hayes,Candace Avalos,Timur Ender,Noah Ernst
Doug Clove,,,,,
Loretta Smith,Terrence Hayes,Noah Ernst,Candace Avalos,Timur Ender,Doug Clove
Jamie Dunphy,Timur Ender,Candace Avalos,Steph Routh,David Linn,Noah Ernst
Timur Ender,Candace Avalos,David Linn,Terrence Hayes,Loretta Smith,Steph Routh
Steph Routh,Loretta Smith,Terrence Hayes,Noah Ernst,Joe Furi,Deian Salazar
Terrence Hayes,Noah Ernst,Deian Salazar,,,
Noah Ernst,Timur Ender,Terrence Hayes,,,
Terrence Hayes,Noah Ernst,Joe Furi,Loretta Smith,Doug Clove,Write-in-120
Candace Avalos,Noah Ernst,Timur Ender,Joe Furi,Cayle Tern,Loretta Smith
Steph Routh,Terrence Hayes,Jamie Dunphy,David Linn,Timur Ender,Candace Avalos
Thomas Shervey,David Linn,Candace Avalos,Peggy Sue Owens,Loretta Smith,Cayle Tern
Candace Avalos,Loretta Smith,Terrence Hayes,,,
Loretta Smith,Steph Routh,Jamie Dunphy,Terrence Hayes,David Linn,Timur Ender
Loretta Smith,Steph Routh,Jamie Dunphy,Doug Clove,Timur Ender,Candace Avalos
Terrence Hayes,Steph Routh,Candace Avalos,David Linn,Doug Clove,Cayle Tern
Peggy Sue Owens,Timur Ender,Noah Ernst,Candace Avalos,Joe Allen,David Linn
Steph Routh,Loretta Smith,,,,
Loretta Smith,Timur Ender,Joe Allen,Cayle Tern,Terrence Hayes,Jamie Dunphy
Loretta Smith,Deian Salazar,,,,
Timur Ender,Noah Ernst,David Linn,Deian Salazar,Terrence Hayes,Jamie Dunphy
Candace Avalos,Timur Ender,Steph Routh,Jamie Dunphy,Cayle Tern,David Linn
Candace Avalos,Steph Routh,David Linn,,,
Loretta Smith,Timur Ender,Noah Ernst,Cayle Tern,Doug Clove,Steph Routh
David Linn,,,,,
Jamie Dunphy,Candace Avalos,Cayle Tern,Joe Furi,Steph Routh,
Timur Ender,,,,,
Joe Allen,,,,,
Candace Avalos,Cayle Tern,Timur Ender,,,
Timur Ender,Peggy Sue Owens,Joe Allen,Doug Clove,,
Doug Clove,Candace Avalos,Loretta Smith,Joe Allen,Noah Ernst,
Loretta Smith,,,,,
Loretta Smith,Michael (Mike) Sands,David Linn,Noah Ernst,,
David Linn,Noah Ernst,Candace Avalos,Michael (Mike) Sands,Steph Routh,Jamie Dunphy
Terrence Hayes,Loretta Smith,Deian Salazar,Doug Clove,,
Jamie Dunphy,Steph Routh,Timur Ender,Cayle Tern,Loretta Smith,David Linn
Candace Avalos,,,,,
Steph Routh,Michael (Mike) Sands,Terrence Hayes,Jamie Dunphy,Timur Ender,Cayle Tern
Candace Avalos,Jamie Dunphy,Steph Routh,Timur Ender,Loretta Smith,Cayle Tern
Loretta Smith,David Linn,Terrence Hayes,Steph Routh,Doug Clove,Candace Avalos
Candace Avalos,David Linn,Joe Allen,Terrence Hayes,Doug Clove,Deian Salazar
Candace Avalos,Steph Routh,Timur Ender,Jamie Dunphy,,
Candace Avalos,Cayle Tern,Timur Ender,,,
Steph Routh,Timur Ender,Noah Ernst,Loretta Smith,Candace Avalos,Terrence Hayes
Timur Ender,Noah Ernst,Terrence Hayes,,,
Noah Ernst,Candace Avalos,Joe Allen,David Linn,Cayle Tern,Doug Clove
Deian Salazar,,,,,
Candace Avalos,Steph Routh,Timur Ender,Jamie Dunphy,,
Candace Avalos,Steph Routh,Timur Ender,Jamie Dunphy,,
Joe Allen,,,,,
Joe Allen,Cayle Tern,Michael (Mike) Sands,,,
Jamie Dunphy,Candace Avalos,Steph Routh,Noah Ernst,,
Noah Ernst,Candace Avalos,David Linn,Loretta Smith,Terrence Hayes,Steph Routh
Candace Avalos,,,,,
Loretta Smith,,,,,
Peggy Sue Owens,,,,,
Loretta Smith,,,,,
Terrence Hayes,Loretta Smith,Noah Ernst,,,
Loretta Smith,Steph Routh,Candace Avalos,,,
Jamie Dunphy,Candace Avalos,David Linn,Deian Salazar,Loretta Smith,Steph Routh
Steph Routh,Timur Ender,Jamie Dunphy,Candace Avalos,David Linn,Terrence Hayes
Jamie Dunphy,Candace Avalos,Steph Routh,Loretta Smith,Terrence Hayes,Timur Ender
Jamie Dunphy,,,,,
Steph Routh,Jamie Dunphy,Candace Avalos,Timur Ender,Terrence Hayes,
Steph Routh,,,,,
Timur Ender,Steph Routh,Candace Avalos,Cayle Tern,David Linn,
Jamie Dunphy,Candace Avalos,Timur Ender,Cayle Tern,David Linn,Steph Routh
Candace Avalos,Jamie Dunphy,Timur Ender,,,
Peggy Sue Owens,Cayle Tern,,,,
Candace Avalos,Steph Routh,Timur Ender,Loretta Smith,Jamie Dunphy,Terrence Hayes
Doug Clove,Steph Routh,Noah Ernst,,,
Candace Avalos,Terrence Hayes,,,,
Loretta Smith,Terrence Hayes,,,,
Loretta Smith,Michael (Mike) Sands,Deian Salazar,Steph Routh,Timur Ender,David Linn
Terrence Hayes,,,,,
Jamie Dunphy,Steph Routh,Candace Avalos,,,
Candace Avalos,Cayle Tern,Loretta Smith,,,
Terrence Hayes,Loretta Smith,,,,
Candace Avalos,,,,,
Loretta Smith,Cayle Tern,,,,
Loretta Smith,,,,,
Michael (Mike) Sands,Doug Clove,Deian Salazar,Noah Ernst,Joe Allen,Jamie Dunphy
Candace Avalos,Steph Routh,Jamie Dunphy,Timur Ender,,
Timur Ender,Candace Avalos,Cayle Tern,Doug Clove,Steph Routh,Jamie Dunphy
Steph Routh,Joe Furi,Timur Ender,Deian Salazar,Candace Avalos,Write-in-120
Doug Clove,Noah Ernst,Terrence Hayes,,,
Candace Avalos,Jamie Dunphy,Timur Ender,Thomas Shervey,David Linn,Steph Routh
Doug Clove,Joe Allen,,,,
Jamie Dunphy,Steph Routh,Timur Ender,Candace Avalos,Terrence Hayes,
Jamie Dunphy,Steph Routh,Candace Avalos,,,
Jamie Dunphy,Steph Routh,Noah Ernst,,,
Loretta Smith,Terrence Hayes,Jamie Dunphy,,,
Loretta Smith,Terrence Hayes,Candace Avalos,Deian Salazar,Doug Clove,Timur Ender
Steph Routh,Loretta Smith,Joe Furi,Noah Ernst,Timur Ender,David Linn
Timur Ender,Doug Clove,Terrence Hayes,,,
Jamie Dunphy,,,,,
David Linn,Timur Ender,Peggy Sue Owens,Doug Clove,Deian Salazar,Write-in-120
Terrence Hayes,,,,,
Steph Routh,Terrence Hayes,,,,
Candace Avalos,Steph Routh,Timur Ender,,,
Timur Ender,Noah Ernst,Joe Furi,,,
Candace Avalos,Cayle Tern,Timur Ender,,,
Jamie Dunphy,Candace Avalos,Timur Ender,Loretta Smith,,
Timur Ender,Candace Avalos,Cayle Tern,Loretta Smith,Steph Routh,Jamie Dunphy
Steph Routh,David Linn,Candace Avalos,Loretta Smith,Terrence Hayes,
Candace Avalos,Steph Routh,Jamie Dunphy,Timur Ender,,
Doug Clove,Noah Ernst,Peggy Sue Owens,Steph Routh,David Linn,Cayle Tern
Candace Avalos,Cayle Tern,Timur Ender,,,
Deian Salazar,Cayle Tern,Terrence Hayes,,,
Candace Avalos,Steph Routh,Timur Ender,Jamie Dunphy,David Linn,Cayle Tern
Joe Allen,Terrence Hayes,David Linn,Doug Clove,Deian Salazar,
Jamie Dunphy,Candace Avalos,Steph Routh,,,
Michael (Mike) Sands,Thomas Shervey,Joe Allen,,,
Candace Avalos,Jamie Dunphy,Noah Ernst,Loretta Smith,,
Noah Ernst,Terrence Hayes,Joe Furi,Loretta Smith,Doug Clove,
Candace Avalos,Steph Routh,Timur Ender,Jamie Dunphy,,
Jamie Dunphy,Candace Avalos,Steph Routh,Timur Ender,,
Noah Ernst,Terrence Hayes,Joe Furi,Loretta Smith,Doug Clove,
Candace Avalos,Cayle Tern,Timur Ender,,,
Jamie Dunphy,Candace Avalos,Loretta Smith,,,
Timur Ender,Noah Ernst,Candace Avalos,Cayle Tern,Joe Furi,Deian Salazar
Noah Ernst,Terrence Hayes,Joe Furi,Loretta Smith,Doug Clove,
Jamie Dunphy,Steph Routh,Candace Avalos,,,
Doug Clove,Deian Salazar,Thomas Shervey,Steph Routh,Cayle Tern,Joe Allen
Cayle Tern,,,,,
Doug Clove,,,,,
Noah Ernst,Loretta Smith,Terrence Hayes,Jamie Dunphy,Timur Ender,
Terrence Hayes,Loretta Smith,Steph Routh,,,
Loretta Smith,Michael (Mike) Sands,Terrence Hayes,Joe Allen,David Linn,Peggy Sue Owens
Jamie Dunphy,Timur Ender,Steph Routh,Candace Avalos,,
David Linn,,,,,
Loretta Smith,Jamie Dunphy,Steph Routh,Timur Ender,Candace Avalos,
Candace Avalos,Steph Routh,Timur Ender,,,
Terrence Hayes,Deian Salazar,David Linn,Candace Avalos,Joe Furi,Jamie Dunphy
Jamie Dunphy,Candace Avalos,Steph Routh,,,
David Linn,Doug Clove,Cayle Tern,Joe Furi,Deian Salazar,Peggy Sue Owens
Steph Routh,Doug Clove,Candace Avalos,,,
Loretta Smith,Terrence Hayes,Candace Avalos,Noah Ernst,,
Candace Avalos,Loretta Smith,Timur Ender,Jamie Dunphy,Joe Allen,Steph Routh
Terrence Hayes,Candace Avalos,Timur Ender,,,
Candace Avalos,Jamie Dunphy,Steph Routh,,,
Jamie Dunphy,Steph Routh,Timur Ender,Candace Avalos,,
Jamie Dunphy,Noah Ernst,David Linn,Steph Routh,,
Candace Avalos,Steph Routh,Loretta Smith,Jamie Dunphy,Timur Ender,Terrence Hayes
Candace Avalos,Jamie Dunphy,Steph Routh,,,
Jamie Dunphy,Candace Avalos,Steph Routh,,,
Candace Avalos,David Linn,Cayle Tern,,,
Candace Avalos,Terrence Hayes,Steph Routh,Loretta Smith,Cayle Tern,Peggy Sue Owens
Noah Ernst,David Linn,Doug Clove,Michael (Mike) Sands,Joe Furi,Joe Allen
Terrence Hayes,Loretta Smith,Steph Routh,Cayle Tern,Candace Avalos,Jamie Dunphy
Noah Ernst,Joe Allen,Loretta Smith,Deian Salazar,,
Loretta Smith,Jamie Dunphy,Steph Routh,Joe Allen,David Linn,Timur Ender
Loretta Smith,Joe Furi,Candace Avalos,,,
Loretta Smith,Jamie Dunphy,Steph Routh,,,
Deian Salazar,Steph Routh,,,,
Terrence Hayes,Jamie Dunphy,Loretta Smith,Steph Routh,Doug Clove,Noah Ernst
Loretta Smith,Candace Avalos,Terrence Hayes,Doug Clove,Steph Routh,Michael (Mike) Sands
Candace Avalos,Jamie Dunphy,Timur Ender,Cayle Tern,Steph Routh,Joe Furi
,,,,,
Candace Avalos,Steph Routh,Timur Ender,Jamie Dunphy,,
Noah Ernst,Jamie Dunphy,Terrence Hayes,Michael (Mike) Sands,Doug Clove,Joe Allen
,,,,,
Terrence Hayes,,,,,
Timur Ender,,,,,
Steph Routh,Candace Avalos,Loretta Smith,David Linn,Jamie Dunphy,
,,,,,
Timur Ender,,,,,
Noah Ernst,,,,,
Candace Avalos,Cayle Tern,Jamie Dunphy,Steph Routh,Deian Salazar,
Loretta Smith,Candace Avalos,Steph Routh,Timur Ender,Jamie Dunphy,Noah Ernst
Terrence Hayes,Candace Avalos,Cayle Tern,Timur Ender,Joe Allen,Steph Routh
Joe Allen,David Linn,Deian Salazar,,,
,,,,,
Jamie Dunphy,Steph Routh,Candace Avalos,Cayle Tern,Thomas Shervey,Michael (Mike) Sands
David Linn,,,,,
Candace Avalos,Cayle Tern,Timur Ender,Jamie Dunphy,Steph Routh,David Linn
Doug Clove,,,,,
,,,,,
Candace Avalos,Doug Clove,Deian Salazar,Loretta Smith,Steph Routh,Jamie Dunphy
Noah Ernst,Joe Allen,Terrence Hayes,Thomas Shervey,Joe Furi,Doug Clove
Jamie Dunphy,,,,,
Noah Ernst,Candace Avalos,,,,
Loretta Smith,Deian Salazar,Thomas Shervey,,,
Doug Clove,Terrence Hayes,,,,
Timur Ender,Candace Avalos,Deian Salazar,Steph Routh,Cayle Tern,Terrence Hayes
Noah Ernst,,,,,
Doug Clove,Noah Ernst,,,,
Noah Ernst,,,,,
Jamie Dunphy,Candace Avalos,Steph Routh,Loretta Smith,Timur Ender,Cayle Tern
Candace Avalos,Steph Routh,Jamie Dunphy,Timur Ender,,
Noah Ernst,Terrence Hayes,Loretta Smith,,,
Timur Ender,Steph Routh,Jamie Dunphy,Candace Avalos,Terrence Hayes,Deian Salazar
Noah Ernst,Doug Clove,Loretta Smith,Terrence Hayes,Jamie Dunphy,Thomas Shervey
Candace Avalos,Timur Ender,Steph Routh,Jamie Dunphy,Cayle Tern,David Linn
Loretta Smith,David Linn,Terrence Hayes,Steph Routh,Noah Ernst,Cayle Tern
Noah Ernst,Steph Routh,Terrence Hayes,,,
Candace Avalos,Steph Routh,Timur Ender,,,
Candace Avalos,Jamie Dunphy,Timur Ender,Joe Allen,Doug Clove,
Jamie Dunphy,Candace Avalos,Timur Ender,Steph Routh,,
Peggy Sue Owens,,,,,
Jamie Dunphy,Candace Avalos,Steph Routh,David Linn,Noah Ernst,
,,,,,
Loretta Smith,Peggy Sue Owens,Candace Avalos,Joe Furi,Steph Routh,Jamie Dunphy
Peggy Sue Owens,David Linn,Joe Furi,Loretta Smith,Steph Routh,
Steph Routh,Loretta Smith,Terrence Hayes,Candace Avalos,Cayle Tern,Timur Ender
Jamie Dunphy,,,,,
Write-in-120,Write-in-121,Peggy Sue Owens,,,
Loretta Smith,Terrence Hayes,Steph Routh,Jamie Dunphy,,
Candace Avalos,Jamie Dunphy,Steph Routh,,,
Timur Ender,David Linn,Steph Routh,Jamie Dunphy,Cayle Tern,Candace Avalos
Terrence Hayes,,,,,
Deian Salazar,Thomas Shervey,Terrence Hayes,,,
Loretta Smith,Joe Allen,Doug Clove,Steph Routh,Noah Ernst,
Doug Clove,Noah Ernst,Cayle Tern,Peggy Sue Owens,Deian Salazar,Joe Furi
Timur Ender,Michael (Mike) Sands,Terrence Hayes,Steph Routh,Candace Avalos,Loretta Smith
Candace Avalos,Steph Routh,,,,
Steph Routh,Candace Avalos,Timur Ender,Jamie Dunphy,David Linn,Cayle Tern
Candace Avalos,Jamie Dunphy,Steph Routh,,,
Loretta Smith,Steph Routh,Candace Avalos,Terrence Hayes,Thomas Shervey,Timur Ender
,,,,,
Steph Routh,Terrence Hayes,Noah Ernst,,,
Steph Routh,Terrence Hayes,Jamie Dunphy,Joe Allen,Candace Avalos,Doug Clove
Doug Clove,Michael (Mike) Sands,Noah Ernst,Joe Allen,Loretta Smith,Jamie Dunphy
Michael (Mike) Sands,David Linn,Loretta Smith,Deian Salazar,Peggy Sue Owens,Cayle Tern
Candace Avalos,,,,,
Steph Routh,Jamie Dunphy,Timur Ender,Candace Avalos,Loretta Smith,Terrence Hayes
Noah Ernst,,,,,
Candace Avalos,Timur Ender,Cayle Tern,,,
Steph Routh,Candace Avalos,Terrence Hayes,,,
Loretta Smith,,,,,
Terrence Hayes,Jamie Dunphy,Timur Ender,Candace Avalos,Loretta Smith,Thomas Shervey
Candace Avalos,Steph Routh,David Linn,Michael (Mike) Sands,Thomas Shervey,Cayle Tern
Candace Avalos,Deian Salazar,Peggy Sue Owens,Terrence Hayes,Joe Furi,Cayle Tern
Peggy Sue Owens,,,,,
Timur Ender,,,,,
Noah Ernst,Jamie Dunphy,Michael (Mike) Sands,Thomas Shervey,Joe Furi,
Candace Avalos,Loretta Smith,Steph Routh,,,
Loretta Smith,Terrence Hayes,Candace Avalos,Timur Ender,Michael (Mike) Sands,Steph Routh
Deian Salazar,,,,,
Candace Avalos,Loretta Smith,Terrence Hayes,Steph Routh,Timur Ender,Cayle Tern
Candace Avalos,Steph Routh,Timur Ender,,,
Steph Routh,Candace Avalos,Timur Ender,Jamie Dunphy,Cayle Tern,David Linn
Cayle Tern,Noah Ernst,Timur Ender,Jamie Dunphy,Terrence Hayes,Candace Avalos
David Linn,Timur Ender,Steph Routh,,,
Candace Avalos,Cayle Tern,Timur Ender,,,
Timur Ender,Steph Routh,Candace Avalos,,,
Peggy Sue Owens,Noah Ernst,Michael (Mike) Sands,Steph Routh,Terrence Hayes,Loretta Smith
Peggy Sue Owens,Jamie Dunphy,,,,
,,,,,
Terrence Hayes,,,,,
Candace Avalos,Cayle Tern,Timur Ender,Steph Routh,Jamie Dunphy,Loretta Smith
Terrence Hayes,Noah Ernst,Joe Furi,,,
Jamie Dunphy,Steph Routh,Candace Avalos,Terrence Hayes,Timur Ender,
Noah Ernst,Terrence Hayes,Joe Furi,Loretta Smith,Doug Clove,
Steph Routh,Loretta Smith,Timur Ender,Candace Avalos,Doug Clove,David Linn
Cayle Tern,Candace Avalos,Steph Routh,Timur Ender,Jamie Dunphy,Loretta Smith
Peggy Sue Owens,Candace Avalos,Noah Ernst,Cayle Tern,Jamie Dunphy,Michael (Mike) Sands
Timur Ender,Jamie Dunphy,Steph Routh,Candace Avalos,Doug Clove,Joe Allen
Terrence Hayes,Noah Ernst,,,,
Loretta Smith,Terrence Hayes,Deian Salazar,Michael (Mike) Sands,David Linn,Candace Avalos
Noah Ernst,,,,,
Jamie Dunphy,Doug Clove,Loretta Smith,,,
Thomas Shervey,Jamie Dunphy,Michael (Mike) Sands,David Linn,Doug Clove,Noah Ernst
Timur Ender,Candace Avalos,Michael (Mike) Sands,Cayle Tern,Steph Routh,David Linn
Loretta Smith,Deian Salazar,Steph Routh,Jamie Dunphy,,
Jamie Dunphy,Timur Ender,Steph Routh,Cayle Tern,Candace Avalos,
Doug Clove,,,,,
Michael (Mike) Sands,David Linn,Timur Ender,Candace Avalos,Loretta Smith,Terrence Hayes
Timur Ender,Loretta Smith,Jamie Dunphy,Steph Routh,Candace Avalos,
Loretta Smith,Candace Avalos,,,,
Candace Avalos,Cayle Tern,Timur Ender,,,
Candace Avalos,Terrence Hayes,Cayle Tern,Deian Salazar,Jamie Dunphy,Thomas Shervey
Candace Avalos,Terrence Hayes,Jamie Dunphy,Timur Ender,Steph Routh,David Linn
Peggy Sue Owens,Timur Ender,Joe Allen,Joe Furi,Loretta Smith,Terrence Hayes
Noah Ernst,Loretta Smith,Terrence Hayes,Steph Routh,,
Candace Avalos,Timur Ender,Steph Routh,Cayle Tern,Jamie Dunphy,David Linn
Candace Avalos,Loretta Smith,Steph Routh,Jamie Dunphy,Terrence Hayes,David Linn
Candace Avalos,Steph Routh,Terrence Hayes,Thomas Shervey,Deian Salazar,
Michael (Mike) Sands,Jamie Dunphy,Cayle Tern,Timur Ender,Candace Avalos,
Loretta Smith,Timur Ender,Terrence Hayes,David Linn,,
Doug Clove,,,,,
Noah Ernst,,,,,
Steph Routh,Timur Ender,Candace Avalos,Jamie Dunphy,David Linn,Cayle Tern
Steph Routh,Candace Avalos,Timur Ender,,,
Noah Ernst,Michael (Mike) Sands,Loretta Smith,Terrence Hayes,Doug Clove,Joe Allen
Steph Routh,Jamie Dunphy,Terrence Hayes,,,
Jamie Dunphy,Loretta Smith,Candace Avalos,Steph Routh,David Linn,Terrence Hayes
Timur Ender,Terrence Hayes,Candace Avalos,Steph Routh,Deian Salazar,Loretta Smith
Steph Routh,Timur Ender,Candace Avalos,Terrence Hayes,,
Steph Routh,Jamie Dunphy,Candace Avalos,,,
Candace Avalos,Steph Routh,David Linn,Timur Ender,Jamie Dunphy,Cayle Tern
Terrence Hayes,Noah Ernst,Thomas Shervey,Jamie Dunphy,Joe Allen,
Deian Salazar,,,,,
Loretta Smith,Timur Ender,Steph Routh,,,
Doug Clove,Noah Ernst,Deian Salazar,,,
Candace Avalos,Cayle Tern,Timur Ender,Steph Routh,Jamie Dunphy,David Linn
Loretta Smith,Joe Furi,Doug Clove,Cayle Tern,Peggy Sue Owens,
Candace Avalos,Joe Allen,Timur Ender,Steph Routh,Jamie Dunphy,Michael (Mike) Sands
Candace Avalos,Terrence Hayes,Loretta Smith,,,
Noah Ernst,,,,,
Steph Routh,,,,,
Joe Allen,Peggy Sue Owens,Terrence Hayes,David Linn,Cayle Tern,Noah Ernst
Joe Furi,Joe Allen,David Linn,,,
Doug Clove,Terrence Hayes,Noah Ernst,,,
Candace Avalos,Steph Routh,Timur Ender,Jamie Dunphy,,
Timur Ender,Doug Clove,Steph Routh,,,
Noah Ernst,Doug Clove,David Linn,Deian Salazar,Steph Routh,Thomas Shervey
Noah Ernst,Timur Ender,Joe Allen,Cayle Tern,Doug Clove,Loretta Smith
Candace Avalos,Jamie Dunphy,Steph Routh,Timur Ender,Cayle Tern,
Steph Routh,Candace Avalos,Loretta Smith,,,
Terrence Hayes,Loretta Smith,,,,
Doug Clove,,,,,
Terrence Hayes,Deian Salazar,Noah Ernst,Loretta Smith,Candace Avalos,Timur Ender
Jamie Dunphy,Thomas Shervey,Candace Avalos,Cayle Tern,,
Candace Avalos,Noah Ernst,Loretta Smith,Steph Routh,,
Candace Avalos,Timur Ender,Steph Routh,,,
Timur Ender,Candace Avalos,David Linn,Deian Salazar,,
Candace Avalos,Michael (Mike) Sands,Timur Ender,Loretta Smith,Steph Routh,Terrence Hayes
Jamie Dunphy,,,,,
Jamie Dunphy,Steph Routh,Terrence Hayes,Doug Clove,Joe Furi,Thomas Shervey
Timur Ender,Steph Routh,Jamie Dunphy,Candace Avalos,,
Loretta Smith,Candace Avalos,Terrence Hayes,Cayle Tern,Timur Ender,Jamie Dunphy
Timur Ender,Cayle Tern,Terrence Hayes,Noah Ernst,,
Noah Ernst,Peggy Sue Owens,David Linn,Cayle Tern,Joe Allen,Doug Clove
Joe Allen,David Linn,Terrence Hayes,,,
Joe Allen,,,,,
Candace Avalos,Timur Ender,Steph Routh,Jamie Dunphy,,
Timur Ender,Thomas Shervey,,,,
Candace Avalos,David Linn,Terrence Hayes,Jamie Dunphy,Joe Furi,Joe Allen
Noah Ernst,Doug Clove,Deian Salazar,Loretta Smith,Terrence Hayes,
Candace Avalos,Steph Routh,Timur Ender,Jamie Dunphy,Loretta Smith,Cayle Tern
Terrence Hayes,Candace Avalos,Steph Routh,,,
Jamie Dunphy,Candace Avalos,Noah Ernst,Timur Ender,Loretta Smith,David Linn
Candace Avalos,Michael (Mike) Sands,Peggy Sue Owens,Joe Allen,Jamie Dunphy,
Steph Routh,Terrence Hayes,Jamie Dunphy,Timur Ender,,
Joe Furi,Timur Ender,Steph Routh,,,
Doug Clove,Noah Ernst,Terrence Hayes,,,
Terrence Hayes,Loretta Smith,Jamie Dunphy,Candace Avalos,Timur Ender,
Cayle Tern,,,,,
Michael (Mike) Sands,Loretta Smith,Jamie Dunphy,Joe Furi,Cayle Tern,Steph Routh
Candace Avalos,Cayle Tern,Timur Ender,,,
Terrence Hayes,Steph Routh,Candace Avalos,Jamie Dunphy,Loretta Smith,Timur Ender
Candace Avalos,,,,,
Candace Avalos,Jamie Dunphy,Steph Routh,Timur Ender,Cayle Tern,David Linn
Terrence Hayes,Joe Allen,Noah Ernst,Steph Routh,Deian Salazar,Doug Clove
Candace Avalos,Steph Routh,Timur Ender,Jamie Dunphy,Cayle Tern,David Linn
Terrence Hayes,Jamie Dunphy,Loretta Smith,Steph Routh,Thomas Shervey,David Linn
Jamie Dunphy,,,,,
Jamie Dunphy,Steph Routh,Candace Avalos,,,
Candace Avalos,Steph Routh,Timur Ender,Jamie Dunphy,,
Terrence Hayes,Loretta Smith,,,,
Joe Allen,,,,,
Candace Avalos,,,,,
Jamie Dunphy,Candace Avalos,Timur Ender,Steph Routh,Terrence Hayes,
Jamie Dunphy,Candace Avalos,Timur Ender,Steph Routh,,
Steph Routh,Jamie Dunphy,Candace Avalos,,,
Loretta Smith,Cayle Tern,Candace Avalos,David Linn,Jamie Dunphy,
Peggy Sue Owens,Noah Ernst,Candace Avalos,,,
Candace Avalos,Loretta Smith,Peggy Sue Owens,Steph Routh,,
Loretta Smith,Candace Avalos,Steph Routh,,,
Peggy Sue Owens,Timur Ender,Loretta Smith,Steph Routh,Candace Avalos,Jamie Dunphy
Noah Ernst,Terrence Hayes,Joe Furi,Loretta Smith,Doug Clove,
Jamie Dunphy,Loretta Smith,Doug Clove,Noah Ernst,Terrence Hayes,Timur Ender
Jamie Dunphy,Noah Ernst,Doug Clove,Joe Furi,Timur Ender,Joe Allen
Peggy Sue Owens,Michael (Mike) Sands,Steph Routh,,,
Candace Avalos,Terrence Hayes,Thomas Shervey,Doug Clove,Cayle Tern,Timur Ender
Steph Routh,Deian Salazar,Jamie Dunphy,Terrence Hayes,Candace Avalos,Timur Ender
Terrence Hayes,,,,,
Timur Ender,Jamie Dunphy,Joe Furi,Joe Allen,Thomas Shervey,
Jamie Dunphy,,,,,
Deian Salazar,Steph Routh,Write-in-120,,,
Loretta Smith,Jamie Dunphy,Steph Routh,,,
Loretta Smith,Timur Ender,Jamie Dunphy,Doug Clove,Terrence Hayes,
Loretta Smith,Steph Routh,Timur Ender,Terrence Hayes,,
Timur Ender,Candace Avalos,Cayle Tern,,,
Timur Ender,,,,,
Timur Ender,Candace Avalos,Deian Salazar,Loretta Smith,Thomas Shervey,Jamie Dunphy
Steph Routh,Candace Avalos,Jamie Dunphy,David Linn,Cayle Tern,Deian Salazar
Timur Ender,Cayle Tern,Deian Salazar,Steph Routh,Joe Furi,David Linn
Candace Avalos,Jamie Dunphy,Timur Ender,Cayle Tern,Steph Routh,
Doug Clove,Noah Ernst,Peggy Sue Owens,Michael (Mike) Sands,Thomas Shervey,Terrence Hayes
Loretta Smith,,,,,
Terrence Hayes,Candace Avalos,Cayle Tern,Timur Ender,,
Cayle Tern,Noah Ernst,Terrence Hayes,Loretta Smith,Michael (Mike) Sands,Steph Routh
Loretta Smith,Terrence Hayes,Candace Avalos,Steph Routh,,
Peggy Sue Owens,David Linn,Cayle Tern,Candace Avalos,Jamie Dunphy,Terrence Hayes
Noah Ernst,Deian Salazar,Terrence Hayes,Jamie Dunphy,Thomas Shervey,Joe Furi
Candace Avalos,Loretta Smith,Terrence Hayes,Doug Clove,,
Candace Avalos,Michael (Mike) Sands,Loretta Smith,Terrence Hayes,Steph Routh,David Linn
Candace Avalos,Steph Routh,Timur Ender,Jamie Dunphy,David Linn,Loretta Smith
Candace Avalos,Peggy Sue Owens,Loretta Smith,,,
Loretta Smith,,,,,
Michael (Mike) Sands,Noah Ernst,,,,
Jamie Dunphy,Terrence Hayes,Thomas Shervey,Doug Clove,,
Loretta Smith,,,,,
Noah Ernst,Loretta Smith,Joe Allen,,,
Steph Routh,Jamie Dunphy,Terrence Hayes,,,
Terrence Hayes,Noah Ernst,Candace Avalos,,,
Terrence Hayes,Loretta Smith,Michael (Mike) Sands,,,
Candace Avalos,Steph Routh,Timur Ender,Jamie Dunphy,Loretta Smith,
Noah Ernst,Joe Allen,,,,
Candace Avalos,Noah Ernst,Terrence Hayes,Jamie Dunphy,Steph Routh,David Linn
Jamie Dunphy,Loretta Smith,Terrence Hayes,Deian Salazar,Timur Ender,Candace Avalos
Terrence Hayes,Noah Ernst,,,,
Timur Ender,Steph Routh,Deian Salazar,Candace Avalos,Terrence Hayes,Cayle Tern
Steph Routh,Candace Avalos,Jamie Dunphy,Timur Ender,,
Joe Allen,Cayle Tern,Doug Clove,,,
Loretta Smith,Peggy Sue Owens,David Linn,Michael (Mike) Sands,Joe Allen,Jamie Dunphy
Timur Ender,Terrence Hayes,Steph Routh,Candace Avalos,Jamie Dunphy,David Linn
Jamie Dunphy,Timur Ender,Terrence Hayes,Candace Avalos,Steph Routh,Cayle Tern
Jamie Dunphy,Steph Routh,Candace Avalos,Timur Ender,Terrence Hayes,Noah Ernst
Doug Clove,Candace Avalos,Terrence Hayes,Timur Ender,Deian Salazar,Loretta Smith
Cayle Tern,Michael (Mike) Sands,Timur Ender,Joe Allen,David Linn,Candace Avalos
Jamie Dunphy,Michael (Mike) Sands,,,,
Peggy Sue Owens,David Linn,Terrence Hayes,,,
Loretta Smith,,,,,
Terrence Hayes,Noah Ernst,Joe Allen,,,
Jamie Dunphy,Candace Avalos,Steph Routh,,,
Loretta Smith,Terrence Hayes,Cayle Tern,Deian Salazar,Candace Avalos,Timur Ender
Jamie Dunphy,Steph Routh,Candace Avalos,Terrence Hayes,David Linn,Cayle Tern
Noah Ernst,,,,,
Jamie Dunphy,Candace Avalos,Steph Routh,,,
Timur Ender,David Linn,Candace Avalos,Steph Routh,Thomas Shervey,Jamie Dunphy
Deian Salazar,Terrence Hayes,Joe Furi,David Linn,Noah Ernst,Doug Clove
Jamie Dunphy,Loretta Smith,Noah Ernst,Timur Ender,David Linn,Terrence Hayes
Candace Avalos,Timur Ender,Jamie Dunphy,Cayle Tern,Terrence Hayes,David Linn
Peggy Sue Owens,Joe Allen,,,,
Candace Avalos,,,,,
,,,,,
Candace Avalos,Timur Ender,Jamie Dunphy,Steph Routh,Cayle Tern,Terrence Hayes
Loretta Smith,,,,,
Loretta Smith,Cayle Tern,Candace Avalos,,,
Peggy Sue Owens,Michael (Mike) Sands,Jamie Dunphy,Doug Clove,Joe Allen,Joe Furi
Jamie Dunphy,Steph Routh,Candace Avalos,Noah Ernst,Terrence Hayes,David Linn
Loretta Smith,Timur Ender,Cayle Tern,Candace Avalos,Terrence Hayes,Jamie Dunphy
Candace Avalos,Terrence Hayes,Steph Routh,Timur Ender,,
Steph Routh,,,,,
Terrence Hayes,Candace Avalos,Cayle Tern,,,
Doug Clove,,,,,
Doug Clove,,,,,
Jamie Dunphy,Noah Ernst,Steph Routh,Candace Avalos,,
Loretta Smith,Timur Ender,Michael (Mike) Sands,Cayle Tern,Joe Allen,David Linn
Candace Avalos,Timur Ender,Steph Routh,Jamie Dunphy,Terrence Hayes,Cayle Tern
Loretta Smith,Steph Routh,Terrence Hayes,,,
Loretta Smith,Deian Salazar,Joe Furi,Doug Clove,,
Steph Routh,Loretta Smith,,,,
Steph Routh,Loretta Smith,Terrence Hayes,Candace Avalos,Joe Allen,Timur Ender
Timur Ender,Doug Clove,Deian Salazar,Loretta Smith,Steph Routh,Terrence Hayes
Jamie Dunphy,Terrence Hayes,David Linn,Steph Routh,Loretta Smith,
Loretta Smith,Noah Ernst,Terrence Hayes,,,
Steph Routh,Terrence Hayes,Jamie Dunphy,Candace Avalos,Loretta Smith,
Timur Ender,Candace Avalos,Steph Routh,Jamie Dunphy,,
Jamie Dunphy,Timur Ender,Candace Avalos,Cayle Tern,,
Jamie Dunphy,,,,,
Loretta Smith,Steph Routh,Terrence Hayes,Cayle Tern,Candace Avalos,Jamie Dunphy
Write-in-122,,,,,
Terrence Hayes,David Linn,Michael (Mike) Sands,,,
Candace Avalos,Timur Ender,Terrence Hayes,Jamie Dunphy,Loretta Smith,Cayle Tern
Loretta Smith,Timur Ender,Steph Routh,Noah Ernst,Terrence Hayes,Candace Avalos
Timur Ender,Michael (Mike) Sands,Jamie Dunphy,Cayle Tern,David Linn,Peggy Sue Owens
Cayle Tern,Terrence Hayes,,,,
Noah Ernst,Steph Routh,Terrence Hayes,,,
Candace Avalos,Loretta Smith,Jamie Dunphy,Cayle Tern,Joe Furi,Deian Salazar
Timur Ender,Terrence Hayes,Jamie Dunphy,Candace Avalos,David Linn,Michael (Mike) Sands
Joe Allen,,,,,
Loretta Smith,Noah Ernst,Jamie Dunphy,Candace Avalos,Steph Routh,David Linn
Candace Avalos,Noah Ernst,Michael (Mike) Sands,Jamie Dunphy,Terrence Hayes,
Peggy Sue Owens,Michael (Mike) Sands,Cayle Tern,Steph Routh,Terrence Hayes,Joe Allen
David Linn,Terrence Hayes,Candace Avalos,Timur Ender,Michael (Mike) Sands,Jamie Dunphy
Jamie Dunphy,Candace Avalos,Steph Routh,,,
Noah Ernst,Doug Clove,Joe Furi,Thomas Shervey,,
Candace Avalos,Loretta Smith,Steph Routh,Terrence Hayes,Jamie Dunphy,David Linn
Candace Avalos,Noah Ernst,,,,
Candace Avalos,Timur Ender,Steph Routh,Terrence Hayes,Loretta Smith,Cayle Tern
Doug Clove,Joe Allen,,,,
Candace Avalos,Cayle Tern,,,,
Candace Avalos,Jamie Dunphy,Steph Routh,Timur Ender,Cayle Tern,David Linn
,,,,,
Loretta Smith,Jamie Dunphy,,,,
Jamie Dunphy,Steph Routh,Candace Avalos,Timur Ender,Thomas Shervey,Joe Allen
Noah Ernst,,,,,
Loretta Smith,Candace Avalos,Timur Ender,Steph Routh,David Linn,Terrence Hayes
Timur Ender,Jamie Dunphy,Michael (Mike) Sands,Candace Avalos,Joe Furi,Steph Routh
Timur Ender,Candace Avalos,Steph Routh,Loretta Smith,Michael (Mike) Sands,Terrence Hayes
Terrence Hayes,Noah Ernst,Joe Furi,Loretta Smith,Doug Clove,Write-in-120
Loretta Smith,Terrence Hayes,Steph Routh,Candace Avalos,,
Jamie Dunphy,Noah Ernst,Joe Allen,Thomas Shervey,Terrence Hayes,Timur Ender
Jamie Dunphy,Candace Avalos,Steph Routh,David Linn,Noah Ernst,Loretta Smith
Timur Ender,Noah Ernst,Candace Avalos,Cayle Tern,Terrence Hayes,Steph Routh
,,,,,
Jamie Dunphy,Candace Avalos,Steph Routh,Noah Ernst,David Linn,Deian Salazar
Doug Clove,,,,,
Peggy Sue Owens,Candace Avalos,Loretta Smith,Steph Routh,Jamie Dunphy,Timur Ender
,,,,,
Joe Allen,David Linn,Doug Clove,Michael (Mike) Sands,Terrence Hayes,Write-in-120
Steph Routh,Candace Avalos,Jamie Dunphy,,,
Candace Avalos,Timur Ender,Steph Routh,Cayle Tern,,
Timur Ender,David Linn,Steph Routh,Joe Furi,,
Loretta Smith,Terrence Hayes,Noah Ernst,Candace Avalos,,
Loretta Smith,Terrence Hayes,Noah Ernst,Michael (Mike) Sands,,
Terrence Hayes,,,,,
Terrence Hayes,Noah Ernst,Doug Clove,,,
David Linn,Steph Routh,,,,
Terrence Hayes,Noah Ernst,Joe Furi,Loretta Smith,Doug Clove,Write-in-120
Loretta Smith,Candace Avalos,Terrence Hayes,Steph Routh,Jamie Dunphy,Deian Salazar
Candace Avalos,Steph Routh,Timur Ender,Jamie Dunphy,,
Loretta Smith,Timur Ender,Cayle Tern,Joe Allen,,
Jamie Dunphy,,,,,
Steph Routh,,,,,
Loretta Smith,Timur Ender,Candace Avalos,Terrence Hayes,Jamie Dunphy,Peggy Sue Owens
Terrence Hayes,Loretta Smith,Candace Avalos,Michael (Mike) Sands,Jamie Dunphy,Deian Salazar
Peggy Sue Owens,Timur Ender,Noah Ernst,,,
Noah Ernst,Terrence Hayes,Joe Furi,Loretta Smith,Doug Clove,
Michael (Mike) Sands,David Linn,Cayle Tern,Timur Ender,Jamie Dunphy,Noah Ernst
Cayle Tern,Joe Allen,Joe Furi,Write-in-121,Terrence Hayes,
David Linn,Loretta Smith,Terrence Hayes,,,
Loretta Smith,Candace Avalos,Steph Routh,Terrence Hayes,Cayle Tern,Timur Ender
Timur Ender,Steph Routh,Jamie Dunphy,,,
Jamie Dunphy,Candace Avalos,Steph Routh,,,
Steph Routh,Terrence Hayes,Timur Ender,Joe Furi,,
Terrence Hayes,Loretta Smith,Candace Avalos,David Linn,,
Candace Avalos,Steph Routh,Timur Ender,,,
Michael (Mike) Sands,Steph Routh,Terrence Hayes,Loretta Smith,Candace Avalos,Timur Ender
Michael (Mike) Sands,Steph Routh,Peggy Sue Owens,Timur Ender,David Linn,Loretta Smith
Peggy Sue Owens,David Linn,Joe Furi,Noah Ernst,Jamie Dunphy,Loretta Smith
Candace Avalos,Cayle Tern,Timur Ender,,,
Candace Avalos,Loretta Smith,Deian Salazar,Doug Clove,Terrence Hayes,
Candace Avalos,Michael (Mike) Sands,Timur Ender,,,
Peggy Sue Owens,Doug Clove,Noah Ernst,David Linn,Michael (Mike) Sands,Steph Routh
Loretta Smith,Steph Routh,Jamie Dunphy,Michael (Mike) Sands,,
Loretta Smith,Candace Avalos,Terrence Hayes,,,
Steph Routh,Timur Ender,Terrence Hayes,Candace Avalos,Noah Ernst,
Loretta Smith,Joe Allen,Steph Routh,Candace Avalos,,
Loretta Smith,Steph Routh,Cayle Tern,,,
Doug Clove,Timur Ender,,,,
Timur Ender,Loretta Smith,Deian Salazar,,,
Joe Allen,Noah Ernst,Joe Furi,,,
Steph Routh,,,,,
Michael (Mike) Sands,Doug Clove,Joe Furi,Candace Avalos,Noah Ernst,Timur Ender
Steph Routh,Jamie Dunphy,Loretta Smith,,,
Candace Avalos,Jamie Dunphy,Loretta Smith,Steph Routh,Timur Ender,Deian Salazar
Peggy Sue Owens,Noah Ernst,Candace Avalos,Steph Routh,Deian Salazar,Thomas Shervey
Timur Ender,Candace Avalos,Cayle Tern,Loretta Smith,Steph Routh,Jamie Dunphy
Timur Ender,Cayle Tern,Thomas Shervey,Jamie Dunphy,Joe Furi,Joe Allen
Candace Avalos,,,,,
Loretta Smith,Candace Avalos,Steph Routh,Doug Clove,,
Candace Avalos,Deian Salazar,Loretta Smith,Terrence Hayes,Joe Furi,Peggy Sue Owens
Steph Routh,,,,,
Candace Avalos,Cayle Tern,Peggy Sue Owens,Loretta Smith,Terrence Hayes,Jamie Dunphy
Loretta Smith,Steph Routh,Jamie Dunphy,Candace Avalos,Timur Ender,
Deian Salazar,Doug Clove,Timur Ender,,,
Candace Avalos,,,,,
Jamie Dunphy,Steph Routh,Doug Clove,Candace Avalos,Peggy Sue Owens,David Linn
Jamie Dunphy,Steph Routh,Cayle Tern,Candace Avalos,Timur Ender,
Loretta Smith,,,,,
Steph Routh,Candace Avalos,Cayle Tern,Thomas Shervey,Doug Clove,Jamie Dunphy
Loretta Smith,Terrence Hayes,Jamie Dunphy,Deian Salazar,Michael (Mike) Sands,Peggy Sue Owens
Candace Avalos,Timur Ender,Jamie Dunphy,Steph Routh,,
Noah Ernst,,,,,
Terrence Hayes,Loretta Smith,Candace Avalos,Deian Salazar,Steph Routh,Cayle Tern
Loretta Smith,Terrence Hayes,Noah Ernst,Deian Salazar,Doug Clove,
Candace Avalos,Loretta Smith,Steph Routh,Terrence Hayes,Jamie Dunphy,Timur Ender
Loretta Smith,Terrence Hayes,Noah Ernst,,,
Doug Clove,,,,,
Candace Avalos,Timur Ender,Steph Routh,Jamie Dunphy,Deian Salazar,
Terrence Hayes,,,,,
Steph Routh,Timur Ender,Jamie Dunphy,Terrence Hayes,David Linn,Cayle Tern
Candace Avalos,Loretta Smith,Terrence Hayes,Deian Salazar,Cayle Tern,Jamie Dunphy
Deian Salazar,Loretta Smith,Thomas Shervey,Steph Routh,Joe Furi,Cayle Tern
Joe Allen,Loretta Smith,Terrence Hayes,,,
Terrence Hayes,Candace Avalos,Jamie Dunphy,Timur Ender,David Linn,
Loretta Smith,Noah Ernst,Candace Avalos,Jamie Dunphy,Doug Clove,Timur Ender
Michael (Mike) Sands,Timur Ender,Loretta Smith,,,
Candace Avalos,Loretta Smith,Steph Routh,Michael (Mike) Sands,Terrence Hayes,Joe Allen
Jamie Dunphy,Timur Ender,Loretta Smith,Steph Routh,Cayle Tern,Candace Avalos
Noah Ernst,Doug Clove,Cayle Tern,,,
Jamie Dunphy,Candace Avalos,Steph Routh,Noah Ernst,David Linn,Loretta Smith
Candace Avalos,Steph Routh,Timur Ender,Jamie Dunphy,,
Terrence Hayes,David Linn,Deian Salazar,Doug Clove,Peggy Sue Owens,Candace Avalos
Noah Ernst,Joe Furi,Loretta Smith,Steph Routh,Doug Clove,Candace Avalos
,,,,,
Joe Furi,Joe Allen,Noah Ernst,,,
Noah Ernst,David Linn,Loretta Smith,Steph Routh,Terrence Hayes,Peggy Sue Owens
Loretta Smith,Terrence Hayes,Candace Avalos,Steph Routh,Deian Salazar,Michael (Mike) Sands
Candace Avalos,Jamie Dunphy,Timur Ender,Steph Routh,Cayle Tern,Loretta Smith
Loretta Smith,Terrence Hayes,Thomas Shervey,Deian Salazar,Noah Ernst,Peggy Sue Owens
Timur Ender,Loretta Smith,Jamie Dunphy,Steph Routh,Joe Furi,Candace Avalos
Candace Avalos,Steph Routh,Jamie Dunphy,,,
,,,,,
Doug Clove,Candace Avalos,,,,
Terrence Hayes,Timur Ender,,,,
Candace Avalos,Steph Routh,Timur Ender,Jamie Dunphy,,
Candace Avalos,Steph Routh,Timur Ender,Deian Salazar,David Linn,Terrence Hayes
Terrence Hayes,Candace Avalos,Cayle Tern,Timur Ender,Jamie Dunphy,Steph Routh
Peggy Sue Owens,Candace Avalos,Loretta Smith,Jamie Dunphy,Deian Salazar,Michael (Mike) Sands
Timur Ender,Candace Avalos,David Linn,Thomas Shervey,,
Candace Avalos,Doug Clove,,,,
Jamie Dunphy,Steph Routh,Deian Salazar,Loretta Smith,Candace Avalos,Michael (Mike) Sands
Noah Ernst,,,,,
Peggy Sue Owens,Cayle Tern,Loretta Smith,Steph Routh,Jamie Dunphy,Michael (Mike) Sands
Timur Ender,Loretta Smith,Candace Avalos,,,
Steph Routh,Timur Ender,Candace Avalos,Loretta Smith,,
Candace Avalos,Cayle Tern,Timur Ender,Jamie Dunphy,Steph Routh,David Linn
Steph Routh,,,,,
Noah Ernst,Doug Clove,Joe Allen,Thomas Shervey,Joe Furi,Terrence Hayes
Loretta Smith,,,,,
Timur Ender,Steph Routh,Loretta Smith,Candace Avalos,,
Doug Clove,,,,,
Loretta Smith,Steph Routh,Candace Avalos,Deian Salazar,Cayle Tern,Timur Ender
Loretta Smith,Terrence Hayes,,,,
Michael (Mike) Sands,Cayle Tern,Loretta Smith,,,
Cayle Tern,Loretta Smith,Candace Avalos,Steph Routh,Write-in-122,Peggy Sue Owens
Loretta Smith,Terrence Hayes,Noah Ernst,,,
Timur Ender,Candace Avalos,David Linn,Cayle Tern,Loretta Smith,Terrence Hayes
Steph Routh,Jamie Dunphy,,,,
Noah Ernst,Doug Clove,Michael (Mike) Sands,Terrence Hayes,,
Timur Ender,Candace Avalos,Jamie Dunphy,David Linn,Loretta Smith,
Terrence Hayes,Thomas Shervey,Steph Routh,Timur Ender,Candace Avalos,Deian Salazar
Candace Avalos,Timur Ender,Terrence Hayes,Steph Routh,,
Michael (Mike) Sands,Peggy Sue Owens,Noah Ernst,Joe Allen,Doug Clove,Thomas Shervey
Candace Avalos,Timur Ender,David Linn,Thomas Shervey,Cayle Tern,Loretta Smith
Timur Ender,,,,,
Peggy Sue Owens,,,,,
Doug Clove,Thomas Shervey,Timur Ender,,,
Noah Ernst,Terrence Hayes,Doug Clove,Loretta Smith,,
Candace Avalos,Cayle Tern,Steph Routh,David Linn,Jamie Dunphy,Loretta Smith
Loretta Smith,,,,,
Candace Avalos,Timur Ender,Steph Routh,Jamie Dunphy,Loretta Smith,
Candace Avalos,Steph Routh,Timur Ender,Jamie Dunphy,Cayle Tern,David Linn
Timur Ender,Candace Avalos,Cayle Tern,Steph Routh,Jamie Dunphy,
Steph Routh,Terrence Hayes,Jamie Dunphy,,,
Candace Avalos,Timur Ender,Steph Routh,Jamie Dunphy,,
Jamie Dunphy,Steph Routh,,,,
Joe Furi,,,,,
Michael (Mike) Sands,Doug Clove,Peggy Sue Owens,Joe Allen,Steph Routh,Jamie Dunphy
Noah Ernst,,,,,
Doug Clove,Timur Ender,Steph Routh,Thomas Shervey,Joe Allen,Noah Ernst
Timur Ender,Terrence Hayes,Michael (Mike) Sands,Steph Routh,,
Doug Clove,,,,,
Jamie Dunphy,Steph Routh,David Linn,Timur Ender,Loretta Smith,Candace Avalos
Candace Avalos,Timur Ender,Steph Routh,Jamie Dunphy,,
Loretta Smith,Candace Avalos,Jamie Dunphy,Doug Clove,Noah Ernst,Peggy Sue Owens
Jamie Dunphy,Steph Routh,Timur Ender,,,
Candace Avalos,Steph Routh,Timur Ender,,,
,,,,,
Loretta Smith,Noah Ernst,Candace Avalos,David Linn,Joe Furi,Thomas Shervey
Candace Avalos,Cayle Tern,Timur Ender,,,
David Linn,Terrence Hayes,Joe Allen,,,
Candace Avalos,Noah Ernst,Michael (Mike) Sands,Jamie Dunphy,Terrence Hayes,
Jamie Dunphy,Steph Routh,Noah Ernst,Candace Avalos,Terrence Hayes,
Jamie Dunphy,Candace Avalos,Steph Routh,Noah Ernst,David Linn,Loretta Smith
Terrence Hayes,Steph Routh,Doug Clove,Cayle Tern,David Linn,Deian Salazar
Jamie Dunphy,Terrence Hayes,Loretta Smith,Noah Ernst,,
Steph Routh,Thomas Shervey,Loretta Smith,,,
Doug Clove,Thomas Shervey,,,,
Jamie Dunphy,Steph Routh,Candace Avalos,Timur Ender,Cayle Tern,David Linn
Deian Salazar,Noah Ernst,Loretta Smith,Terrence Hayes,,
Candace Avalos,Terrence Hayes,Steph Routh,Loretta Smith,Joe Furi,Timur Ender
Noah Ernst,Terrence Hayes,Jamie Dunphy,,,
Noah Ernst,Terrence Hayes,Joe Furi,Loretta Smith,Doug Clove,Michael (Mike) Sands
Loretta Smith,Terrence Hayes,Timur Ender,Noah Ernst,Jamie Dunphy,Steph Routh
Joe Allen,,,,,
Peggy Sue Owens,Michael (Mike) Sands,Jamie Dunphy,Terrence Hayes,Candace Avalos,Noah Ernst
Terrence Hayes,Steph Routh,Loretta Smith,Jamie Dunphy,,
Candace Avalos,Jamie Dunphy,Cayle Tern,Timur Ender,Steph Routh,
Jamie Dunphy,Thomas Shervey,Candace Avalos,,,
Steph Routh,Peggy Sue Owens,Candace Avalos,Doug Clove,Michael (Mike) Sands,Loretta Smith
Doug Clove,Jamie Dunphy,Thomas Shervey,David Linn,Steph Routh,Cayle Tern
Noah Ernst,,,,,
Candace Avalos,Michael (Mike) Sands,David Linn,Steph Routh,,
Michael (Mike) Sands,David Linn,Loretta Smith,,,
Jamie Dunphy,Candace Avalos,Steph Routh,,,
Candace Avalos,Loretta Smith,Terrence Hayes,Doug Clove,,
Terrence Hayes,Deian Salazar,Noah Ernst,Loretta Smith,Candace Avalos,Timur Ender
,,,,,
Deian Salazar,Joe Allen,,,,
Candace Avalos,Cayle Tern,Peggy Sue Owens,Terrence Hayes,Loretta Smith,Jamie Dunphy
Doug Clove,Noah Ernst,Candace Avalos,Deian Salazar,,
Jamie Dunphy,Loretta Smith,Timur Ender,Candace Avalos,Noah Ernst,Steph Routh
Candace Avalos,Steph Routh,Timur Ender,Jamie Dunphy,,
Terrence Hayes,Loretta Smith,,,,
Candace Avalos,Steph Routh,Timur Ender,,,
,,,,,
Candace Avalos,Loretta Smith,Cayle Tern,David Linn,Terrence Hayes,Deian Salazar
Jamie Dunphy,Terrence Hayes,Steph Routh,Timur Ender,David Linn,Thomas Shervey
Doug Clove,Terrence Hayes,Noah Ernst,,,
Steph Routh,David Linn,Candace Avalos,Timur Ender,,
Candace Avalos,Jamie Dunphy,Timur Ender,Cayle Tern,Steph Routh,
Loretta Smith,Terrence Hayes,Jamie Dunphy,Timur Ender,Steph Routh,Candace Avalos
Loretta Smith,Terrence Hayes,Candace Avalos,,,
Candace Avalos,Loretta Smith,,,,
Terrence Hayes,Loretta Smith,Candace Avalos,Steph Routh,Timur Ender,
Timur Ender,Loretta Smith,David Linn,Candace Avalos,Steph Routh,Terrence Hayes
,,,,,
Noah Ernst,Cayle Tern,Loretta Smith,Joe Furi,Joe Allen,Peggy Sue Owens
Jamie Dunphy,Candace Avalos,Steph Routh,Noah Ernst,David Linn,Loretta Smith
Candace Avalos,Timur Ender,Terrence Hayes,Cayle Tern,Michael (Mike) Sands,Joe Allen
Candace Avalos,Steph Routh,Timur Ender,,,
Thomas Shervey,Steph Routh,Candace Avalos,Jamie Dunphy,,
Candace Avalos,Timur Ender,Steph Routh,Cayle Tern,Michael (Mike) Sands,
Terrence Hayes,,,,,
Timur Ender,,,,,
Candace Avalos,Cayle Tern,Jamie Dunphy,Timur Ender,David Linn,Steph Routh
Joe Allen,Noah Ernst,Joe Furi,Jamie Dunphy,Terrence Hayes,Loretta Smith
Candace Avalos,,,,,
Candace Avalos,Jamie Dunphy,Terrence Hayes,Cayle Tern,David Linn,Steph Routh
Loretta Smith,Terrence Hayes,Timur Ender,David Linn,,
Loretta Smith,Deian Salazar,Doug Clove,,,
Candace Avalos,Terrence Hayes,Cayle Tern,,,
Steph Routh,Jamie Dunphy,Timur Ender,Candace Avalos,,
Terrence Hayes,Noah Ernst,Joe Furi,Loretta Smith,Doug Clove,Write-in-120
Loretta Smith,,,,,
Timur Ender,David Linn,Doug Clove,Michael (Mike) Sands,,
Candace Avalos,Timur Ender,Steph Routh,Jamie Dunphy,Loretta Smith,
Timur Ender,Candace Avalos,Steph Routh,Jamie Dunphy,Cayle Tern,David Linn
Loretta Smith,Joe Furi,Timur Ender,Peggy Sue Owens,David Linn,Jamie Dunphy
Steph Routh,Loretta Smith,David Linn,,,
Timur Ender,Joe Allen,Michael (Mike) Sands,Loretta Smith,Terrence Hayes,Doug Clove
Joe Allen,Doug Clove,Thomas Shervey,Joe Furi,Michael (Mike) Sands,Steph Routh
Candace Avalos,Jamie Dunphy,Steph Routh,,,
Loretta Smith,,,,,
Timur Ender,Doug Clove,Joe Furi,,,
Peggy Sue Owens,,,,,
Loretta Smith,,,,,
Timur Ender,Candace Avalos,Loretta Smith,Terrence Hayes,Steph Routh,Jamie Dunphy
Jamie Dunphy,Cayle Tern,Steph Routh,David Linn,,
Candace Avalos,Deian Salazar,Loretta Smith,Jamie Dunphy,Terrence Hayes,
Candace Avalos,Thomas Shervey,Timur Ender,,,
Doug Clove,,,,,
Terrence Hayes,Loretta Smith,Candace Avalos,Steph Routh,Jamie Dunphy,Timur Ender
Candace Avalos,Terrence Hayes,,,,
Jamie Dunphy,Joe Allen,Peggy Sue Owens,Doug Clove,Loretta Smith,Deian Salazar
Peggy Sue Owens,Michael (Mike) Sands,Cayle Tern,Joe Allen,Joe Furi,Steph Routh
Timur Ender,Jamie Dunphy,Terrence Hayes,Joe Allen,Joe Furi,
Jamie Dunphy,Steph Routh,Candace Avalos,Timur Ender,Joe Allen,Cayle Tern
Candace Avalos,Jamie Dunphy,Timur Ender,Cayle Tern,Steph Routh,
Terrence Hayes,Candace Avalos,,,,
Noah Ernst,Timur Ender,Joe Allen,,,
Loretta Smith,Michael (Mike) Sands,Terrence Hayes,Steph Routh,Jamie Dunphy,Doug Clove
Peggy Sue Owens,Candace Avalos,Joe Allen,Deian Salazar,Jamie Dunphy,Thomas Shervey
Candace Avalos,Jamie Dunphy,Timur Ender,,,
Candace Avalos,Timur Ender,Steph Routh,Cayle Tern,Jamie Dunphy,Loretta Smith
Candace Avalos,Joe Allen,,,,
Steph Routh,Loretta Smith,Noah Ernst,Terrence Hayes,Timur Ender,Candace Avalos
Jamie Dunphy,,,,,
Jamie Dunphy,Candace Avalos,Steph Routh,David Linn,,
Noah Ernst,Deian Salazar,Joe Allen,Jamie Dunphy,Thomas Shervey,Doug Clove
Jamie Dunphy,Candace Avalos,Loretta Smith,,,
Terrence Hayes,Noah Ernst,Candace Avalos,,,
Timur Ender,Loretta Smith,Deian Salazar,Terrence Hayes,Steph Routh,Jamie Dunphy
,,,,,
Candace Avalos,,,,,
Deian Salazar,,,,,
Loretta Smith,Steph Routh,Terrence Hayes,,,
Noah Ernst,Doug Clove,,,,
Noah Ernst,Timur Ender,Michael (Mike) Sands,Thomas Shervey,Steph Routh,Jamie Dunphy
Noah Ernst,Loretta Smith,Terrence Hayes,,,
Candace Avalos,Jamie Dunphy,Steph Routh,,,
Peggy Sue Owens,Michael (Mike) Sands,Doug Clove,Terrence Hayes,Joe Furi,Noah Ernst
Loretta Smith,Jamie Dunphy,Joe Furi,Candace Avalos,Terrence Hayes,Joe Allen
Joe Allen,Doug Clove,Thomas Shervey,David Linn,Steph Routh,Jamie Dunphy
Cayle Tern,,,,,
Candace Avalos,Timur Ender,Cayle Tern,Jamie Dunphy,,
Terrence Hayes,,,,,
Steph Routh,Jamie Dunphy,,,,
Jamie Dunphy,Timur Ender,Joe Allen,Cayle Tern,Candace Avalos,Steph Routh
Terrence Hayes,Jamie Dunphy,,,,
Candace Avalos,Steph Routh,Timur Ender,Jamie Dunphy,Loretta Smith,Cayle Tern
Steph Routh,Timur Ender,Jamie Dunphy,,,
Timur Ender,Steph Routh,Candace Avalos,Thomas Shervey,,
Doug Clove,Noah Ernst,,,,
Steph Routh,Candace Avalos,Timur Ender,,,
Candace Avalos,Timur Ender,Steph Routh,Jamie Dunphy,Cayle Tern,David Linn
Jamie Dunphy,Loretta Smith,Joe Furi,Joe Allen,Peggy Sue Owens,Doug Clove
Jamie Dunphy,Candace Avalos,Steph Routh,Timur Ender,,
Timur Ender,Jamie Dunphy,Terrence Hayes,Loretta Smith,Steph Routh,
Jamie Dunphy,Candace Avalos,Steph Routh,,,
Jamie Dunphy,Noah Ernst,,,,
Doug Clove,,,,,
Steph Routh,Jamie Dunphy,Timur Ender,Candace Avalos,David Linn,Cayle Tern
Terrence Hayes,Jamie Dunphy,Candace Avalos,Loretta Smith,,
Terrence Hayes,,,,,
Steph Routh,Timur Ender,Candace Avalos,David Linn,Cayle Tern,Jamie Dunphy
Steph Routh,Terrence Hayes,Thomas Shervey,Noah Ernst,Jamie Dunphy,David Linn
Terrence Hayes,Noah Ernst,Joe Furi,Loretta Smith,Doug Clove,Write-in-120
Jamie Dunphy,Candace Avalos,Steph Routh,Cayle Tern,Terrence Hayes,Noah Ernst
Jamie Dunphy,Terrence Hayes,Steph Routh,Loretta Smith,Candace Avalos,
Peggy Sue Owens,Timur Ender,David Linn,Cayle Tern,Michael (Mike) Sands,
Jamie Dunphy,Steph Routh,Candace Avalos,,,
Jamie Dunphy,Noah Ernst,Joe Furi,Thomas Shervey,Terrence Hayes,Doug Clove
Steph Routh,Candace Avalos,,,,
Candace Avalos,Loretta Smith,Terrence Hayes,Noah Ernst,Steph Routh,Timur Ender
Jamie Dunphy,,,,,
Noah Ernst,Terrence Hayes,Steph Routh,David Linn,Joe Allen,Timur Ender
Steph Routh,Deian Salazar,David Linn,Candace Avalos,Write-in-120,Joe Furi
Candace Avalos,Jamie Dunphy,,,,
Michael (Mike) Sands,,,,,
Candace Avalos,Timur Ender,Cayle Tern,Steph Routh,Jamie Dunphy,
Deian Salazar,Noah Ernst,Loretta Smith,Terrence Hayes,,
Terrence Hayes,Loretta Smith,Noah Ernst,Steph Routh,,
Michael (Mike) Sands,Loretta Smith,Terrence Hayes,Cayle Tern,Candace Avalos,Timur Ender
Michael (Mike) Sands,Joe Furi,Cayle Tern,Doug Clove,Noah Ernst,Terrence Hayes
Timur Ender,Candace Avalos,Steph Routh,Cayle Tern,Terrence Hayes,
Candace Avalos,Timur Ender,Steph Routh,Jamie Dunphy,,
Candace Avalos,,,,,
Steph Routh,Loretta Smith,,,,
Candace Avalos,Jamie Dunphy,Steph Routh,,,
Doug Clove,,,,,
Steph Routh,,,,,
Joe Allen,,,,,
Candace Avalos,Steph Routh,Jamie Dunphy,Timur Ender,,
Doug Clove,Loretta Smith,Terrence Hayes,Steph Routh,,
Candace Avalos,Jamie Dunphy,,,,
Loretta Smith,Terrence Hayes,Noah Ernst,,,
Candace Avalos,Loretta Smith,Steph Routh,Terrence Hayes,Timur Ender,
Timur Ender,Candace Avalos,Cayle Tern,,,
Loretta Smith,Thomas Shervey,Peggy Sue Owens,David Linn,,
,,,,,
Timur Ender,Loretta Smith,Jamie Dunphy,Steph Routh,Candace Avalos,Terrence Hayes
Terrence Hayes,Candace Avalos,,,,
Candace Avalos,David Linn,Timur Ender,Peggy Sue Owens,Doug Clove,Steph Routh
Steph Routh,Terrence Hayes,Jamie Dunphy,Thomas Shervey,Loretta Smith,Michael (Mike) Sands
Loretta Smith,Terrence Hayes,,,,
Candace Avalos,Terrence Hayes,Noah Ernst,Deian Salazar,Loretta Smith,Joe Furi
Timur Ender,Jamie Dunphy,Steph Routh,Loretta Smith,Terrence Hayes,
Noah Ernst,Jamie Dunphy,Timur Ender,,,
Timur Ender,Candace Avalos,Cayle Tern,Michael (Mike) Sands,,
Loretta Smith,Terrence Hayes,Noah Ernst,,,
Loretta Smith,,,,,
Jamie Dunphy,Loretta Smith,Candace Avalos,Timur Ender,,
Candace Avalos,Steph Routh,Jamie Dunphy,Timur Ender,Loretta Smith,
Jamie Dunphy,Candace Avalos,Steph Routh,Noah Ernst,David Linn,Loretta Smith
Doug Clove,Noah Ernst,Candace Avalos,Michael (Mike) Sands,Deian Salazar,Joe Furi
Timur Ender,Steph Routh,Thomas Shervey,Terrence Hayes,,
Jamie Dunphy,Steph Routh,Candace Avalos,Timur Ender,,
Jamie Dunphy,Steph Routh,,,,
Michael (Mike) Sands,Thomas Shervey,Joe Furi,Joe Allen,Steph Routh,Jamie Dunphy
Peggy Sue Owens,Candace Avalos,Michael (Mike) Sands,Terrence Hayes,Joe Furi,Cayle Tern
Candace Avalos,Deian Salazar,,,,
Candace Avalos,Steph Routh,,,,
Candace Avalos,Steph Routh,Timur Ender,Jamie Dunphy,Cayle Tern,
Terrence Hayes,Joe Allen,Noah Ernst,Steph Routh,Deian Salazar,Doug Clove
Noah Ernst,Doug Clove,Terrence Hayes,Jamie Dunphy,Thomas Shervey,Candace Avalos
Loretta Smith,Terrence Hayes,Timur Ender,Candace Avalos,Steph Routh,Jamie Dunphy
Timur Ender,Cayle Tern,Jamie Dunphy,Michael (Mike) Sands,Steph Routh,Candace Avalos
Steph Routh,Loretta Smith,Timur Ender,Candace Avalos,,
Candace Avalos,Steph Routh,Timur Ender,Jamie Dunphy,Doug Clove,Joe Allen
Noah Ernst,Doug Clove,Terrence Hayes,Loretta Smith,Deian Salazar,
Jamie Dunphy,Steph Routh,Candace Avalos,,,
Candace Avalos,,,,,
Candace Avalos,Timur Ender,Steph Routh,Jamie Dunphy,Cayle Tern,David Linn
Noah Ernst,Terrence Hayes,Steph Routh,David Linn,Cayle Tern,
Candace Avalos,Steph Routh,Terrence Hayes,Timur Ender,Jamie Dunphy,Loretta Smith
Jamie Dunphy,Candace Avalos,Steph Routh,,,
Noah Ernst,Terrence Hayes,Joe Furi,Loretta Smith,Doug Clove,
Timur Ender,Steph Routh,Jamie Dunphy,Candace Avalos,,
Jamie Dunphy,Timur Ender,Terrence Hayes,Candace Avalos,Loretta Smith,Steph Routh
Jamie Dunphy,Candace Avalos,Steph Routh,Noah Ernst,David Linn,Loretta Smith
Noah Ernst,Doug Clove,Terrence Hayes,Joe Furi,Michael (Mike) Sands,Candace Avalos
Loretta Smith,Jamie Dunphy,Terrence Hayes,Timur Ender,Steph Routh,Candace Avalos
Noah Ernst,Deian Salazar,,,,
Noah Ernst,Doug Clove,Steph Routh,Joe Furi,,
Joe Allen,,,,,
Terrence Hayes,Loretta Smith,,,,
Terrence Hayes,Candace Avalos,Steph Routh,,,
Loretta Smith,Steph Routh,Noah Ernst,,,
Steph Routh,Timur Ender,Candace Avalos,David Linn,Cayle Tern,Deian Salazar
Candace Avalos,Terrence Hayes,Noah Ernst,Loretta Smith,,
Terrence Hayes,Steph Routh,Loretta Smith,,,
David Linn,Timur Ender,Cayle Tern,Doug Clove,Michael (Mike) Sands,Jamie Dunphy
Jamie Dunphy,Steph Routh,Candace Avalos,Timur Ender,Peggy Sue Owens,Noah Ernst
Terrence Hayes,Noah Ernst,Doug Clove,Loretta Smith,David Linn,Steph Routh
Terrence Hayes,Loretta Smith,Candace Avalos,Peggy Sue Owens,Doug Clove,
Deian Salazar,Candace Avalos,Joe Furi,Terrence Hayes,Steph Routh,Timur Ender
Jamie Dunphy,Candace Avalos,Cayle Tern,Steph Routh,Timur Ender,Noah Ernst
Steph Routh,Joe Furi,Timur Ender,Deian Salazar,Candace Avalos,Write-in-120
Cayle Tern,Thomas Shervey,Peggy Sue Owens,,,
Timur Ender,Michael (Mike) Sands,Candace Avalos,Cayle Tern,Doug Clove,Deian Salazar
David Linn,,,,,
Jamie Dunphy,Candace Avalos,Steph Routh,Noah Ernst,David Linn,Loretta Smith
Jamie Dunphy,,,,,
Timur Ender,,,,,
Terrence Hayes,Peggy Sue Owens,Noah Ernst,Doug Clove,Deian Salazar,Loretta Smith
Doug Clove,,,,,
Deian Salazar,Joe Allen,Thomas Shervey,Noah Ernst,Peggy Sue Owens,Steph Routh
,,,,,
Jamie Dunphy,Candace Avalos,Steph Routh,,,
Loretta Smith,Terrence Hayes,Candace Avalos,,,
Steph Routh,,,,,
Loretta Smith,Steph Routh,Terrence Hayes,Jamie Dunphy,Timur Ender,Candace Avalos
Candace Avalos,Terrence Hayes,,,,
Noah Ernst,Loretta Smith,Terrence Hayes,Jamie Dunphy,Joe Allen,Deian Salazar
Candace Avalos,Jamie Dunphy,Steph Routh,,,
Doug Clove,Michael (Mike) Sands,Noah Ernst,Terrence Hayes,Timur Ender,Joe Allen
Candace Avalos,Michael (Mike) Sands,Steph Routh,,,
Jamie Dunphy,Terrence Hayes,Candace Avalos,,,
Doug Clove,Steph Routh,Timur Ender,Thomas Shervey,Cayle Tern,Jamie Dunphy
Loretta Smith,Timur Ender,David Linn,Terrence Hayes,Jamie Dunphy,
Timur Ender,Loretta Smith,Steph Routh,Cayle Tern,Candace Avalos,Terrence Hayes
Loretta Smith,,,,,
Loretta Smith,Noah Ernst,Terrence Hayes,Jamie Dunphy,Cayle Tern,
Jamie Dunphy,Candace Avalos,Steph Routh,Noah Ernst,David Linn,Loretta Smith
Jamie Dunphy,Candace Avalos,Steph Routh,,,
Loretta Smith,Terrence Hayes,Candace Avalos,,,
Noah Ernst,Terrence Hayes,Loretta Smith,,,
Terrence Hayes,Peggy Sue Owens,Loretta Smith,Michael (Mike) Sands,Joe Allen,Timur Ender
Candace Avalos,Cayle Tern,Timur Ender,,,
Loretta Smith,,,,,
Terrence Hayes,Loretta Smith,Joe Allen,Cayle Tern,Candace Avalos,Steph Routh
Candace Avalos,Cayle Tern,Timur Ender,David Linn,Jamie Dunphy,Steph Routh
Candace Avalos,Michael (Mike) Sands,Steph Routh,Loretta Smith,Timur Ender,Cayle Tern
Jamie Dunphy,Candace Avalos,Timur Ender,Steph Routh,,
Candace Avalos,Cayle Tern,Steph Routh,Jamie Dunphy,Timur Ender,
Timur Ender,Candace Avalos,Loretta Smith,Terrence Hayes,Steph Routh,
Candace Avalos,Jamie Dunphy,Steph Routh,Thomas Shervey,Timur Ender,Loretta Smith
Timur Ender,Candace Avalos,Joe Allen,Doug Clove,Cayle Tern,Joe Furi
David Linn,Terrence Hayes,Doug Clove,Timur Ender,Thomas Shervey,Loretta Smith
Timur Ender,,,,,
Terrence Hayes,Noah Ernst,Joe Furi,,,
Noah Ernst,Candace Avalos,Cayle Tern,Loretta Smith,Terrence Hayes,Steph Routh
Joe Allen,Candace Avalos,Terrence Hayes,Noah Ernst,Jamie Dunphy,
Joe Allen,,,,,
Doug Clove,Terrence Hayes,Noah Ernst,,,
Noah Ernst,David Linn,Doug Clove,Michael (Mike) Sands,Joe Furi,Joe Allen
Noah Ernst,Deian Salazar,Candace Avalos,,,
Loretta Smith,Steph Routh,Jamie Dunphy,Terrence Hayes,Candace Avalos,Timur Ender
Doug Clove,Noah Ernst,Cayle Tern,,,
Loretta Smith,Timur Ender,Joe Allen,Doug Clove,Terrence Hayes,Jamie Dunphy
Michael (Mike) Sands,Thomas Shervey,Joe Allen,Candace Avalos,Jamie Dunphy,Timur Ender
Timur Ender,Candace Avalos,Michael (Mike) Sands,Terrence Hayes,Steph Routh,Jamie Dunphy
Candace Avalos,Terrence Hayes,Timur Ender,Steph Routh,Cayle Tern,Loretta Smith
Candace Avalos,Timur Ender,Steph Routh,Terrence Hayes,Noah Ernst,
Terrence Hayes,Candace Avalos,Jamie Dunphy,,,
Noah Ernst,,,,,
Timur Ender,Candace Avalos,Doug Clove,Loretta Smith,Terrence Hayes,Steph Routh
Peggy Sue Owens,Steph Routh,Jamie Dunphy,Timur Ender,,
Candace Avalos,Timur Ender,Steph Routh,Jamie Dunphy,,
Noah Ernst,Terrence Hayes,Joe Furi,Loretta Smith,Doug Clove,
Candace Avalos,,,,,
Terrence Hayes,Joe Furi,David Linn,Steph Routh,Cayle Tern,
Peggy Sue Owens,Jamie Dunphy,,,,
Noah Ernst,Doug Clove,Deian Salazar,Terrence Hayes,David Linn,Loretta Smith
Thomas Shervey,Steph Routh,Jamie Dunphy,,,
Terrence Hayes,,,,,
Terrence Hayes,Loretta Smith,Deian Salazar,,,
Terrence Hayes,Steph Routh,Doug Clove,,,
Timur Ender,,,,,
Candace Avalos,Jamie Dunphy,Steph Routh,David Linn,,
Noah Ernst,Doug Clove,Terrence Hayes,,,
Peggy Sue Owens,Candace Avalos,Joe Furi,Cayle Tern,Terrence Hayes,Loretta Smith
Loretta Smith,Terrence Hayes,Michael (Mike) Sands,Doug Clove,David Linn,Noah Ernst
Steph Routh,Candace Avalos,,,,
Candace Avalos,Steph Routh,Jamie Dunphy,Loretta Smith,,
Loretta Smith,Terrence Hayes,Jamie Dunphy,Joe Furi,,
Candace Avalos,Steph Routh,Jamie Dunphy,Terrence Hayes,David Linn,Timur Ender
Timur Ender,Candace Avalos,Terrence Hayes,,,
Terrence Hayes,Noah Ernst,Joe Furi,Loretta Smith,Doug Clove,
Joe Allen,,,,,
Noah Ernst,Cayle Tern,Terrence Hayes,,,
Loretta Smith,Peggy Sue Owens,Doug Clove,Joe Furi,Timur Ender,Steph Routh
Steph Routh,Timur Ender,Candace Avalos,David Linn,Cayle Tern,Deian Salazar
Jamie Dunphy,Deian Salazar,David Linn,Noah Ernst,Timur Ender,Terrence Hayes
Jamie Dunphy,Loretta Smith,Doug Clove,Joe Allen,Peggy Sue Owens,Timur Ender
Loretta Smith,Timur Ender,,,,
Timur Ender,Candace Avalos,Terrence Hayes,Noah Ernst,Steph Routh,Michael (Mike) Sands
Loretta Smith,Doug Clove,Candace Avalos,,,
Candace Avalos,,,,,
Candace Avalos,Cayle Tern,Timur Ender,,,
Noah Ernst,Thomas Shervey,David Linn,,,
Noah Ernst,,,,,
Jamie Dunphy,Steph Routh,Timur Ender,,,
Jamie Dunphy,Candace Avalos,Steph Routh,,,
Loretta Smith,Terrence Hayes,Steph Routh,Jamie Dunphy,David Linn,Noah Ernst
Jamie Dunphy,Terrence Hayes,Michael (Mike) Sands,David Linn,Doug Clove,Steph Routh
Timur Ender,David Linn,Candace Avalos,Cayle Tern,,
David Linn,Noah Ernst,Loretta Smith,,,
Candace Avalos,Steph Routh,Timur Ender,Cayle Tern,Jamie Dunphy,Loretta Smith
Jamie Dunphy,Timur Ender,Candace Avalos,Steph Routh,Loretta Smith,Noah Ernst
Steph Routh,Jamie Dunphy,Terrence Hayes,Timur Ender,,
Candace Avalos,Noah Ernst,Steph Routh,Jamie Dunphy,,
Timur Ender,Candace Avalos,Steph Routh,Jamie Dunphy,Cayle Tern,David Linn
Loretta Smith,Terrence Hayes,,,,
Noah Ernst,Terrence Hayes,Loretta Smith,,,
Jamie Dunphy,Steph Routh,Timur Ender,,,
Noah Ernst,,,,,
Candace Avalos,Steph Routh,Cayle Tern,Timur Ender,,
Deian Salazar,Terrence Hayes,Candace Avalos,,,
Candace Avalos,Loretta Smith,Steph Routh,,,
Terrence Hayes,Loretta Smith,David Linn,,,
Timur Ender,Candace Avalos,,,,
Peggy Sue Owens,,,,,
Timur Ender,Terrence Hayes,Candace Avalos,Deian Salazar,Loretta Smith,Steph Routh
Loretta Smith,,,,,
Jamie Dunphy,Joe Allen,Steph Routh,,,
Steph Routh,Timur Ender,Candace Avalos,David Linn,,
Candace Avalos,Timur Ender,Cayle Tern,Steph Routh,Jamie Dunphy,Michael (Mike) Sands
Candace Avalos,Timur Ender,Steph Routh,Jamie Dunphy,Cayle Tern,David Linn
Michael (Mike) Sands,Joe Allen,David Linn,,,
Candace Avalos,Cayle Tern,Timur Ender,Jamie Dunphy,Steph Routh,
Jamie Dunphy,Candace Avalos,Steph Routh,Noah Ernst,David Linn,Loretta Smith
Steph Routh,Candace Avalos,Timur Ender,Cayle Tern,Loretta Smith,Terrence Hayes
Terrence Hayes,Steph Routh,,,,
Candace Avalos,Cayle Tern,Steph Routh,Timur Ender,Jamie Dunphy,
Noah Ernst,Timur Ender,Peggy Sue Owens,,,
Loretta Smith,Timur Ender,Candace Avalos,Steph Routh,Jamie Dunphy,Cayle Tern
David Linn,,,,,
Terrence Hayes,Steph Routh,Jamie Dunphy,,,
Loretta Smith,Terrence Hayes,,,,
Terrence Hayes,Loretta Smith,Noah Ernst,Deian Salazar,,
Peggy Sue Owens,Joe Allen,,,,
Timur Ender,Candace Avalos,Doug Clove,Deian Salazar,Thomas Shervey,Terrence Hayes
Jamie Dunphy,Candace Avalos,Steph Routh,,,
Jamie Dunphy,Noah Ernst,Joe Allen,Loretta Smith,Terrence Hayes,Thomas Shervey
Timur Ender,Candace Avalos,Steph Routh,,,
Deian Salazar,Timur Ender,,,,
Noah Ernst,Terrence Hayes,Joe Furi,Loretta Smith,Doug Clove,
Michael (Mike) Sands,Noah Ernst,Steph Routh,,,
Timur Ender,Candace Avalos,Terrence Hayes,Loretta Smith,David Linn,Cayle Tern
,,,,,
Steph Routh,Loretta Smith,Candace Avalos,Timur Ender,Jamie Dunphy,Terrence Hayes
Noah Ernst,Doug Clove,Deian Salazar,Loretta Smith,Joe Furi,Joe Allen
Candace Avalos,Jamie Dunphy,Cayle Tern,,,
Jamie Dunphy,Loretta Smith,Candace Avalos,Timur Ender,Cayle Tern,Noah Ernst
Loretta Smith,,,,,
Candace Avalos,Cayle Tern,Timur Ender,,,
Loretta Smith,,,,,
Loretta Smith,,,,,
Loretta Smith,Terrence Hayes,Noah Ernst,,,
Cayle Tern,Timur Ender,Candace Avalos,Loretta Smith,Jamie Dunphy,
David Linn,Loretta Smith,Jamie Dunphy,Steph Routh,Timur Ender,Candace Avalos
Peggy Sue Owens,Cayle Tern,Joe Furi,,,
Steph Routh,Candace Avalos,Jamie Dunphy,,,
Candace Avalos,Steph Routh,Timur Ender,Cayle Tern,Terrence Hayes,Jamie Dunphy
Joe Allen,Terrence Hayes,Peggy Sue Owens,Steph Routh,Noah Ernst,Loretta Smith
Noah Ernst,David Linn,Terrence Hayes,Michael (Mike) Sands,Doug Clove,Candace Avalos
Terrence Hayes,Thomas Shervey,Noah Ernst,Joe Furi,Loretta Smith,
Jamie Dunphy,,,,,
Jamie Dunphy,,,,,
Jamie Dunphy,Candace Avalos,Steph Routh,Noah Ernst,David Linn,Loretta Smith
Noah Ernst,Doug Clove,,,,
Candace Avalos,Cayle Tern,Timur Ender,,,
Jamie Dunphy,Cayle Tern,Steph Routh,Joe Allen,David Linn,
Steph Routh,Loretta Smith,Doug Clove,Cayle Tern,Thomas Shervey,Timur Ender
Candace Avalos,Steph Routh,Timur Ender,Deian Salazar,David Linn,Terrence Hayes
Noah Ernst,Terrence Hayes,,,,
Steph Routh,Terrence Hayes,Timur Ender,,,
Jamie Dunphy,Candace Avalos,Steph Routh,,,
Steph Routh,Timur Ender,Candace Avalos,Terrence Hayes,Noah Ernst,Loretta Smith
Jamie Dunphy,Candace Avalos,David Linn,Steph Routh,Loretta Smith,
Candace Avalos,Cayle Tern,Timur Ender,,,
Jamie Dunphy,David Linn,Candace Avalos,Steph Routh,Loretta Smith,Terrence Hayes
Doug Clove,Steph Routh,Loretta Smith,,,
Terrence Hayes,Loretta Smith,,,,
Jamie Dunphy,Steph Routh,Candace Avalos,Noah Ernst,,
Steph Routh,Candace Avalos,Timur Ender,Cayle Tern,Loretta Smith,Terrence Hayes
Timur Ender,Candace Avalos,Jamie Dunphy,Steph Routh,,
Joe Furi,Deian Salazar,Doug Clove,,,
Loretta Smith,,,,,
Terrence Hayes,Noah Ernst,Candace Avalos,Timur Ender,Michael (Mike) Sands,Loretta Smith
Deian Salazar,Loretta Smith,Steph Routh,Jamie Dunphy,Candace Avalos,Terrence Hayes
Terrence Hayes,Noah Ernst,Joe Furi,Loretta Smith,Doug Clove,Write-in-120
Terrence Hayes,,,,,
Loretta Smith,Cayle Tern,Peggy Sue Owens,Terrence Hayes,Michael (Mike) Sands,Candace Avalos
Noah Ernst,Steph Routh,,,,
Cayle Tern,Loretta Smith,Joe Furi,Jamie Dunphy,Thomas Shervey,Joe Allen
Noah Ernst,Doug Clove,Joe Allen,Deian Salazar,,
Peggy Sue Owens,,,,,
Candace Avalos,Jamie Dunphy,Terrence Hayes,Steph Routh,Doug Clove,Michael (Mike) Sands
Steph Routh,Loretta Smith,Thomas Shervey,Terrence Hayes,Jamie Dunphy,Timur Ender
Cayle Tern,Peggy Sue Owens,David Linn,Loretta Smith,Steph Routh,Candace Avalos
David Linn,Noah Ernst,Doug Clove,,,
Terrence Hayes,Doug Clove,,,,
Steph Routh,Jamie Dunphy,Timur Ender,Candace Avalos,,
Jamie Dunphy,Candace Avalos,,,,
Candace Avalos,Timur Ender,Jamie Dunphy,Steph Routh,Cayle Tern,
Jamie Dunphy,Steph Routh,Candace Avalos,Timur Ender,Loretta Smith,Peggy Sue Owens
Jamie Dunphy,Deian Salazar,Loretta Smith,,,
Noah Ernst,David Linn,Timur Ender,Steph Routh,Loretta Smith,Terrence Hayes
Loretta Smith,,,,,
Doug Clove,Joe Furi,Steph Routh,Noah Ernst,Joe Allen,Candace Avalos
Candace Avalos,Steph Routh,Jamie Dunphy,,,
Noah Ernst,,,,,
Jamie Dunphy,Candace Avalos,Steph Routh,Noah Ernst,David Linn,Loretta Smith
Noah Ernst,Terrence Hayes,,,,
Candace Avalos,David Linn,Thomas Shervey,Terrence Hayes,Doug Clove,Steph Routh
Loretta Smith,Cayle Tern,Terrence Hayes,Noah Ernst,Deian Salazar,Candace Avalos
Terrence Hayes,Steph Routh,,,,
Cayle Tern,Candace Avalos,Deian Salazar,Terrence Hayes,Steph Routh,
Candace Avalos,Steph Routh,Timur Ender,Loretta Smith,Terrence Hayes,Jamie Dunphy
Candace Avalos,Steph Routh,Jamie Dunphy,Michael (Mike) Sands,Cayle Tern,David Linn
Timur Ender,Terrence Hayes,Loretta Smith,,,
Terrence Hayes,Jamie Dunphy,Loretta Smith,,,
,,,,,
Noah Ernst,Cayle Tern,Joe Furi,Deian Salazar,,
Noah Ernst,Peggy Sue Owens,Michael (Mike) Sands,,,
Noah Ernst,Joe Allen,Michael (Mike) Sands,David Linn,Thomas Shervey,Jamie Dunphy
Terrence Hayes,Loretta Smith,Steph Routh,Candace Avalos,Cayle Tern,Joe Furi
Jamie Dunphy,Candace Avalos,Loretta Smith,,,
Joe Furi,Michael (Mike) Sands,Thomas Shervey,,,
Cayle Tern,Timur Ender,Steph Routh,Candace Avalos,Jamie Dunphy,Terrence Hayes
Loretta Smith,Candace Avalos,Terrence Hayes,,,
Candace Avalos,Timur Ender,Loretta Smith,Steph Routh,,
Candace Avalos,Jamie Dunphy,Loretta Smith,Terrence Hayes,David Linn,
Loretta Smith,,,,,
Noah Ernst,Doug Clove,Deian Salazar,Thomas Shervey,,
Noah Ernst,Terrence Hayes,Joe Furi,Loretta Smith,Doug Clove,
Noah Ernst,,,,,
Jamie Dunphy,Candace Avalos,Steph Routh,Cayle Tern,Noah Ernst,Loretta Smith
Noah Ernst,Terrence Hayes,Loretta Smith,,,
Noah Ernst,David Linn,Doug Clove,Cayle Tern,Joe Furi,
Terrence Hayes,Loretta Smith,Noah Ernst,Michael (Mike) Sands,Deian Salazar,Candace Avalos
Loretta Smith,Candace Avalos,Peggy Sue Owens,Joe Furi,Michael (Mike) Sands,Terrence Hayes
Peggy Sue Owens,Joe Allen,Noah Ernst,Joe Furi,Deian Salazar,Michael (Mike) Sands
Terrence Hayes,Steph Routh,Loretta Smith,Joe Furi,Thomas Shervey,Candace Avalos
Jamie Dunphy,Candace Avalos,Steph Routh,Noah Ernst,David Linn,Loretta Smith
Loretta Smith,Joe Allen,David Linn,,,
Steph Routh,Terrence Hayes,Doug Clove,,,
Deian Salazar,,,,,
Jamie Dunphy,Candace Avalos,Steph Routh,David Linn,Deian Salazar,Loretta Smith
David Linn,Peggy Sue Owens,Deian Salazar,Loretta Smith,Cayle Tern,Write-in-120
Noah Ernst,Thomas Shervey,Michael (Mike) Sands,Peggy Sue Owens,David Linn,Terrence Hayes
Peggy Sue Owens,Noah Ernst,David Linn,Deian Salazar,Thomas Shervey,Steph Routh
David Linn,Loretta Smith,Steph Routh,Jamie Dunphy,Terrence Hayes,Doug Clove
Loretta Smith,Terrence Hayes,,,,
Steph Routh,Timur Ender,Candace Avalos,Doug Clove,Cayle Tern,
Thomas Shervey,Steph Routh,Jamie Dunphy,Candace Avalos,Michael (Mike) Sands,Cayle Tern
Jamie Dunphy,Candace Avalos,Timur Ender,,,
Steph Routh,Loretta Smith,Doug Clove,Timur Ender,Jamie Dunphy,Candace Avalos
Noah Ernst,Timur Ender,David Linn,Joe Allen,,
Deian Salazar,Terrence Hayes,Timur Ender,Noah Ernst,,
Loretta Smith,Timur Ender,Noah Ernst,Cayle Tern,Doug Clove,Steph Routh
Jamie Dunphy,Steph Routh,Terrence Hayes,Cayle Tern,,
Loretta Smith,Candace Avalos,,,,
Timur Ender,Jamie Dunphy,Steph Routh,Candace Avalos,David Linn,Cayle Tern
David Linn,Steph Routh,Terrence Hayes,Doug Clove,,
Loretta Smith,Candace Avalos,Terrence Hayes,Steph Routh,Timur Ender,
Candace Avalos,Loretta Smith,Terrence Hayes,Jamie Dunphy,Steph Routh,Timur Ender
Candace Avalos,Steph Routh,Timur Ender,Jamie Dunphy,Loretta Smith,Noah Ernst
Loretta Smith,Timur Ender,Noah Ernst,,,
Peggy Sue Owens,,,,,
Jamie Dunphy,Steph Routh,Timur Ender,Candace Avalos,,
Steph Routh,Candace Avalos,Terrence Hayes,Deian Salazar,Loretta Smith,Cayle Tern
Terrence Hayes,Noah Ernst,Joe Furi,Loretta Smith,Doug Clove,Write-in-120
Peggy Sue Owens,Loretta Smith,Cayle Tern,Jamie Dunphy,Deian Salazar,Candace Avalos
Timur Ender,,,,,
Candace Avalos,Steph Routh,Loretta Smith,Terrence Hayes,Cayle Tern,David Linn
David Linn,Thomas Shervey,Cayle Tern,Jamie Dunphy,Loretta Smith,Candace Avalos
Doug Clove,,,,,
Loretta Smith,,,,,
Steph Routh,Terrence Hayes,Candace Avalos,Jamie Dunphy,Loretta Smith,Noah Ernst
Candace Avalos,Timur Ender,Steph Routh,Jamie Dunphy,,
Jamie Dunphy,Candace Avalos,Steph Routh,Timur Ender,,
Timur Ender,Doug Clove,Loretta Smith,Peggy Sue Owens,Noah Ernst,Candace Avalos
Candace Avalos,Terrence Hayes,Steph Routh,Jamie Dunphy,Cayle Tern,Timur Ender
Peggy Sue Owens,Timur Ender,Noah Ernst,Candace Avalos,Joe Allen,David Linn
Jamie Dunphy,Candace Avalos,Steph Routh,Noah Ernst,David Linn,Loretta Smith
Jamie Dunphy,Timur Ender,Noah Ernst,Candace Avalos,,
Cayle Tern,,,,,
Timur Ender,Candace Avalos,David Linn,Joe Allen,Steph Routh,
Steph Routh,Timur Ender,Candace Avalos,Cayle Tern,Joe Furi,Jamie Dunphy
Noah Ernst,,,,,
Terrence Hayes,Candace Avalos,Cayle Tern,Deian Salazar,Steph Routh,Jamie Dunphy
,,,,,
Noah Ernst,Joe Furi,Michael (Mike) Sands,,,
Timur Ender,Candace Avalos,Cayle Tern,,,
Jamie Dunphy,Loretta Smith,Noah Ernst,David Linn,,
Jamie Dunphy,,,,,
Steph Routh,Terrence Hayes,Thomas Shervey,Loretta Smith,Deian Salazar,Michael (Mike) Sands
Loretta Smith,,,,,
Jamie Dunphy,Candace Avalos,Peggy Sue Owens,,,
Candace Avalos,Loretta Smith,Joe Furi,Thomas Shervey,Cayle Tern,David Linn
Doug Clove,Terrence Hayes,,,,
Loretta Smith,Candace Avalos,,,,
Loretta Smith,Timur Ender,,,,
Candace Avalos,Steph Routh,Timur Ender,Jamie Dunphy,,
Candace Avalos,Steph Routh,Cayle Tern,Michael (Mike) Sands,Jamie Dunphy,Timur Ender
Steph Routh,Joe Allen,Loretta Smith,Terrence Hayes,,
Joe Allen,Loretta Smith,Thomas Shervey,Timur Ender,,
Doug Clove,,,,,
Jamie Dunphy,Candace Avalos,Steph Routh,David Linn,Noah Ernst,Loretta Smith
Candace Avalos,Timur Ender,Loretta Smith,Terrence Hayes,,
Loretta Smith,,,,,
Peggy Sue Owens,Candace Avalos,,,,
,,,,,
Joe Allen,Doug Clove,Deian Salazar,,,
Noah Ernst,,,,,
Peggy Sue Owens,Timur Ender,Noah Ernst,Candace Avalos,Joe Allen,David Linn
Loretta Smith,Terrence Hayes,Michael (Mike) Sands,Joe Allen,Peggy Sue Owens,Joe Furi
Deian Salazar,Noah Ernst,Terrence Hayes,Doug Clove,Steph Routh,Cayle Tern
Steph Routh,Terrence Hayes,Jamie Dunphy,Timur Ender,Noah Ernst,David Linn
Loretta Smith,Steph Routh,Jamie Dunphy,,,
Loretta Smith,Terrence Hayes,David Linn,,,
Timur Ender,Candace Avalos,Cayle Tern,Steph Routh,Jamie Dunphy,David Linn
Jamie Dunphy,,,,,
David Linn,Noah Ernst,Timur Ender,,,
Loretta Smith,Timur Ender,David Linn,Deian Salazar,Terrence Hayes,Jamie Dunphy
Loretta Smith,Peggy Sue Owens,Doug Clove,Joe Furi,Timur Ender,Steph Routh
Timur Ender,Joe Allen,Joe Furi,Deian Salazar,Steph Routh,
Candace Avalos,Steph Routh,,,,
Noah Ernst,,,,,
Deian Salazar,,,,,
Candace Avalos,,,,,
Loretta Smith,Terrence Hayes,Candace Avalos,,,
Candace Avalos,Steph Routh,Timur Ender,Write-in-120,Loretta Smith,Noah Ernst
Jamie Dunphy,Steph Routh,Loretta Smith,Timur Ender,Noah Ernst,Candace Avalos
Candace Avalos,Cayle Tern,Timur Ender,Jamie Dunphy,Steph Routh,David Linn
Timur Ender,Noah Ernst,Joe Allen,Doug Clove,Joe Furi,Thomas Shervey
Candace Avalos,Loretta Smith,Cayle Tern,Steph Routh,Terrence Hayes,Timur Ender
Loretta Smith,Candace Avalos,Terrence Hayes,Steph Routh,Jamie Dunphy,Deian Salazar
Candace Avalos,Jamie Dunphy,Timur Ender,Steph Routh,Joe Furi,David Linn
Cayle Tern,Timur Ender,Joe Furi,Candace Avalos,,
Timur Ender,Deian Salazar,,,,
Candace Avalos,Steph Routh,Timur Ender,,,
Timur Ender,,,,,
Candace Avalos,Steph Routh,Jamie Dunphy,Timur Ender,Terrence Hayes,
Candace Avalos,Timur Ender,Steph Routh,Jamie Dunphy,Cayle Tern,David Linn
Terrence Hayes,Deian Salazar,Candace Avalos,Noah Ernst,Michael (Mike) Sands,Jamie Dunphy
Loretta Smith,Jamie Dunphy,Candace Avalos,Steph Routh,,
Noah Ernst,,,,,
Jamie Dunphy,,,,,
Loretta Smith,,,,,
Loretta Smith,,,,,
Noah Ernst,Peggy Sue Owens,Doug Clove,,,
Joe Allen,Joe Furi,Thomas Shervey,Peggy Sue Owens,Jamie Dunphy,Deian Salazar
Steph Routh,Timur Ender,Candace Avalos,,,
Steph Routh,Cayle Tern,Candace Avalos,Timur Ender,Joe Furi,
Timur Ender,Candace Avalos,David Linn,Steph Routh,,
Noah Ernst,Joe Allen,Michael (Mike) Sands,David Linn,Loretta Smith,Terrence Hayes
Candace Avalos,Steph Routh,Jamie Dunphy,Deian Salazar,Joe Furi,Timur Ender
Noah Ernst,Terrence Hayes,Doug Clove,Loretta Smith,,
Candace Avalos,Loretta Smith,Steph Routh,Timur Ender,Jamie Dunphy,Cayle Tern
Timur Ender,,,,,
Joe Furi,,,,,
Jamie Dunphy,Candace Avalos,Steph Routh,Noah Ernst,David Linn,Loretta Smith
Jamie Dunphy,Candace Avalos,Timur Ender,Steph Routh,Noah Ernst,
Timur Ender,Candace Avalos,Thomas Shervey,Steph Routh,David Linn,Michael (Mike) Sands
Noah Ernst,Joe Furi,Terrence Hayes,Doug Clove,,
Loretta Smith,,,,,
Timur Ender,Candace Avalos,Terrence Hayes,,,
Timur Ender,David Linn,Terrence Hayes,Loretta Smith,Jamie Dunphy,Candace Avalos
Terrence Hayes,,,,,
Doug Clove,Terrence Hayes,Loretta Smith,Noah Ernst,Candace Avalos,
Peggy Sue Owens,Michael (Mike) Sands,Cayle Tern,Steph Routh,Terrence Hayes,Joe Allen
Timur Ender,Noah Ernst,David Linn,Michael (Mike) Sands,Loretta Smith,Jamie Dunphy
Terrence Hayes,Steph Routh,Thomas Shervey,Doug Clove,David Linn,Candace Avalos
Candace Avalos,,,,,
Doug Clove,,,,,
Loretta Smith,David Linn,Joe Furi,Jamie Dunphy,,
Loretta Smith,,,,,
Joe Allen,Peggy Sue Owens,Deian Salazar,Loretta Smith,Cayle Tern,Timur Ender
Candace Avalos,Cayle Tern,Timur Ender,Michael (Mike) Sands,Deian Salazar,
Deian Salazar,Doug Clove,Terrence Hayes,Thomas Shervey,Noah Ernst,Joe Allen
David Linn,Candace Avalos,Write-in-120,,,
Candace Avalos,Steph Routh,Timur Ender,Jamie Dunphy,,
David Linn,Noah Ernst,Candace Avalos,,,
David Linn,,,,,
Jamie Dunphy,Candace Avalos,David Linn,Steph Routh,Cayle Tern,Timur Ender
Peggy Sue Owens,Timur Ender,Noah Ernst,Candace Avalos,Joe Allen,Joe Furi
Timur Ender,Cayle Tern,Steph Routh,Candace Avalos,,
Peggy Sue Owens,Candace Avalos,Michael (Mike) Sands,Loretta Smith,,
Jamie Dunphy,Candace Avalos,Steph Routh,Loretta Smith,Timur Ender,David Linn
Timur Ender,Deian Salazar,Cayle Tern,Candace Avalos,David Linn,Joe Furi
Jamie Dunphy,Candace Avalos,Steph Routh,Noah Ernst,David Linn,Loretta Smith
Cayle Tern,Timur Ender,Jamie Dunphy,Candace Avalos,Loretta Smith,Deian Salazar
Terrence Hayes,,,,,
Terrence Hayes,Steph Routh,Candace Avalos,Timur Ender,Jamie Dunphy,Loretta Smith
Peggy Sue Owens,,,,,
Loretta Smith,Terrence Hayes,Steph Routh,,,
Doug Clove,,,,,
,,,,,
Loretta Smith,,,,,
Timur Ender,Steph Routh,Candace Avalos,Loretta Smith,Cayle Tern,David Linn
Joe Allen,,,,,
Jamie Dunphy,Steph Routh,Candace Avalos,Timur Ender,Cayle Tern,Noah Ernst
Joe Furi,Doug Clove,Noah Ernst,,,
Jamie Dunphy,Candace Avalos,Steph Routh,Noah Ernst,David Linn,Loretta Smith
Steph Routh,Candace Avalos,Jamie Dunphy,Timur Ender,Cayle Tern,
Steph Routh,Doug Clove,Joe Furi,Deian Salazar,Terrence Hayes,Jamie Dunphy
Jamie Dunphy,Loretta Smith,David Linn,Candace Avalos,,
Timur Ender,Noah Ernst,Terrence Hayes,Loretta Smith,Jamie Dunphy,Candace Avalos
Noah Ernst,Terrence Hayes,Loretta Smith,,,
Loretta Smith,Steph Routh,Terrence Hayes,,,
Steph Routh,Jamie Dunphy,Deian Salazar,Terrence Hayes,Loretta Smith,Candace Avalos
Timur Ender,Candace Avalos,Jamie Dunphy,Steph Routh,,
Doug Clove,,,,,
Noah Ernst,Terrence Hayes,Joe Furi,Loretta Smith,Doug Clove,
Steph Routh,Jamie Dunphy,Timur Ender,Candace Avalos,Loretta Smith,Terrence Hayes
Doug Clove,,,,,
Cayle Tern,Timur Ender,Doug Clove,,,
Peggy Sue Owens,Joe Furi,Noah Ernst,Loretta Smith,Candace Avalos,Cayle Tern
Loretta Smith,Noah Ernst,Thomas Shervey,David Linn,Jamie Dunphy,Steph Routh
Terrence Hayes,Deian Salazar,,,,
Candace Avalos,Steph Routh,Timur Ender,Jamie Dunphy,,
Candace Avalos,Timur Ender,Steph Routh,Jamie Dunphy,Cayle Tern,David Linn
Loretta Smith,Terrence Hayes,Michael (Mike) Sands,Joe Allen,Peggy Sue Owens,Candace Avalos
Candace Avalos,Jamie Dunphy,Timur Ender,David Linn,,
Candace Avalos,Jamie Dunphy,Noah Ernst,David Linn,Steph Routh,
Loretta Smith,Terrence Hayes,Steph Routh,,,
Noah Ernst,Terrence Hayes,,,,
Joe Allen,David Linn,Doug Clove,Timur Ender,Jamie Dunphy,Loretta Smith
Loretta Smith,Candace Avalos,Jamie Dunphy,Terrence Hayes,Noah Ernst,Steph Routh
Jamie Dunphy,Candace Avalos,Timur Ender,Steph Routh,David Linn,Cayle Tern
Loretta Smith,Terrence Hayes,,,,
Loretta Smith,Candace Avalos,Timur Ender,,,
Candace Avalos,Cayle Tern,Timur Ender,,,
Loretta Smith,,,,,
Michael (Mike) Sands,,,,,
,,,,,
Timur Ender,Candace Avalos,Steph Routh,Jamie Dunphy,Cayle Tern,
Peggy Sue Owens,Loretta Smith,Candace Avalos,Jamie Dunphy,Steph Routh,Cayle Tern
Candace Avalos,Steph Routh,Timur Ender,Cayle Tern,Jamie Dunphy,Loretta Smith
Loretta Smith,Terrence Hayes,,,,
Cayle Tern,Michael (Mike) Sands,Jamie Dunphy,Terrence Hayes,Timur Ender,Peggy Sue Owens
Deian Salazar,Loretta Smith,David Linn,Peggy Sue Owens,Noah Ernst,Timur Ender
Noah Ernst,Deian Salazar,,,,
Candace Avalos,Steph Routh,Timur Ender,Jamie Dunphy,,
Michael (Mike) Sands,Candace Avalos,David Linn,,,
Steph Routh,Candace Avalos,Timur Ender,David Linn,Cayle Tern,Jamie Dunphy
Candace Avalos,Timur Ender,Steph Routh,Loretta Smith,,
Steph Routh,Terrence Hayes,,,,
Timur Ender,Joe Furi,Doug Clove,,,
Candace Avalos,Steph Routh,Timur Ender,Jamie Dunphy,,
Jamie Dunphy,Steph Routh,Noah Ernst,Candace Avalos,David Linn,Terrence Hayes
Steph Routh,Candace Avalos,Timur Ender,,,
Doug Clove,Noah Ernst,,,,
Jamie Dunphy,Terrence Hayes,Doug Clove,Loretta Smith,,
Noah Ernst,Terrence Hayes,Loretta Smith,,,
Terrence Hayes,Jamie Dunphy,Doug Clove,Joe Furi,Candace Avalos,Timur Ender
Noah Ernst,Doug Clove,Michael (Mike) Sands,Loretta Smith,,
Candace Avalos,David Linn,,,,
Timur Ender,Steph Routh,Loretta Smith,Jamie Dunphy,Candace Avalos,
Candace Avalos,Deian Salazar,Steph Routh,Peggy Sue Owens,Cayle Tern,Jamie Dunphy
Timur Ender,Steph Routh,Jamie Dunphy,Thomas Shervey,Joe Allen,Candace Avalos
Loretta Smith,,,,,
Jamie Dunphy,Loretta Smith,Timur Ender,Steph Routh,Terrence Hayes,Candace Avalos
Timur Ender,David Linn,Terrence Hayes,Steph Routh,Doug Clove,Cayle Tern
Cayle Tern,Joe Furi,Loretta Smith,Terrence Hayes,Steph Routh,Candace Avalos
Noah Ernst,Doug Clove,Deian Salazar,Joe Furi,Candace Avalos,Joe Allen
David Linn,Loretta Smith,Terrence Hayes,Joe Furi,Cayle Tern,Jamie Dunphy
Jamie Dunphy,Doug Clove,Steph Routh,,,
Steph Routh,David Linn,Doug Clove,Timur Ender,Candace Avalos,Thomas Shervey
Cayle Tern,Noah Ernst,Doug Clove,Joe Allen,Candace Avalos,Timur Ender
Cayle Tern,Candace Avalos,Loretta Smith,Jamie Dunphy,Deian Salazar,
Terrence Hayes,Noah Ernst,Joe Furi,Loretta Smith,Doug Clove,
Noah Ernst,Timur Ender,Terrence Hayes,Doug Clove,Steph Routh,Jamie Dunphy
Terrence Hayes,Noah Ernst,Steph Routh,,,
Terrence Hayes,Doug Clove,Joe Allen,,,
Candace Avalos,Timur Ender,Steph Routh,Jamie Dunphy,Cayle Tern,David Linn
Noah Ernst,Joe Furi,Deian Salazar,Thomas Shervey,,
Candace Avalos,Noah Ernst,Cayle Tern,Terrence Hayes,Joe Allen,Steph Routh
Terrence Hayes,Loretta Smith,,,,
Timur Ender,Candace Avalos,Steph Routh,Jamie Dunphy,,
Noah Ernst,Michael (Mike) Sands,Doug Clove,Terrence Hayes,,
Noah Ernst,,,,,
Jamie Dunphy,David Linn,Noah Ernst,Terrence Hayes,Joe Furi,
Jamie Dunphy,Steph Routh,Candace Avalos,,,
Peggy Sue Owens,Timur Ender,Noah Ernst,Candace Avalos,Joe Allen,David Linn
Steph Routh,David Linn,Loretta Smith,Terrence Hayes,Candace Avalos,
Write-in-120,Jamie Dunphy,Joe Allen,Loretta Smith,,
Noah Ernst,David Linn,Jamie Dunphy,Terrence Hayes,Steph Routh,Loretta Smith
Terrence Hayes,Steph Routh,,,,
Steph Routh,,,,,
Noah Ernst,Candace Avalos,Deian Salazar,David Linn,Joe Furi,Timur Ender
Candace Avalos,Cayle Tern,Timur Ender,Jamie Dunphy,Steph Routh,David Linn
Terrence Hayes,Candace Avalos,Timur Ender,Steph Routh,Deian Salazar,
Candace Avalos,Cayle Tern,Steph Routh,Jamie Dunphy,Timur Ender,David Linn
Noah Ernst,Joe Allen,Doug Clove,Thomas Shervey,Joe Furi,
Loretta Smith,,,,,
Loretta Smith,,,,,
Candace Avalos,Steph Routh,Timur Ender,,,
Terrence Hayes,Noah Ernst,,,,
Timur Ender,David Linn,Steph Routh,Terrence Hayes,Candace Avalos,Jamie Dunphy
Jamie Dunphy,Candace Avalos,Steph Routh,Noah Ernst,Joe Allen,Loretta Smith
Loretta Smith,Deian Salazar,David Linn,Candace Avalos,Jamie Dunphy,Peggy Sue Owens
Terrence Hayes,Loretta Smith,David Linn,,,
Terrence Hayes,Noah Ernst,Doug Clove,,,
Timur Ender,Jamie Dunphy,Terrence Hayes,,,
Steph Routh,Doug Clove,Loretta Smith,Terrence Hayes,Noah Ernst,David Linn
Terrence Hayes,Loretta Smith,Deian Salazar,Noah Ernst,Doug Clove,
Jamie Dunphy,Steph Routh,Terrence Hayes,Timur Ender,Cayle Tern,
Jamie Dunphy,Loretta Smith,Candace Avalos,,,
Cayle Tern,Deian Salazar,Steph Routh,Loretta Smith,Timur Ender,Jamie Dunphy
Loretta Smith,Timur Ender,Thomas Shervey,Michael (Mike) Sands,Cayle Tern,Candace Avalos
Candace Avalos,Steph Routh,Noah Ernst,Jamie Dunphy,Terrence Hayes,Loretta Smith
Candace Avalos,Loretta Smith,Terrence Hayes,Steph Routh,Jamie Dunphy,Timur Ender
Peggy Sue Owens,Noah Ernst,Candace Avalos,,,
Michael (Mike) Sands,Doug Clove,,,,
Candace Avalos,Timur Ender,Jamie Dunphy,Steph Routh,Loretta Smith,Terrence Hayes
Terrence Hayes,Candace Avalos,Jamie Dunphy,,,
Candace Avalos,Timur Ender,Cayle Tern,David Linn,Michael (Mike) Sands,Loretta Smith
Candace Avalos,Cayle Tern,Timur Ender,David Linn,Jamie Dunphy,Steph Routh
Loretta Smith,Candace Avalos,Terrence Hayes,Jamie Dunphy,Cayle Tern,Steph Routh
,,,,,
Joe Allen,Deian Salazar,,,,
Noah Ernst,,,,,
Candace Avalos,,,,,
Cayle Tern,Steph Routh,Michael (Mike) Sands,Terrence Hayes,Timur Ender,Candace Avalos
David Linn,,,,,
Terrence Hayes,Doug Clove,Joe Furi,Joe Allen,Thomas Shervey,Steph Routh
Steph Routh,Timur Ender,Jamie Dunphy,Candace Avalos,Loretta Smith,Terrence Hayes
Steph Routh,Candace Avalos,Jamie Dunphy,Timur Ender,Cayle Tern,Thomas Shervey
Terrence Hayes,Loretta Smith,Doug Clove,Peggy Sue Owens,Candace Avalos,Michael (Mike) Sands
Noah Ernst,Jamie Dunphy,Michael (Mike) Sands,Doug Clove,Cayle Tern,Deian Salazar
Steph Routh,Jamie Dunphy,Candace Avalos,Cayle Tern,Terrence Hayes,Noah Ernst
Noah Ernst,Terrence Hayes,Joe Furi,Loretta Smith,Doug Clove,
Timur Ender,,,,,
Peggy Sue Owens,Noah Ernst,Joe Allen,Steph Routh,Jamie Dunphy,Loretta Smith
Loretta Smith,Deian Salazar,Steph Routh,,,
Candace Avalos,Cayle Tern,Loretta Smith,Steph Routh,Terrence Hayes,
Loretta Smith,Terrence Hayes,,,,
Candace Avalos,Loretta Smith,Terrence Hayes,,,
Jamie Dunphy,Steph Routh,Doug Clove,Michael (Mike) Sands,Loretta Smith,Noah Ernst
Loretta Smith,Terrence Hayes,,,,
Timur Ender,Noah Ernst,Joe Allen,Joe Furi,Deian Salazar,Steph Routh
Michael (Mike) Sands,Loretta Smith,Steph Routh,Jamie Dunphy,David Linn,Timur Ender
Candace Avalos,Loretta Smith,Timur Ender,Steph Routh,Jamie Dunphy,Noah Ernst
Terrence Hayes,,,,,
Loretta Smith,Terrence Hayes,,,,
Doug Clove,Loretta Smith,,,,
Timur Ender,Jamie Dunphy,Loretta Smith,Terrence Hayes,Noah Ernst,Candace Avalos
Jamie Dunphy,Steph Routh,Noah Ernst,,,
Candace Avalos,Write-in-120,Doug Clove,Peggy Sue Owens,Loretta Smith,Write-in-122
Noah Ernst,,,,,
Joe Allen,,,,,
Jamie Dunphy,Candace Avalos,Steph Routh,Noah Ernst,David Linn,Loretta Smith
Michael (Mike) Sands,Jamie Dunphy,Candace Avalos,David Linn,Noah Ernst,Cayle Tern
Timur Ender,Terrence Hayes,Loretta Smith,Steph Routh,Michael (Mike) Sands,
Peggy Sue Owens,Timur Ender,Candace Avalos,David Linn,Doug Clove,Jamie Dunphy
Candace Avalos,Cayle Tern,Timur Ender,Jamie Dunphy,Peggy Sue Owens,
Jamie Dunphy,Candace Avalos,Steph Routh,Noah Ernst,David Linn,Loretta Smith
Joe Furi,Terrence Hayes,Timur Ender,Noah Ernst,Michael (Mike) Sands,Loretta Smith
Terrence Hayes,,,,,
Noah Ernst,Cayle Tern,Loretta Smith,,,
Timur Ender,David Linn,Steph Routh,Thomas Shervey,Loretta Smith,Cayle Tern
Loretta Smith,,,,,
Terrence Hayes,Thomas Shervey,Jamie Dunphy,Candace Avalos,Timur Ender,Steph Routh
Deian Salazar,Noah Ernst,Loretta Smith,Jamie Dunphy,David Linn,Doug Clove
Loretta Smith,Peggy Sue Owens,Michael (Mike) Sands,Terrence Hayes,Doug Clove,Jamie Dunphy
Steph Routh,,,,,
Candace Avalos,Terrence Hayes,Steph Routh,,,
Thomas Shervey,Loretta Smith,Doug Clove,David Linn,Noah Ernst,Timur Ender
Jamie Dunphy,Candace Avalos,Steph Routh,,,
Peggy Sue Owens,Doug Clove,David Linn,Thomas Shervey,Joe Furi,Candace Avalos
Candace Avalos,Jamie Dunphy,Steph Routh,Loretta Smith,Terrence Hayes,Doug Clove
Terrence Hayes,,,,,
Jamie Dunphy,,,,,
Candace Avalos,Cayle Tern,Timur Ender,Jamie Dunphy,Steph Routh,
Steph Routh,Loretta Smith,,,,
Jamie Dunphy,Timur Ender,Candace Avalos,Steph Routh,Loretta Smith,Terrence Hayes
Candace Avalos,Terrence Hayes,Jamie Dunphy,Deian Salazar,Steph Routh,David Linn
Steph Routh,Jamie Dunphy,Terrence Hayes,,,
Loretta Smith,Jamie Dunphy,Timur Ender,Candace Avalos,Steph Routh,
Candace Avalos,Jamie Dunphy,Steph Routh,Timur Ender,Terrence Hayes,Cayle Tern
Deian Salazar,,,,,
Jamie Dunphy,Candace Avalos,Steph Routh,Terrence Hayes,,
Noah Ernst,Doug Clove,Joe Allen,Jamie Dunphy,Terrence Hayes,Deian Salazar
Doug Clove,Thomas Shervey,Deian Salazar,Joe Furi,Noah Ernst,Terrence Hayes
Loretta Smith,Doug Clove,Terrence Hayes,Michael (Mike) Sands,David Linn,
Deian Salazar,Terrence Hayes,Candace Avalos,,,
Candace Avalos,Jamie Dunphy,Steph Routh,,,
Loretta Smith,Terrence Hayes,Steph Routh,David Linn,Candace Avalos,Michael (Mike) Sands
Candace Avalos,Cayle Tern,Timur Ender,,,
Peggy Sue Owens,Candace Avalos,Steph Routh,,,
Terrence Hayes,Joe Allen,Candace Avalos,,,
Noah Ernst,David Linn,Doug Clove,Terrence Hayes,Steph Routh,
Steph Routh,Jamie Dunphy,Terrence Hayes,,,
,,,,,
Jamie Dunphy,Candace Avalos,Doug Clove,Timur Ender,Terrence Hayes,Noah Ernst
Steph Routh,Terrence Hayes,Timur Ender,,,
Terrence Hayes,Noah Ernst,Doug Clove,Loretta Smith,,
Timur Ender,David Linn,Loretta Smith,,,
Candace Avalos,Jamie Dunphy,Cayle Tern,Timur Ender,Steph Routh,
Terrence Hayes,Thomas Shervey,Loretta Smith,Deian Salazar,Michael (Mike) Sands,Joe Furi
Peggy Sue Owens,Loretta Smith,,,,
Steph Routh,Candace Avalos,Deian Salazar,Terrence Hayes,,
Noah Ernst,,,,,
Loretta Smith,Deian Salazar,Terrence Hayes,Candace Avalos,Michael (Mike) Sands,Doug Clove
Candace Avalos,Steph Routh,,,,
Michael (Mike) Sands,Candace Avalos,Cayle Tern,Steph Routh,,
Joe Allen,,,,,
Candace Avalos,Steph Routh,Timur Ender,Cayle Tern,Jamie Dunphy,David Linn
Candace Avalos,Steph Routh,Loretta Smith,Jamie Dunphy,Peggy Sue Owens,
Loretta Smith,Noah Ernst,Michael (Mike) Sands,,,
Terrence Hayes,Loretta Smith,,,,
Steph Routh,Candace Avalos,Timur Ender,Jamie Dunphy,,
Candace Avalos,Deian Salazar,Loretta Smith,,,
Peggy Sue Owens,Candace Avalos,Loretta Smith,,,
Loretta Smith,Noah Ernst,Terrence Hayes,,,
Jamie Dunphy,Candace Avalos,Cayle Tern,,,
Jamie Dunphy,Steph Routh,Cayle Tern,Candace Avalos,Timur Ender,Terrence Hayes
Candace Avalos,Jamie Dunphy,Steph Routh,Loretta Smith,Timur Ender,
Candace Avalos,Steph Routh,Timur Ender,Jamie Dunphy,,
Terrence Hayes,,,,,
Terrence Hayes,,,,,
Noah Ernst,Doug Clove,Deian Salazar,Terrence Hayes,Loretta Smith,Timur Ender
Loretta Smith,Steph Routh,Candace Avalos,Noah Ernst,Timur Ender,Terrence Hayes
Terrence Hayes,Noah Ernst,Candace Avalos,,,
Candace Avalos,Cayle Tern,Timur Ender,Steph Routh,Jamie Dunphy,David Linn
Jamie Dunphy,Candace Avalos,,,,
,,,,,
Steph Routh,Jamie Dunphy,Candace Avalos,Cayle Tern,Timur Ender,
Doug Clove,,,,,
Timur Ender,Deian Salazar,Thomas Shervey,Loretta Smith,Joe Furi,Joe Allen
Candace Avalos,Timur Ender,Loretta Smith,Steph Routh,Jamie Dunphy,
Loretta Smith,Steph Routh,Jamie Dunphy,Candace Avalos,Timur Ender,Joe Allen
Peggy Sue Owens,,,,,
Candace Avalos,Michael (Mike) Sands,Deian Salazar,Terrence Hayes,David Linn,Loretta Smith
Loretta Smith,Steph Routh,Cayle Tern,David Linn,Timur Ender,Jamie Dunphy
Loretta Smith,Steph Routh,Timur Ender,Terrence Hayes,Jamie Dunphy,Candace Avalos
Candace Avalos,Steph Routh,Timur Ender,Loretta Smith,Jamie Dunphy,Terrence Hayes
Candace Avalos,Timur Ender,Steph Routh,,,
Jamie Dunphy,Loretta Smith,Candace Avalos,Steph Routh,David Linn,Terrence Hayes
Noah Ernst,Cayle Tern,Doug Clove,Terrence Hayes,Loretta Smith,Deian Salazar
Timur Ender,Steph Routh,Terrence Hayes,Candace Avalos,David Linn,Jamie Dunphy
Joe Furi,,,,,
Noah Ernst,,,,,
Terrence Hayes,Steph Routh,Deian Salazar,,,
Thomas Shervey,Noah Ernst,Timur Ender,,,
Noah Ernst,Doug Clove,Terrence Hayes,Loretta Smith,Steph Routh,Jamie Dunphy
Peggy Sue Owens,,,,,
Jamie Dunphy,Candace Avalos,Noah Ernst,,,
Terrence Hayes,Steph Routh,David Linn,,,
Candace Avalos,Steph Routh,Timur Ender,Jamie Dunphy,David Linn,Loretta Smith
Noah Ernst,Terrence Hayes,Deian Salazar,Doug Clove,,
Noah Ernst,Doug Clove,Joe Allen,Timur Ender,Thomas Shervey,Terrence Hayes
Loretta Smith,Deian Salazar,Terrence Hayes,Steph Routh,Doug Clove,Cayle Tern
Noah Ernst,Joe Allen,Timur Ender,Doug Clove,Deian Salazar,Terrence Hayes
Loretta Smith,Terrence Hayes,,,,
Timur Ender,Terrence Hayes,Loretta Smith,,,
Noah Ernst,Doug Clove,,,,
Noah Ernst,Joe Furi,Loretta Smith,Doug Clove,,
Loretta Smith,Terrence Hayes,Noah Ernst,,,
Candace Avalos,,,,,
Timur Ender,Terrence Hayes,Candace Avalos,Steph Routh,Jamie Dunphy,
Steph Routh,Jamie Dunphy,Candace Avalos,Loretta Smith,Terrence Hayes,Cayle Tern
Jamie Dunphy,Candace Avalos,Steph Routh,Noah Ernst,David Linn,Loretta Smith
Timur Ender,Loretta Smith,Steph Routh,,,
David Linn,Steph Routh,Candace Avalos,Thomas Shervey,Loretta Smith,Timur Ender
Timur Ender,Candace Avalos,Jamie Dunphy,,,
,,,,,
Jamie Dunphy,Noah Ernst,Steph Routh,Doug Clove,Timur Ender,
Timur Ender,Steph Routh,Loretta Smith,,,
Joe Allen,Doug Clove,Loretta Smith,Steph Routh,Thomas Shervey,Michael (Mike) Sands
Candace Avalos,Loretta Smith,Terrence Hayes,David Linn,Timur Ender,Jamie Dunphy
Candace Avalos,Timur Ender,Cayle Tern,Jamie Dunphy,Steph Routh,David Linn
Peggy Sue Owens,Loretta Smith,Candace Avalos,Steph Routh,Noah Ernst,Timur Ender
Steph Routh,Loretta Smith,Candace Avalos,,,
Loretta Smith,Terrence Hayes,Joe Furi,Cayle Tern,Timur Ender,Steph Routh
Peggy Sue Owens,Candace Avalos,Deian Salazar,Loretta Smith,David Linn,Doug Clove
Jamie Dunphy,Steph Routh,Candace Avalos,,,
Loretta Smith,Timur Ender,Steph Routh,,,
Noah Ernst,Joe Allen,Peggy Sue Owens,Michael (Mike) Sands,Terrence Hayes,Jamie Dunphy
David Linn,Cayle Tern,Jamie Dunphy,Candace Avalos,Noah Ernst,Steph Routh
Terrence Hayes,Loretta Smith,Jamie Dunphy,Deian Salazar,Candace Avalos,
Noah Ernst,,,,,
Michael (Mike) Sands,Joe Allen,Noah Ernst,David Linn,Doug Clove,Deian Salazar
Timur Ender,David Linn,Peggy Sue Owens,Deian Salazar,Terrence Hayes,Jamie Dunphy
Peggy Sue Owens,,,,,
Joe Furi,David Linn,Candace Avalos,Thomas Shervey,Doug Clove,Noah Ernst
Cayle Tern,,,,,
Loretta Smith,Candace Avalos,Peggy Sue Owens,Deian Salazar,Thomas Shervey,Jamie Dunphy
Candace Avalos,Steph Routh,Timur Ender,Jamie Dunphy,,
Terrence Hayes,,,,,
Doug Clove,Joe Furi,Michael (Mike) Sands,Deian Salazar,Loretta Smith,Thomas Shervey
Terrence Hayes,Noah Ernst,Steph Routh,,,
Timur Ender,Candace Avalos,David Linn,,,
Timur Ender,Candace Avalos,David Linn,Steph Routh,,
Candace Avalos,Timur Ender,Steph Routh,Cayle Tern,Jamie Dunphy,Loretta Smith
Doug Clove,Noah Ernst,,,,
Peggy Sue Owens,Joe Allen,Doug Clove,Michael (Mike) Sands,Noah Ernst,Terrence Hayes
Noah Ernst,Jamie Dunphy,Steph Routh,,,
Noah Ernst,Steph Routh,Deian Salazar,,,
Candace Avalos,Steph Routh,Timur Ender,Jamie Dunphy,,
Candace Avalos,Cayle Tern,Timur Ender,,,
Deian Salazar,Joe Furi,Doug Clove,Loretta Smith,Terrence Hayes,Steph Routh
Peggy Sue Owens,Noah Ernst,Cayle Tern,Terrence Hayes,Steph Routh,Joe Allen
Write-in-120,Thomas Shervey,Peggy Sue Owens,Noah Ernst,Cayle Tern,Joe Allen
Terrence Hayes,Noah Ernst,Joe Furi,Loretta Smith,Doug Clove,Write-in-120
Steph Routh,Terrence Hayes,Jamie Dunphy,David Linn,Timur Ender,Candace Avalos
,,,,,
Terrence Hayes,,,,,
Loretta Smith,Terrence Hayes,Candace Avalos,,,
Deian Salazar,Doug Clove,Noah Ernst,Terrence Hayes,,
,,,,,
Candace Avalos,Jamie Dunphy,Steph Routh,Loretta Smith,,
Terrence Hayes,Noah Ernst,Peggy Sue Owens,,,
Candace Avalos,Steph Routh,Timur Ender,Jamie Dunphy,Cayle Tern,David Linn
Terrence Hayes,Noah Ernst,Candace Avalos,,,
Doug Clove,Noah Ernst,,,,
Jamie Dunphy,Candace Avalos,Noah Ernst,,,
Terrence Hayes,Loretta Smith,,,,
Candace Avalos,Steph Routh,Jamie Dunphy,Timur Ender,,
Doug Clove,,,,,
Michael (Mike) Sands,Cayle Tern,,,,
Steph Routh,Cayle Tern,Candace Avalos,Timur Ender,Joe Furi,
Loretta Smith,Doug Clove,Candace Avalos,Peggy Sue Owens,Steph Routh,Jamie Dunphy
Candace Avalos,,,,,
Terrence Hayes,Jamie Dunphy,Loretta Smith,,,
Candace Avalos,,,,,
Michael (Mike) Sands,David Linn,Peggy Sue Owens,,,
Steph Routh,Terrence Hayes,Michael (Mike) Sands,Loretta Smith,Timur Ender,Jamie Dunphy
Steph Routh,Timur Ender,Candace Avalos,,,
Deian Salazar,,,,,
Candace Avalos,,,,,
Loretta Smith,Candace Avalos,Joe Furi,Terrence Hayes,Jamie Dunphy,Joe Allen
Loretta Smith,Terrence Hayes,David Linn,,,
Joe Furi,Jamie Dunphy,Steph Routh,Thomas Shervey,Loretta Smith,Michael (Mike) Sands
Terrence Hayes,Doug Clove,Timur Ender,Steph Routh,Loretta Smith,
Timur Ender,Steph Routh,Candace Avalos,Loretta Smith,Cayle Tern,David Linn
Noah Ernst,Joe Allen,,,,
Loretta Smith,,,,,
Noah Ernst,,,,,
Candace Avalos,Steph Routh,Loretta Smith,Timur Ender,Terrence Hayes,Jamie Dunphy
Candace Avalos,Joe Furi,Doug Clove,Terrence Hayes,Steph Routh,Jamie Dunphy
Candace Avalos,Michael (Mike) Sands,Joe Allen,Jamie Dunphy,Steph Routh,Timur Ender
Loretta Smith,David Linn,Steph Routh,Jamie Dunphy,Michael (Mike) Sands,
Candace Avalos,,,,,
Doug Clove,,,,,
Jamie Dunphy,Candace Avalos,Timur Ender,Thomas Shervey,Loretta Smith,Terrence Hayes
Noah Ernst,,,,,
Candace Avalos,Loretta Smith,Terrence Hayes,Cayle Tern,Deian Salazar,Steph Routh
Candace Avalos,Jamie Dunphy,Noah Ernst,David Linn,Steph Routh,Loretta Smith
Noah Ernst,David Linn,Doug Clove,Joe Furi,Michael (Mike) Sands,Joe Allen
Steph Routh,Candace Avalos,Jamie Dunphy,Timur Ender,Loretta Smith,Noah Ernst
Joe Allen,Candace Avalos,Peggy Sue Owens,Loretta Smith,Doug Clove,Jamie Dunphy
Joe Allen,Loretta Smith,Thomas Shervey,Terrence Hayes,Jamie Dunphy,
Candace Avalos,Steph Routh,Jamie Dunphy,,,
Jamie Dunphy,,,,,
Noah Ernst,Cayle Tern,Jamie Dunphy,,,
Noah Ernst,Doug Clove,Michael (Mike) Sands,,,
Michael (Mike) Sands,Doug Clove,Jamie Dunphy,Steph Routh,Joe Allen,Timur Ender
Candace Avalos,Jamie Dunphy,Steph Routh,Timur Ender,Loretta Smith,Cayle Tern
Loretta Smith,Candace Avalos,,,,
Timur Ender,,,,,
Steph Routh,Candace Avalos,Timur Ender,Jamie Dunphy,Loretta Smith,
Loretta Smith,Terrence Hayes,Joe Allen,,,
Jamie Dunphy,Steph Routh,Timur Ender,,,
Doug Clove,Terrence Hayes,,,,
Candace Avalos,Loretta Smith,,,,
Candace Avalos,Steph Routh,Jamie Dunphy,Cayle Tern,Timur Ender,
Candace Avalos,Jamie Dunphy,Steph Routh,Timur Ender,Loretta Smith,Terrence Hayes
Steph Routh,Candace Avalos,Jamie Dunphy,Timur Ender,Loretta Smith,Noah Ernst
Terrence Hayes,Loretta Smith,Noah Ernst,,,
Loretta Smith,Thomas Shervey,Timur Ender,Terrence Hayes,Steph Routh,Jamie Dunphy
Candace Avalos,,,,,
Terrence Hayes,Loretta Smith,Noah Ernst,,,
Timur Ender,Cayle Tern,Candace Avalos,Noah Ernst,Deian Salazar,Michael (Mike) Sands
Steph Routh,Michael (Mike) Sands,Loretta Smith,Jamie Dunphy,Timur Ender,Cayle Tern
Candace Avalos,Timur Ender,Steph Routh,,,
Jamie Dunphy,Thomas Shervey,Michael (Mike) Sands,,,
Noah Ernst,Loretta Smith,Cayle Tern,Deian Salazar,Terrence Hayes,Steph Routh
Timur Ender,David Linn,Steph Routh,Candace Avalos,Loretta Smith,Jamie Dunphy
Jamie Dunphy,Noah Ernst,Terrence Hayes,,,
Candace Avalos,Timur Ender,Noah Ernst,David Linn,Cayle Tern,Deian Salazar
Noah Ernst,Terrence Hayes,,,,
Steph Routh,Terrence Hayes,,,,
Noah Ernst,,,,,
Steph Routh,Terrence Hayes,Michael (Mike) Sands,Joe Furi,Cayle Tern,Candace Avalos
Noah Ernst,Terrence Hayes,Cayle Tern,Joe Furi,Thomas Shervey,
Peggy Sue Owens,Michael (Mike) Sands,Loretta Smith,Joe Allen,Deian Salazar,David Linn
Terrence Hayes,Noah Ernst,Joe Furi,Loretta Smith,Doug Clove,Write-in-120
Peggy Sue Owens,Candace Avalos,Loretta Smith,Terrence Hayes,Steph Routh,Michael (Mike) Sands
Peggy Sue Owens,Candace Avalos,,,,
Timur Ender,Jamie Dunphy,Joe Furi,Loretta Smith,Terrence Hayes,Michael (Mike) Sands
Noah Ernst,Terrence Hayes,Loretta Smith,,,
Doug Clove,Loretta Smith,Jamie Dunphy,Candace Avalos,Cayle Tern,Peggy Sue Owens
Loretta Smith,,,,,
Candace Avalos,Terrence Hayes,Loretta Smith,Jamie Dunphy,Steph Routh,Timur Ender
Joe Allen,David Linn,Michael (Mike) Sands,,,
Doug Clove,Noah Ernst,Steph Routh,,,
Noah Ernst,Michael (Mike) Sands,,,,
Joe Furi,Deian Salazar,Thomas Shervey,Steph Routh,Write-in-120,Write-in-122
Timur Ender,,,,,
Steph Routh,Timur Ender,Candace Avalos,Michael (Mike) Sands,Terrence Hayes,Deian Salazar
Candace Avalos,Michael (Mike) Sands,Loretta Smith,Steph Routh,Cayle Tern,Terrence Hayes
Jamie Dunphy,Steph Routh,Timur Ender,Candace Avalos,Cayle Tern,
Candace Avalos,Steph Routh,Timur Ender,,,
Candace Avalos,Joe Allen,Cayle Tern,Jamie Dunphy,David Linn,Steph Routh
Steph Routh,Candace Avalos,Jamie Dunphy,Loretta Smith,Timur Ender,Terrence Hayes
David Linn,Deian Salazar,Jamie Dunphy,Michael (Mike) Sands,Doug Clove,Loretta Smith
Candace Avalos,Timur Ender,Steph Routh,Jamie Dunphy,Cayle Tern,David Linn
Loretta Smith,Joe Allen,David Linn,,,
Noah Ernst,Joe Allen,Doug Clove,Terrence Hayes,,
Jamie Dunphy,Steph Routh,Candace Avalos,,,
David Linn,,,,,
Doug Clove,Noah Ernst,Loretta Smith,Steph Routh,Joe Allen,
Jamie Dunphy,Steph Routh,Terrence Hayes,Cayle Tern,Candace Avalos,Timur Ender
Loretta Smith,Steph Routh,Terrence Hayes,Jamie Dunphy,Cayle Tern,David Linn
Candace Avalos,Terrence Hayes,Steph Routh,Jamie Dunphy,Timur Ender,Cayle Tern
Terrence Hayes,Noah Ernst,Doug Clove,Timur Ender,Joe Allen,David Linn
Candace Avalos,Steph Routh,Timur Ender,Jamie Dunphy,Cayle Tern,Michael (Mike) Sands
Candace Avalos,Timur Ender,Thomas Shervey,,,
Jamie Dunphy,Loretta Smith,David Linn,Timur Ender,Steph Routh,Terrence Hayes
Steph Routh,Candace Avalos,Timur Ender,Jamie Dunphy,,
Candace Avalos,Steph Routh,Timur Ender,,,
Joe Furi,,,,,
Loretta Smith,Terrence Hayes,Thomas Shervey,Jamie Dunphy,Candace Avalos,
Terrence Hayes,,,,,
David Linn,Cayle Tern,Timur Ender,Loretta Smith,Steph Routh,
Timur Ender,,,,,
Loretta Smith,,,,,
Michael (Mike) Sands,David Linn,Loretta Smith,,,
Candace Avalos,Steph Routh,Jamie Dunphy,Timur Ender,,
Michael (Mike) Sands,Joe Allen,Doug Clove,Jamie Dunphy,Loretta Smith,Peggy Sue Owens
Michael (Mike) Sands,Loretta Smith,Jamie Dunphy,Terrence Hayes,David Linn,
Steph Routh,Jamie Dunphy,Loretta Smith,Terrence Hayes,Deian Salazar,Candace Avalos
Timur Ender,,,,,
Steph Routh,Candace Avalos,David Linn,Timur Ender,Thomas Shervey,Cayle Tern
Steph Routh,Candace Avalos,Timur Ender,Jamie Dunphy,Noah Ernst,
Jamie Dunphy,Steph Routh,Candace Avalos,Timur Ender,David Linn,Cayle Tern
Candace Avalos,Steph Routh,Timur Ender,Cayle Tern,David Linn,Jamie Dunphy
Joe Allen,Terrence Hayes,Steph Routh,Jamie Dunphy,Noah Ernst,Michael (Mike) Sands
Joe Allen,Steph Routh,Joe Furi,Doug Clove,Michael (Mike) Sands,Noah Ernst
Steph Routh,Terrence Hayes,,,,
Joe Allen,Doug Clove,Joe Furi,Thomas Shervey,Timur Ender,Steph Routh
Candace Avalos,Timur Ender,Jamie Dunphy,Cayle Tern,Steph Routh,David Linn
Peggy Sue Owens,David Linn,Noah Ernst,Doug Clove,Michael (Mike) Sands,Thomas Shervey
Jamie Dunphy,,,,,
Steph Routh,Noah Ernst,Jamie Dunphy,,,
Terrence Hayes,Timur Ender,Loretta Smith,,,
Timur Ender,Steph Routh,Jamie Dunphy,Candace Avalos,Loretta Smith,Noah Ernst
Candace Avalos,Loretta Smith,Terrence Hayes,,,
Jamie Dunphy,Candace Avalos,Steph Routh,,,
Candace Avalos,Loretta Smith,Thomas Shervey,Steph Routh,Jamie Dunphy,Terrence Hayes
Loretta Smith,David Linn,Steph Routh,Terrence Hayes,Candace Avalos,
Doug Clove,Timur Ender,,,,
Candace Avalos,Cayle Tern,Timur Ender,,,
Candace Avalos,Steph Routh,Timur Ender,Jamie Dunphy,Cayle Tern,
Michael (Mike) Sands,Loretta Smith,Terrence Hayes,,,
Terrence Hayes,Candace Avalos,Deian Salazar,Loretta Smith,David Linn,Steph Routh
Jamie Dunphy,Candace Avalos,,,,
Terrence Hayes,Loretta Smith,,,,
Terrence Hayes,Michael (Mike) Sands,Doug Clove,Joe Allen,Peggy Sue Owens,
David Linn,,,,,
Jamie Dunphy,Timur Ender,Noah Ernst,David Linn,Michael (Mike) Sands,Loretta Smith
Loretta Smith,,,,,
Candace Avalos,Steph Routh,Loretta Smith,,,
Terrence Hayes,Steph Routh,Candace Avalos,Timur Ender,Jamie Dunphy,Loretta Smith
Jamie Dunphy,Candace Avalos,Steph Routh,Loretta Smith,Timur Ender,
Terrence Hayes,Michael (Mike) Sands,Joe Allen,,,
Cayle Tern,Candace Avalos,Joe Allen,Jamie Dunphy,,
Candace Avalos,Doug Clove,Jamie Dunphy,Loretta Smith,Steph Routh,Terrence Hayes
Noah Ernst,Terrence Hayes,Candace Avalos,,,
Noah Ernst,Michael (Mike) Sands,Deian Salazar,Doug Clove,,
Noah Ernst,Michael (Mike) Sands,Joe Allen,Cayle Tern,,
Jamie Dunphy,Steph Routh,,,,
Steph Routh,Timur Ender,Jamie Dunphy,Candace Avalos,,
Loretta Smith,Terrence Hayes,Steph Routh,,,
Candace Avalos,Jamie Dunphy,Steph Routh,Timur Ender,Terrence Hayes,Loretta Smith
Timur Ender,Loretta Smith,Terrence Hayes,Michael (Mike) Sands,Candace Avalos,Cayle Tern
Timur Ender,Candace Avalos,Jamie Dunphy,,,
Candace Avalos,Loretta Smith,Terrence Hayes,,,
Jamie Dunphy,Steph Routh,Terrence Hayes,Thomas Shervey,David Linn,
Peggy Sue Owens,Noah Ernst,Candace Avalos,Loretta Smith,Terrence Hayes,Steph Routh
Loretta Smith,Steph Routh,Joe Allen,Peggy Sue Owens,,
Loretta Smith,,,,,
Loretta Smith,Timur Ender,Candace Avalos,,,
Deian Salazar,,,,,
Jamie Dunphy,Loretta Smith,Timur Ender,Candace Avalos,Steph Routh,Joe Furi
Loretta Smith,Timur Ender,,,,
Candace Avalos,Cayle Tern,Timur Ender,Jamie Dunphy,,
Joe Allen,Joe Furi,Peggy Sue Owens,Steph Routh,Loretta Smith,Deian Salazar
Loretta Smith,Terrence Hayes,Peggy Sue Owens,,,
Jamie Dunphy,Candace Avalos,Steph Routh,,,
David Linn,Thomas Shervey,Terrence Hayes,,,
,,,,,
Jamie Dunphy,Candace Avalos,Steph Routh,Timur Ender,Noah Ernst,David Linn
Steph Routh,Terrence Hayes,Jamie Dunphy,,,
Steph Routh,Jamie Dunphy,,,,
Noah Ernst,Loretta Smith,Terrence Hayes,,,
Terrence Hayes,Noah Ernst,Joe Furi,Loretta Smith,Doug Clove,Write-in-120
Noah Ernst,,,,,
Candace Avalos,Deian Salazar,Loretta Smith,,,
Candace Avalos,Joe Allen,Cayle Tern,Terrence Hayes,Loretta Smith,Timur Ender
Candace Avalos,Deian Salazar,,,,
Terrence Hayes,Loretta Smith,Doug Clove,David Linn,Noah Ernst,Joe Allen
Jamie Dunphy,Candace Avalos,Steph Routh,Noah Ernst,David Linn,Loretta Smith
Jamie Dunphy,Candace Avalos,Steph Routh,,,
Jamie Dunphy,Candace Avalos,Terrence Hayes,Steph Routh,,
Steph Routh,Candace Avalos,Jamie Dunphy,Timur Ender,Loretta Smith,Noah Ernst
Candace Avalos,Cayle Tern,Timur Ender,,,
Joe Allen,David Linn,Doug Clove,Michael (Mike) Sands,Terrence Hayes,Steph Routh
Timur Ender,Candace Avalos,Noah Ernst,Michael (Mike) Sands,Loretta Smith,Jamie Dunphy
Jamie Dunphy,Timur Ender,Steph Routh,Michael (Mike) Sands,David Linn,Loretta Smith
Candace Avalos,Timur Ender,David Linn,Jamie Dunphy,Terrence Hayes,Cayle Tern
Jamie Dunphy,Terrence Hayes,Noah Ernst,Loretta Smith,Timur Ender,Steph Routh
Candace Avalos,Steph Routh,Peggy Sue Owens,Loretta Smith,Jamie Dunphy,
Loretta Smith,Doug Clove,Joe Furi,Joe Allen,Peggy Sue Owens,Timur Ender
Jamie Dunphy,Loretta Smith,Timur Ender,Candace Avalos,Steph Routh,Joe Allen
David Linn,Peggy Sue Owens,Jamie Dunphy,Candace Avalos,Timur Ender,
Jamie Dunphy,Candace Avalos,Steph Routh,,,
Terrence Hayes,Noah Ernst,Joe Furi,Loretta Smith,Doug Clove,Write-in-120
Noah Ernst,Terrence Hayes,Steph Routh,Timur Ender,,
Jamie Dunphy,,,,,
Terrence Hayes,Candace Avalos,David Linn,Doug Clove,Jamie Dunphy,Loretta Smith
,,,,,
Jamie Dunphy,David Linn,Michael (Mike) Sands,Steph Routh,Noah Ernst,Joe Furi
Terrence Hayes,Loretta Smith,Jamie Dunphy,Candace Avalos,David Linn,Cayle Tern
Steph Routh,,,,,
Loretta Smith,Thomas Shervey,Steph Routh,Terrence Hayes,Jamie Dunphy,Michael (Mike) Sands
Doug Clove,Deian Salazar,Joe Allen,David Linn,Michael (Mike) Sands,Joe Furi
Noah Ernst,Doug Clove,David Linn,,,
Steph Routh,Jamie Dunphy,Candace Avalos,,,
Noah Ernst,,,,,
Jamie Dunphy,Candace Avalos,Timur Ender,Steph Routh,Cayle Tern,David Linn
Timur Ender,Doug Clove,Thomas Shervey,Steph Routh,Deian Salazar,David Linn
Candace Avalos,Timur Ender,Steph Routh,Terrence Hayes,David Linn,Jamie Dunphy
Steph Routh,Candace Avalos,,,,
Loretta Smith,Candace Avalos,Jamie Dunphy,Peggy Sue Owens,Cayle Tern,Michael (Mike) Sands
Steph Routh,Doug Clove,Timur Ender,David Linn,Candace Avalos,
Noah Ernst,Doug Clove,Loretta Smith,,,
David Linn,Doug Clove,Terrence Hayes,,,
Noah Ernst,Doug Clove,Michael (Mike) Sands,Terrence Hayes,,
Loretta Smith,Candace Avalos,David Linn,Doug Clove,Terrence Hayes,Jamie Dunphy
Thomas Shervey,Deian Salazar,Peggy Sue Owens,,,
Noah Ernst,,,,,
Noah Ernst,,,,,
Noah Ernst,,,,,
David Linn,Terrence Hayes,Thomas Shervey,Loretta Smith,Jamie Dunphy,Timur Ender
Doug Clove,Terrence Hayes,Thomas Shervey,Steph Routh,Loretta Smith,Joe Furi
Peggy Sue Owens,,,,,
Terrence Hayes,Timur Ender,Noah Ernst,,,
Peggy Sue Owens,Loretta Smith,Timur Ender,Noah Ernst,Jamie Dunphy,Cayle Tern
Terrence Hayes,Noah Ernst,Doug Clove,,,
Loretta Smith,Joe Allen,Doug Clove,David Linn,Cayle Tern,Terrence Hayes
Timur Ender,Candace Avalos,Jamie Dunphy,Steph Routh,Joe Allen,
Timur Ender,Noah Ernst,Candace Avalos,Jamie Dunphy,Terrence Hayes,Steph Routh
Candace Avalos,Timur Ender,Steph Routh,Jamie Dunphy,Cayle Tern,
Steph Routh,Candace Avalos,Timur Ender,,,
Loretta Smith,Candace Avalos,Cayle Tern,Steph Routh,Jamie Dunphy,Peggy Sue Owens
Loretta Smith,Candace Avalos,Peggy Sue Owens,,,
,,,,,
Doug Clove,Michael (Mike) Sands,Loretta Smith,,,
Steph Routh,Timur Ender,Cayle Tern,Loretta Smith,,
Jamie Dunphy,Terrence Hayes,Steph Routh,Loretta Smith,Timur Ender,Michael (Mike) Sands
Loretta Smith,Timur Ender,Jamie Dunphy,,,
Cayle Tern,David Linn,Doug Clove,,,
Terrence Hayes,Steph Routh,,,,
Michael (Mike) Sands,,,,,
Noah Ernst,,,,,
Candace Avalos,Timur Ender,Steph Routh,,,
Jamie Dunphy,Steph Routh,Timur Ender,,,
Timur Ender,Candace Avalos,,,,
Jamie Dunphy,Timur Ender,Peggy Sue Owens,Terrence Hayes,,
Peggy Sue Owens,Candace Avalos,Loretta Smith,Deian Salazar,Timur Ender,Terrence Hayes
Michael (Mike) Sands,Loretta Smith,,,,
Timur Ender,Candace Avalos,David Linn,,,
Noah Ernst,Timur Ender,Jamie Dunphy,Terrence Hayes,Loretta Smith,
Jamie Dunphy,Steph Routh,Candace Avalos,Noah Ernst,,
,,,,,
Timur Ender,Loretta Smith,Steph Routh,Terrence Hayes,Jamie Dunphy,Deian Salazar
Loretta Smith,,,,,
Terrence Hayes,Candace Avalos,Noah Ernst,Loretta Smith,Jamie Dunphy,Steph Routh
Noah Ernst,David Linn,Peggy Sue Owens,,,
David Linn,Joe Allen,Timur Ender,Deian Salazar,Loretta Smith,Steph Routh
Timur Ender,Terrence Hayes,Jamie Dunphy,Deian Salazar,Cayle Tern,
Loretta Smith,Michael (Mike) Sands,Cayle Tern,Noah Ernst,Steph Routh,Jamie Dunphy
Steph Routh,Candace Avalos,Jamie Dunphy,Timur Ender,,
Timur Ender,Michael (Mike) Sands,,,,
Steph Routh,Michael (Mike) Sands,,,,
Candace Avalos,Steph Routh,Timur Ender,,,
Noah Ernst,Doug Clove,Loretta Smith,Deian Salazar,Joe Furi,Joe Allen
Jamie Dunphy,Steph Routh,Candace Avalos,,,
Steph Routh,Loretta Smith,Jamie Dunphy,Candace Avalos,Noah Ernst,Peggy Sue Owens
Jamie Dunphy,Candace Avalos,Steph Routh,,,
Thomas Shervey,,,,,
Noah Ernst,,,,,
Steph Routh,,,,,
Steph Routh,Jamie Dunphy,Peggy Sue Owens,,,
Steph Routh,Jamie Dunphy,Candace Avalos,,,
Candace Avalos,Steph Routh,Noah Ernst,,,
Timur Ender,Noah Ernst,David Linn,,,
,,,,,
Loretta Smith,,,,,
Deian Salazar,Steph Routh,Terrence Hayes,David Linn,Joe Furi,
Jamie Dunphy,Steph Routh,Candace Avalos,,,
Timur Ender,Cayle Tern,Doug Clove,Deian Salazar,Jamie Dunphy,David Linn
Steph Routh,Joe Allen,Noah Ernst,David Linn,Jamie Dunphy,Timur Ender
Candace Avalos,Jamie Dunphy,Timur Ender,David Linn,Cayle Tern,Terrence Hayes
Loretta Smith,,,,,
Jamie Dunphy,Candace Avalos,Steph Routh,Noah Ernst,David Linn,Loretta Smith
Michael (Mike) Sands,Doug Clove,Joe Allen,Noah Ernst,Terrence Hayes,David Linn
Michael (Mike) Sands,Thomas Shervey,Terrence Hayes,Steph Routh,,
Noah Ernst,Doug Clove,,,,
Joe Furi,,,,,
Joe Furi,,,,,
Steph Routh,Candace Avalos,Timur Ender,Jamie Dunphy,,
Candace Avalos,Cayle Tern,Timur Ender,Jamie Dunphy,Steph Routh,David Linn
Loretta Smith,Terrence Hayes,Deian Salazar,Steph Routh,,
Jamie Dunphy,Candace Avalos,Terrence Hayes,Loretta Smith,Timur Ender,Steph Routh
Jamie Dunphy,Steph Routh,Terrence Hayes,Loretta Smith,,
Terrence Hayes,,,,,
Candace Avalos,Cayle Tern,Steph Routh,Terrence Hayes,Jamie Dunphy,Timur Ender
Jamie Dunphy,Timur Ender,Cayle Tern,Joe Allen,Steph Routh,
Steph Routh,Loretta Smith,Jamie Dunphy,Candace Avalos,,
Candace Avalos,Cayle Tern,Timur Ender,Terrence Hayes,Michael (Mike) Sands,Deian Salazar
Noah Ernst,Loretta Smith,Terrence Hayes,,,
Loretta Smith,Steph Routh,Terrence Hayes,Jamie Dunphy,David Linn,Cayle Tern
Cayle Tern,Michael (Mike) Sands,Timur Ender,Joe Allen,David Linn,Candace Avalos
Jamie Dunphy,Steph Routh,Timur Ender,Terrence Hayes,,
Peggy Sue Owens,,,,,
Jamie Dunphy,Cayle Tern,Steph Routh,David Linn,,
Candace Avalos,,,,,
Doug Clove,Noah Ernst,Cayle Tern,,,
Loretta Smith,Steph Routh,David Linn,Timur Ender,Joe Furi,Doug Clove
Jamie Dunphy,Candace Avalos,Steph Routh,,,
Candace Avalos,,,,,
Timur Ender,David Linn,Loretta Smith,Steph Routh,Jamie Dunphy,
Doug Clove,Loretta Smith,Joe Allen,,,
Steph Routh,Candace Avalos,Timur Ender,,,
Candace Avalos,Terrence Hayes,Deian Salazar,Timur Ender,Steph Routh,Noah Ernst
Steph Routh,Candace Avalos,Timur Ender,Jamie Dunphy,David Linn,Cayle Tern
Doug Clove,Terrence Hayes,Steph Routh,Candace Avalos,Timur Ender,Jamie Dunphy
Loretta Smith,,,,,
Candace Avalos,,,,,
Loretta Smith,Terrence Hayes,Candace Avalos,Deian Salazar,Cayle Tern,Noah Ernst
Doug Clove,,,,,
Candace Avalos,Steph Routh,Jamie Dunphy,Timur Ender,Terrence Hayes,Loretta Smith
Loretta Smith,Terrence Hayes,Steph Routh,Cayle Tern,Timur Ender,Jamie Dunphy
Noah Ernst,Loretta Smith,,,,
Noah Ernst,Timur Ender,,,,
Candace Avalos,Steph Routh,Timur Ender,Jamie Dunphy,,
Candace Avalos,Noah Ernst,Steph Routh,,,
Loretta Smith,,,,,
Deian Salazar,Jamie Dunphy,Loretta Smith,,,
Noah Ernst,Terrence Hayes,Joe Furi,Loretta Smith,Doug Clove,
Jamie Dunphy,Candace Avalos,Steph Routh,,,
Steph Routh,Deian Salazar,Jamie Dunphy,David Linn,Joe Allen,Cayle Tern
Doug Clove,Peggy Sue Owens,Noah Ernst,,,
Loretta Smith,Terrence Hayes,,,,
Jamie Dunphy,,,,,
Candace Avalos,Steph Routh,Loretta Smith,Timur Ender,Cayle Tern,
Steph Routh,Noah Ernst,Terrence Hayes,,,
Terrence Hayes,,,,,
Candace Avalos,Timur Ender,Cayle Tern,,,
Steph Routh,Timur Ender,Jamie Dunphy,Terrence Hayes,,
Cayle Tern,Peggy Sue Owens,Candace Avalos,Loretta Smith,Terrence Hayes,Jamie Dunphy
Noah Ernst,Deian Salazar,Loretta Smith,Terrence Hayes,Doug Clove,
Noah Ernst,,,,,
Jamie Dunphy,Candace Avalos,Timur Ender,,,
Terrence Hayes,Noah Ernst,Joe Furi,Loretta Smith,Doug Clove,Write-in-120
Jamie Dunphy,Candace Avalos,Steph Routh,,,
Candace Avalos,Doug Clove,Thomas Shervey,Loretta Smith,Steph Routh,Terrence Hayes
Loretta Smith,Terrence Hayes,Thomas Shervey,Steph Routh,Jamie Dunphy,
Michael (Mike) Sands,Candace Avalos,Cayle Tern,,,
Candace Avalos,,,,,
Joe Allen,Cayle Tern,Joe Furi,David Linn,Timur Ender,Thomas Shervey
Noah Ernst,,,,,
Jamie Dunphy,Noah Ernst,,,,
Doug Clove,Loretta Smith,Terrence Hayes,Steph Routh,David Linn,Candace Avalos
Loretta Smith,David Linn,Jamie Dunphy,Steph Routh,Candace Avalos,Cayle Tern
Candace Avalos,Jamie Dunphy,Steph Routh,,,
David Linn,Loretta Smith,Jamie Dunphy,Steph Routh,Candace Avalos,
Doug Clove,Joe Furi,Noah Ernst,Joe Allen,Peggy Sue Owens,
Candace Avalos,David Linn,Jamie Dunphy,Steph Routh,Terrence Hayes,Loretta Smith
,,,,,
Steph Routh,Jamie Dunphy,Candace Avalos,Loretta Smith,Terrence Hayes,Peggy Sue Owens
,,,,,
Noah Ernst,Terrence Hayes,Joe Furi,Loretta Smith,Doug Clove,Write-in-120
Jamie Dunphy,Terrence Hayes,Steph Routh,Timur Ender,Deian Salazar,Joe Furi
Timur Ender,Candace Avalos,Steph Routh,Jamie Dunphy,,
Candace Avalos,Deian Salazar,,,,
Candace Avalos,Terrence Hayes,Loretta Smith,Jamie Dunphy,Timur Ender,
,,,,,
Terrence Hayes,Peggy Sue Owens,Loretta Smith,Michael (Mike) Sands,Joe Allen,Timur Ender
Candace Avalos,Jamie Dunphy,Timur Ender,Cayle Tern,Steph Routh,David Linn
Steph Routh,Candace Avalos,Timur Ender,Loretta Smith,,
Timur Ender,Noah Ernst,Jamie Dunphy,,,
Terrence Hayes,Timur Ender,Steph Routh,Michael (Mike) Sands,Loretta Smith,David Linn
David Linn,Steph Routh,Loretta Smith,Candace Avalos,Jamie Dunphy,Timur Ender
Jamie Dunphy,,,,,
Loretta Smith,David Linn,,,,
Loretta Smith,Jamie Dunphy,Terrence Hayes,Steph Routh,David Linn,Noah Ernst
Doug Clove,Thomas Shervey,,,,
Noah Ernst,,,,,
Terrence Hayes,Noah Ernst,Candace Avalos,,,
Jamie Dunphy,Steph Routh,Candace Avalos,Timur Ender,,
Doug Clove,,,,,
Candace Avalos,Steph Routh,Timur Ender,Jamie Dunphy,,
Candace Avalos,Michael (Mike) Sands,Steph Routh,Loretta Smith,Timur Ender,Cayle Tern
Joe Furi,Joe Allen,Terrence Hayes,Write-in-121,Jamie Dunphy,Thomas Shervey
Steph Routh,,,,,
Terrence Hayes,Loretta Smith,Timur Ender,Jamie Dunphy,Doug Clove,Michael (Mike) Sands
Michael (Mike) Sands,,,,,
Doug Clove,Terrence Hayes,,,,
Timur Ender,Candace Avalos,Cayle Tern,Terrence Hayes,Jamie Dunphy,Loretta Smith
Steph Routh,Candace Avalos,Jamie Dunphy,,,
Candace Avalos,Loretta Smith,Terrence Hayes,Jamie Dunphy,Steph Routh,Timur Ender
David Linn,Noah Ernst,Michael (Mike) Sands,Steph Routh,Jamie Dunphy,Terrence Hayes
Doug Clove,Terrence Hayes,Noah Ernst,,,
Jamie Dunphy,Steph Routh,Candace Avalos,David Linn,,
Candace Avalos,Steph Routh,Timur Ender,Jamie Dunphy,,
Terrence Hayes,Loretta Smith,Jamie Dunphy,Thomas Shervey,David Linn,Timur Ender
Terrence Hayes,Loretta Smith,Jamie Dunphy,Thomas Shervey,Joe Furi,Candace Avalos
Noah Ernst,Terrence Hayes,Loretta Smith,,,
Loretta Smith,Steph Routh,Timur Ender,Terrence Hayes,David Linn,
Candace Avalos,Cayle Tern,Timur Ender,,,
Steph Routh,Jamie Dunphy,Timur Ender,Candace Avalos,Noah Ernst,Terrence Hayes
Terrence Hayes,Noah Ernst,Joe Furi,Loretta Smith,Doug Clove,Write-in-120
Jamie Dunphy,Terrence Hayes,Timur Ender,Steph Routh,,
Timur Ender,Noah Ernst,Terrence Hayes,Loretta Smith,Jamie Dunphy,Candace Avalos
Noah Ernst,Terrence Hayes,Deian Salazar,Steph Routh,Jamie Dunphy,
Candace Avalos,Timur Ender,Steph Routh,Jamie Dunphy,,
Terrence Hayes,Noah Ernst,Loretta Smith,,,
Timur Ender,Candace Avalos,Steph Routh,Loretta Smith,Jamie Dunphy,Deian Salazar
Candace Avalos,Loretta Smith,Timur Ender,Steph Routh,Jamie Dunphy,Terrence Hayes
Write-in-121,Write-in-122,Write-in-120,,,
Candace Avalos,Timur Ender,Steph Routh,Jamie Dunphy,Cayle Tern,David Linn
Jamie Dunphy,Steph Routh,Noah Ernst,,,
Loretta Smith,Steph Routh,Terrence Hayes,Timur Ender,Peggy Sue Owens,Jamie Dunphy
Noah Ernst,,,,,
Steph Routh,Jamie Dunphy,Candace Avalos,David Linn,,
Jamie Dunphy,Candace Avalos,Steph Routh,Noah Ernst,David Linn,Loretta Smith
Candace Avalos,Timur Ender,Steph Routh,Jamie Dunphy,Cayle Tern,David Linn
Michael (Mike) Sands,Loretta Smith,Terrence Hayes,Jamie Dunphy,Candace Avalos,Peggy Sue Owens
Steph Routh,Write-in-120,Candace Avalos,Timur Ender,,
Steph Routh,Jamie Dunphy,,,,
Loretta Smith,Terrence Hayes,Peggy Sue Owens,Joe Allen,David Linn,
Candace Avalos,Terrence Hayes,Loretta Smith,Jamie Dunphy,Timur Ender,
Terrence Hayes,Loretta Smith,,,,
Noah Ernst,Loretta Smith,Terrence Hayes,Doug Clove,David Linn,
Steph Routh,Noah Ernst,Peggy Sue Owens,,,
Timur Ender,Steph Routh,Terrence Hayes,Noah Ernst,Loretta Smith,Candace Avalos
Noah Ernst,Loretta Smith,Steph Routh,,,
Loretta Smith,Steph Routh,Terrence Hayes,Cayle Tern,Candace Avalos,
Terrence Hayes,Loretta Smith,Timur Ender,,,
Steph Routh,Terrence Hayes,Joe Furi,David Linn,Candace Avalos,Timur Ender
Loretta Smith,,,,,
Terrence Hayes,Noah Ernst,Doug Clove,,,
Terrence Hayes,Loretta Smith,Noah Ernst,,,
Candace Avalos,Jamie Dunphy,Timur Ender,Doug Clove,Noah Ernst,Steph Routh
Candace Avalos,Timur Ender,Jamie Dunphy,,,
Candace Avalos,Cayle Tern,Timur Ender,,,
Noah Ernst,David Linn,Joe Allen,Steph Routh,Thomas Shervey,Joe Furi
Michael (Mike) Sands,,,,,
Cayle Tern,David Linn,Michael (Mike) Sands,Doug Clove,,
Candace Avalos,Terrence Hayes,Steph Routh,Loretta Smith,Cayle Tern,Peggy Sue Owens
Michael (Mike) Sands,,,,,
Candace Avalos,Timur Ender,Steph Routh,,,
Candace Avalos,Timur Ender,Cayle Tern,Steph Routh,Jamie Dunphy,
Timur Ender,Steph Routh,Jamie Dunphy,Michael (Mike) Sands,Candace Avalos,Joe Furi
Loretta Smith,,,,,
Candace Avalos,Terrence Hayes,Steph Routh,,,
Loretta Smith,,,,,
Jamie Dunphy,Steph Routh,Candace Avalos,,,
Noah Ernst,,,,,
David Linn,Cayle Tern,Loretta Smith,Terrence Hayes,Steph Routh,Jamie Dunphy
Timur Ender,,,,,
Terrence Hayes,Steph Routh,Cayle Tern,Deian Salazar,Timur Ender,Jamie Dunphy
Steph Routh,Candace Avalos,Timur Ender,Joe Furi,Terrence Hayes,Jamie Dunphy
Candace Avalos,Noah Ernst,Loretta Smith,Joe Furi,Steph Routh,Terrence Hayes
Candace Avalos,Steph Routh,Cayle Tern,Timur Ender,Jamie Dunphy,Loretta Smith
Noah Ernst,,,,,
Candace Avalos,Steph Routh,Jamie Dunphy,,,
Terrence Hayes,Loretta Smith,Candace Avalos,Steph Routh,,
Timur Ender,Jamie Dunphy,Steph Routh,David Linn,,
Jamie Dunphy,Candace Avalos,Steph Routh,Loretta Smith,,
Deian Salazar,Loretta Smith,Candace Avalos,Peggy Sue Owens,Terrence Hayes,Cayle Tern
Timur Ender,Candace Avalos,Cayle Tern,Steph Routh,David Linn,Michael (Mike) Sands
Jamie Dunphy,Steph Routh,,,,
Doug Clove,,,,,
Loretta Smith,Deian Salazar,Terrence Hayes,Timur Ender,Jamie Dunphy,Candace Avalos
Joe Furi,Doug Clove,Deian Salazar,David Linn,Joe Allen,Noah Ernst
Timur Ender,Doug Clove,Deian Salazar,Loretta Smith,Terrence Hayes,Thomas Shervey
Jamie Dunphy,Candace Avalos,Steph Routh,David Linn,Noah Ernst,Loretta Smith
Candace Avalos,Steph Routh,Timur Ender,Jamie Dunphy,Cayle Tern,David Linn
Noah Ernst,Doug Clove,Candace Avalos,Timur Ender,Joe Allen,David Linn
Cayle Tern,,,,,
David Linn,Candace Avalos,Timur Ender,Loretta Smith,Steph Routh,Joe Allen
Candace Avalos,Loretta Smith,Terrence Hayes,Steph Routh,Timur Ender,Jamie Dunphy
Cayle Tern,Candace Avalos,David Linn,Michael (Mike) Sands,Doug Clove,
Jamie Dunphy,Candace Avalos,Steph Routh,David Linn,Timur Ender,Noah Ernst
Jamie Dunphy,,,,,
Jamie Dunphy,Steph Routh,Candace Avalos,,,
Jamie Dunphy,Candace Avalos,Loretta Smith,David Linn,Cayle Tern,
,,,,,
Loretta Smith,Timur Ender,Michael (Mike) Sands,Candace Avalos,Doug Clove,Jamie Dunphy
Candace Avalos,Cayle Tern,Timur Ender,Jamie Dunphy,Steph Routh,David Linn
Joe Furi,,,,,
Steph Routh,Candace Avalos,Timur Ender,Jamie Dunphy,Loretta Smith,Noah Ernst
Steph Routh,Jamie Dunphy,Candace Avalos,Timur Ender,,
Deian Salazar,David Linn,Noah Ernst,Timur Ender,Steph Routh,Jamie Dunphy
Joe Furi,Doug Clove,Candace Avalos,Cayle Tern,Timur Ender,Steph Routh
Deian Salazar,Doug Clove,Joe Furi,Candace Avalos,Joe Allen,David Linn
Deian Salazar,Joe Allen,Steph Routh,,,
Peggy Sue Owens,,,,,
Doug Clove,Noah Ernst,Terrence Hayes,,,
,,,,,
Jamie Dunphy,Candace Avalos,Steph Routh,,,
David Linn,Noah Ernst,Terrence Hayes,Joe Furi,Michael (Mike) Sands,Joe Allen
Terrence Hayes,,,,,
Loretta Smith,Timur Ender,Candace Avalos,,,
Steph Routh,Joe Allen,David Linn,,,
Candace Avalos,Cayle Tern,Timur Ender,Jamie Dunphy,Steph Routh,David Linn
Candace Avalos,Jamie Dunphy,Timur Ender,Steph Routh,Cayle Tern,David Linn
Noah Ernst,,,,,
Terrence Hayes,,,,,
Joe Allen,Doug Clove,Terrence Hayes,Deian Salazar,David Linn,Peggy Sue Owens
Candace Avalos,Cayle Tern,David Linn,Loretta Smith,Michael (Mike) Sands,
Candace Avalos,Steph Routh,Timur Ender,Jamie Dunphy,,
David Linn,Terrence Hayes,Steph Routh,Jamie Dunphy,,
Joe Allen,Doug Clove,Terrence Hayes,,,
Loretta Smith,Terrence Hayes,David Linn,Timur Ender,Candace Avalos,
Jamie Dunphy,Steph Routh,Timur Ender,,,
Noah Ernst,Joe Allen,Peggy Sue Owens,Doug Clove,Joe Furi,David Linn
Candace Avalos,Cayle Tern,Timur Ender,,,
Cayle Tern,,,,,
Candace Avalos,Jamie Dunphy,Steph Routh,Loretta Smith,Terrence Hayes,
Noah Ernst,Doug Clove,Terrence Hayes,,,
Joe Allen,Terrence Hayes,Candace Avalos,Steph Routh,Deian Salazar,Timur Ender
Jamie Dunphy,Candace Avalos,Timur Ender,Steph Routh,Cayle Tern,
Steph Routh,Timur Ender,Candace Avalos,,,
Loretta Smith,,,,,
Jamie Dunphy,Candace Avalos,Steph Routh,Noah Ernst,David Linn,Loretta Smith
Noah Ernst,,,,,
Loretta Smith,,,,,
Terrence Hayes,Noah Ernst,Joe Furi,Loretta Smith,Doug Clove,
Loretta Smith,Candace Avalos,Peggy Sue Owens,Deian Salazar,Timur Ender,Terrence Hayes
Joe Allen,,,,,
Jamie Dunphy,Steph Routh,Candace Avalos,,,
Jamie Dunphy,Timur Ender,Steph Routh,Candace Avalos,,
Candace Avalos,Timur Ender,Steph Routh,Jamie Dunphy,,
Candace Avalos,Jamie Dunphy,Steph Routh,Timur Ender,Terrence Hayes,Loretta Smith
Michael (Mike) Sands,Jamie Dunphy,Terrence Hayes,Steph Routh,Loretta Smith,Cayle Tern
Timur Ender,Joe Allen,David Linn,Doug Clove,Thomas Shervey,Write-in-120
Joe Allen,,,,,
Candace Avalos,Timur Ender,Loretta Smith,Cayle Tern,Terrence Hayes,Steph Routh
Cayle Tern,Candace Avalos,Michael (Mike) Sands,,,
,,,,,
Jamie Dunphy,David Linn,Candace Avalos,,,
Noah Ernst,Terrence Hayes,Deian Salazar,Doug Clove,,
Timur Ender,Peggy Sue Owens,Loretta Smith,Noah Ernst,David Linn,Doug Clove
Jamie Dunphy,,,,,
Noah Ernst,Joe Allen,Doug Clove,Loretta Smith,David Linn,Terrence Hayes
Thomas Shervey,Candace Avalos,Cayle Tern,Peggy Sue Owens,Michael (Mike) Sands,
Loretta Smith,Cayle Tern,Thomas Shervey,Steph Routh,Doug Clove,Candace Avalos
,,,,,
Loretta Smith,Jamie Dunphy,Candace Avalos,Cayle Tern,Terrence Hayes,David Linn
Loretta Smith,Candace Avalos,Steph Routh,,,
Candace Avalos,Cayle Tern,Timur Ender,,,
Candace Avalos,Steph Routh,Timur Ender,Jamie Dunphy,,
Timur Ender,Michael (Mike) Sands,Jamie Dunphy,,,
Steph Routh,Thomas Shervey,Cayle Tern,Noah Ernst,,
Candace Avalos,Doug Clove,Jamie Dunphy,Loretta Smith,Steph Routh,Terrence Hayes
Candace Avalos,Timur Ender,David Linn,Jamie Dunphy,Steph Routh,
Timur Ender,Thomas Shervey,Loretta Smith,,,
Joe Allen,Peggy Sue Owens,,,,
Steph Routh,Jamie Dunphy,Terrence Hayes,Timur Ender,,
Timur Ender,Noah Ernst,Terrence Hayes,Jamie Dunphy,Michael (Mike) Sands,Thomas Shervey
Michael (Mike) Sands,Joe Allen,Deian Salazar,,,
Candace Avalos,Joe Allen,Timur Ender,Steph Routh,Jamie Dunphy,Michael (Mike) Sands
Jamie Dunphy,Candace Avalos,Steph Routh,Loretta Smith,Timur Ender,Cayle Tern
Noah Ernst,Doug Clove,Jamie Dunphy,Steph Routh,David Linn,Joe Furi
Terrence Hayes,Joe Allen,Loretta Smith,,,
Steph Routh,Jamie Dunphy,Candace Avalos,David Linn,Loretta Smith,
Noah Ernst,Peggy Sue Owens,David Linn,,,
Noah Ernst,Doug Clove,Terrence Hayes,Steph Routh,Jamie Dunphy,Thomas Shervey
Loretta Smith,Peggy Sue Owens,,,,
Jamie Dunphy,Loretta Smith,Candace Avalos,Timur Ender,,
Noah Ernst,Michael (Mike) Sands,Doug Clove,Terrence Hayes,,
Timur Ender,Loretta Smith,Candace Avalos,Steph Routh,Michael (Mike) Sands,David Linn
Peggy Sue Owens,Loretta Smith,Doug Clove,Noah Ernst,Terrence Hayes,David Linn
Loretta Smith,Timur Ender,David Linn,,,
Peggy Sue Owens,,,,,
Thomas Shervey,,,,,
Candace Avalos,Cayle Tern,Timur Ender,,,
Terrence Hayes,Loretta Smith,Candace Avalos,Timur Ender,Noah Ernst,Steph Routh
Noah Ernst,Loretta Smith,Jamie Dunphy,Terrence Hayes,Joe Furi,Doug Clove
Terrence Hayes,,,,,
Candace Avalos,Loretta Smith,Jamie Dunphy,Steph Routh,,
Jamie Dunphy,Timur Ender,Steph Routh,Terrence Hayes,Michael (Mike) Sands,Noah Ernst
Candace Avalos,Terrence Hayes,Steph Routh,David Linn,Cayle Tern,Joe Furi
Candace Avalos,Timur Ender,Cayle Tern,,,
Candace Avalos,Jamie Dunphy,Timur Ender,,,
Jamie Dunphy,Candace Avalos,Cayle Tern,Joe Allen,Thomas Shervey,Steph Routh
Peggy Sue Owens,,,,,
Candace Avalos,Steph Routh,Jamie Dunphy,,,
Noah Ernst,,,,,
Candace Avalos,Timur Ender,Terrence Hayes,,,
Candace Avalos,Timur Ender,Steph Routh,Jamie Dunphy,Cayle Tern,David Linn
Thomas Shervey,Doug Clove,Jamie Dunphy,Steph Routh,Michael (Mike) Sands,
Candace Avalos,Cayle Tern,Timur Ender,Jamie Dunphy,Steph Routh,David Linn
Joe Furi,,,,,
Steph Routh,Timur Ender,Candace Avalos,,,
Candace Avalos,,,,,
Doug Clove,Michael (Mike) Sands,Jamie Dunphy,,,
Steph Routh,Loretta Smith,Candace Avalos,Jamie Dunphy,,
Candace Avalos,Timur Ender,Steph Routh,Jamie Dunphy,Cayle Tern,David Linn
David Linn,Loretta Smith,Cayle Tern,Deian Salazar,Terrence Hayes,
Terrence Hayes,,,,,
Terrence Hayes,Noah Ernst,Candace Avalos,,,
Steph Routh,Terrence Hayes,Jamie Dunphy,,,
Noah Ernst,Terrence Hayes,,,,
Noah Ernst,Loretta Smith,Terrence Hayes,Deian Salazar,,
David Linn,Doug Clove,Michael (Mike) Sands,Thomas Shervey,Joe Furi,Joe Allen
Noah Ernst,Peggy Sue Owens,David Linn,,,
Doug Clove,Noah Ernst,Loretta Smith,,,
Terrence Hayes,Deian Salazar,Loretta Smith,Cayle Tern,Steph Routh,Jamie Dunphy
Timur Ender,Steph Routh,Thomas Shervey,Terrence Hayes,,
Timur Ender,Noah Ernst,David Linn,Doug Clove,Jamie Dunphy,
Candace Avalos,Steph Routh,,,,
Candace Avalos,Steph Routh,Timur Ender,Cayle Tern,Jamie Dunphy,
Steph Routh,Candace Avalos,Cayle Tern,Timur Ender,Terrence Hayes,Jamie Dunphy
Candace Avalos,Cayle Tern,,,,
Peggy Sue Owens,Joe Furi,Loretta Smith,,,
David Linn,Loretta Smith,Cayle Tern,Write-in-120,,
Noah Ernst,Doug Clove,Jamie Dunphy,,,
Loretta Smith,Peggy Sue Owens,Thomas Shervey,Steph Routh,Noah Ernst,Cayle Tern
Terrence Hayes,Steph Routh,Jamie Dunphy,Loretta Smith,David Linn,Candace Avalos
Candace Avalos,Cayle Tern,Michael (Mike) Sands,David Linn,Loretta Smith,Timur Ender
Loretta Smith,,,,,
Michael (Mike) Sands,Steph Routh,Candace Avalos,Noah Ernst,Timur Ender,
Terrence Hayes,Timur Ender,Loretta Smith,David Linn,Cayle Tern,Candace Avalos
Jamie Dunphy,Candace Avalos,Steph Routh,,,
Loretta Smith,,,,,
Steph Routh,Cayle Tern,Jamie Dunphy,,,
Steph Routh,,,,,
Jamie Dunphy,Steph Routh,Thomas Shervey,,,
Terrence Hayes,Loretta Smith,Steph Routh,Timur Ender,Jamie Dunphy,
Candace Avalos,Steph Routh,Timur Ender,Cayle Tern,,
Loretta Smith,Michael (Mike) Sands,Steph Routh,,,
Candace Avalos,Cayle Tern,Timur Ender,Jamie Dunphy,Steph Routh,
David Linn,Jamie Dunphy,,,,
Candace Avalos,Terrence Hayes,Noah Ernst,Timur Ender,Jamie Dunphy,Steph Routh
Noah Ernst,Candace Avalos,David Linn,,,
Noah Ernst,Terrence Hayes,Doug Clove,Steph Routh,,
Jamie Dunphy,,,,,
Loretta Smith,Doug Clove,Terrence Hayes,,,
Candace Avalos,Jamie Dunphy,Timur Ender,Steph Routh,Cayle Tern,Noah Ernst
Cayle Tern,Thomas Shervey,Steph Routh,Loretta Smith,Terrence Hayes,Jamie Dunphy
Candace Avalos,Jamie Dunphy,Steph Routh,Cayle Tern,Timur Ender,Noah Ernst
Candace Avalos,Timur Ender,Jamie Dunphy,Steph Routh,Cayle Tern,David Linn
Peggy Sue Owens,Noah Ernst,Deian Salazar,Terrence Hayes,Michael (Mike) Sands,Jamie Dunphy
Candace Avalos,Steph Routh,Jamie Dunphy,,,
Noah Ernst,Joe Allen,Joe Furi,Loretta Smith,Thomas Shervey,
Steph Routh,Candace Avalos,,,,
Michael (Mike) Sands,Terrence Hayes,Steph Routh,,,
Loretta Smith,David Linn,Peggy Sue Owens,Joe Furi,Timur Ender,Cayle Tern
Noah Ernst,Doug Clove,,,,
Candace Avalos,Steph Routh,Jamie Dunphy,Loretta Smith,Deian Salazar,Timur Ender
Joe Allen,Terrence Hayes,Michael (Mike) Sands,Cayle Tern,Jamie Dunphy,Timur Ender
Jamie Dunphy,Steph Routh,Candace Avalos,David Linn,Noah Ernst,Terrence Hayes
Candace Avalos,Timur Ender,Steph Routh,Jamie Dunphy,Joe Allen,Loretta Smith
Candace Avalos,Steph Routh,Timur Ender,Jamie Dunphy,Terrence Hayes,Thomas Shervey
Jamie Dunphy,Terrence Hayes,Loretta Smith,Deian Salazar,,
Steph Routh,Jamie Dunphy,Terrence Hayes,Loretta Smith,Thomas Shervey,
Candace Avalos,Steph Routh,Timur Ender,Jamie Dunphy,,
Timur Ender,Steph Routh,,,,
Noah Ernst,,,,,
Noah Ernst,Timur Ender,Michael (Mike) Sands,Joe Allen,Joe Furi,David Linn
Timur Ender,Steph Routh,Jamie Dunphy,Cayle Tern,David Linn,Candace Avalos
Loretta Smith,Terrence Hayes,Noah Ernst,Jamie Dunphy,Deian Salazar,David Linn
Michael (Mike) Sands,Thomas Shervey,Timur Ender,David Linn,Doug Clove,Noah Ernst
Terrence Hayes,Joe Allen,Joe Furi,Jamie Dunphy,Peggy Sue Owens,David Linn
Steph Routh,Candace Avalos,Timur Ender,Jamie Dunphy,David Linn,Cayle Tern
Peggy Sue Owens,,,,,
Jamie Dunphy,Loretta Smith,Steph Routh,Doug Clove,Candace Avalos,Michael (Mike) Sands
Loretta Smith,Candace Avalos,Terrence Hayes,Cayle Tern,Timur Ender,Noah Ernst
Steph Routh,Terrence Hayes,Jamie Dunphy,Joe Allen,Candace Avalos,Doug Clove
Candace Avalos,Timur Ender,Jamie Dunphy,Steph Routh,Cayle Tern,
Doug Clove,Noah Ernst,Terrence Hayes,,,
Candace Avalos,Cayle Tern,Timur Ender,Loretta Smith,Deian Salazar,Terrence Hayes
Terrence Hayes,Noah Ernst,Steph Routh,,,
Jamie Dunphy,Candace Avalos,Steph Routh,,,
Doug Clove,Deian Salazar,Steph Routh,,,
Noah Ernst,Joe Furi,David Linn,Jamie Dunphy,Doug Clove,
Cayle Tern,Noah Ernst,Timur Ender,,,
Michael (Mike) Sands,Doug Clove,Timur Ender,Noah Ernst,Joe Furi,Thomas Shervey
Steph Routh,Thomas Shervey,Candace Avalos,,,
Doug Clove,Michael (Mike) Sands,David Linn,,,
Candace Avalos,Timur Ender,Steph Routh,Cayle Tern,,
Terrence Hayes,,,,,
Joe Allen,,,,,
Steph Routh,Candace Avalos,,,,
Terrence Hayes,Noah Ernst,,,,
Timur Ender,Steph Routh,Jamie Dunphy,Candace Avalos,Cayle Tern,Terrence Hayes
David Linn,,,,,
Jamie Dunphy,Steph Routh,Terrence Hayes,Noah Ernst,David Linn,Timur Ender
Noah Ernst,Terrence Hayes,Loretta Smith,,,
Noah Ernst,David Linn,Jamie Dunphy,Terrence Hayes,Michael (Mike) Sands,Cayle Tern
Steph Routh,Loretta Smith,,,,
Jamie Dunphy,Timur Ender,Candace Avalos,Terrence Hayes,,
Jamie Dunphy,David Linn,Michael (Mike) Sands,Steph Routh,Noah Ernst,Joe Furi
Timur Ender,Joe Allen,Candace Avalos,Doug Clove,Terrence Hayes,David Linn
Candace Avalos,Timur Ender,Terrence Hayes,,,
Candace Avalos,,,,,
Terrence Hayes,Loretta Smith,Noah Ernst,,,
Joe Allen,Michael (Mike) Sands,Thomas Shervey,Jamie Dunphy,Joe Furi,David Linn
Candace Avalos,Steph Routh,Terrence Hayes,Jamie Dunphy,Timur Ender,Loretta Smith
Loretta Smith,Steph Routh,Doug Clove,Joe Allen,Peggy Sue Owens,Candace Avalos
Candace Avalos,Steph Routh,,,,
David Linn,Joe Furi,Noah Ernst,Timur Ender,Jamie Dunphy,Candace Avalos
Steph Routh,Timur Ender,Candace Avalos,Jamie Dunphy,Noah Ernst,
Terrence Hayes,Loretta Smith,Noah Ernst,Timur Ender,Steph Routh,Joe Allen
Doug Clove,Steph Routh,Loretta Smith,,,
Loretta Smith,,,,,
Timur Ender,Terrence Hayes,Jamie Dunphy,Deian Salazar,,
Jamie Dunphy,Steph Routh,Timur Ender,Candace Avalos,Loretta Smith,Cayle Tern
David Linn,Candace Avalos,Michael (Mike) Sands,Joe Furi,Peggy Sue Owens,Deian Salazar
David Linn,Loretta Smith,Jamie Dunphy,Cayle Tern,Doug Clove,Noah Ernst
Candace Avalos,Doug Clove,Jamie Dunphy,Steph Routh,,
Candace Avalos,Steph Routh,,,,
Doug Clove,Timur Ender,Noah Ernst,David Linn,Cayle Tern,Michael (Mike) Sands
Loretta Smith,Candace Avalos,,,,
Jamie Dunphy,Candace Avalos,Steph Routh,David Linn,Noah Ernst,Loretta Smith
Timur Ender,Candace Avalos,Steph Routh,,,
Peggy Sue Owens,Loretta Smith,Terrence Hayes,Jamie Dunphy,Candace Avalos,Noah Ernst
Loretta Smith,Noah Ernst,Jamie Dunphy,Candace Avalos,Terrence Hayes,Timur Ender
Candace Avalos,Peggy Sue Owens,Deian Salazar,Joe Furi,Terrence Hayes,Joe Allen
Michael (Mike) Sands,Loretta Smith,Steph Routh,Jamie Dunphy,Peggy Sue Owens,David Linn
Jamie Dunphy,Steph Routh,Michael (Mike) Sands,Timur Ender,Candace Avalos,David Linn
Loretta Smith,Steph Routh,Candace Avalos,Timur Ender,Noah Ernst,Cayle Tern
Doug Clove,Joe Furi,Candace Avalos,Noah Ernst,,
Noah Ernst,,,,,
Noah Ernst,,,,,
Loretta Smith,Steph Routh,Deian Salazar,Peggy Sue Owens,David Linn,Cayle Tern
Noah Ernst,Doug Clove,Joe Furi,Deian Salazar,Jamie Dunphy,Loretta Smith
Loretta Smith,Terrence Hayes,Noah Ernst,,,
Candace Avalos,Terrence Hayes,Jamie Dunphy,Loretta Smith,Steph Routh,Timur Ender
Loretta Smith,,,,,
Jamie Dunphy,Candace Avalos,Steph Routh,,,
Doug Clove,,,,,
Steph Routh,Timur Ender,Terrence Hayes,Loretta Smith,Candace Avalos,Cayle Tern
Noah Ernst,Doug Clove,Terrence Hayes,,,
Loretta Smith,Noah Ernst,,,,
Candace Avalos,Cayle Tern,Jamie Dunphy,Timur Ender,Steph Routh,
Timur Ender,Candace Avalos,David Linn,Joe Allen,Steph Routh,
Loretta Smith,Terrence Hayes,Candace Avalos,Timur Ender,David Linn,Steph Routh
Peggy Sue Owens,Steph Routh,Michael (Mike) Sands,Candace Avalos,Joe Allen,David Linn
Noah Ernst,Doug Clove,Joe Furi,,,
Loretta Smith,Candace Avalos,Timur Ender,Terrence Hayes,Jamie Dunphy,Steph Routh
Loretta Smith,Candace Avalos,Peggy Sue Owens,Jamie Dunphy,Doug Clove,Michael (Mike) Sands
Peggy Sue Owens,Timur Ender,Noah Ernst,Candace Avalos,Joe Allen,David Linn
Candace Avalos,David Linn,Cayle Tern,Loretta Smith,Terrence Hayes,Deian Salazar
Peggy Sue Owens,Loretta Smith,Steph Routh,Jamie Dunphy,Thomas Shervey,Deian Salazar
Michael (Mike) Sands,Timur Ender,Candace Avalos,Steph Routh,Loretta Smith,Terrence Hayes
Candace Avalos,Jamie Dunphy,Loretta Smith,Cayle Tern,Timur Ender,
Terrence Hayes,Loretta Smith,Candace Avalos,Peggy Sue Owens,Joe Furi,Jamie Dunphy
Candace Avalos,,,,,
Terrence Hayes,Steph Routh,Jamie Dunphy,Loretta Smith,Candace Avalos,Joe Allen
Candace Avalos,Timur Ender,David Linn,,,
Terrence Hayes,Noah Ernst,Steph Routh,Loretta Smith,,
Peggy Sue Owens,Candace Avalos,Loretta Smith,Cayle Tern,Joe Furi,Deian Salazar
Timur Ender,Steph Routh,Jamie Dunphy,,,
Loretta Smith,,,,,
Candace Avalos,Noah Ernst,Terrence Hayes,,,
Doug Clove,Joe Furi,Loretta Smith,Terrence Hayes,Jamie Dunphy,Steph Routh
Cayle Tern,David Linn,,,,
Candace Avalos,Noah Ernst,Timur Ender,Terrence Hayes,Loretta Smith,Steph Routh
Candace Avalos,Loretta Smith,Jamie Dunphy,Steph Routh,Terrence Hayes,Cayle Tern
,,,,,
Jamie Dunphy,Candace Avalos,Steph Routh,Loretta Smith,Timur Ender,Noah Ernst
Doug Clove,Deian Salazar,Thomas Shervey,Steph Routh,Cayle Tern,Joe Allen
Jamie Dunphy,David Linn,Steph Routh,,,
Loretta Smith,Joe Furi,Candace Avalos,Timur Ender,Deian Salazar,Michael (Mike) Sands
Loretta Smith,Steph Routh,,,,
Jamie Dunphy,Doug Clove,Noah Ernst,David Linn,,
Deian Salazar,Noah Ernst,Loretta Smith,Doug Clove,Terrence Hayes,Jamie Dunphy
Noah Ernst,Doug Clove,,,,
Candace Avalos,Steph Routh,Jamie Dunphy,Noah Ernst,Loretta Smith,David Linn
Jamie Dunphy,Steph Routh,Candace Avalos,Timur Ender,Doug Clove,Peggy Sue Owens
,,,,,
Noah Ernst,Terrence Hayes,Doug Clove,,,
Timur Ender,,,,,
Candace Avalos,Timur Ender,Steph Routh,Cayle Tern,,
Candace Avalos,Steph Routh,Timur Ender,Jamie Dunphy,,
Candace Avalos,Cayle Tern,Timur Ender,Steph Routh,Jamie Dunphy,David Linn
Candace Avalos,Noah Ernst,Joe Allen,Doug Clove,Deian Salazar,
Timur Ender,Doug Clove,Michael (Mike) Sands,Loretta Smith,Steph Routh,Jamie Dunphy
Loretta Smith,Terrence Hayes,Steph Routh,Noah Ernst,Candace Avalos,
Terrence Hayes,,,,,
Doug Clove,,,,,
Steph Routh,Loretta Smith,David Linn,Joe Allen,,
David Linn,Terrence Hayes,Steph Routh,Jamie Dunphy,,
Loretta Smith,Steph Routh,Terrence Hayes,Timur Ender,Jamie Dunphy,Candace Avalos
Cayle Tern,Timur Ender,Candace Avalos,Steph Routh,,
Loretta Smith,,,,,
Candace Avalos,Steph Routh,Timur Ender,Jamie Dunphy,,
Cayle Tern,Timur Ender,Candace Avalos,Deian Salazar,Joe Furi,Jamie Dunphy
Doug Clove,Deian Salazar,Noah Ernst,Michael (Mike) Sands,Thomas Shervey,Joe Furi
Candace Avalos,Terrence Hayes,Steph Routh,Michael (Mike) Sands,David Linn,Deian Salazar
Michael (Mike) Sands,Candace Avalos,Timur Ender,Loretta Smith,Jamie Dunphy,Terrence Hayes
Jamie Dunphy,Cayle Tern,Timur Ender,Michael (Mike) Sands,Steph Routh,
Timur Ender,Steph Routh,Candace Avalos,David Linn,Jamie Dunphy,Cayle Tern
Jamie Dunphy,Timur Ender,Noah Ernst,Candace Avalos,,
Loretta Smith,Jamie Dunphy,Peggy Sue Owens,,,
Loretta Smith,Steph Routh,Jamie Dunphy,Terrence Hayes,Michael (Mike) Sands,Doug Clove
Peggy Sue Owens,Loretta Smith,Doug Clove,Candace Avalos,Michael (Mike) Sands,Cayle Tern
Jamie Dunphy,Candace Avalos,Steph Routh,Noah Ernst,David Linn,Loretta Smith
Noah Ernst,Terrence Hayes,Jamie Dunphy,,,
Doug Clove,,,,,
Steph Routh,Candace Avalos,Timur Ender,Jamie Dunphy,,
Doug Clove,Noah Ernst,Terrence Hayes,,,
Peggy Sue Owens,Steph Routh,Candace Avalos,Noah Ernst,Cayle Tern,Timur Ender
Noah Ernst,Jamie Dunphy,Loretta Smith,Candace Avalos,Steph Routh,Terrence Hayes
Doug Clove,Deian Salazar,Loretta Smith,Timur Ender,Candace Avalos,Jamie Dunphy
Joe Furi,,,,,
Candace Avalos,Cayle Tern,Timur Ender,,,
Noah Ernst,Candace Avalos,Deian Salazar,David Linn,Joe Furi,Timur Ender
Terrence Hayes,Noah Ernst,Candace Avalos,Jamie Dunphy,Steph Routh,
Noah Ernst,Terrence Hayes,Michael (Mike) Sands,Loretta Smith,Joe Furi,Jamie Dunphy
Candace Avalos,,,,,
Loretta Smith,Peggy Sue Owens,Joe Furi,Candace Avalos,Steph Routh,Deian Salazar
Timur Ender,Steph Routh,Jamie Dunphy,,,
Candace Avalos,,,,,
Michael (Mike) Sands,Timur Ender,Candace Avalos,David Linn,Steph Routh,Cayle Tern
Thomas Shervey,,,,,
Terrence Hayes,Noah Ernst,Joe Furi,Loretta Smith,Doug Clove,Write-in-120
Steph Routh,Terrence Hayes,Jamie Dunphy,Candace Avalos,Thomas Shervey,Cayle Tern
Loretta Smith,,,,,
Candace Avalos,Steph Routh,Jamie Dunphy,Noah Ernst,Terrence Hayes,Timur Ender
Candace Avalos,Jamie Dunphy,Steph Routh,,,
Noah Ernst,Doug Clove,Terrence Hayes,Deian Salazar,Thomas Shervey,Timur Ender
Deian Salazar,Candace Avalos,,,,
Steph Routh,Terrence Hayes,Michael (Mike) Sands,Joe Furi,Cayle Tern,Candace Avalos
,,,,,
Noah Ernst,Terrence Hayes,Loretta Smith,,,
Candace Avalos,Steph Routh,Jamie Dunphy,Timur Ender,Cayle Tern,Loretta Smith
David Linn,Candace Avalos,Timur Ender,Cayle Tern,Loretta Smith,Terrence Hayes
Noah Ernst,Loretta Smith,Terrence Hayes,Steph Routh,Joe Allen,Deian Salazar
Loretta Smith,,,,,
Doug Clove,,,,,
Steph Routh,Candace Avalos,Loretta Smith,Terrence Hayes,Jamie Dunphy,Timur Ender
Candace Avalos,Timur Ender,Jamie Dunphy,Steph Routh,Cayle Tern,Noah Ernst
Candace Avalos,David Linn,Timur Ender,Terrence Hayes,Steph Routh,Noah Ernst
Joe Allen,Joe Furi,,,,
Candace Avalos,Michael (Mike) Sands,Steph Routh,Loretta Smith,Timur Ender,Cayle Tern
Terrence Hayes,Deian Salazar,Noah Ernst,,,
Loretta Smith,Jamie Dunphy,Timur Ender,Candace Avalos,Terrence Hayes,Deian Salazar
Candace Avalos,Cayle Tern,Timur Ender,,,
Candace Avalos,Steph Routh,Jamie Dunphy,,,
Loretta Smith,Joe Furi,Doug Clove,Cayle Tern,,
Cayle Tern,Joe Furi,Timur Ender,Peggy Sue Owens,,
Candace Avalos,Timur Ender,Doug Clove,,,
Terrence Hayes,,,,,
Steph Routh,Timur Ender,Candace Avalos,Jamie Dunphy,Terrence Hayes,
Timur Ender,Noah Ernst,David Linn,Michael (Mike) Sands,Thomas Shervey,Steph Routh
Candace Avalos,Steph Routh,,,,
Loretta Smith,Terrence Hayes,,,,
Loretta Smith,Candace Avalos,Jamie Dunphy,Steph Routh,Terrence Hayes,Peggy Sue Owens
David Linn,Candace Avalos,Michael (Mike) Sands,Loretta Smith,Jamie Dunphy,Noah Ernst
Jamie Dunphy,Steph Routh,Candace Avalos,,,
Candace Avalos,Loretta Smith,Terrence Hayes,David Linn,Timur Ender,Jamie Dunphy
Terrence Hayes,Steph Routh,Michael (Mike) Sands,Jamie Dunphy,Loretta Smith,Timur Ender
Terrence Hayes,Noah Ernst,Candace Avalos,,,
Candace Avalos,Steph Routh,Timur Ender,Jamie Dunphy,,
Timur Ender,Michael (Mike) Sands,Candace Avalos,,,
Steph Routh,Candace Avalos,Timur Ender,Loretta Smith,,
Michael (Mike) Sands,Joe Allen,,,,
Joe Furi,Michael (Mike) Sands,Terrence Hayes,Thomas Shervey,Jamie Dunphy,
Michael (Mike) Sands,Jamie Dunphy,Peggy Sue Owens,Joe Allen,Loretta Smith,Terrence Hayes
Steph Routh,Loretta Smith,Candace Avalos,Timur Ender,Jamie Dunphy,Terrence Hayes
Terrence Hayes,Joe Furi,Cayle Tern,Joe Allen,,
Doug Clove,Jamie Dunphy,Loretta Smith,,,
Noah Ernst,Joe Furi,David Linn,Jamie Dunphy,Doug Clove,
Candace Avalos,Cayle Tern,Timur Ender,,,
Jamie Dunphy,Loretta Smith,Steph Routh,Terrence Hayes,,
Candace Avalos,Jamie Dunphy,Steph Routh,Timur Ender,Cayle Tern,
Candace Avalos,Terrence Hayes,Noah Ernst,,,
Candace Avalos,Loretta Smith,Cayle Tern,Timur Ender,David Linn,Jamie Dunphy
Jamie Dunphy,Steph Routh,Loretta Smith,Timur Ender,,
Noah Ernst,,,,,
Michael (Mike) Sands,Noah Ernst,Joe Allen,,,
Noah Ernst,,,,,
Loretta Smith,,,,,
Jamie Dunphy,Noah Ernst,Candace Avalos,Steph Routh,,
Loretta Smith,,,,,
Noah Ernst,Steph Routh,Peggy Sue Owens,Doug Clove,Joe Furi,Joe Allen
Jamie Dunphy,Steph Routh,Loretta Smith,,,
Terrence Hayes,,,,,
Peggy Sue Owens,Jamie Dunphy,Loretta Smith,Doug Clove,Joe Allen,Noah Ernst
Candace Avalos,Steph Routh,Cayle Tern,Timur Ender,,
Terrence Hayes,Noah Ernst,,,,
Terrence Hayes,Jamie Dunphy,,,,
Terrence Hayes,Noah Ernst,Candace Avalos,,,
Candace Avalos,Timur Ender,Terrence Hayes,Loretta Smith,,
Joe Furi,Cayle Tern,Jamie Dunphy,,,
Peggy Sue Owens,Loretta Smith,Steph Routh,David Linn,Joe Allen,Michael (Mike) Sands
Loretta Smith,Terrence Hayes,Joe Allen,Candace Avalos,Jamie Dunphy,Doug Clove
Terrence Hayes,,,,,
Timur Ender,,,,,
Candace Avalos,Steph Routh,Loretta Smith,Jamie Dunphy,Timur Ender,David Linn
Steph Routh,Loretta Smith,,,,
Terrence Hayes,Cayle Tern,Michael (Mike) Sands,Jamie Dunphy,Joe Allen,Timur Ender
Noah Ernst,Jamie Dunphy,Terrence Hayes,Steph Routh,Candace Avalos,Thomas Shervey
David Linn,Jamie Dunphy,Candace Avalos,Doug Clove,Loretta Smith,Timur Ender
Noah Ernst,,,,,
Joe Furi,Noah Ernst,Peggy Sue Owens,,,
Noah Ernst,Terrence Hayes,Doug Clove,Deian Salazar,Steph Routh,Loretta Smith
Jamie Dunphy,Steph Routh,Candace Avalos,Timur Ender,Loretta Smith,Cayle Tern
Loretta Smith,Michael (Mike) Sands,Cayle Tern,Candace Avalos,Timur Ender,Deian Salazar
Noah Ernst,Terrence Hayes,Joe Furi,Loretta Smith,Doug Clove,
Deian Salazar,Jamie Dunphy,Candace Avalos,,,
David Linn,Michael (Mike) Sands,Jamie Dunphy,Joe Allen,Joe Furi,Noah Ernst
Terrence Hayes,Noah Ernst,Joe Furi,Loretta Smith,Doug Clove,
Steph Routh,Candace Avalos,Joe Allen,Noah Ernst,David Linn,Joe Furi
Candace Avalos,Timur Ender,David Linn,Jamie Dunphy,Steph Routh,
Steph Routh,Terrence Hayes,Candace Avalos,Jamie Dunphy,Timur Ender,
Thomas Shervey,Joe Allen,Loretta Smith,,,
Peggy Sue Owens,Noah Ernst,Candace Avalos,David Linn,Cayle Tern,Loretta Smith
Steph Routh,,,,,
Noah Ernst,Peggy Sue Owens,,,,
Candace Avalos,Steph Routh,Loretta Smith,Timur Ender,,
Noah Ernst,Michael (Mike) Sands,Doug Clove,,,
Candace Avalos,Michael (Mike) Sands,Steph Routh,Jamie Dunphy,David Linn,Cayle Tern
Timur Ender,Jamie Dunphy,David Linn,Doug Clove,Peggy Sue Owens,Steph Routh
Noah Ernst,Doug Clove,Terrence Hayes,,,
Terrence Hayes,Jamie Dunphy,,,,
Timur Ender,Joe Allen,Doug Clove,,,
Timur Ender,Jamie Dunphy,Candace Avalos,Loretta Smith,Steph Routh,
Deian Salazar,Candace Avalos,Loretta Smith,Cayle Tern,David Linn,Terrence Hayes
Noah Ernst,Terrence Hayes,Michael (Mike) Sands,Loretta Smith,Joe Furi,Jamie Dunphy
Candace Avalos,David Linn,Cayle Tern,Loretta Smith,Steph Routh,Jamie Dunphy
Timur Ender,Jamie Dunphy,Loretta Smith,Terrence Hayes,Deian Salazar,David Linn
Terrence Hayes,Noah Ernst,Doug Clove,,,
,,,,,
Candace Avalos,Steph Routh,Timur Ender,Jamie Dunphy,,
Timur Ender,Steph Routh,Candace Avalos,Thomas Shervey,,
Doug Clove,,,,,
Noah Ernst,Loretta Smith,Jamie Dunphy,Terrence Hayes,Doug Clove,Candace Avalos
Jamie Dunphy,Steph Routh,Timur Ender,Candace Avalos,David Linn,Cayle Tern
Jamie Dunphy,David Linn,Steph Routh,Candace Avalos,Timur Ender,Loretta Smith
Terrence Hayes,Loretta Smith,Jamie Dunphy,Doug Clove,,
Noah Ernst,Doug Clove,Thomas Shervey,,,
Steph Routh,Noah Ernst,,,,
Loretta Smith,Terrence Hayes,,,,
Candace Avalos,,,,,
Timur Ender,Cayle Tern,Candace Avalos,Terrence Hayes,Jamie Dunphy,Loretta Smith
Joe Furi,,,,,
Loretta Smith,Candace Avalos,Terrence Hayes,Cayle Tern,Timur Ender,Noah Ernst
Jamie Dunphy,Steph Routh,Timur Ender,,,
Loretta Smith,,,,,
Candace Avalos,Steph Routh,Terrence Hayes,Jamie Dunphy,,
Peggy Sue Owens,Candace Avalos,David Linn,Joe Furi,Thomas Shervey,Jamie Dunphy
Cayle Tern,Candace Avalos,Steph Routh,Doug Clove,Timur Ender,Michael (Mike) Sands
Terrence Hayes,Noah Ernst,Michael (Mike) Sands,Jamie Dunphy,Loretta Smith,David Linn
Loretta Smith,Candace Avalos,Steph Routh,Jamie Dunphy,Terrence Hayes,Timur Ender
Loretta Smith,David Linn,Peggy Sue Owens,Joe Allen,Deian Salazar,Jamie Dunphy
Candace Avalos,Timur Ender,Steph Routh,Jamie Dunphy,Cayle Tern,David Linn
Candace Avalos,Cayle Tern,Terrence Hayes,Deian Salazar,Michael (Mike) Sands,Joe Furi
Jamie Dunphy,Steph Routh,Candace Avalos,Terrence Hayes,Timur Ender,
Steph Routh,Loretta Smith,Noah Ernst,Timur Ender,Cayle Tern,Jamie Dunphy
Loretta Smith,Terrence Hayes,Timur Ender,,,
Steph Routh,Noah Ernst,Jamie Dunphy,Timur Ender,David Linn,
Loretta Smith,Joe Furi,Candace Avalos,Timur Ender,Jamie Dunphy,Peggy Sue Owens
Loretta Smith,Terrence Hayes,Timur Ender,Steph Routh,Candace Avalos,Noah Ernst
Candace Avalos,Cayle Tern,Timur Ender,,,
Jamie Dunphy,Candace Avalos,Steph Routh,Noah Ernst,David Linn,
Jamie Dunphy,Noah Ernst,Steph Routh,Candace Avalos,David Linn,Loretta Smith
Candace Avalos,Loretta Smith,Steph Routh,Terrence Hayes,Cayle Tern,Timur Ender
Steph Routh,Loretta Smith,Jamie Dunphy,,,
Michael (Mike) Sands,Noah Ernst,Doug Clove,Joe Allen,,
Cayle Tern,Candace Avalos,David Linn,,,
Terrence Hayes,Loretta Smith,Noah Ernst,,,
Candace Avalos,Steph Routh,Deian Salazar,Cayle Tern,Timur Ender,
Steph Routh,David Linn,Cayle Tern,Candace Avalos,Timur Ender,Jamie Dunphy
Peggy Sue Owens,Doug Clove,Loretta Smith,Jamie Dunphy,Michael (Mike) Sands,Joe Allen
Steph Routh,Terrence Hayes,Jamie Dunphy,Timur Ender,Candace Avalos,
Peggy Sue Owens,David Linn,Loretta Smith,,,
Terrence Hayes,Jamie Dunphy,Timur Ender,Loretta Smith,Candace Avalos,Steph Routh
Candace Avalos,Terrence Hayes,Jamie Dunphy,,,
Terrence Hayes,Noah Ernst,Loretta Smith,Deian Salazar,,
Noah Ernst,,,,,
Candace Avalos,Steph Routh,Timur Ender,Jamie Dunphy,Terrence Hayes,Loretta Smith
Steph Routh,Loretta Smith,,,,
,,,,,
Jamie Dunphy,Joe Allen,Timur Ender,,,
Candace Avalos,Loretta Smith,Michael (Mike) Sands,Jamie Dunphy,Terrence Hayes,Steph Routh
Noah Ernst,Doug Clove,Terrence Hayes,Joe Furi,,
Terrence Hayes,Doug Clove,Noah Ernst,,,
Steph Routh,Jamie Dunphy,David Linn,Timur Ender,Doug Clove,
Noah Ernst,Terrence Hayes,Michael (Mike) Sands,Doug Clove,,
Terrence Hayes,Loretta Smith,Noah Ernst,,,
Candace Avalos,Timur Ender,Steph Routh,Jamie Dunphy,Michael (Mike) Sands,Joe Allen
Joe Allen,Timur Ender,Jamie Dunphy,,,
Michael (Mike) Sands,Noah Ernst,Joe Allen,Doug Clove,Thomas Shervey,David Linn
Loretta Smith,,,,,
Jamie Dunphy,Timur Ender,Steph Routh,Loretta Smith,David Linn,Candace Avalos
,,,,,
Candace Avalos,Timur Ender,Michael (Mike) Sands,Cayle Tern,David Linn,Terrence Hayes
Candace Avalos,Steph Routh,Timur Ender,Jamie Dunphy,,
Steph Routh,Terrence Hayes,Loretta Smith,Michael (Mike) Sands,Deian Salazar,David Linn
Candace Avalos,Loretta Smith,Peggy Sue Owens,Cayle Tern,Jamie Dunphy,Steph Routh
Steph Routh,Jamie Dunphy,Candace Avalos,,,
Jamie Dunphy,Steph Routh,Timur Ender,,,
Timur Ender,Candace Avalos,Cayle Tern,Loretta Smith,Steph Routh,Jamie Dunphy
Candace Avalos,Terrence Hayes,Jamie Dunphy,Steph Routh,Cayle Tern,Thomas Shervey
Michael (Mike) Sands,,,,,
Jamie Dunphy,Candace Avalos,Steph Routh,,,
Candace Avalos,Michael (Mike) Sands,Steph Routh,Loretta Smith,Jamie Dunphy,Terrence Hayes
Michael (Mike) Sands,Jamie Dunphy,Doug Clove,Joe Allen,Cayle Tern,Steph Routh
Loretta Smith,Terrence Hayes,Noah Ernst,Timur Ender,David Linn,Steph Routh
Terrence Hayes,Loretta Smith,,,,
Cayle Tern,David Linn,Jamie Dunphy,Steph Routh,Thomas Shervey,Loretta Smith
Loretta Smith,Terrence Hayes,Steph Routh,Jamie Dunphy,Deian Salazar,Timur Ender
Noah Ernst,,,,,
Timur Ender,Noah Ernst,Candace Avalos,Joe Furi,Cayle Tern,Deian Salazar
Noah Ernst,Michael (Mike) Sands,Doug Clove,Terrence Hayes,,
Jamie Dunphy,Timur Ender,,,,
Noah Ernst,Doug Clove,Joe Furi,Deian Salazar,Loretta Smith,Terrence Hayes
,,,,,
Steph Routh,Timur Ender,Candace Avalos,Michael (Mike) Sands,Loretta Smith,Noah Ernst
Jamie Dunphy,Candace Avalos,Peggy Sue Owens,Joe Allen,Terrence Hayes,
Terrence Hayes,Candace Avalos,Noah Ernst,Steph Routh,Jamie Dunphy,Timur Ender
Loretta Smith,Jamie Dunphy,Steph Routh,Michael (Mike) Sands,Doug Clove,Cayle Tern
Terrence Hayes,Noah Ernst,Candace Avalos,,,
Jamie Dunphy,Candace Avalos,Loretta Smith,Deian Salazar,Timur Ender,Peggy Sue Owens
Terrence Hayes,Noah Ernst,Joe Furi,Deian Salazar,Doug Clove,Write-in-120
Loretta Smith,Timur Ender,Steph Routh,Terrence Hayes,David Linn,Cayle Tern
Jamie Dunphy,Steph Routh,Cayle Tern,,,
David Linn,,,,,
Timur Ender,Loretta Smith,David Linn,Terrence Hayes,Steph Routh,Jamie Dunphy
Joe Allen,,,,,
Steph Routh,,,,,
Terrence Hayes,Steph Routh,Loretta Smith,Timur Ender,Noah Ernst,Joe Allen
Candace Avalos,Jamie Dunphy,Noah Ernst,Steph Routh,,
Cayle Tern,Noah Ernst,Candace Avalos,Timur Ender,Thomas Shervey,Terrence Hayes
Noah Ernst,Candace Avalos,Loretta Smith,,,
Jamie Dunphy,Candace Avalos,Steph Routh,,,
Candace Avalos,Jamie Dunphy,Steph Routh,Timur Ender,Cayle Tern,David Linn
Loretta Smith,Terrence Hayes,Timur Ender,Cayle Tern,Candace Avalos,Joe Furi
Candace Avalos,Cayle Tern,Steph Routh,Jamie Dunphy,Michael (Mike) Sands,
Steph Routh,Noah Ernst,,,,
Candace Avalos,Steph Routh,Timur Ender,Jamie Dunphy,Loretta Smith,Cayle Tern
Jamie Dunphy,Steph Routh,Terrence Hayes,Timur Ender,Candace Avalos,Deian Salazar
Loretta Smith,Jamie Dunphy,Steph Routh,,,
Jamie Dunphy,Candace Avalos,Steph Routh,Noah Ernst,David Linn,Loretta Smith
Candace Avalos,Cayle Tern,Timur Ender,Steph Routh,,
Terrence Hayes,Noah Ernst,Joe Furi,Loretta Smith,Doug Clove,Write-in-120
Timur Ender,Loretta Smith,Deian Salazar,Candace Avalos,David Linn,Terrence Hayes
Terrence Hayes,Jamie Dunphy,Timur Ender,Thomas Shervey,Noah Ernst,Steph Routh
Loretta Smith,Terrence Hayes,Steph Routh,Candace Avalos,Jamie Dunphy,Doug Clove
Joe Allen,Deian Salazar,Thomas Shervey,Jamie Dunphy,Terrence Hayes,Steph Routh
Candace Avalos,Cayle Tern,Deian Salazar,Loretta Smith,Terrence Hayes,Timur Ender
Steph Routh,,,,,
Loretta Smith,Cayle Tern,,,,
Loretta Smith,Terrence Hayes,,,,
Candace Avalos,Steph Routh,Cayle Tern,,,
Steph Routh,Timur Ender,Jamie Dunphy,Candace Avalos,,
Noah Ernst,David Linn,,,,
Timur Ender,Candace Avalos,Steph Routh,Jamie Dunphy,Cayle Tern,David Linn
Candace Avalos,Timur Ender,Cayle Tern,Jamie Dunphy,,
Jamie Dunphy,Loretta Smith,Steph Routh,Terrence Hayes,,
Loretta Smith,Candace Avalos,Terrence Hayes,David Linn,,
Joe Furi,Deian Salazar,,,,
Jamie Dunphy,Noah Ernst,Candace Avalos,Deian Salazar,Doug Clove,Cayle Tern
Terrence Hayes,Noah Ernst,Joe Furi,Doug Clove,David Linn,Joe Allen
Candace Avalos,Timur Ender,Steph Routh,Jamie Dunphy,,
Terrence Hayes,,,,,
David Linn,Candace Avalos,Cayle Tern,Timur Ender,Jamie Dunphy,Steph Routh
Noah Ernst,Terrence Hayes,Candace Avalos,Joe Allen,Cayle Tern,Thomas Shervey
Peggy Sue Owens,,,,,
Jamie Dunphy,Loretta Smith,,,,
Steph Routh,Noah Ernst,Doug Clove,,,
Loretta Smith,Joe Allen,Thomas Shervey,Peggy Sue Owens,,
Noah Ernst,David Linn,Terrence Hayes,Loretta Smith,Cayle Tern,Deian Salazar
Thomas Shervey,Doug Clove,Candace Avalos,Terrence Hayes,Noah Ernst,Jamie Dunphy
Candace Avalos,Cayle Tern,Timur Ender,Steph Routh,,
Candace Avalos,Timur Ender,Steph Routh,Jamie Dunphy,,
Joe Allen,,,,,
Candace Avalos,Cayle Tern,Michael (Mike) Sands,Timur Ender,Steph Routh,Jamie Dunphy
Noah Ernst,,,,,
Loretta Smith,Doug Clove,Michael (Mike) Sands,,,
,,,,,
Jamie Dunphy,Steph Routh,Noah Ernst,,,
Jamie Dunphy,Joe Allen,Noah Ernst,David Linn,,
Loretta Smith,Thomas Shervey,Steph Routh,,,
Jamie Dunphy,Candace Avalos,Steph Routh,Timur Ender,David Linn,Cayle Tern
Jamie Dunphy,Candace Avalos,Thomas Shervey,David Linn,Steph Routh,
Terrence Hayes,Candace Avalos,,,,
Jamie Dunphy,Timur Ender,Candace Avalos,Michael (Mike) Sands,Terrence Hayes,Steph Routh
Terrence Hayes,Noah Ernst,Doug Clove,Loretta Smith,,
Jamie Dunphy,Candace Avalos,Timur Ender,,,
Loretta Smith,Terrence Hayes,Noah Ernst,Jamie Dunphy,Joe Allen,
Deian Salazar,Cayle Tern,Candace Avalos,Peggy Sue Owens,Timur Ender,Steph Routh
Loretta Smith,Candace Avalos,Noah Ernst,Steph Routh,,
Candace Avalos,Loretta Smith,Terrence Hayes,,,
Jamie Dunphy,Candace Avalos,Steph Routh,,,
Timur Ender,Doug Clove,Joe Furi,Michael (Mike) Sands,Deian Salazar,
Jamie Dunphy,Timur Ender,Candace Avalos,Loretta Smith,,
Timur Ender,Joe Furi,Candace Avalos,Cayle Tern,David Linn,Thomas Shervey
Steph Routh,Candace Avalos,Loretta Smith,Terrence Hayes,Doug Clove,David Linn
Candace Avalos,Timur Ender,Steph Routh,Jamie Dunphy,,
Jamie Dunphy,Loretta Smith,Candace Avalos,Steph Routh,,
Peggy Sue Owens,Loretta Smith,Candace Avalos,Terrence Hayes,Jamie Dunphy,Cayle Tern
Doug Clove,Timur Ender,Noah Ernst,Joe Allen,Cayle Tern,Loretta Smith
Peggy Sue Owens,Timur Ender,Noah Ernst,Candace Avalos,Joe Allen,David Linn
Candace Avalos,Jamie Dunphy,Steph Routh,Loretta Smith,Terrence Hayes,Peggy Sue Owens
Loretta Smith,,,,,
Candace Avalos,Jamie Dunphy,Terrence Hayes,,,
Loretta Smith,Terrence Hayes,Candace Avalos,Steph Routh,Deian Salazar,Jamie Dunphy
Terrence Hayes,,,,,
Loretta Smith,,,,,
Candace Avalos,Jamie Dunphy,Steph Routh,Timur Ender,Loretta Smith,David Linn
Timur Ender,Michael (Mike) Sands,Terrence Hayes,Jamie Dunphy,Loretta Smith,Steph Routh
Timur Ender,Candace Avalos,Cayle Tern,Loretta Smith,Steph Routh,Thomas Shervey
Write-in-121,,,,,
Timur Ender,,,,,
Deian Salazar,Noah Ernst,Doug Clove,Terrence Hayes,Loretta Smith,Jamie Dunphy
Noah Ernst,Loretta Smith,Terrence Hayes,,,
Noah Ernst,Joe Allen,,,,
Candace Avalos,Cayle Tern,Timur Ender,,,
Cayle Tern,Candace Avalos,,,,
Steph Routh,Jamie Dunphy,Loretta Smith,Candace Avalos,David Linn,Timur Ender
Terrence Hayes,Loretta Smith,Joe Allen,,,
Deian Salazar,Noah Ernst,Loretta Smith,Terrence Hayes,,
Terrence Hayes,Noah Ernst,Doug Clove,Joe Furi,Loretta Smith,Steph Routh
Noah Ernst,Terrence Hayes,Joe Furi,Loretta Smith,Doug Clove,
Loretta Smith,Timur Ender,Candace Avalos,,,
Steph Routh,Candace Avalos,Loretta Smith,,,
Terrence Hayes,Noah Ernst,Candace Avalos,,,
Timur Ender,David Linn,Terrence Hayes,Steph Routh,,
Steph Routh,,,,,
Terrence Hayes,Candace Avalos,Noah Ernst,Loretta Smith,Steph Routh,Jamie Dunphy
Candace Avalos,Loretta Smith,Steph Routh,Terrence Hayes,Jamie Dunphy,
Timur Ender,David Linn,Michael (Mike) Sands,Terrence Hayes,Loretta Smith,Cayle Tern
Candace Avalos,Loretta Smith,Terrence Hayes,Cayle Tern,,
Candace Avalos,,,,,
Peggy Sue Owens,,,,,
Michael (Mike) Sands,Candace Avalos,David Linn,,,
Michael (Mike) Sands,Terrence Hayes,Jamie Dunphy,Doug Clove,Joe Allen,Peggy Sue Owens
Jamie Dunphy,Terrence Hayes,Candace Avalos,Noah Ernst,,
Candace Avalos,Timur Ender,Loretta Smith,Terrence Hayes,Cayle Tern,Deian Salazar
Jamie Dunphy,Candace Avalos,Steph Routh,Noah Ernst,David Linn,Loretta Smith
Loretta Smith,Steph Routh,Timur Ender,Jamie Dunphy,Candace Avalos,Cayle Tern
Thomas Shervey,Steph Routh,Noah Ernst,Terrence Hayes,,
Terrence Hayes,Noah Ernst,Joe Furi,Loretta Smith,Doug Clove,
Loretta Smith,Terrence Hayes,Candace Avalos,Jamie Dunphy,Timur Ender,
Candace Avalos,Jamie Dunphy,Cayle Tern,Steph Routh,David Linn,Joe Allen
Jamie Dunphy,Steph Routh,Timur Ender,Terrence Hayes,Candace Avalos,Cayle Tern
Terrence Hayes,Loretta Smith,Timur Ender,,,
Terrence Hayes,,,,,
Candace Avalos,Timur Ender,Steph Routh,Jamie Dunphy,,
Noah Ernst,Michael (Mike) Sands,Steph Routh,Terrence Hayes,Joe Allen,Jamie Dunphy
Candace Avalos,Steph Routh,,,,
Jamie Dunphy,Steph Routh,Candace Avalos,Timur Ender,Loretta Smith,Michael (Mike) Sands
Jamie Dunphy,David Linn,Terrence Hayes,Loretta Smith,Joe Furi,Candace Avalos
Noah Ernst,,,,,
Peggy Sue Owens,Doug Clove,Deian Salazar,,,
Candace Avalos,Timur Ender,Steph Routh,Jamie Dunphy,Cayle Tern,David Linn
Steph Routh,Jamie Dunphy,Candace Avalos,Terrence Hayes,Noah Ernst,Timur Ender
Deian Salazar,Doug Clove,David Linn,Terrence Hayes,,
Loretta Smith,Timur Ender,Cayle Tern,Candace Avalos,Terrence Hayes,Jamie Dunphy
Jamie Dunphy,Candace Avalos,Steph Routh,Noah Ernst,David Linn,Loretta Smith
Loretta Smith,Candace Avalos,Peggy Sue Owens,Cayle Tern,Jamie Dunphy,Terrence Hayes
Noah Ernst,,,,,
Loretta Smith,Candace Avalos,,,,
Candace Avalos,Deian Salazar,,,,
Candace Avalos,Steph Routh,Jamie Dunphy,Terrence Hayes,Loretta Smith,Timur Ender
Steph Routh,Jamie Dunphy,,,,
Peggy Sue Owens,Joe Allen,Noah Ernst,Joe Furi,Deian Salazar,Michael (Mike) Sands
Candace Avalos,Noah Ernst,Loretta Smith,,,
Joe Allen,David Linn,Michael (Mike) Sands,Loretta Smith,Thomas Shervey,Jamie Dunphy
Noah Ernst,Loretta Smith,Jamie Dunphy,Cayle Tern,Joe Furi,Candace Avalos
Jamie Dunphy,Timur Ender,Loretta Smith,Candace Avalos,Terrence Hayes,
Terrence Hayes,Noah Ernst,Steph Routh,,,
Candace Avalos,Timur Ender,Steph Routh,Cayle Tern,,
Timur Ender,,,,,
Michael (Mike) Sands,Loretta Smith,Terrence Hayes,Steph Routh,Jamie Dunphy,Cayle Tern
Noah Ernst,Cayle Tern,Michael (Mike) Sands,Jamie Dunphy,Steph Routh,Terrence Hayes
Candace Avalos,Steph Routh,Timur Ender,Jamie Dunphy,,
Noah Ernst,Timur Ender,Joe Allen,Doug Clove,Deian Salazar,Joe Furi
Jamie Dunphy,Steph Routh,Candace Avalos,Timur Ender,Loretta Smith,Doug Clove
Candace Avalos,Steph Routh,Jamie Dunphy,Cayle Tern,,
Cayle Tern,,,,,
Jamie Dunphy,Steph Routh,Candace Avalos,David Linn,,
Candace Avalos,Terrence Hayes,Steph Routh,Timur Ender,Loretta Smith,Jamie Dunphy
Doug Clove,Joe Furi,David Linn,Noah Ernst,Cayle Tern,Jamie Dunphy
Jamie Dunphy,Cayle Tern,David Linn,Steph Routh,Timur Ender,Candace Avalos
Joe Furi,Joe Allen,Terrence Hayes,Write-in-121,Jamie Dunphy,Thomas Shervey
Timur Ender,Loretta Smith,Terrence Hayes,Steph Routh,Jamie Dunphy,Thomas Shervey
Timur Ender,Terrence Hayes,Noah Ernst,Candace Avalos,Steph Routh,Deian Salazar
Loretta Smith,Candace Avalos,Timur Ender,Steph Routh,David Linn,Terrence Hayes
Steph Routh,,,,,
Timur Ender,,,,,
Candace Avalos,,,,,
Candace Avalos,Cayle Tern,Timur Ender,,,
Loretta Smith,,,,,
Candace Avalos,Terrence Hayes,David Linn,Jamie Dunphy,Loretta Smith,Joe Furi
Noah Ernst,Terrence Hayes,Joe Allen,Loretta Smith,,
Timur Ender,Candace Avalos,Steph Routh,Jamie Dunphy,,
Timur Ender,Michael (Mike) Sands,Candace Avalos,Peggy Sue Owens,Steph Routh,Loretta Smith
Candace Avalos,Steph Routh,Thomas Shervey,Cayle Tern,,
Michael (Mike) Sands,Timur Ender,David Linn,,,
Candace Avalos,,,,,
Steph Routh,Candace Avalos,Timur Ender,Doug Clove,Noah Ernst,Thomas Shervey
Timur Ender,,,,,
Loretta Smith,Terrence Hayes,,,,
Terrence Hayes,Loretta Smith,Candace Avalos,,,
Steph Routh,Candace Avalos,Jamie Dunphy,Timur Ender,Cayle Tern,David Linn
Candace Avalos,Terrence Hayes,Loretta Smith,Timur Ender,Steph Routh,Michael (Mike) Sands
Candace Avalos,Cayle Tern,Timur Ender,Jamie Dunphy,Steph Routh,David Linn
Jamie Dunphy,Noah Ernst,David Linn,Candace Avalos,Terrence Hayes,Joe Furi
Noah Ernst,Terrence Hayes,,,,
Steph Routh,,,,,
Timur Ender,Candace Avalos,Steph Routh,Loretta Smith,Jamie Dunphy,
Candace Avalos,Steph Routh,Timur Ender,Jamie Dunphy,Cayle Tern,Deian Salazar
Doug Clove,Joe Allen,Noah Ernst,,,
Timur Ender,Jamie Dunphy,Steph Routh,Candace Avalos,,
Loretta Smith,Jamie Dunphy,Steph Routh,Timur Ender,Candace Avalos,Terrence Hayes
Candace Avalos,Terrence Hayes,Noah Ernst,Steph Routh,Jamie Dunphy,Timur Ender
Noah Ernst,Joe Furi,,,,
Candace Avalos,Timur Ender,Cayle Tern,Steph Routh,Loretta Smith,Jamie Dunphy
Jamie Dunphy,Steph Routh,Candace Avalos,,,
Steph Routh,,,,,
Steph Routh,,,,,
Candace Avalos,Timur Ender,Cayle Tern,Jamie Dunphy,David Linn,Steph Routh
Peggy Sue Owens,Joe Furi,Deian Salazar,Terrence Hayes,Jamie Dunphy,Write-in-120
Candace Avalos,,,,,
Candace Avalos,Cayle Tern,Timur Ender,,,
Cayle Tern,Noah Ernst,Doug Clove,Loretta Smith,Terrence Hayes,Deian Salazar
Loretta Smith,Deian Salazar,Peggy Sue Owens,Cayle Tern,Timur Ender,Terrence Hayes
Jamie Dunphy,Thomas Shervey,Michael (Mike) Sands,Cayle Tern,Peggy Sue Owens,Joe Furi
Jamie Dunphy,Candace Avalos,Steph Routh,David Linn,Loretta Smith,
Jamie Dunphy,Timur Ender,Loretta Smith,Michael (Mike) Sands,David Linn,Doug Clove
Loretta Smith,Jamie Dunphy,David Linn,,,
Candace Avalos,Jamie Dunphy,,,,
Cayle Tern,Candace Avalos,Terrence Hayes,Michael (Mike) Sands,Steph Routh,Timur Ender
Terrence Hayes,Candace Avalos,Noah Ernst,,,
Doug Clove,Peggy Sue Owens,Joe Allen,David Linn,Loretta Smith,Jamie Dunphy
Jamie Dunphy,Thomas Shervey,Candace Avalos,,,
Candace Avalos,Jamie Dunphy,Noah Ernst,Timur Ender,,
Deian Salazar,Timur Ender,Terrence Hayes,,,
Candace Avalos,Terrence Hayes,Michael (Mike) Sands,Timur Ender,Joe Allen,Steph Routh
David Linn,Michael (Mike) Sands,Thomas Shervey,Jamie Dunphy,Loretta Smith,Timur Ender
Loretta Smith,,,,,
Peggy Sue Owens,Timur Ender,Noah Ernst,Candace Avalos,Joe Allen,David Linn
Jamie Dunphy,,,,,
David Linn,Timur Ender,Steph Routh,Terrence Hayes,Michael (Mike) Sands,
Cayle Tern,,,,,
Jamie Dunphy,Steph Routh,Noah Ernst,Terrence Hayes,David Linn,Candace Avalos
Terrence Hayes,Jamie Dunphy,,,,
Loretta Smith,Terrence Hayes,,,,
Jamie Dunphy,Timur Ender,Terrence Hayes,Michael (Mike) Sands,Loretta Smith,
Loretta Smith,Terrence Hayes,Jamie Dunphy,Michael (Mike) Sands,Noah Ernst,Timur Ender
Timur Ender,Terrence Hayes,Candace Avalos,Michael (Mike) Sands,Loretta Smith,David Linn
David Linn,Cayle Tern,Steph Routh,Candace Avalos,Doug Clove,Thomas Shervey
Joe Allen,David Linn,Terrence Hayes,Doug Clove,Joe Furi,Noah Ernst
Candace Avalos,Jamie Dunphy,Steph Routh,Timur Ender,Cayle Tern,
Loretta Smith,Candace Avalos,Doug Clove,Deian Salazar,Terrence Hayes,Jamie Dunphy
Loretta Smith,Steph Routh,Terrence Hayes,Timur Ender,Candace Avalos,Jamie Dunphy
Terrence Hayes,Noah Ernst,Candace Avalos,Loretta Smith,,
Loretta Smith,,,,,
Timur Ender,Terrence Hayes,Loretta Smith,Jamie Dunphy,David Linn,Cayle Tern
Terrence Hayes,Loretta Smith,Noah Ernst,Deian Salazar,Candace Avalos,Cayle Tern
Timur Ender,Loretta Smith,,,,
,,,,,
Candace Avalos,Timur Ender,Cayle Tern,Jamie Dunphy,Steph Routh,Loretta Smith
Timur Ender,David Linn,Candace Avalos,,,
Loretta Smith,Steph Routh,Timur Ender,Candace Avalos,Michael (Mike) Sands,
Noah Ernst,Steph Routh,Terrence Hayes,,,
Loretta Smith,Peggy Sue Owens,Noah Ernst,Candace Avalos,David Linn,Cayle Tern
Terrence Hayes,Loretta Smith,Jamie Dunphy,Doug Clove,Noah Ernst,David Linn
Steph Routh,Loretta Smith,Terrence Hayes,Jamie Dunphy,Noah Ernst,
Candace Avalos,Joe Furi,,,,
Steph Routh,Loretta Smith,Candace Avalos,Terrence Hayes,Cayle Tern,Thomas Shervey
Jamie Dunphy,Candace Avalos,Steph Routh,David Linn,Terrence Hayes,Noah Ernst
Terrence Hayes,Loretta Smith,Jamie Dunphy,Joe Allen,Michael (Mike) Sands,Candace Avalos
Timur Ender,Cayle Tern,Terrence Hayes,Jamie Dunphy,Steph Routh,
Candace Avalos,Timur Ender,Terrence Hayes,Steph Routh,,
Noah Ernst,,,,,
Timur Ender,Joe Furi,,,,
Loretta Smith,Terrence Hayes,Noah Ernst,,,
Steph Routh,Loretta Smith,Candace Avalos,Terrence Hayes,David Linn,Doug Clove
Loretta Smith,David Linn,Jamie Dunphy,Timur Ender,Terrence Hayes,Steph Routh
Jamie Dunphy,Steph Routh,Candace Avalos,,,
Loretta Smith,Terrence Hayes,Candace Avalos,Deian Salazar,Cayle Tern,Noah Ernst
Timur Ender,Jamie Dunphy,Steph Routh,Candace Avalos,,
Steph Routh,Timur Ender,Cayle Tern,Noah Ernst,Candace Avalos,Deian Salazar
Peggy Sue Owens,Joe Furi,Deian Salazar,Terrence Hayes,Jamie Dunphy,Write-in-120
Loretta Smith,Terrence Hayes,Steph Routh,Jamie Dunphy,,
Loretta Smith,David Linn,Peggy Sue Owens,Cayle Tern,Jamie Dunphy,Thomas Shervey
,,,,,
Loretta Smith,Candace Avalos,,,,
Michael (Mike) Sands,Deian Salazar,Peggy Sue Owens,David Linn,Noah Ernst,Cayle Tern
Steph Routh,Candace Avalos,Jamie Dunphy,Timur Ender,Cayle Tern,Loretta Smith
Terrence Hayes,Noah Ernst,Doug Clove,Deian Salazar,,
Joe Furi,,,,,
Joe Allen,Joe Furi,Doug Clove,Peggy Sue Owens,David Linn,Noah Ernst
Loretta Smith,Candace Avalos,Deian Salazar,,,
Doug Clove,Terrence Hayes,Steph Routh,Noah Ernst,Thomas Shervey,Candace Avalos
Terrence Hayes,Thomas Shervey,David Linn,Steph Routh,Cayle Tern,
Peggy Sue Owens,,,,,
Candace Avalos,Jamie Dunphy,Noah Ernst,Steph Routh,,
David Linn,Noah Ernst,Steph Routh,Peggy Sue Owens,Joe Furi,
Loretta Smith,Doug Clove,Steph Routh,Candace Avalos,David Linn,Deian Salazar
Candace Avalos,Steph Routh,Jamie Dunphy,Timur Ender,Loretta Smith,Peggy Sue Owens
Steph Routh,Jamie Dunphy,Terrence Hayes,Timur Ender,,
,,,,,
Jamie Dunphy,Candace Avalos,Steph Routh,Noah Ernst,David Linn,Loretta Smith
Michael (Mike) Sands,Timur Ender,Jamie Dunphy,Candace Avalos,David Linn,Cayle Tern
Thomas Shervey,Candace Avalos,Cayle Tern,Terrence Hayes,,
David Linn,,,,,
Candace Avalos,Steph Routh,Timur Ender,,,
,,,,,
Jamie Dunphy,Candace Avalos,Steph Routh,Noah Ernst,Joe Allen,Loretta Smith
Peggy Sue Owens,Doug Clove,Terrence Hayes,Steph Routh,Noah Ernst,David Linn
Doug Clove,Michael (Mike) Sands,Loretta Smith,,,
Jamie Dunphy,Candace Avalos,Steph Routh,,,
Jamie Dunphy,Candace Avalos,Steph Routh,,,
Loretta Smith,,,,,
Terrence Hayes,Loretta Smith,Candace Avalos,Doug Clove,Deian Salazar,Steph Routh
Jamie Dunphy,Candace Avalos,Steph Routh,Noah Ernst,David Linn,
Candace Avalos,Cayle Tern,Timur Ender,,,
Jamie Dunphy,,,,,
Jamie Dunphy,Steph Routh,Timur Ender,,,
Terrence Hayes,Loretta Smith,,,,
Timur Ender,Jamie Dunphy,,,,
David Linn,Jamie Dunphy,Steph Routh,,,
Doug Clove,Jamie Dunphy,Noah Ernst,David Linn,Joe Furi,Timur Ender
Candace Avalos,Steph Routh,Timur Ender,Jamie Dunphy,,
Candace Avalos,Doug Clove,Jamie Dunphy,Timur Ender,David Linn,Steph Routh
Steph Routh,Candace Avalos,Timur Ender,Thomas Shervey,Terrence Hayes,Loretta Smith
Candace Avalos,Cayle Tern,Doug Clove,Jamie Dunphy,Loretta Smith,Noah Ernst
Noah Ernst,,,,,
David Linn,Timur Ender,Terrence Hayes,Loretta Smith,Candace Avalos,Jamie Dunphy
Doug Clove,Joe Allen,Jamie Dunphy,,,
Jamie Dunphy,Candace Avalos,Steph Routh,,,
Timur Ender,Cayle Tern,Terrence Hayes,David Linn,Candace Avalos,
Loretta Smith,,,,,
Candace Avalos,Loretta Smith,Steph Routh,Timur Ender,Jamie Dunphy,Cayle Tern
Jamie Dunphy,Candace Avalos,Steph Routh,Noah Ernst,David Linn,Loretta Smith
Steph Routh,Loretta Smith,Jamie Dunphy,Candace Avalos,,
Candace Avalos,Jamie Dunphy,Noah Ernst,Steph Routh,Deian Salazar,Peggy Sue Owens
Noah Ernst,Terrence Hayes,Joe Furi,Loretta Smith,Doug Clove,Michael (Mike) Sands
Noah Ernst,Terrence Hayes,Cayle Tern,,,
Jamie Dunphy,Candace Avalos,Steph Routh,Noah Ernst,David Linn,Loretta Smith
Noah Ernst,Timur Ender,Doug Clove,Terrence Hayes,,
Loretta Smith,,,,,
Jamie Dunphy,Candace Avalos,Terrence Hayes,David Linn,Noah Ernst,Loretta Smith
Loretta Smith,Noah Ernst,Joe Furi,Joe Allen,Jamie Dunphy,Peggy Sue Owens
Candace Avalos,Steph Routh,Terrence Hayes,Timur Ender,Doug Clove,Jamie Dunphy
,,,,,
Steph Routh,Timur Ender,Candace Avalos,Loretta Smith,Terrence Hayes,Jamie Dunphy
Terrence Hayes,Doug Clove,Jamie Dunphy,Candace Avalos,Peggy Sue Owens,Joe Allen
Doug Clove,Joe Allen,Joe Furi,Candace Avalos,,
Candace Avalos,Deian Salazar,Loretta Smith,Terrence Hayes,Joe Furi,Peggy Sue Owens
Peggy Sue Owens,Deian Salazar,Doug Clove,Noah Ernst,David Linn,Joe Furi
Michael (Mike) Sands,Jamie Dunphy,Loretta Smith,Doug Clove,Joe Allen,Cayle Tern
Terrence Hayes,Noah Ernst,Joe Furi,Write-in-120,,
Steph Routh,Jamie Dunphy,Timur Ender,Candace Avalos,,
Peggy Sue Owens,Candace Avalos,Loretta Smith,Cayle Tern,Steph Routh,Write-in-120
David Linn,Jamie Dunphy,Steph Routh,Loretta Smith,Timur Ender,Terrence Hayes
Steph Routh,,,,,
Michael (Mike) Sands,Candace Avalos,David Linn,,,
Candace Avalos,Timur Ender,Steph Routh,Jamie Dunphy,Peggy Sue Owens,Cayle Tern
Steph Routh,Jamie Dunphy,Terrence Hayes,Noah Ernst,,
Loretta Smith,,,,,
Doug Clove,Noah Ernst,,,,
Terrence Hayes,Noah Ernst,Joe Furi,,,
Steph Routh,Candace Avalos,Timur Ender,David Linn,Jamie Dunphy,Cayle Tern
Doug Clove,,,,,
Jamie Dunphy,Candace Avalos,Steph Routh,,,
Jamie Dunphy,Steph Routh,,,,
Jamie Dunphy,Candace Avalos,Steph Routh,Noah Ernst,David Linn,Loretta Smith
Deian Salazar,Loretta Smith,Candace Avalos,Steph Routh,Peggy Sue Owens,Jamie Dunphy
Loretta Smith,Timur Ender,Candace Avalos,Terrence Hayes,Doug Clove,Jamie Dunphy
Timur Ender,Jamie Dunphy,Steph Routh,,,
Loretta Smith,Terrence Hayes,Deian Salazar,David Linn,Candace Avalos,Thomas Shervey
Peggy Sue Owens,Timur Ender,Noah Ernst,,,
Candace Avalos,Cayle Tern,Timur Ender,Steph Routh,,
Candace Avalos,Steph Routh,Timur Ender,,,
Loretta Smith,Jamie Dunphy,Steph Routh,Terrence Hayes,Timur Ender,David Linn
Jamie Dunphy,Steph Routh,Candace Avalos,Timur Ender,Terrence Hayes,Loretta Smith
Candace Avalos,Loretta Smith,Deian Salazar,Steph Routh,,
Steph Routh,Candace Avalos,Jamie Dunphy,Cayle Tern,Terrence Hayes,Deian Salazar
Noah Ernst,Deian Salazar,Steph Routh,Jamie Dunphy,Terrence Hayes,Loretta Smith
Candace Avalos,Steph Routh,Jamie Dunphy,Loretta Smith,Cayle Tern,Timur Ender
Write-in-120,,,,,
,,,,,
Loretta Smith,,,,,
Steph Routh,,,,,
Jamie Dunphy,,,,,
David Linn,Cayle Tern,Loretta Smith,Steph Routh,Timur Ender,Terrence Hayes
Terrence Hayes,Loretta Smith,Jamie Dunphy,Doug Clove,Noah Ernst,David Linn
Noah Ernst,Terrence Hayes,,,,
Candace Avalos,Steph Routh,Thomas Shervey,Cayle Tern,,
Jamie Dunphy,Candace Avalos,Steph Routh,Noah Ernst,David Linn,Loretta Smith
Peggy Sue Owens,Timur Ender,Noah Ernst,Candace Avalos,Joe Allen,David Linn
Joe Allen,Noah Ernst,Candace Avalos,Cayle Tern,Doug Clove,Joe Furi
Michael (Mike) Sands,Peggy Sue Owens,Joe Allen,Noah Ernst,Terrence Hayes,Doug Clove
Peggy Sue Owens,Candace Avalos,Loretta Smith,,,
Candace Avalos,Joe Furi,Terrence Hayes,Loretta Smith,,
Candace Avalos,Steph Routh,Timur Ender,,,
Jamie Dunphy,Loretta Smith,Candace Avalos,,,
Steph Routh,Jamie Dunphy,Terrence Hayes,Candace Avalos,David Linn,Timur Ender
Loretta Smith,Terrence Hayes,Michael (Mike) Sands,Steph Routh,Jamie Dunphy,Timur Ender
Cayle Tern,Timur Ender,Noah Ernst,Candace Avalos,Loretta Smith,Michael (Mike) Sands
Jamie Dunphy,Loretta Smith,Terrence Hayes,Candace Avalos,Deian Salazar,Timur Ender
Jamie Dunphy,David Linn,Steph Routh,,,
Joe Allen,Doug Clove,Noah Ernst,David Linn,Peggy Sue Owens,Michael (Mike) Sands
Steph Routh,Jamie Dunphy,Joe Allen,David Linn,Deian Salazar,
Jamie Dunphy,Steph Routh,Candace Avalos,Timur Ender,Loretta Smith,
David Linn,Doug Clove,,,,
Candace Avalos,Cayle Tern,Timur Ender,,,
Steph Routh,Jamie Dunphy,Loretta Smith,Noah Ernst,,
Candace Avalos,Jamie Dunphy,Steph Routh,,,
Loretta Smith,Steph Routh,Terrence Hayes,Jamie Dunphy,Timur Ender,Candace Avalos
Terrence Hayes,Peggy Sue Owens,Michael (Mike) Sands,Joe Furi,Loretta Smith,Noah Ernst
Timur Ender,Noah Ernst,Joe Allen,David Linn,Doug Clove,Joe Furi
Candace Avalos,,,,,
Terrence Hayes,Loretta Smith,Doug Clove,Joe Allen,Peggy Sue Owens,Jamie Dunphy
Steph Routh,Candace Avalos,Jamie Dunphy,,,
Steph Routh,Jamie Dunphy,Candace Avalos,Noah Ernst,David Linn,
Candace Avalos,Steph Routh,Terrence Hayes,Loretta Smith,Jamie Dunphy,David Linn
Candace Avalos,Timur Ender,Cayle Tern,Steph Routh,,
Candace Avalos,Jamie Dunphy,Steph Routh,Noah Ernst,Loretta Smith,David Linn
Terrence Hayes,Loretta Smith,,,,
David Linn,Steph Routh,,,,
Steph Routh,Timur Ender,Deian Salazar,Jamie Dunphy,,
Candace Avalos,Steph Routh,Timur Ender,,,
Candace Avalos,Steph Routh,Jamie Dunphy,,,
David Linn,,,,,
Timur Ender,,,,,
Candace Avalos,Timur Ender,Steph Routh,Jamie Dunphy,David Linn,Cayle Tern
,,,,,
Doug Clove,Joe Furi,Deian Salazar,Terrence Hayes,Peggy Sue Owens,
Noah Ernst,,,,,
Noah Ernst,Timur Ender,Deian Salazar,Steph Routh,Loretta Smith,Terrence Hayes
Steph Routh,Timur Ender,Candace Avalos,,,
Steph Routh,Candace Avalos,Timur Ender,Jamie Dunphy,Doug Clove,Michael (Mike) Sands
Jamie Dunphy,Steph Routh,Candace Avalos,Timur Ender,Loretta Smith,
Timur Ender,Steph Routh,Jamie Dunphy,Candace Avalos,Cayle Tern,Terrence Hayes
Candace Avalos,Jamie Dunphy,Terrence Hayes,Peggy Sue Owens,,
Steph Routh,Candace Avalos,Timur Ender,Jamie Dunphy,,
Jamie Dunphy,Doug Clove,Candace Avalos,,,
Candace Avalos,Terrence Hayes,Steph Routh,Deian Salazar,Michael (Mike) Sands,Loretta Smith
Loretta Smith,Noah Ernst,Candace Avalos,Terrence Hayes,,
Michael (Mike) Sands,Candace Avalos,,,,
Loretta Smith,Terrence Hayes,Candace Avalos,Steph Routh,Noah Ernst,Joe Furi
Candace Avalos,Cayle Tern,Timur Ender,Jamie Dunphy,Steph Routh,David Linn
Timur Ender,Candace Avalos,,,,
Noah Ernst,Terrence Hayes,Thomas Shervey,,,
Noah Ernst,Doug Clove,Deian Salazar,Joe Furi,,
Candace Avalos,Steph Routh,Jamie Dunphy,,,
Joe Allen,,,,,
Candace Avalos,Loretta Smith,Terrence Hayes,Deian Salazar,Joe Furi,
Peggy Sue Owens,Noah Ernst,Deian Salazar,Jamie Dunphy,Doug Clove,Joe Allen
Loretta Smith,Steph Routh,Jamie Dunphy,Candace Avalos,Terrence Hayes,Noah Ernst
Jamie Dunphy,Cayle Tern,David Linn,Candace Avalos,Timur Ender,Steph Routh
Doug Clove,Joe Furi,Deian Salazar,Terrence Hayes,Peggy Sue Owens,
David Linn,Peggy Sue Owens,Terrence Hayes,,,
Candace Avalos,Steph Routh,Cayle Tern,Jamie Dunphy,Timur Ender,
Jamie Dunphy,Terrence Hayes,David Linn,Deian Salazar,Timur Ender,Candace Avalos
Candace Avalos,,,,,
Terrence Hayes,Peggy Sue Owens,Timur Ender,Loretta Smith,Candace Avalos,
David Linn,,,,,
Noah Ernst,Thomas Shervey,Doug Clove,,,
Terrence Hayes,Loretta Smith,Noah Ernst,Deian Salazar,,
Jamie Dunphy,Terrence Hayes,Loretta Smith,,,
Loretta Smith,,,,,
Terrence Hayes,David Linn,Timur Ender,Loretta Smith,Steph Routh,Cayle Tern
Jamie Dunphy,Loretta Smith,,,,
Candace Avalos,Jamie Dunphy,Joe Allen,,,
Candace Avalos,Cayle Tern,Timur Ender,,,
Loretta Smith,Jamie Dunphy,,,,
Timur Ender,Jamie Dunphy,Joe Furi,Loretta Smith,Terrence Hayes,Michael (Mike) Sands
Joe Allen,Joe Furi,Doug Clove,,,
Cayle Tern,Candace Avalos,Jamie Dunphy,Michael (Mike) Sands,Timur Ender,Steph Routh
Timur Ender,Doug Clove,Loretta Smith,Thomas Shervey,Terrence Hayes,Steph Routh
Candace Avalos,Cayle Tern,Timur Ender,Terrence Hayes,Steph Routh,
Jamie Dunphy,Candace Avalos,Steph Routh,Noah Ernst,David Linn,Loretta Smith
Candace Avalos,Timur Ender,,,,
Steph Routh,Terrence Hayes,Timur Ender,Candace Avalos,Jamie Dunphy,Noah Ernst
Terrence Hayes,Noah Ernst,Doug Clove,Joe Furi,Deian Salazar,
Terrence Hayes,Steph Routh,Jamie Dunphy,Timur Ender,,
Terrence Hayes,Noah Ernst,Doug Clove,,,
Timur Ender,Candace Avalos,Doug Clove,Loretta Smith,Terrence Hayes,Steph Routh
Steph Routh,Jamie Dunphy,Cayle Tern,Terrence Hayes,Timur Ender,Candace Avalos
Loretta Smith,Terrence Hayes,Steph Routh,Jamie Dunphy,Timur Ender,Candace Avalos
Loretta Smith,Steph Routh,Terrence Hayes,David Linn,Candace Avalos,Timur Ender
Candace Avalos,Steph Routh,Timur Ender,,,
,,,,,
Terrence Hayes,Noah Ernst,Joe Furi,Loretta Smith,Doug Clove,Write-in-120
Jamie Dunphy,Candace Avalos,Steph Routh,,,
Loretta Smith,Terrence Hayes,Michael (Mike) Sands,David Linn,Candace Avalos,Timur Ender
Candace Avalos,Timur Ender,Michael (Mike) Sands,,,
Candace Avalos,Jamie Dunphy,Steph Routh,Deian Salazar,David Linn,
Joe Allen,David Linn,Joe Furi,Thomas Shervey,Terrence Hayes,Noah Ernst
Timur Ender,Doug Clove,Steph Routh,,,
Candace Avalos,Deian Salazar,Steph Routh,Peggy Sue Owens,Cayle Tern,Jamie Dunphy
Timur Ender,Steph Routh,Candace Avalos,Cayle Tern,Noah Ernst,
Michael (Mike) Sands,Doug Clove,David Linn,Noah Ernst,Thomas Shervey,Steph Routh
Steph Routh,Doug Clove,Loretta Smith,Terrence Hayes,,
Peggy Sue Owens,,,,,
Thomas Shervey,,,,,
Write-in-122,Write-in-121,Write-in-120,,,
Terrence Hayes,Steph Routh,Jamie Dunphy,Candace Avalos,,
Loretta Smith,Peggy Sue Owens,Terrence Hayes,Joe Allen,Deian Salazar,Candace Avalos
Loretta Smith,Steph Routh,Noah Ernst,Timur Ender,Jamie Dunphy,Terrence Hayes
Jamie Dunphy,Candace Avalos,Steph Routh,,,
Noah Ernst,,,,,
Doug Clove,,,,,
Joe Allen,Doug Clove,Terrence Hayes,Deian Salazar,David Linn,Peggy Sue Owens
Timur Ender,Doug Clove,Joe Furi,Jamie Dunphy,Loretta Smith,Candace Avalos
Candace Avalos,Steph Routh,,,,
Jamie Dunphy,Steph Routh,Candace Avalos,Noah Ernst,,
Loretta Smith,Candace Avalos,Terrence Hayes,Doug Clove,Deian Salazar,Michael (Mike) Sands
Deian Salazar,,,,,
Loretta Smith,Candace Avalos,,,,
Jamie Dunphy,Candace Avalos,Steph Routh,,,
Candace Avalos,Steph Routh,Terrence Hayes,,,
Steph Routh,Loretta Smith,Timur Ender,Candace Avalos,Jamie Dunphy,Terrence Hayes
Doug Clove,Noah Ernst,,,,
Steph Routh,Jamie Dunphy,Terrence Hayes,Noah Ernst,Candace Avalos,
Timur Ender,Candace Avalos,Steph Routh,Jamie Dunphy,Cayle Tern,David Linn
,,,,,
Candace Avalos,Jamie Dunphy,Loretta Smith,Steph Routh,Terrence Hayes,
Candace Avalos,Jamie Dunphy,Steph Routh,,,
Noah Ernst,Doug Clove,Loretta Smith,,,
Deian Salazar,Doug Clove,Terrence Hayes,Candace Avalos,,
Candace Avalos,Timur Ender,Steph Routh,,,
Candace Avalos,Jamie Dunphy,Steph Routh,Timur Ender,,
Steph Routh,Loretta Smith,Terrence Hayes,Jamie Dunphy,Candace Avalos,Cayle Tern
Candace Avalos,Steph Routh,Timur Ender,Jamie Dunphy,Cayle Tern,
Terrence Hayes,Steph Routh,Jamie Dunphy,Loretta Smith,Candace Avalos,Thomas Shervey
Jamie Dunphy,Candace Avalos,Steph Routh,David Linn,,
Noah Ernst,Joe Allen,Joe Furi,Deian Salazar,Terrence Hayes,
David Linn,Noah Ernst,Deian Salazar,,,
Candace Avalos,Loretta Smith,,,,
Peggy Sue Owens,Candace Avalos,David Linn,Loretta Smith,Jamie Dunphy,
Terrence Hayes,,,,,
Steph Routh,Terrence Hayes,Loretta Smith,Michael (Mike) Sands,Jamie Dunphy,
Loretta Smith,Terrence Hayes,David Linn,Peggy Sue Owens,Candace Avalos,
Candace Avalos,Jamie Dunphy,Loretta Smith,Cayle Tern,Timur Ender,Deian Salazar
Timur Ender,Cayle Tern,Steph Routh,Jamie Dunphy,Joe Furi,Doug Clove
Steph Routh,Timur Ender,Cayle Tern,Loretta Smith,,
Timur Ender,Steph Routh,Candace Avalos,,,
Michael (Mike) Sands,,,,,
Jamie Dunphy,Steph Routh,Cayle Tern,Timur Ender,Candace Avalos,Deian Salazar
Candace Avalos,Steph Routh,Jamie Dunphy,Terrence Hayes,Timur Ender,Cayle Tern
Candace Avalos,,,,,
Noah Ernst,Terrence Hayes,Thomas Shervey,,,
Loretta Smith,Terrence Hayes,Deian Salazar,Steph Routh,Cayle Tern,
Terrence Hayes,Loretta Smith,Candace Avalos,Joe Allen,,
Jamie Dunphy,Noah Ernst,David Linn,,,
Candace Avalos,Timur Ender,Steph Routh,Jamie Dunphy,David Linn,Noah Ernst
Steph Routh,Timur Ender,Jamie Dunphy,Candace Avalos,,
Loretta Smith,Steph Routh,Terrence Hayes,Timur Ender,Candace Avalos,David Linn
Joe Furi,,,,,
,,,,,
Candace Avalos,Timur Ender,Noah Ernst,Terrence Hayes,Peggy Sue Owens,Steph Routh
Jamie Dunphy,Peggy Sue Owens,Noah Ernst,Michael (Mike) Sands,Loretta Smith,Joe Allen
Candace Avalos,Steph Routh,Jamie Dunphy,Cayle Tern,Timur Ender,Loretta Smith
Noah Ernst,Terrence Hayes,Joe Furi,Loretta Smith,Doug Clove,
Noah Ernst,Doug Clove,Jamie Dunphy,,,
Steph Routh,Candace Avalos,Timur Ender,Jamie Dunphy,,
Noah Ernst,Timur Ender,Deian Salazar,Joe Allen,,
Michael (Mike) Sands,Thomas Shervey,Joe Allen,Noah Ernst,,
Peggy Sue Owens,Candace Avalos,Deian Salazar,Loretta Smith,Cayle Tern,Timur Ender
Deian Salazar,Doug Clove,Michael (Mike) Sands,Loretta Smith,Jamie Dunphy,Terrence Hayes
Noah Ernst,Jamie Dunphy,,,,
Loretta Smith,Thomas Shervey,Timur Ender,Terrence Hayes,Steph Routh,Jamie Dunphy
Candace Avalos,Terrence Hayes,Cayle Tern,,,
Candace Avalos,Steph Routh,Jamie Dunphy,Timur Ender,,
Loretta Smith,Jamie Dunphy,Candace Avalos,Steph Routh,Terrence Hayes,David Linn
Jamie Dunphy,Candace Avalos,Loretta Smith,,,
Noah Ernst,Cayle Tern,Doug Clove,,,
Steph Routh,Terrence Hayes,Loretta Smith,Candace Avalos,Timur Ender,David Linn
Jamie Dunphy,Loretta Smith,Candace Avalos,Peggy Sue Owens,Steph Routh,David Linn
Noah Ernst,Joe Allen,Michael (Mike) Sands,Thomas Shervey,Jamie Dunphy,Peggy Sue Owens
Loretta Smith,Steph Routh,Jamie Dunphy,Timur Ender,Terrence Hayes,
Timur Ender,Terrence Hayes,Loretta Smith,Steph Routh,Jamie Dunphy,Candace Avalos
Candace Avalos,,,,,
Jamie Dunphy,Steph Routh,Loretta Smith,Terrence Hayes,Candace Avalos,
Jamie Dunphy,Steph Routh,Timur Ender,David Linn,Candace Avalos,Terrence Hayes
Terrence Hayes,,,,,
Cayle Tern,Terrence Hayes,Joe Allen,Steph Routh,Jamie Dunphy,Loretta Smith
Candace Avalos,Timur Ender,Steph Routh,Terrence Hayes,Cayle Tern,
Jamie Dunphy,Loretta Smith,Joe Furi,David Linn,Noah Ernst,Peggy Sue Owens
Candace Avalos,Cayle Tern,Timur Ender,,,
Candace Avalos,Steph Routh,Timur Ender,,,
Noah Ernst,Doug Clove,Cayle Tern,Candace Avalos,Jamie Dunphy,Peggy Sue Owens
Candace Avalos,Steph Routh,Timur Ender,Jamie Dunphy,Cayle Tern,
Steph Routh,Loretta Smith,Terrence Hayes,Candace Avalos,Cayle Tern,Timur Ender
Noah Ernst,Cayle Tern,,,,
Terrence Hayes,Noah Ernst,Timur Ender,Steph Routh,Loretta Smith,
Candace Avalos,Cayle Tern,Timur Ender,David Linn,Steph Routh,
Loretta Smith,Terrence Hayes,,,,
Loretta Smith,Timur Ender,,,,
Candace Avalos,Steph Routh,Timur Ender,,,
Timur Ender,Jamie Dunphy,Terrence Hayes,Steph Routh,Loretta Smith,Candace Avalos
Candace Avalos,Jamie Dunphy,Timur Ender,Steph Routh,,
Candace Avalos,Steph Routh,Timur Ender,,,
Candace Avalos,Steph Routh,,,,
Timur Ender,Loretta Smith,Michael (Mike) Sands,Terrence Hayes,Steph Routh,Jamie Dunphy
Doug Clove,Loretta Smith,Noah Ernst,Terrence Hayes,,
Noah Ernst,David Linn,Jamie Dunphy,,,
Terrence Hayes,Doug Clove,Loretta Smith,,,
Terrence Hayes,,,,,
Terrence Hayes,Steph Routh,Candace Avalos,Joe Allen,Michael (Mike) Sands,David Linn
Timur Ender,Candace Avalos,,,,
Steph Routh,Joe Allen,Michael (Mike) Sands,Candace Avalos,Peggy Sue Owens,Cayle Tern
Jamie Dunphy,Michael (Mike) Sands,David Linn,Timur Ender,,
Candace Avalos,Loretta Smith,Terrence Hayes,Steph Routh,Timur Ender,Jamie Dunphy
Terrence Hayes,Timur Ender,,,,
Terrence Hayes,Noah Ernst,Candace Avalos,,,
Candace Avalos,,,,,
Loretta Smith,Timur Ender,David Linn,Candace Avalos,,
Timur Ender,Noah Ernst,Joe Allen,Joe Furi,Terrence Hayes,Peggy Sue Owens
Doug Clove,Deian Salazar,Loretta Smith,Steph Routh,Jamie Dunphy,Candace Avalos
Timur Ender,David Linn,Doug Clove,Deian Salazar,Thomas Shervey,Steph Routh
Terrence Hayes,,,,,
Candace Avalos,Timur Ender,Cayle Tern,Steph Routh,Terrence Hayes,
Noah Ernst,Doug Clove,Deian Salazar,,,
Loretta Smith,Terrence Hayes,David Linn,,,
Jamie Dunphy,Candace Avalos,Steph Routh,Noah Ernst,David Linn,Loretta Smith
Candace Avalos,Loretta Smith,Steph Routh,Terrence Hayes,,
Thomas Shervey,Candace Avalos,Joe Allen,Write-in-120,Joe Furi,
Steph Routh,Candace Avalos,Cayle Tern,Timur Ender,Jamie Dunphy,
David Linn,,,,,
Candace Avalos,,,,,
Terrence Hayes,Loretta Smith,,,,
Candace Avalos,Timur Ender,Terrence Hayes,Loretta Smith,Steph Routh,Jamie Dunphy
Noah Ernst,Timur Ender,,,,
Joe Allen,Joe Furi,Loretta Smith,,,
Loretta Smith,David Linn,Terrence Hayes,,,
David Linn,Loretta Smith,Thomas Shervey,Terrence Hayes,Candace Avalos,Peggy Sue Owens
Timur Ender,,,,,
Cayle Tern,David Linn,Joe Allen,Noah Ernst,,
Timur Ender,Doug Clove,Deian Salazar,Loretta Smith,Terrence Hayes,Jamie Dunphy
,,,,,
Candace Avalos,Timur Ender,Joe Allen,Michael (Mike) Sands,Cayle Tern,
Michael (Mike) Sands,Loretta Smith,Terrence Hayes,Steph Routh,Jamie Dunphy,
Doug Clove,Terrence Hayes,,,,
Loretta Smith,,,,,
Jamie Dunphy,Noah Ernst,Steph Routh,Terrence Hayes,,
Michael (Mike) Sands,Candace Avalos,Timur Ender,Steph Routh,Cayle Tern,Terrence Hayes
David Linn,Steph Routh,Candace Avalos,Noah Ernst,Doug Clove,Jamie Dunphy
Cayle Tern,Steph Routh,,,,
Cayle Tern,Loretta Smith,,,,
,,,,,
Loretta Smith,Terrence Hayes,,,,
Noah Ernst,Terrence Hayes,Loretta Smith,Jamie Dunphy,Timur Ender,
Jamie Dunphy,Candace Avalos,Steph Routh,Noah Ernst,David Linn,Loretta Smith
Cayle Tern,Steph Routh,Loretta Smith,,,
Jamie Dunphy,Candace Avalos,Steph Routh,David Linn,Loretta Smith,
,,,,,
Joe Allen,,,,,
Candace Avalos,Terrence Hayes,Noah Ernst,Loretta Smith,,
Doug Clove,Deian Salazar,Terrence Hayes,,,
Candace Avalos,Michael (Mike) Sands,Terrence Hayes,Jamie Dunphy,Thomas Shervey,Peggy Sue Owens
Loretta Smith,Terrence Hayes,Jamie Dunphy,Timur Ender,Thomas Shervey,Steph Routh
Jamie Dunphy,Candace Avalos,Steph Routh,Cayle Tern,Noah Ernst,Timur Ender
Timur Ender,Cayle Tern,Loretta Smith,,,
Steph Routh,Timur Ender,Candace Avalos,Jamie Dunphy,Terrence Hayes,
Michael (Mike) Sands,Joe Allen,David Linn,Thomas Shervey,Jamie Dunphy,Cayle Tern
Steph Routh,Candace Avalos,Joe Allen,Timur Ender,Cayle Tern,David Linn
Michael (Mike) Sands,Timur Ender,David Linn,Jamie Dunphy,Steph Routh,Thomas Shervey
Jamie Dunphy,Loretta Smith,,,,
Loretta Smith,Candace Avalos,Terrence Hayes,Cayle Tern,Timur Ender,Noah Ernst
Peggy Sue Owens,Michael (Mike) Sands,Noah Ernst,Candace Avalos,,
Timur Ender,Candace Avalos,Steph Routh,Cayle Tern,,
Deian Salazar,Loretta Smith,Terrence Hayes,Doug Clove,Noah Ernst,Joe Allen
Peggy Sue Owens,,,,,
Jamie Dunphy,Terrence Hayes,Thomas Shervey,,,
Joe Allen,Steph Routh,Thomas Shervey,Jamie Dunphy,Candace Avalos,Deian Salazar
Timur Ender,Candace Avalos,Cayle Tern,Jamie Dunphy,Steph Routh,David Linn
Joe Allen,Jamie Dunphy,Terrence Hayes,,,
Loretta Smith,Joe Allen,Steph Routh,Cayle Tern,Michael (Mike) Sands,Peggy Sue Owens
Timur Ender,Deian Salazar,Terrence Hayes,Joe Allen,Steph Routh,Jamie Dunphy
Noah Ernst,Deian Salazar,Cayle Tern,David Linn,Michael (Mike) Sands,Steph Routh
Loretta Smith,Michael (Mike) Sands,David Linn,Noah Ernst,,
Doug Clove,Loretta Smith,Jamie Dunphy,Steph Routh,Terrence Hayes,David Linn
Candace Avalos,Doug Clove,Timur Ender,Joe Furi,Cayle Tern,
Terrence Hayes,Noah Ernst,Joe Furi,Loretta Smith,Doug Clove,Write-in-120
Candace Avalos,Timur Ender,Steph Routh,Cayle Tern,David Linn,
Timur Ender,Steph Routh,,,,
Doug Clove,Terrence Hayes,Steph Routh,Noah Ernst,Deian Salazar,Cayle Tern
Jamie Dunphy,Noah Ernst,Steph Routh,Candace Avalos,,
Steph Routh,Cayle Tern,Jamie Dunphy,Timur Ender,Noah Ernst,Candace Avalos
Noah Ernst,Terrence Hayes,,,,
Jamie Dunphy,Steph Routh,Candace Avalos,Timur Ender,Loretta Smith,
Candace Avalos,Jamie Dunphy,Timur Ender,Loretta Smith,Steph Routh,Cayle Tern
Candace Avalos,Steph Routh,Terrence Hayes,Deian Salazar,Cayle Tern,Thomas Shervey
Joe Allen,Noah Ernst,Steph Routh,Timur Ender,Jamie Dunphy,Doug Clove
Terrence Hayes,Peggy Sue Owens,Timur Ender,Loretta Smith,Candace Avalos,
Peggy Sue Owens,Loretta Smith,,,,
Terrence Hayes,,,,,
Terrence Hayes,Timur Ender,Candace Avalos,Steph Routh,Loretta Smith,Jamie Dunphy
Terrence Hayes,Noah Ernst,Candace Avalos,,,
Candace Avalos,Steph Routh,Timur Ender,Jamie Dunphy,,
Candace Avalos,,,,,
Jamie Dunphy,Steph Routh,Timur Ender,Candace Avalos,Terrence Hayes,Loretta Smith
Peggy Sue Owens,,,,,
Peggy Sue Owens,Timur Ender,Noah Ernst,Candace Avalos,Joe Allen,David Linn
Peggy Sue Owens,Noah Ernst,Timur Ender,Steph Routh,Loretta Smith,Doug Clove
Loretta Smith,Candace Avalos,Noah Ernst,Thomas Shervey,Cayle Tern,Peggy Sue Owens
Timur Ender,Jamie Dunphy,Candace Avalos,Cayle Tern,Joe Furi,Terrence Hayes
Loretta Smith,David Linn,Terrence Hayes,Steph Routh,Timur Ender,
Jamie Dunphy,Candace Avalos,Steph Routh,Noah Ernst,,
Doug Clove,Peggy Sue Owens,Michael (Mike) Sands,,,
,,,,,
Candace Avalos,Jamie Dunphy,Steph Routh,,,
Michael (Mike) Sands,Doug Clove,David Linn,Noah Ernst,Thomas Shervey,Steph Routh
Jamie Dunphy,Candace Avalos,Steph Routh,,,
Candace Avalos,Cayle Tern,Timur Ender,,,
Steph Routh,Terrence Hayes,Loretta Smith,Deian Salazar,Joe Furi,Joe Allen
Candace Avalos,Cayle Tern,Michael (Mike) Sands,Timur Ender,Steph Routh,Jamie Dunphy
Candace Avalos,Steph Routh,Timur Ender,Jamie Dunphy,Loretta Smith,David Linn
Candace Avalos,Steph Routh,Loretta Smith,Terrence Hayes,Timur Ender,Joe Furi
Loretta Smith,Steph Routh,Michael (Mike) Sands,,,
Loretta Smith,Candace Avalos,Terrence Hayes,Timur Ender,,
Joe Furi,Terrence Hayes,,,,
Candace Avalos,Loretta Smith,Deian Salazar,Timur Ender,Cayle Tern,Steph Routh
Steph Routh,Jamie Dunphy,Timur Ender,,,
Timur Ender,Michael (Mike) Sands,Steph Routh,,,
Terrence Hayes,Noah Ernst,,,,
Candace Avalos,Cayle Tern,Timur Ender,,,
Cayle Tern,Jamie Dunphy,Steph Routh,Timur Ender,Michael (Mike) Sands,Candace Avalos
Loretta Smith,Candace Avalos,David Linn,Jamie Dunphy,Steph Routh,Doug Clove
Candace Avalos,Thomas Shervey,Terrence Hayes,,,
David Linn,Peggy Sue Owens,Terrence Hayes,,,
Thomas Shervey,Terrence Hayes,David Linn,Timur Ender,Candace Avalos,Jamie Dunphy
Timur Ender,Candace Avalos,Steph Routh,Jamie Dunphy,,
Candace Avalos,Cayle Tern,Timur Ender,Loretta Smith,,
Jamie Dunphy,Steph Routh,Timur Ender,Candace Avalos,Noah Ernst,Loretta Smith
Loretta Smith,Steph Routh,,,,
Noah Ernst,,,,,
Timur Ender,Loretta Smith,,,,
Steph Routh,,,,,
Loretta Smith,Cayle Tern,Candace Avalos,Thomas Shervey,,
Noah Ernst,Loretta Smith,Terrence Hayes,,,
Candace Avalos,Timur Ender,Doug Clove,Deian Salazar,Loretta Smith,Jamie Dunphy
Jamie Dunphy,Candace Avalos,Steph Routh,Terrence Hayes,Timur Ender,Doug Clove
Thomas Shervey,Doug Clove,Noah Ernst,Joe Allen,Joe Furi,Timur Ender
Timur Ender,Cayle Tern,David Linn,Candace Avalos,Steph Routh,Jamie Dunphy
Jamie Dunphy,Candace Avalos,Timur Ender,Steph Routh,Cayle Tern,
Noah Ernst,Loretta Smith,Terrence Hayes,,,
Joe Allen,Deian Salazar,Timur Ender,Terrence Hayes,Doug Clove,Steph Routh
Loretta Smith,,,,,
Joe Allen,Noah Ernst,Peggy Sue Owens,David Linn,Cayle Tern,Doug Clove
Noah Ernst,Joe Allen,Timur Ender,,,
Joe Allen,Noah Ernst,Timur Ender,Cayle Tern,Doug Clove,Joe Furi
Noah Ernst,Doug Clove,David Linn,,,
Timur Ender,Jamie Dunphy,Steph Routh,Candace Avalos,David Linn,Cayle Tern
Loretta Smith,,,,,
Terrence Hayes,,,,,
Terrence Hayes,Noah Ernst,Timur Ender,David Linn,,
Candace Avalos,Steph Routh,Jamie Dunphy,,,
Candace Avalos,,,,,
Terrence Hayes,Loretta Smith,Candace Avalos,,,
Cayle Tern,David Linn,Steph Routh,Jamie Dunphy,Candace Avalos,Timur Ender
Jamie Dunphy,Timur Ender,Michael (Mike) Sands,Steph Routh,Candace Avalos,Cayle Tern
Jamie Dunphy,,,,,
Timur Ender,Joe Allen,Candace Avalos,David Linn,Terrence Hayes,Michael (Mike) Sands
Doug Clove,Noah Ernst,Joe Allen,Deian Salazar,Terrence Hayes,Loretta Smith
Timur Ender,Candace Avalos,Steph Routh,Jamie Dunphy,Cayle Tern,David Linn
Joe Allen,Noah Ernst,Deian Salazar,Doug Clove,Michael (Mike) Sands,
Candace Avalos,Timur Ender,Steph Routh,Cayle Tern,David Linn,Jamie Dunphy
Doug Clove,Terrence Hayes,Noah Ernst,,,
Peggy Sue Owens,Timur Ender,Noah Ernst,Candace Avalos,Joe Allen,David Linn
Jamie Dunphy,Candace Avalos,Timur Ender,Steph Routh,Terrence Hayes,Cayle Tern
Loretta Smith,,,,,
Timur Ender,Joe Furi,Michael (Mike) Sands,Noah Ernst,,
Loretta Smith,Steph Routh,Timur Ender,Michael (Mike) Sands,Jamie Dunphy,Candace Avalos
Noah Ernst,,,,,
,,,,,
Peggy Sue Owens,Joe Allen,Doug Clove,David Linn,Thomas Shervey,Write-in-122
Jamie Dunphy,Loretta Smith,,,,
Noah Ernst,Joe Furi,Loretta Smith,Terrence Hayes,Jamie Dunphy,Candace Avalos
Steph Routh,Timur Ender,Candace Avalos,Cayle Tern,Joe Furi,Jamie Dunphy
Jamie Dunphy,Candace Avalos,Steph Routh,Terrence Hayes,,
Peggy Sue Owens,Candace Avalos,Loretta Smith,Cayle Tern,Timur Ender,Write-in-120
Thomas Shervey,,,,,
Jamie Dunphy,Noah Ernst,Steph Routh,,,
David Linn,Candace Avalos,Michael (Mike) Sands,Thomas Shervey,Terrence Hayes,Steph Routh
Candace Avalos,Timur Ender,Jamie Dunphy,Steph Routh,,
Candace Avalos,Timur Ender,Jamie Dunphy,Cayle Tern,,
Candace Avalos,Timur Ender,Jamie Dunphy,Cayle Tern,Steph Routh,David Linn
Jamie Dunphy,,,,,
Terrence Hayes,Loretta Smith,Joe Furi,Candace Avalos,,
Doug Clove,Deian Salazar,Noah Ernst,Cayle Tern,David Linn,Steph Routh
David Linn,Loretta Smith,Joe Allen,Terrence Hayes,Steph Routh,Jamie Dunphy
Steph Routh,Terrence Hayes,Deian Salazar,Timur Ender,Joe Furi,Loretta Smith
Terrence Hayes,Noah Ernst,Timur Ender,Jamie Dunphy,Loretta Smith,Steph Routh
Terrence Hayes,Loretta Smith,Steph Routh,,,
Timur Ender,Joe Allen,,,,
Jamie Dunphy,Candace Avalos,Steph Routh,,,
Doug Clove,Candace Avalos,Cayle Tern,Loretta Smith,Thomas Shervey,Joe Allen
Doug Clove,Michael (Mike) Sands,Deian Salazar,Thomas Shervey,,
Steph Routh,Jamie Dunphy,Candace Avalos,,,
Doug Clove,Loretta Smith,Jamie Dunphy,Steph Routh,Candace Avalos,Joe Furi
Steph Routh,Jamie Dunphy,Candace Avalos,,,
Noah Ernst,Doug Clove,Timur Ender,Terrence Hayes,,
Candace Avalos,Deian Salazar,Steph Routh,Cayle Tern,Timur Ender,Loretta Smith
Michael (Mike) Sands,Noah Ernst,Joe Allen,David Linn,Doug Clove,Terrence Hayes
Jamie Dunphy,Steph Routh,Candace Avalos,,,
Terrence Hayes,Noah Ernst,Joe Furi,Loretta Smith,Doug Clove,Write-in-120
Loretta Smith,Terrence Hayes,Timur Ender,Jamie Dunphy,,
Timur Ender,Steph Routh,Terrence Hayes,,,
Loretta Smith,Timur Ender,Steph Routh,Noah Ernst,Terrence Hayes,Candace Avalos
Peggy Sue Owens,Doug Clove,Loretta Smith,Jamie Dunphy,Noah Ernst,Joe Allen
Joe Allen,Joe Furi,Doug Clove,Thomas Shervey,Steph Routh,Jamie Dunphy
Loretta Smith,Terrence Hayes,Candace Avalos,Timur Ender,Steph Routh,Jamie Dunphy
Noah Ernst,Terrence Hayes,Timur Ender,Candace Avalos,Jamie Dunphy,Loretta Smith
Jamie Dunphy,Loretta Smith,Joe Allen,Timur Ender,Noah Ernst,Steph Routh
Candace Avalos,Timur Ender,Steph Routh,Jamie Dunphy,Cayle Tern,David Linn
Jamie Dunphy,Michael (Mike) Sands,Joe Furi,David Linn,Joe Allen,Steph Routh
Steph Routh,Candace Avalos,Jamie Dunphy,,,
Candace Avalos,Loretta Smith,Peggy Sue Owens,Cayle Tern,Jamie Dunphy,Terrence Hayes
David Linn,Doug Clove,Joe Furi,Thomas Shervey,Cayle Tern,Noah Ernst
Timur Ender,Loretta Smith,Peggy Sue Owens,,,
Peggy Sue Owens,Loretta Smith,,,,
Timur Ender,Noah Ernst,,,,
Loretta Smith,Noah Ernst,Terrence Hayes,,,
David Linn,Jamie Dunphy,Noah Ernst,,,
Jamie Dunphy,Candace Avalos,Steph Routh,Noah Ernst,David Linn,Loretta Smith
Candace Avalos,Steph Routh,Loretta Smith,Cayle Tern,Peggy Sue Owens,Jamie Dunphy
Candace Avalos,Cayle Tern,Michael (Mike) Sands,Timur Ender,Peggy Sue Owens,Terrence Hayes
Jamie Dunphy,Loretta Smith,Doug Clove,David Linn,Joe Allen,Peggy Sue Owens
Candace Avalos,Loretta Smith,Deian Salazar,Joe Allen,Terrence Hayes,
Timur Ender,Loretta Smith,Noah Ernst,Candace Avalos,Steph Routh,
Candace Avalos,,,,,
Jamie Dunphy,Steph Routh,Candace Avalos,,,
Deian Salazar,Timur Ender,Noah Ernst,Cayle Tern,Joe Furi,Michael (Mike) Sands
Timur Ender,Loretta Smith,Steph Routh,Cayle Tern,Candace Avalos,Terrence Hayes
Doug Clove,Timur Ender,Candace Avalos,,,
Doug Clove,Noah Ernst,Terrence Hayes,,,
Terrence Hayes,Noah Ernst,Doug Clove,,,
Loretta Smith,,,,,
Doug Clove,Joe Allen,Terrence Hayes,Timur Ender,Deian Salazar,Steph Routh
Candace Avalos,Jamie Dunphy,Steph Routh,Timur Ender,Loretta Smith,
Candace Avalos,Loretta Smith,Steph Routh,Jamie Dunphy,,
Terrence Hayes,Jamie Dunphy,Candace Avalos,Steph Routh,Loretta Smith,Timur Ender
Thomas Shervey,Michael (Mike) Sands,Doug Clove,Noah Ernst,,
Loretta Smith,,,,,
Loretta Smith,Joe Allen,Jamie Dunphy,Timur Ender,Noah Ernst,Steph Routh
Steph Routh,,,,,
David Linn,Timur Ender,,,,
Noah Ernst,Candace Avalos,Cayle Tern,Michael (Mike) Sands,,
Terrence Hayes,Noah Ernst,Doug Clove,,,
Jamie Dunphy,Candace Avalos,Steph Routh,,,
Noah Ernst,,,,,
Peggy Sue Owens,Joe Allen,Michael (Mike) Sands,Loretta Smith,David Linn,Steph Routh
Steph Routh,Candace Avalos,Jamie Dunphy,Thomas Shervey,,
Steph Routh,Cayle Tern,Jamie Dunphy,Timur Ender,Loretta Smith,David Linn
Peggy Sue Owens,Noah Ernst,Joe Allen,Cayle Tern,Joe Furi,Deian Salazar
Terrence Hayes,,,,,
Peggy Sue Owens,Joe Allen,Cayle Tern,Thomas Shervey,Steph Routh,
Peggy Sue Owens,Doug Clove,Loretta Smith,Jamie Dunphy,Michael (Mike) Sands,Joe Allen
Terrence Hayes,Noah Ernst,Doug Clove,,,
Joe Furi,,,,,
Jamie Dunphy,Candace Avalos,Cayle Tern,Steph Routh,Timur Ender,
Candace Avalos,Cayle Tern,Timur Ender,,,
Steph Routh,Jamie Dunphy,Candace Avalos,Timur Ender,,
Terrence Hayes,Loretta Smith,Deian Salazar,Joe Allen,Peggy Sue Owens,David Linn
Loretta Smith,Terrence Hayes,Cayle Tern,David Linn,Timur Ender,
Noah Ernst,,,,,
Doug Clove,Thomas Shervey,Steph Routh,Terrence Hayes,Joe Furi,Michael (Mike) Sands
Jamie Dunphy,,,,,
Terrence Hayes,,,,,
Noah Ernst,Joe Furi,David Linn,Jamie Dunphy,Doug Clove,
Candace Avalos,Steph Routh,Timur Ender,Cayle Tern,,
Candace Avalos,Jamie Dunphy,Joe Allen,Terrence Hayes,Cayle Tern,Steph Routh
Terrence Hayes,Noah Ernst,Doug Clove,Joe Furi,Deian Salazar,
Jamie Dunphy,Deian Salazar,Thomas Shervey,Joe Furi,Joe Allen,David Linn
Noah Ernst,Terrence Hayes,Loretta Smith,,,
Steph Routh,Candace Avalos,Terrence Hayes,,,
Candace Avalos,Steph Routh,Timur Ender,Jamie Dunphy,Cayle Tern,Michael (Mike) Sands
Doug Clove,Michael (Mike) Sands,Deian Salazar,Steph Routh,Jamie Dunphy,Cayle Tern
Noah Ernst,,,,,
Deian Salazar,Michael (Mike) Sands,Candace Avalos,Joe Allen,David Linn,Joe Furi
Jamie Dunphy,Candace Avalos,Steph Routh,,,
Steph Routh,Terrence Hayes,Candace Avalos,Loretta Smith,,
Steph Routh,Loretta Smith,Noah Ernst,Candace Avalos,Cayle Tern,Terrence Hayes
Steph Routh,Timur Ender,Loretta Smith,Cayle Tern,Terrence Hayes,Doug Clove
Candace Avalos,Noah Ernst,Terrence Hayes,Jamie Dunphy,Cayle Tern,Timur Ender
Candace Avalos,Jamie Dunphy,Terrence Hayes,David Linn,,
Doug Clove,Noah Ernst,Joe Allen,Michael (Mike) Sands,Deian Salazar,Terrence Hayes
Michael (Mike) Sands,Terrence Hayes,Steph Routh,Peggy Sue Owens,Candace Avalos,Cayle Tern
Candace Avalos,Steph Routh,Timur Ender,Jamie Dunphy,Cayle Tern,David Linn
Steph Routh,Loretta Smith,Terrence Hayes,Candace Avalos,Cayle Tern,Noah Ernst
Candace Avalos,Cayle Tern,Timur Ender,,,
Steph Routh,Loretta Smith,Terrence Hayes,Jamie Dunphy,David Linn,Timur Ender
Steph Routh,Jamie Dunphy,Deian Salazar,Terrence Hayes,Loretta Smith,Candace Avalos
Terrence Hayes,,,,,
Candace Avalos,Timur Ender,Jamie Dunphy,Steph Routh,,
Timur Ender,Loretta Smith,Steph Routh,,,
Candace Avalos,Steph Routh,Jamie Dunphy,,,
Doug Clove,Noah Ernst,Terrence Hayes,,,
Candace Avalos,Steph Routh,Timur Ender,,,
Jamie Dunphy,,,,,
Terrence Hayes,Doug Clove,,,,
,,,,,
Loretta Smith,Steph Routh,Terrence Hayes,,,
Steph Routh,Timur Ender,Jamie Dunphy,Loretta Smith,,
Noah Ernst,Michael (Mike) Sands,David Linn,Loretta Smith,Terrence Hayes,
Jamie Dunphy,Candace Avalos,Timur Ender,David Linn,,
Candace Avalos,Steph Routh,Timur Ender,Loretta Smith,Deian Salazar,Peggy Sue Owens
Terrence Hayes,,,,,
Noah Ernst,Terrence Hayes,Doug Clove,Loretta Smith,Candace Avalos,Deian Salazar
Steph Routh,,,,,
Deian Salazar,Loretta Smith,,,,
Candace Avalos,Steph Routh,Timur Ender,Jamie Dunphy,Loretta Smith,Terrence Hayes
Jamie Dunphy,Timur Ender,Terrence Hayes,Steph Routh,,
Candace Avalos,Steph Routh,Terrence Hayes,,,
Jamie Dunphy,Candace Avalos,,,,
Steph Routh,,,,,
Thomas Shervey,Timur Ender,Candace Avalos,Cayle Tern,Steph Routh,Loretta Smith
Noah Ernst,Loretta Smith,Terrence Hayes,,,
Candace Avalos,Cayle Tern,Timur Ender,,,
Candace Avalos,Noah Ernst,Terrence Hayes,,,
Candace Avalos,Steph Routh,Jamie Dunphy,Timur Ender,Loretta Smith,Cayle Tern
Jamie Dunphy,Terrence Hayes,Loretta Smith,Candace Avalos,,
Loretta Smith,,,,,
Noah Ernst,Jamie Dunphy,Steph Routh,David Linn,Doug Clove,Joe Allen
Terrence Hayes,Peggy Sue Owens,,,,
Candace Avalos,,,,,
Jamie Dunphy,Candace Avalos,Timur Ender,Steph Routh,,
Loretta Smith,Terrence Hayes,Steph Routh,,,
Loretta Smith,,,,,
Loretta Smith,Candace Avalos,Jamie Dunphy,Timur Ender,,
Loretta Smith,Peggy Sue Owens,Steph Routh,Cayle Tern,Candace Avalos,
Jamie Dunphy,Terrence Hayes,Noah Ernst,,,
Candace Avalos,Steph Routh,Timur Ender,Jamie Dunphy,,
Terrence Hayes,,,,,
Joe Allen,Timur Ender,Doug Clove,Steph Routh,,
Candace Avalos,,,,,
Steph Routh,Jamie Dunphy,Timur Ender,Candace Avalos,Loretta Smith,
Candace Avalos,Cayle Tern,Timur Ender,Loretta Smith,Terrence Hayes,Steph Routh
Loretta Smith,,,,,
Loretta Smith,Michael (Mike) Sands,Deian Salazar,Steph Routh,Timur Ender,David Linn
Loretta Smith,Terrence Hayes,Steph Routh,Jamie Dunphy,Joe Allen,
Jamie Dunphy,Candace Avalos,Steph Routh,Timur Ender,Cayle Tern,
,,,,,
Loretta Smith,Candace Avalos,Jamie Dunphy,,,
Candace Avalos,Cayle Tern,Timur Ender,,,
Peggy Sue Owens,Michael (Mike) Sands,Jamie Dunphy,,,
Loretta Smith,,,,,
Thomas Shervey,Terrence Hayes,Deian Salazar,,,
Peggy Sue Owens,Noah Ernst,Timur Ender,,,
Terrence Hayes,Noah Ernst,Candace Avalos,Loretta Smith,Steph Routh,
Noah Ernst,Joe Allen,Thomas Shervey,Michael (Mike) Sands,Deian Salazar,Candace Avalos
Timur Ender,Steph Routh,Candace Avalos,Terrence Hayes,Jamie Dunphy,Loretta Smith
Terrence Hayes,Jamie Dunphy,Steph Routh,Loretta Smith,Thomas Shervey,Timur Ender
Loretta Smith,Steph Routh,Candace Avalos,Noah Ernst,Timur Ender,Terrence Hayes
David Linn,,,,,
Jamie Dunphy,Timur Ender,Cayle Tern,Steph Routh,Thomas Shervey,Michael (Mike) Sands
Steph Routh,,,,,
Timur Ender,Jamie Dunphy,Candace Avalos,Steph Routh,,
Loretta Smith,,,,,
Noah Ernst,Michael (Mike) Sands,Jamie Dunphy,Terrence Hayes,David Linn,
Terrence Hayes,Timur Ender,David Linn,Doug Clove,Thomas Shervey,Steph Routh
Jamie Dunphy,Candace Avalos,Steph Routh,Noah Ernst,David Linn,Loretta Smith
Noah Ernst,Doug Clove,Loretta Smith,Joe Allen,David Linn,Deian Salazar
Jamie Dunphy,Candace Avalos,Cayle Tern,Timur Ender,,
Steph Routh,Candace Avalos,Jamie Dunphy,Loretta Smith,Joe Allen,Timur Ender
Doug Clove,,,,,
Noah Ernst,Terrence Hayes,Loretta Smith,,,
Joe Furi,,,,,
Deian Salazar,Michael (Mike) Sands,Joe Furi,Doug Clove,Cayle Tern,David Linn
Loretta Smith,Timur Ender,Cayle Tern,Steph Routh,Jamie Dunphy,Candace Avalos
Doug Clove,,,,,
Terrence Hayes,Loretta Smith,Noah Ernst,Timur Ender,Jamie Dunphy,
Candace Avalos,,,,,
Noah Ernst,Loretta Smith,Steph Routh,Jamie Dunphy,Timur Ender,
Noah Ernst,Timur Ender,,,,
Terrence Hayes,Loretta Smith,Candace Avalos,Timur Ender,Steph Routh,Write-in-120
Noah Ernst,,,,,
Candace Avalos,Joe Furi,David Linn,Deian Salazar,Cayle Tern,Doug Clove
Doug Clove,Loretta Smith,Terrence Hayes,Noah Ernst,,
Candace Avalos,Noah Ernst,Loretta Smith,,,
Loretta Smith,Jamie Dunphy,Timur Ender,,,
Terrence Hayes,Joe Allen,Jamie Dunphy,Steph Routh,Cayle Tern,
Loretta Smith,Terrence Hayes,Steph Routh,Jamie Dunphy,Timur Ender,Candace Avalos
Candace Avalos,Cayle Tern,Timur Ender,Loretta Smith,Jamie Dunphy,Steph Routh
Joe Allen,,,,,
Timur Ender,Joe Allen,David Linn,Michael (Mike) Sands,Thomas Shervey,Steph Routh
Noah Ernst,Loretta Smith,Cayle Tern,Timur Ender,Joe Furi,Steph Routh
Timur Ender,Jamie Dunphy,David Linn,Candace Avalos,Steph Routh,
Write-in-120,Loretta Smith,Candace Avalos,,,
Terrence Hayes,Deian Salazar,Noah Ernst,Doug Clove,Loretta Smith,David Linn
Candace Avalos,Loretta Smith,Cayle Tern,Terrence Hayes,Timur Ender,Jamie Dunphy
Timur Ender,Candace Avalos,Steph Routh,Jamie Dunphy,Cayle Tern,
Noah Ernst,Doug Clove,Thomas Shervey,Loretta Smith,Joe Allen,Timur Ender
David Linn,Thomas Shervey,Terrence Hayes,,,
Jamie Dunphy,Candace Avalos,Timur Ender,,,
Noah Ernst,Loretta Smith,Deian Salazar,,,
Jamie Dunphy,Candace Avalos,Timur Ender,Steph Routh,Noah Ernst,
Candace Avalos,Terrence Hayes,Steph Routh,Loretta Smith,Jamie Dunphy,Cayle Tern
Doug Clove,Deian Salazar,Steph Routh,,,
Timur Ender,Candace Avalos,Thomas Shervey,Joe Furi,Steph Routh,David Linn
Loretta Smith,Terrence Hayes,Steph Routh,Jamie Dunphy,Noah Ernst,Candace Avalos
Candace Avalos,Timur Ender,Steph Routh,Jamie Dunphy,Loretta Smith,Cayle Tern
Joe Allen,Joe Furi,Thomas Shervey,,,
Candace Avalos,Deian Salazar,Jamie Dunphy,Peggy Sue Owens,Doug Clove,Michael (Mike) Sands
Timur Ender,Cayle Tern,Candace Avalos,David Linn,Loretta Smith,Steph Routh
Candace Avalos,Loretta Smith,Jamie Dunphy,Steph Routh,Terrence Hayes,Timur Ender
Loretta Smith,Terrence Hayes,Candace Avalos,,,
Terrence Hayes,Noah Ernst,Doug Clove,Loretta Smith,Thomas Shervey,
Loretta Smith,Timur Ender,Jamie Dunphy,Candace Avalos,Steph Routh,
Candace Avalos,Steph Routh,Timur Ender,Jamie Dunphy,,
Steph Routh,Jamie Dunphy,Timur Ender,Noah Ernst,,
Candace Avalos,Timur Ender,Steph Routh,Jamie Dunphy,,
Jamie Dunphy,Candace Avalos,Terrence Hayes,Cayle Tern,,
Terrence Hayes,Noah Ernst,Doug Clove,Deian Salazar,,
Steph Routh,,,,,
Jamie Dunphy,Candace Avalos,Steph Routh,Timur Ender,Loretta Smith,
Candace Avalos,Loretta Smith,Terrence Hayes,Deian Salazar,Thomas Shervey,Jamie Dunphy
Noah Ernst,Terrence Hayes,Joe Furi,Loretta Smith,Doug Clove,
Loretta Smith,,,,,
Noah Ernst,Terrence Hayes,Joe Furi,Loretta Smith,Doug Clove,
Candace Avalos,Peggy Sue Owens,Cayle Tern,Loretta Smith,Steph Routh,
Candace Avalos,Timur Ender,Steph Routh,,,
Candace Avalos,Michael (Mike) Sands,Steph Routh,,,
Steph Routh,Jamie Dunphy,Candace Avalos,,,
Jamie Dunphy,Steph Routh,Candace Avalos,David Linn,,
Steph Routh,Timur Ender,Candace Avalos,,,
Noah Ernst,Deian Salazar,Loretta Smith,Steph Routh,Jamie Dunphy,Joe Allen
Jamie Dunphy,Candace Avalos,Steph Routh,Noah Ernst,David Linn,Loretta Smith
Loretta Smith,,,,,
Joe Allen,Deian Salazar,Thomas Shervey,Jamie Dunphy,Loretta Smith,Joe Furi
Steph Routh,Candace Avalos,Timur Ender,,,
Noah Ernst,Michael (Mike) Sands,Thomas Shervey,Candace Avalos,Jamie Dunphy,Joe Allen
Terrence Hayes,Jamie Dunphy,,,,
Cayle Tern,Terrence Hayes,Noah Ernst,,,
Candace Avalos,Cayle Tern,Jamie Dunphy,,,
Cayle Tern,Noah Ernst,Doug Clove,Loretta Smith,Terrence Hayes,Deian Salazar
Steph Routh,,,,,
Candace Avalos,Steph Routh,Timur Ender,Jamie Dunphy,,
Loretta Smith,Steph Routh,Joe Furi,Cayle Tern,Deian Salazar,Timur Ender
Noah Ernst,Michael (Mike) Sands,Loretta Smith,Terrence Hayes,Jamie Dunphy,Steph Routh
Doug Clove,Joe Allen,Deian Salazar,Terrence Hayes,Noah Ernst,
Michael (Mike) Sands,,,,,
Candace Avalos,Steph Routh,Loretta Smith,Terrence Hayes,Joe Furi,Cayle Tern
Terrence Hayes,Noah Ernst,Joe Furi,Loretta Smith,Doug Clove,Write-in-120
Candace Avalos,Peggy Sue Owens,Terrence Hayes,Cayle Tern,David Linn,Joe Allen
Doug Clove,Noah Ernst,Peggy Sue Owens,Michael (Mike) Sands,Thomas Shervey,Terrence Hayes
Candace Avalos,Timur Ender,Steph Routh,Jamie Dunphy,Cayle Tern,David Linn
Jamie Dunphy,Timur Ender,Doug Clove,Michael (Mike) Sands,Steph Routh,
Timur Ender,Candace Avalos,Steph Routh,Jamie Dunphy,,
Cayle Tern,Terrence Hayes,David Linn,,,
Steph Routh,Candace Avalos,Timur Ender,Cayle Tern,Loretta Smith,David Linn
Joe Allen,Joe Furi,Peggy Sue Owens,Thomas Shervey,Cayle Tern,Deian Salazar
Timur Ender,,,,,
Joe Allen,Thomas Shervey,Doug Clove,,,
Jamie Dunphy,,,,,
Jamie Dunphy,Candace Avalos,Steph Routh,David Linn,Timur Ender,Cayle Tern
Peggy Sue Owens,,,,,
Doug Clove,Noah Ernst,Thomas Shervey,Loretta Smith,Terrence Hayes,Cayle Tern
Steph Routh,Joe Furi,Doug Clove,,,
Candace Avalos,Loretta Smith,Terrence Hayes,,,
Jamie Dunphy,Steph Routh,Candace Avalos,Timur Ender,David Linn,Loretta Smith
Noah Ernst,Terrence Hayes,Joe Furi,Loretta Smith,Doug Clove,Michael (Mike) Sands
,,,,,
Steph Routh,Terrence Hayes,Candace Avalos,Timur Ender,Jamie Dunphy,
Loretta Smith,Terrence Hayes,Joe Allen,David Linn,Timur Ender,Doug Clove
Terrence Hayes,Timur Ender,Candace Avalos,Noah Ernst,Deian Salazar,Doug Clove
Candace Avalos,Cayle Tern,Steph Routh,Jamie Dunphy,Timur Ender,Terrence Hayes
Loretta Smith,Noah Ernst,Joe Furi,Terrence Hayes,David Linn,Timur Ender
Cayle Tern,,,,,
Joe Allen,Jamie Dunphy,Doug Clove,Terrence Hayes,Loretta Smith,Timur Ender
Loretta Smith,,,,,
Jamie Dunphy,Candace Avalos,,,,
Candace Avalos,Steph Routh,Terrence Hayes,,,
Loretta Smith,Doug Clove,Terrence Hayes,,,
Loretta Smith,Terrence Hayes,Candace Avalos,Cayle Tern,Doug Clove,Deian Salazar
Noah Ernst,Joe Allen,Cayle Tern,Doug Clove,Deian Salazar,Jamie Dunphy
Terrence Hayes,Loretta Smith,,,,
Jamie Dunphy,Candace Avalos,,,,
Doug Clove,,,,,
Candace Avalos,Cayle Tern,Jamie Dunphy,Steph Routh,Loretta Smith,Timur Ender
Doug Clove,Joe Furi,Steph Routh,Noah Ernst,Joe Allen,Candace Avalos
Steph Routh,Candace Avalos,Jamie Dunphy,Terrence Hayes,Timur Ender,Loretta Smith
Candace Avalos,Jamie Dunphy,Steph Routh,Timur Ender,,
Cayle Tern,Loretta Smith,Joe Furi,David Linn,Candace Avalos,Noah Ernst
Noah Ernst,,,,,
Timur Ender,Joe Furi,David Linn,Candace Avalos,Noah Ernst,Joe Allen
Doug Clove,,,,,
Noah Ernst,,,,,
Steph Routh,Timur Ender,David Linn,Cayle Tern,Deian Salazar,
Noah Ernst,Terrence Hayes,David Linn,Michael (Mike) Sands,Doug Clove,Joe Allen
Candace Avalos,Steph Routh,Timur Ender,Jamie Dunphy,,
Candace Avalos,Timur Ender,Steph Routh,Terrence Hayes,Jamie Dunphy,Loretta Smith
Timur Ender,Noah Ernst,Peggy Sue Owens,,,
Candace Avalos,Timur Ender,Cayle Tern,,,
Cayle Tern,Michael (Mike) Sands,Candace Avalos,Timur Ender,,
,,,,,
Terrence Hayes,Loretta Smith,Candace Avalos,,,
Terrence Hayes,Timur Ender,Candace Avalos,,,
Steph Routh,,,,,
Noah Ernst,Terrence Hayes,Joe Furi,Loretta Smith,Doug Clove,
Candace Avalos,Deian Salazar,Jamie Dunphy,Timur Ender,,
Candace Avalos,,,,,
Michael (Mike) Sands,Jamie Dunphy,Timur Ender,Terrence Hayes,Cayle Tern,Loretta Smith
Candace Avalos,Peggy Sue Owens,Deian Salazar,Steph Routh,Jamie Dunphy,Joe Allen
Loretta Smith,Noah Ernst,David Linn,Candace Avalos,Timur Ender,Thomas Shervey
Noah Ernst,Terrence Hayes,Loretta Smith,,,
Peggy Sue Owens,Candace Avalos,Noah Ernst,Cayle Tern,Joe Allen,Loretta Smith
Timur Ender,Candace Avalos,Noah Ernst,David Linn,,
Candace Avalos,Cayle Tern,Loretta Smith,Timur Ender,Terrence Hayes,David Linn
Joe Furi,Timur Ender,Noah Ernst,Terrence Hayes,Candace Avalos,
Doug Clove,Joe Furi,Deian Salazar,Thomas Shervey,,
Timur Ender,Terrence Hayes,Jamie Dunphy,Deian Salazar,,
Noah Ernst,,,,,
Loretta Smith,Steph Routh,Michael (Mike) Sands,Doug Clove,Candace Avalos,Timur Ender
Terrence Hayes,Noah Ernst,,,,
Candace Avalos,Timur Ender,Steph Routh,Cayle Tern,Jamie Dunphy,
Joe Allen,Joe Furi,Thomas Shervey,,,
Timur Ender,Terrence Hayes,Loretta Smith,,,
Candace Avalos,Timur Ender,Steph Routh,,,
Peggy Sue Owens,Loretta Smith,Cayle Tern,Candace Avalos,Terrence Hayes,Write-in-120
Loretta Smith,Doug Clove,,,,
Michael (Mike) Sands,Loretta Smith,Jamie Dunphy,Terrence Hayes,David Linn,
Steph Routh,Candace Avalos,Peggy Sue Owens,David Linn,Joe Furi,Thomas Shervey
Loretta Smith,,,,,
Steph Routh,Loretta Smith,Terrence Hayes,Jamie Dunphy,Candace Avalos,Timur Ender
Doug Clove,Cayle Tern,David Linn,,,
Loretta Smith,Peggy Sue Owens,Candace Avalos,Jamie Dunphy,Terrence Hayes,Cayle Tern
Terrence Hayes,Jamie Dunphy,Thomas Shervey,Loretta Smith,Deian Salazar,David Linn
Loretta Smith,Terrence Hayes,Steph Routh,Timur Ender,Noah Ernst,Jamie Dunphy
Loretta Smith,Jamie Dunphy,Peggy Sue Owens,,,
Steph Routh,Candace Avalos,Jamie Dunphy,Timur Ender,,
Noah Ernst,Thomas Shervey,Candace Avalos,Doug Clove,Steph Routh,
Jamie Dunphy,Candace Avalos,Steph Routh,Timur Ender,,
Peggy Sue Owens,Joe Furi,Jamie Dunphy,Deian Salazar,Noah Ernst,David Linn
,,,,,
Jamie Dunphy,,,,,
Loretta Smith,Peggy Sue Owens,Candace Avalos,Steph Routh,Thomas Shervey,Joe Furi
Candace Avalos,Steph Routh,Jamie Dunphy,,,
Candace Avalos,Steph Routh,David Linn,Noah Ernst,Cayle Tern,Jamie Dunphy
Loretta Smith,Terrence Hayes,Michael (Mike) Sands,Candace Avalos,,
Steph Routh,Loretta Smith,Timur Ender,Candace Avalos,Jamie Dunphy,Terrence Hayes
Loretta Smith,Jamie Dunphy,Timur Ender,Candace Avalos,Steph Routh,Peggy Sue Owens
Steph Routh,Doug Clove,Candace Avalos,Michael (Mike) Sands,David Linn,Peggy Sue Owens
Jamie Dunphy,Peggy Sue Owens,Michael (Mike) Sands,,,
Terrence Hayes,Steph Routh,Candace Avalos,David Linn,Doug Clove,Cayle Tern
Jamie Dunphy,Steph Routh,Terrence Hayes,Thomas Shervey,Loretta Smith,
Noah Ernst,,,,,
Loretta Smith,Terrence Hayes,Deian Salazar,David Linn,Candace Avalos,Cayle Tern
Jamie Dunphy,Candace Avalos,Deian Salazar,Cayle Tern,Terrence Hayes,
Candace Avalos,Timur Ender,Cayle Tern,Jamie Dunphy,Steph Routh,
Steph Routh,Terrence Hayes,Jamie Dunphy,Candace Avalos,Thomas Shervey,Cayle Tern
Joe Allen,,,,,
Peggy Sue Owens,Timur Ender,Noah Ernst,Candace Avalos,Joe Allen,
Steph Routh,Candace Avalos,,,,
Terrence Hayes,Timur Ender,Candace Avalos,Cayle Tern,,
Jamie Dunphy,,,,,
Doug Clove,Terrence Hayes,Jamie Dunphy,Cayle Tern,Timur Ender,Candace Avalos
Loretta Smith,,,,,
,,,,,
Steph Routh,Candace Avalos,Timur Ender,Cayle Tern,Jamie Dunphy,David Linn
Joe Furi,,,,,
Jamie Dunphy,Candace Avalos,Timur Ender,Steph Routh,Loretta Smith,David Linn
Loretta Smith,Terrence Hayes,Candace Avalos,Peggy Sue Owens,,
Loretta Smith,Jamie Dunphy,Steph Routh,Candace Avalos,,
Jamie Dunphy,Steph Routh,Loretta Smith,Timur Ender,Candace Avalos,Terrence Hayes
Jamie Dunphy,Steph Routh,Candace Avalos,,,
Jamie Dunphy,Timur Ender,Loretta Smith,Candace Avalos,Cayle Tern,Doug Clove
Noah Ernst,,,,,
Noah Ernst,Terrence Hayes,Joe Furi,Loretta Smith,Doug Clove,
Loretta Smith,Steph Routh,Jamie Dunphy,,,
Candace Avalos,Timur Ender,Steph Routh,Jamie Dunphy,Cayle Tern,David Linn
Deian Salazar,Thomas Shervey,Michael (Mike) Sands,Joe Allen,Doug Clove,Joe Furi
Deian Salazar,Steph Routh,Terrence Hayes,,,
Thomas Shervey,Steph Routh,Jamie Dunphy,Timur Ender,Candace Avalos,
Loretta Smith,,,,,
Jamie Dunphy,Steph Routh,Candace Avalos,,,
Candace Avalos,Loretta Smith,Peggy Sue Owens,,,
Timur Ender,Steph Routh,Terrence Hayes,Noah Ernst,David Linn,Joe Allen
Joe Allen,Joe Furi,Steph Routh,Jamie Dunphy,Michael (Mike) Sands,David Linn
Deian Salazar,Loretta Smith,Terrence Hayes,Doug Clove,Candace Avalos,Peggy Sue Owens
David Linn,Timur Ender,Cayle Tern,Loretta Smith,Noah Ernst,Deian Salazar
Candace Avalos,Jamie Dunphy,Steph Routh,Timur Ender,Cayle Tern,
Loretta Smith,Candace Avalos,Terrence Hayes,Jamie Dunphy,Steph Routh,Deian Salazar
Timur Ender,Cayle Tern,Thomas Shervey,Jamie Dunphy,Joe Furi,Joe Allen
David Linn,Jamie Dunphy,,,,
Peggy Sue Owens,Candace Avalos,Cayle Tern,Joe Furi,Deian Salazar,Terrence Hayes
Candace Avalos,Deian Salazar,Loretta Smith,Jamie Dunphy,Steph Routh,Peggy Sue Owens
Peggy Sue Owens,,,,,
Candace Avalos,Terrence Hayes,Jamie Dunphy,Steph Routh,Doug Clove,
David Linn,Noah Ernst,Steph Routh,Loretta Smith,Cayle Tern,Jamie Dunphy
Terrence Hayes,Loretta Smith,Deian Salazar,,,
Jamie Dunphy,Candace Avalos,Steph Routh,Terrence Hayes,,
Candace Avalos,Timur Ender,Steph Routh,Jamie Dunphy,David Linn,Cayle Tern
Noah Ernst,Candace Avalos,David Linn,,,
Timur Ender,Terrence Hayes,Michael (Mike) Sands,Cayle Tern,,
Joe Allen,Doug Clove,Michael (Mike) Sands,Loretta Smith,,
Cayle Tern,Candace Avalos,Timur Ender,Terrence Hayes,Steph Routh,Loretta Smith
Terrence Hayes,Loretta Smith,Candace Avalos,Cayle Tern,,
Candace Avalos,Cayle Tern,Timur Ender,,,
Jamie Dunphy,Steph Routh,Candace Avalos,Peggy Sue Owens,Timur Ender,Loretta Smith
Michael (Mike) Sands,Candace Avalos,Steph Routh,Timur Ender,Doug Clove,Noah Ernst
Candace Avalos,Cayle Tern,Michael (Mike) Sands,Steph Routh,Loretta Smith,David Linn
Timur Ender,Joe Allen,Doug Clove,Deian Salazar,Thomas Shervey,Steph Routh
Steph Routh,Timur Ender,Jamie Dunphy,Loretta Smith,Terrence Hayes,Michael (Mike) Sands
Candace Avalos,Jamie Dunphy,Timur Ender,Loretta Smith,Steph Routh,
Loretta Smith,Steph Routh,Jamie Dunphy,Cayle Tern,David Linn,Noah Ernst
,,,,,
Noah Ernst,,,,,
Noah Ernst,Doug Clove,Jamie Dunphy,Joe Furi,,
Candace Avalos,Timur Ender,Steph Routh,Jamie Dunphy,Terrence Hayes,Cayle Tern
Steph Routh,,,,,
Candace Avalos,Steph Routh,Timur Ender,Jamie Dunphy,Noah Ernst,Loretta Smith
Joe Allen,Peggy Sue Owens,Doug Clove,Noah Ernst,Thomas Shervey,Steph Routh
Loretta Smith,Terrence Hayes,Doug Clove,Deian Salazar,Noah Ernst,Thomas Shervey
Loretta Smith,Candace Avalos,,,,
Jamie Dunphy,Candace Avalos,Steph Routh,Loretta Smith,,
Timur Ender,Candace Avalos,Loretta Smith,Cayle Tern,Deian Salazar,Terrence Hayes
Candace Avalos,Steph Routh,Michael (Mike) Sands,,,
Candace Avalos,,,,,
Candace Avalos,,,,,
Timur Ender,Michael (Mike) Sands,Deian Salazar,Loretta Smith,Joe Allen,Jamie Dunphy
Jamie Dunphy,Steph Routh,Candace Avalos,Timur Ender,Noah Ernst,
Jamie Dunphy,Candace Avalos,Steph Routh,Noah Ernst,David Linn,Loretta Smith
Jamie Dunphy,Candace Avalos,Doug Clove,Steph Routh,Cayle Tern,Timur Ender
Jamie Dunphy,Terrence Hayes,Loretta Smith,Timur Ender,Steph Routh,Candace Avalos
Noah Ernst,Terrence Hayes,Joe Allen,Joe Furi,Deian Salazar,Loretta Smith
Steph Routh,Timur Ender,David Linn,Cayle Tern,Jamie Dunphy,Candace Avalos
Timur Ender,Candace Avalos,Steph Routh,Jamie Dunphy,Terrence Hayes,Cayle Tern
Joe Furi,Michael (Mike) Sands,,,,
Timur Ender,Terrence Hayes,,,,
Loretta Smith,Michael (Mike) Sands,Peggy Sue Owens,David Linn,Jamie Dunphy,Joe Allen
Noah Ernst,Terrence Hayes,David Linn,Doug Clove,,
Candace Avalos,Cayle Tern,Steph Routh,Terrence Hayes,Timur Ender,Noah Ernst
Candace Avalos,David Linn,Michael (Mike) Sands,Deian Salazar,Loretta Smith,Steph Routh
Candace Avalos,Cayle Tern,Timur Ender,,,
Doug Clove,Loretta Smith,Terrence Hayes,Steph Routh,Peggy Sue Owens,Noah Ernst
Loretta Smith,Doug Clove,Terrence Hayes,,,
Loretta Smith,Cayle Tern,Jamie Dunphy,Candace Avalos,Terrence Hayes,Noah Ernst
Terrence Hayes,Noah Ernst,Candace Avalos,,,
Doug Clove,Noah Ernst,Joe Allen,Thomas Shervey,,
Terrence Hayes,Steph Routh,Doug Clove,Michael (Mike) Sands,,
Noah Ernst,Joe Allen,Michael (Mike) Sands,,,
Noah Ernst,Cayle Tern,,,,
Timur Ender,Noah Ernst,Terrence Hayes,Doug Clove,Thomas Shervey,Deian Salazar
Noah Ernst,Joe Furi,David Linn,Loretta Smith,Cayle Tern,
Jamie Dunphy,Steph Routh,Terrence Hayes,Candace Avalos,,
Timur Ender,Candace Avalos,Steph Routh,Jamie Dunphy,Cayle Tern,Michael (Mike) Sands
Doug Clove,Noah Ernst,Timur Ender,Loretta Smith,,
Candace Avalos,Timur Ender,,,,
Michael (Mike) Sands,Terrence Hayes,Peggy Sue Owens,Timur Ender,Noah Ernst,Loretta Smith
Jamie Dunphy,Timur Ender,Steph Routh,Candace Avalos,Terrence Hayes,Thomas Shervey
Noah Ernst,,,,,
Loretta Smith,Peggy Sue Owens,Cayle Tern,Deian Salazar,Steph Routh,Candace Avalos
Timur Ender,Michael (Mike) Sands,Deian Salazar,Loretta Smith,,
Deian Salazar,Noah Ernst,Michael (Mike) Sands,,,
Loretta Smith,,,,,
Candace Avalos,Steph Routh,Timur Ender,Jamie Dunphy,,
Jamie Dunphy,Cayle Tern,Loretta Smith,Timur Ender,David Linn,Steph Routh
Candace Avalos,Cayle Tern,Terrence Hayes,Timur Ender,Jamie Dunphy,David Linn
Jamie Dunphy,Loretta Smith,Terrence Hayes,Steph Routh,Timur Ender,David Linn
Candace Avalos,Cayle Tern,Timur Ender,Steph Routh,Jamie Dunphy,
Timur Ender,Jamie Dunphy,Noah Ernst,Cayle Tern,Terrence Hayes,Deian Salazar
Candace Avalos,Steph Routh,Timur Ender,,,
Steph Routh,Candace Avalos,Timur Ender,Thomas Shervey,Terrence Hayes,Jamie Dunphy
Deian Salazar,Michael (Mike) Sands,Candace Avalos,Loretta Smith,Steph Routh,Terrence Hayes
Timur Ender,David Linn,Candace Avalos,,,
Terrence Hayes,Candace Avalos,Michael (Mike) Sands,Jamie Dunphy,David Linn,
Loretta Smith,Candace Avalos,,,,
Michael (Mike) Sands,Jamie Dunphy,Doug Clove,Joe Allen,Noah Ernst,Timur Ender
Steph Routh,David Linn,Cayle Tern,Candace Avalos,Timur Ender,Jamie Dunphy
Loretta Smith,Terrence Hayes,Noah Ernst,,,
Candace Avalos,Steph Routh,Timur Ender,Jamie Dunphy,Loretta Smith,
Jamie Dunphy,Loretta Smith,Terrence Hayes,Timur Ender,Steph Routh,David Linn
Michael (Mike) Sands,David Linn,Peggy Sue Owens,,,
Timur Ender,David Linn,Deian Salazar,Thomas Shervey,Steph Routh,Peggy Sue Owens
Timur Ender,,,,,
Loretta Smith,Terrence Hayes,Steph Routh,Noah Ernst,Candace Avalos,
Joe Allen,,,,,
Candace Avalos,Steph Routh,Timur Ender,Jamie Dunphy,Terrence Hayes,
Timur Ender,Steph Routh,Candace Avalos,David Linn,Jamie Dunphy,
David Linn,Jamie Dunphy,Thomas Shervey,Candace Avalos,Joe Furi,Peggy Sue Owens
Joe Furi,,,,,
Steph Routh,Loretta Smith,Michael (Mike) Sands,Terrence Hayes,,
Candace Avalos,Cayle Tern,Timur Ender,,,
Peggy Sue Owens,Joe Allen,Candace Avalos,,,
Noah Ernst,David Linn,Doug Clove,Jamie Dunphy,,
Terrence Hayes,Loretta Smith,Candace Avalos,Thomas Shervey,,
Candace Avalos,Loretta Smith,Peggy Sue Owens,Steph Routh,,
Noah Ernst,Terrence Hayes,Steph Routh,Loretta Smith,,
Michael (Mike) Sands,,,,,
Noah Ernst,Terrence Hayes,Joe Furi,Loretta Smith,Doug Clove,
Michael (Mike) Sands,Doug Clove,Cayle Tern,David Linn,Timur Ender,Joe Furi
Loretta Smith,,,,,
Steph Routh,,,,,
Loretta Smith,Candace Avalos,Timur Ender,,,
Timur Ender,,,,,
Candace Avalos,Steph Routh,Timur Ender,Cayle Tern,Jamie Dunphy,David Linn
Candace Avalos,,,,,
Noah Ernst,Candace Avalos,Terrence Hayes,,,
,,,,,
Terrence Hayes,Noah Ernst,Timur Ender,Loretta Smith,,
Noah Ernst,Terrence Hayes,Steph Routh,Jamie Dunphy,Doug Clove,David Linn
Candace Avalos,Steph Routh,David Linn,Jamie Dunphy,Cayle Tern,Michael (Mike) Sands
Steph Routh,Candace Avalos,Timur Ender,Terrence Hayes,,
Loretta Smith,Steph Routh,,,,
Terrence Hayes,Steph Routh,Michael (Mike) Sands,Noah Ernst,Peggy Sue Owens,Cayle Tern
Thomas Shervey,Deian Salazar,Loretta Smith,,,
Cayle Tern,Candace Avalos,Deian Salazar,,,
Candace Avalos,,,,,
Timur Ender,Joe Allen,,,,
Michael (Mike) Sands,Candace Avalos,Terrence Hayes,Timur Ender,Loretta Smith,Cayle Tern
Steph Routh,Candace Avalos,Timur Ender,Jamie Dunphy,Loretta Smith,
Noah Ernst,Terrence Hayes,Steph Routh,Joe Allen,Deian Salazar,Peggy Sue Owens
Loretta Smith,Steph Routh,Candace Avalos,Timur Ender,Jamie Dunphy,Terrence Hayes
Deian Salazar,David Linn,Terrence Hayes,Peggy Sue Owens,Thomas Shervey,Candace Avalos
Timur Ender,Candace Avalos,Loretta Smith,,,
Noah Ernst,Doug Clove,Loretta Smith,David Linn,Steph Routh,Timur Ender
Candace Avalos,Cayle Tern,Timur Ender,Jamie Dunphy,Loretta Smith,Terrence Hayes
Michael (Mike) Sands,Jamie Dunphy,Timur Ender,,,
Steph Routh,,,,,
Timur Ender,Candace Avalos,Cayle Tern,Loretta Smith,Steph Routh,Jamie Dunphy
Steph Routh,Thomas Shervey,Jamie Dunphy,Michael (Mike) Sands,Joe Furi,Noah Ernst
Peggy Sue Owens,Noah Ernst,Joe Allen,Cayle Tern,Joe Furi,Deian Salazar
Steph Routh,Candace Avalos,Jamie Dunphy,,,
Noah Ernst,Doug Clove,Deian Salazar,Terrence Hayes,Loretta Smith,Timur Ender
Noah Ernst,Terrence Hayes,Joe Furi,Loretta Smith,Doug Clove,
Terrence Hayes,Loretta Smith,Noah Ernst,,,
Loretta Smith,,,,,
Jamie Dunphy,Candace Avalos,Steph Routh,,,
Jamie Dunphy,Deian Salazar,Loretta Smith,Steph Routh,Terrence Hayes,
Doug Clove,Michael (Mike) Sands,Deian Salazar,Steph Routh,Jamie Dunphy,Cayle Tern
Loretta Smith,,,,,
Loretta Smith,Jamie Dunphy,Candace Avalos,Peggy Sue Owens,Doug Clove,Michael (Mike) Sands
Loretta Smith,Timur Ender,Noah Ernst,,,
Jamie Dunphy,Candace Avalos,Steph Routh,,,
Candace Avalos,Noah Ernst,,,,
Timur Ender,Steph Routh,Candace Avalos,David Linn,Loretta Smith,
Candace Avalos,Steph Routh,Timur Ender,Jamie Dunphy,Cayle Tern,Joe Allen
Thomas Shervey,Candace Avalos,Michael (Mike) Sands,Jamie Dunphy,Peggy Sue Owens,Joe Allen
Candace Avalos,Timur Ender,Steph Routh,Jamie Dunphy,Cayle Tern,David Linn
Thomas Shervey,Cayle Tern,Steph Routh,,,
Candace Avalos,Cayle Tern,Timur Ender,,,
Jamie Dunphy,Candace Avalos,Steph Routh,Noah Ernst,David Linn,Loretta Smith
Candace Avalos,Steph Routh,Timur Ender,Jamie Dunphy,Loretta Smith,
Loretta Smith,Peggy Sue Owens,Doug Clove,,,
Timur Ender,Doug Clove,Loretta Smith,Thomas Shervey,Terrence Hayes,Steph Routh
Candace Avalos,Timur Ender,David Linn,Steph Routh,Jamie Dunphy,Terrence Hayes
Loretta Smith,,,,,
Doug Clove,Noah Ernst,Terrence Hayes,David Linn,Candace Avalos,Jamie Dunphy
Steph Routh,,,,,
Jamie Dunphy,Steph Routh,Terrence Hayes,Candace Avalos,,
Candace Avalos,Peggy Sue Owens,Cayle Tern,Loretta Smith,Steph Routh,Jamie Dunphy
Timur Ender,,,,,
Noah Ernst,Joe Allen,David Linn,Doug Clove,Cayle Tern,Deian Salazar
David Linn,Doug Clove,Michael (Mike) Sands,Thomas Shervey,Joe Furi,Joe Allen
Deian Salazar,Loretta Smith,Steph Routh,,,
Jamie Dunphy,Candace Avalos,Steph Routh,,,
Noah Ernst,Joe Allen,Cayle Tern,Thomas Shervey,,
Candace Avalos,,,,,
Jamie Dunphy,Loretta Smith,David Linn,Candace Avalos,Terrence Hayes,Cayle Tern
Candace Avalos,Steph Routh,Timur Ender,Jamie Dunphy,David Linn,Cayle Tern
Peggy Sue Owens,Jamie Dunphy,Joe Furi,Deian Salazar,Thomas Shervey,Terrence Hayes
Peggy Sue Owens,Noah Ernst,,,,
Candace Avalos,Cayle Tern,Timur Ender,,,
Loretta Smith,Timur Ender,,,,
Steph Routh,,,,,
Joe Allen,Noah Ernst,Joe Furi,Jamie Dunphy,Terrence Hayes,Loretta Smith
Timur Ender,Loretta Smith,David Linn,Candace Avalos,Steph Routh,Terrence Hayes
Loretta Smith,,,,,
Steph Routh,Jamie Dunphy,Cayle Tern,Candace Avalos,,
Doug Clove,Candace Avalos,David Linn,Cayle Tern,Loretta Smith,Joe Allen
Jamie Dunphy,Cayle Tern,Timur Ender,Write-in-120,Candace Avalos,
Terrence Hayes,Noah Ernst,Joe Furi,Loretta Smith,Doug Clove,Write-in-120
Steph Routh,Michael (Mike) Sands,Timur Ender,Candace Avalos,Loretta Smith,Jamie Dunphy
Candace Avalos,Steph Routh,Loretta Smith,Timur Ender,Jamie Dunphy,Cayle Tern
Jamie Dunphy,Candace Avalos,Steph Routh,Noah Ernst,,
Candace Avalos,Cayle Tern,Loretta Smith,,,
Steph Routh,Loretta Smith,Candace Avalos,Michael (Mike) Sands,Cayle Tern,Terrence Hayes
Timur Ender,Jamie Dunphy,Candace Avalos,,,
Jamie Dunphy,Timur Ender,Candace Avalos,,,
Candace Avalos,David Linn,Jamie Dunphy,Michael (Mike) Sands,Steph Routh,Thomas Shervey
Peggy Sue Owens,,,,,
Terrence Hayes,Jamie Dunphy,Steph Routh,,,
Candace Avalos,Steph Routh,Jamie Dunphy,Timur Ender,,
Steph Routh,Terrence Hayes,Jamie Dunphy,Candace Avalos,Noah Ernst,Loretta Smith
Loretta Smith,Steph Routh,Jamie Dunphy,,,
Candace Avalos,Steph Routh,Terrence Hayes,Jamie Dunphy,Timur Ender,
Noah Ernst,Terrence Hayes,Joe Furi,Loretta Smith,Doug Clove,
Doug Clove,Candace Avalos,,,,
Candace Avalos,Cayle Tern,Timur Ender,Steph Routh,David Linn,Jamie Dunphy
Candace Avalos,Steph Routh,Timur Ender,,,
Noah Ernst,Loretta Smith,Terrence Hayes,Michael (Mike) Sands,Doug Clove,Candace Avalos
Jamie Dunphy,Steph Routh,Candace Avalos,Timur Ender,Loretta Smith,Cayle Tern
Noah Ernst,Joe Allen,Doug Clove,Thomas Shervey,Steph Routh,Jamie Dunphy
Joe Allen,Michael (Mike) Sands,Steph Routh,Noah Ernst,David Linn,Joe Furi
Michael (Mike) Sands,,,,,
Candace Avalos,Joe Allen,Cayle Tern,Doug Clove,Joe Furi,Deian Salazar
Noah Ernst,,,,,
Loretta Smith,Terrence Hayes,Steph Routh,Candace Avalos,Cayle Tern,Deian Salazar
Jamie Dunphy,David Linn,Steph Routh,Deian Salazar,Timur Ender,
Candace Avalos,,,,,
Loretta Smith,Jamie Dunphy,Michael (Mike) Sands,,,
Michael (Mike) Sands,,,,,
Joe Allen,,,,,
Candace Avalos,Noah Ernst,Steph Routh,Michael (Mike) Sands,Loretta Smith,
Michael (Mike) Sands,Timur Ender,Loretta Smith,,,
Loretta Smith,Terrence Hayes,Jamie Dunphy,Candace Avalos,Deian Salazar,Noah Ernst
Jamie Dunphy,Michael (Mike) Sands,Doug Clove,,,
Loretta Smith,Terrence Hayes,Steph Routh,Jamie Dunphy,,
Terrence Hayes,Deian Salazar,David Linn,Steph Routh,Doug Clove,
Noah Ernst,Loretta Smith,Terrence Hayes,,,
Noah Ernst,,,,,
Terrence Hayes,Jamie Dunphy,Loretta Smith,,,
Terrence Hayes,Candace Avalos,Loretta Smith,Doug Clove,Peggy Sue Owens,David Linn
Loretta Smith,Terrence Hayes,Candace Avalos,Peggy Sue Owens,,
Noah Ernst,Doug Clove,Michael (Mike) Sands,,,
Candace Avalos,Steph Routh,Jamie Dunphy,Timur Ender,Terrence Hayes,
Michael (Mike) Sands,Noah Ernst,Deian Salazar,,,
Timur Ender,Loretta Smith,Terrence Hayes,,,
Timur Ender,Steph Routh,Michael (Mike) Sands,Candace Avalos,Loretta Smith,David Linn
Candace Avalos,Steph Routh,Timur Ender,Jamie Dunphy,Cayle Tern,David Linn
Jamie Dunphy,Candace Avalos,Steph Routh,Loretta Smith,,
Loretta Smith,Terrence Hayes,Steph Routh,,,
Steph Routh,Terrence Hayes,Doug Clove,Timur Ender,,
Doug Clove,,,,,
Jamie Dunphy,Timur Ender,Michael (Mike) Sands,,,
Timur Ender,Steph Routh,Candace Avalos,,,
Michael (Mike) Sands,Joe Allen,Loretta Smith,,,
Jamie Dunphy,Loretta Smith,Timur Ender,Candace Avalos,Steph Routh,Joe Furi
Jamie Dunphy,Candace Avalos,Doug Clove,,,
Timur Ender,Deian Salazar,,,,
Steph Routh,Jamie Dunphy,Timur Ender,Candace Avalos,,
Candace Avalos,Timur Ender,Steph Routh,,,
Candace Avalos,Steph Routh,Jamie Dunphy,,,
Steph Routh,Loretta Smith,Candace Avalos,Jamie Dunphy,Timur Ender,Michael (Mike) Sands
Candace Avalos,Terrence Hayes,Cayle Tern,Timur Ender,Steph Routh,
Loretta Smith,David Linn,Jamie Dunphy,Peggy Sue Owens,Terrence Hayes,Steph Routh
Candace Avalos,Steph Routh,Timur Ender,Jamie Dunphy,Cayle Tern,David Linn
Candace Avalos,Steph Routh,Cayle Tern,Timur Ender,,
Cayle Tern,Steph Routh,Candace Avalos,Thomas Shervey,,
Timur Ender,David Linn,Deian Salazar,Thomas Shervey,Steph Routh,Peggy Sue Owens
Doug Clove,Joe Furi,Thomas Shervey,Terrence Hayes,Steph Routh,
Jamie Dunphy,Candace Avalos,,,,
Terrence Hayes,Steph Routh,Doug Clove,,,
Jamie Dunphy,Candace Avalos,Loretta Smith,Timur Ender,Terrence Hayes,Noah Ernst
Timur Ender,Noah Ernst,Candace Avalos,,,
Candace Avalos,Jamie Dunphy,Steph Routh,,,
Jamie Dunphy,Loretta Smith,Candace Avalos,Terrence Hayes,Noah Ernst,Joe Furi
Candace Avalos,Loretta Smith,Timur Ender,Cayle Tern,,
Steph Routh,Cayle Tern,Jamie Dunphy,Terrence Hayes,Thomas Shervey,Noah Ernst
David Linn,,,,,
Loretta Smith,Terrence Hayes,David Linn,Steph Routh,Jamie Dunphy,Candace Avalos
Steph Routh,David Linn,,,,
Jamie Dunphy,Timur Ender,Candace Avalos,Steph Routh,Cayle Tern,Michael (Mike) Sands
Doug Clove,Jamie Dunphy,Joe Allen,Loretta Smith,Steph Routh,Terrence Hayes
,,,,,
Loretta Smith,Terrence Hayes,David Linn,,,
Terrence Hayes,Candace Avalos,Loretta Smith,,,
Noah Ernst,Joe Allen,Loretta Smith,Michael (Mike) Sands,David Linn,Peggy Sue Owens
David Linn,Doug Clove,Michael (Mike) Sands,Noah Ernst,Thomas Shervey,Terrence Hayes
Doug Clove,,,,,
Candace Avalos,Timur Ender,Steph Routh,Jamie Dunphy,,
Candace Avalos,,,,,
Steph Routh,Terrence Hayes,Candace Avalos,Timur Ender,Deian Salazar,
Jamie Dunphy,Candace Avalos,Steph Routh,,,
Timur Ender,Doug Clove,Cayle Tern,Michael (Mike) Sands,Joe Furi,Peggy Sue Owens
Loretta Smith,,,,,
Timur Ender,Joe Furi,Thomas Shervey,Peggy Sue Owens,Noah Ernst,Candace Avalos
David Linn,,,,,
Peggy Sue Owens,Steph Routh,Deian Salazar,Cayle Tern,Joe Allen,Loretta Smith
Joe Allen,Loretta Smith,Timur Ender,Doug Clove,Jamie Dunphy,Steph Routh
Candace Avalos,Steph Routh,Timur Ender,Jamie Dunphy,David Linn,Terrence Hayes
Joe Allen,Doug Clove,Michael (Mike) Sands,Jamie Dunphy,Timur Ender,Noah Ernst
Timur Ender,Noah Ernst,Peggy Sue Owens,Joe Allen,Doug Clove,David Linn
Noah Ernst,,,,,
David Linn,,,,,
Loretta Smith,Candace Avalos,Michael (Mike) Sands,Deian Salazar,Jamie Dunphy,Peggy Sue Owens
Candace Avalos,Steph Routh,Timur Ender,,,
Candace Avalos,,,,,
Loretta Smith,Joe Allen,Thomas Shervey,Timur Ender,Cayle Tern,Steph Routh
Loretta Smith,Jamie Dunphy,David Linn,,,
Michael (Mike) Sands,David Linn,Joe Allen,Noah Ernst,Doug Clove,Thomas Shervey
Doug Clove,Noah Ernst,Joe Allen,Deian Salazar,Terrence Hayes,Loretta Smith
Doug Clove,Terrence Hayes,Thomas Shervey,Joe Allen,,
Jamie Dunphy,Michael (Mike) Sands,Joe Allen,David Linn,Doug Clove,
Terrence Hayes,Loretta Smith,Timur Ender,Noah Ernst,Candace Avalos,
Jamie Dunphy,Cayle Tern,Candace Avalos,Steph Routh,Noah Ernst,Loretta Smith
Timur Ender,Jamie Dunphy,Terrence Hayes,Steph Routh,Doug Clove,David Linn
Jamie Dunphy,Timur Ender,Noah Ernst,David Linn,Thomas Shervey,Michael (Mike) Sands
Noah Ernst,Joe Furi,Terrence Hayes,Doug Clove,,
Jamie Dunphy,Candace Avalos,Steph Routh,Joe Allen,,
Jamie Dunphy,Michael (Mike) Sands,David Linn,Cayle Tern,Joe Allen,Timur Ender
Loretta Smith,Timur Ender,Candace Avalos,Noah Ernst,Terrence Hayes,Cayle Tern
Candace Avalos,Terrence Hayes,Noah Ernst,Joe Furi,Cayle Tern,Loretta Smith
Terrence Hayes,,,,,
Candace Avalos,Loretta Smith,Terrence Hayes,,,
Doug Clove,,,,,
Terrence Hayes,Noah Ernst,Doug Clove,,,
Deian Salazar,,,,,
Candace Avalos,Peggy Sue Owens,Loretta Smith,Steph Routh,Jamie Dunphy,Cayle Tern
Candace Avalos,,,,,
Peggy Sue Owens,,,,,
Jamie Dunphy,Candace Avalos,Terrence Hayes,David Linn,Noah Ernst,Loretta Smith
Peggy Sue Owens,Loretta Smith,,,,
Peggy Sue Owens,Candace Avalos,Loretta Smith,Steph Routh,Jamie Dunphy,Timur Ender
Timur Ender,Steph Routh,Thomas Shervey,Jamie Dunphy,Candace Avalos,Loretta Smith
Jamie Dunphy,Steph Routh,Candace Avalos,Loretta Smith,Joe Furi,Joe Allen
Timur Ender,David Linn,Doug Clove,Michael (Mike) Sands,Loretta Smith,Jamie Dunphy
Michael (Mike) Sands,Cayle Tern,,,,
Loretta Smith,Candace Avalos,Steph Routh,Michael (Mike) Sands,Terrence Hayes,Deian Salazar
Terrence Hayes,Loretta Smith,Jamie Dunphy,Deian Salazar,Candace Avalos,
Peggy Sue Owens,Joe Allen,David Linn,Michael (Mike) Sands,Loretta Smith,Thomas Shervey
Candace Avalos,Timur Ender,Terrence Hayes,Loretta Smith,Steph Routh,Jamie Dunphy
Loretta Smith,Steph Routh,Jamie Dunphy,Timur Ender,Terrence Hayes,Candace Avalos
Loretta Smith,Michael (Mike) Sands,,,,
Deian Salazar,Noah Ernst,Doug Clove,Cayle Tern,Joe Furi,Loretta Smith
Terrence Hayes,Deian Salazar,,,,
Candace Avalos,Loretta Smith,Terrence Hayes,,,
Terrence Hayes,Timur Ender,,,,
Candace Avalos,Timur Ender,Cayle Tern,Steph Routh,Jamie Dunphy,Noah Ernst
Terrence Hayes,Noah Ernst,Joe Furi,Loretta Smith,Doug Clove,Write-in-120
Steph Routh,Candace Avalos,David Linn,Doug Clove,Timur Ender,Thomas Shervey
Steph Routh,Terrence Hayes,Jamie Dunphy,David Linn,Timur Ender,Candace Avalos
Candace Avalos,Jamie Dunphy,Steph Routh,,,
Peggy Sue Owens,Candace Avalos,Deian Salazar,Terrence Hayes,Steph Routh,Doug Clove
Timur Ender,Steph Routh,Loretta Smith,,,
Doug Clove,Noah Ernst,Thomas Shervey,Terrence Hayes,Peggy Sue Owens,
Candace Avalos,Timur Ender,,,,
Doug Clove,Thomas Shervey,Joe Furi,Candace Avalos,Loretta Smith,Joe Allen
Terrence Hayes,Loretta Smith,Doug Clove,Joe Allen,Noah Ernst,Timur Ender
Steph Routh,Peggy Sue Owens,Candace Avalos,Loretta Smith,,
Loretta Smith,Steph Routh,Candace Avalos,Cayle Tern,Michael (Mike) Sands,Doug Clove
Terrence Hayes,Loretta Smith,,,,
Deian Salazar,,,,,
Candace Avalos,Steph Routh,Jamie Dunphy,Timur Ender,Terrence Hayes,Cayle Tern
Noah Ernst,Terrence Hayes,Joe Furi,Loretta Smith,Doug Clove,
Doug Clove,Steph Routh,David Linn,Timur Ender,Candace Avalos,Jamie Dunphy
Loretta Smith,,,,,
Loretta Smith,Terrence Hayes,Steph Routh,Jamie Dunphy,Timur Ender,
Cayle Tern,Steph Routh,,,,
Jamie Dunphy,Timur Ender,Terrence Hayes,Noah Ernst,Joe Allen,Cayle Tern
Loretta Smith,,,,,
Steph Routh,Terrence Hayes,Loretta Smith,Michael (Mike) Sands,Jamie Dunphy,
Candace Avalos,Cayle Tern,Steph Routh,Timur Ender,,
Loretta Smith,Steph Routh,Candace Avalos,Cayle Tern,Peggy Sue Owens,Deian Salazar
Noah Ernst,Deian Salazar,Doug Clove,Terrence Hayes,Jamie Dunphy,
Steph Routh,Jamie Dunphy,Terrence Hayes,Loretta Smith,Candace Avalos,David Linn
Michael (Mike) Sands,Joe Furi,Doug Clove,Thomas Shervey,Terrence Hayes,Peggy Sue Owens
Noah Ernst,,,,,
Timur Ender,Loretta Smith,Candace Avalos,Jamie Dunphy,Cayle Tern,Steph Routh
Candace Avalos,Steph Routh,Timur Ender,Jamie Dunphy,David Linn,Cayle Tern
Terrence Hayes,Joe Allen,Loretta Smith,Peggy Sue Owens,Michael (Mike) Sands,
Jamie Dunphy,Candace Avalos,,,,
Candace Avalos,Cayle Tern,Timur Ender,,,
Loretta Smith,Steph Routh,,,,
Jamie Dunphy,Candace Avalos,Steph Routh,Noah Ernst,David Linn,Cayle Tern
Jamie Dunphy,,,,,
Loretta Smith,Terrence Hayes,Jamie Dunphy,Peggy Sue Owens,Cayle Tern,Noah Ernst
Peggy Sue Owens,Joe Furi,Doug Clove,,,
Timur Ender,Loretta Smith,Terrence Hayes,Jamie Dunphy,,
Loretta Smith,Terrence Hayes,Candace Avalos,Noah Ernst,Doug Clove,Deian Salazar
Candace Avalos,Steph Routh,Timur Ender,Jamie Dunphy,Loretta Smith,Peggy Sue Owens
Loretta Smith,,,,,
Loretta Smith,Steph Routh,Candace Avalos,Timur Ender,Jamie Dunphy,Terrence Hayes
Joe Allen,Michael (Mike) Sands,Steph Routh,Noah Ernst,David Linn,Joe Furi
Steph Routh,Loretta Smith,Terrence Hayes,Candace Avalos,Timur Ender,
Peggy Sue Owens,,,,,
Terrence Hayes,Noah Ernst,Loretta Smith,David Linn,Thomas Shervey,Peggy Sue Owens
Steph Routh,Candace Avalos,Joe Allen,Doug Clove,Deian Salazar,Loretta Smith
Candace Avalos,Loretta Smith,Joe Allen,Terrence Hayes,Steph Routh,Cayle Tern
Jamie Dunphy,Candace Avalos,Steph Routh,Peggy Sue Owens,Cayle Tern,Terrence Hayes
Noah Ernst,Terrence Hayes,Joe Furi,Loretta Smith,Doug Clove,Deian Salazar
Loretta Smith,Doug Clove,Timur Ender,Joe Allen,Candace Avalos,Terrence Hayes
Jamie Dunphy,Candace Avalos,Steph Routh,,,
Candace Avalos,Cayle Tern,Timur Ender,,,
Loretta Smith,Noah Ernst,Jamie Dunphy,Candace Avalos,Steph Routh,David Linn
Loretta Smith,Candace Avalos,Terrence Hayes,Steph Routh,,
Noah Ernst,Terrence Hayes,Joe Furi,Loretta Smith,Doug Clove,
Deian Salazar,Noah Ernst,,,,
Noah Ernst,Candace Avalos,Terrence Hayes,,,
Michael (Mike) Sands,Loretta Smith,Terrence Hayes,Steph Routh,Jamie Dunphy,
Michael (Mike) Sands,Cayle Tern,Timur Ender,Steph Routh,Loretta Smith,
Doug Clove,Thomas Shervey,Joe Furi,Timur Ender,Noah Ernst,Cayle Tern
Candace Avalos,Loretta Smith,Deian Salazar,Timur Ender,,
Noah Ernst,Joe Allen,Timur Ender,,,
Loretta Smith,,,,,
Jamie Dunphy,Candace Avalos,Steph Routh,Noah Ernst,David Linn,Loretta Smith
Jamie Dunphy,Candace Avalos,Steph Routh,Noah Ernst,David Linn,Loretta Smith
Candace Avalos,Cayle Tern,Timur Ender,Jamie Dunphy,Steph Routh,David Linn
Joe Allen,Thomas Shervey,Peggy Sue Owens,Steph Routh,Doug Clove,Noah Ernst
Loretta Smith,Terrence Hayes,Candace Avalos,,,
Loretta Smith,,,,,
Candace Avalos,Jamie Dunphy,Steph Routh,,,
Jamie Dunphy,Steph Routh,Terrence Hayes,,,
Noah Ernst,David Linn,Jamie Dunphy,Loretta Smith,Joe Furi,Cayle Tern
Candace Avalos,Jamie Dunphy,,,,
Doug Clove,,,,,
Thomas Shervey,,,,,
Jamie Dunphy,Candace Avalos,Steph Routh,Noah Ernst,,
Noah Ernst,Steph Routh,Candace Avalos,Jamie Dunphy,,
Timur Ender,Steph Routh,Jamie Dunphy,Candace Avalos,Cayle Tern,Terrence Hayes
Jamie Dunphy,Candace Avalos,Steph Routh,,,
Joe Furi,Deian Salazar,Loretta Smith,Candace Avalos,Jamie Dunphy,Peggy Sue Owens
Jamie Dunphy,Candace Avalos,Steph Routh,,,
Candace Avalos,Jamie Dunphy,Steph Routh,,,
Steph Routh,Candace Avalos,Jamie Dunphy,,,
Candace Avalos,Timur Ender,Jamie Dunphy,Steph Routh,Cayle Tern,
Loretta Smith,Candace Avalos,Doug Clove,,,
Michael (Mike) Sands,,,,,
Noah Ernst,Joe Allen,Cayle Tern,Thomas Shervey,,
Loretta Smith,Doug Clove,Noah Ernst,Joe Allen,Michael (Mike) Sands,Peggy Sue Owens
Noah Ernst,Loretta Smith,Terrence Hayes,Deian Salazar,,
Terrence Hayes,Noah Ernst,Doug Clove,,,
Peggy Sue Owens,Doug Clove,Joe Furi,Loretta Smith,Steph Routh,Timur Ender
Terrence Hayes,Loretta Smith,Noah Ernst,,,
Timur Ender,,,,,
Candace Avalos,Steph Routh,Jamie Dunphy,,,
Cayle Tern,Steph Routh,Loretta Smith,David Linn,Terrence Hayes,Candace Avalos
Loretta Smith,Timur Ender,Steph Routh,Terrence Hayes,Michael (Mike) Sands,Candace Avalos
Terrence Hayes,Candace Avalos,,,,
Cayle Tern,Michael (Mike) Sands,Timur Ender,Joe Allen,David Linn,Candace Avalos
Loretta Smith,Jamie Dunphy,Michael (Mike) Sands,Doug Clove,Joe Allen,Joe Furi
Michael (Mike) Sands,Loretta Smith,Steph Routh,David Linn,Joe Furi,Doug Clove
Candace Avalos,Steph Routh,Terrence Hayes,,,
,,,,,
Terrence Hayes,,,,,
Doug Clove,Noah Ernst,Joe Allen,,,
Loretta Smith,Candace Avalos,Cayle Tern,Steph Routh,Jamie Dunphy,Peggy Sue Owens
Loretta Smith,Terrence Hayes,Candace Avalos,Peggy Sue Owens,Cayle Tern,Jamie Dunphy
Candace Avalos,Cayle Tern,Timur Ender,Jamie Dunphy,,
Loretta Smith,Steph Routh,Candace Avalos,Timur Ender,Noah Ernst,Terrence Hayes
Steph Routh,Jamie Dunphy,Candace Avalos,,,
Joe Allen,,,,,
Candace Avalos,Jamie Dunphy,Steph Routh,Timur Ender,Cayle Tern,Michael (Mike) Sands
Steph Routh,Jamie Dunphy,Timur Ender,,,
Steph Routh,Loretta Smith,Candace Avalos,Timur Ender,Michael (Mike) Sands,Cayle Tern
Noah Ernst,,,,,
Timur Ender,David Linn,Joe Furi,Thomas Shervey,Terrence Hayes,Jamie Dunphy
Candace Avalos,Loretta Smith,Timur Ender,David Linn,Doug Clove,
Deian Salazar,Loretta Smith,Timur Ender,Cayle Tern,Doug Clove,
Peggy Sue Owens,Timur Ender,Noah Ernst,Candace Avalos,Joe Allen,
Timur Ender,Steph Routh,Candace Avalos,Cayle Tern,Noah Ernst,
Steph Routh,Candace Avalos,Cayle Tern,,,
Noah Ernst,Doug Clove,Loretta Smith,,,
Candace Avalos,Cayle Tern,Timur Ender,,,
Steph Routh,Jamie Dunphy,Terrence Hayes,Candace Avalos,Loretta Smith,Deian Salazar
Candace Avalos,Steph Routh,Loretta Smith,Cayle Tern,Timur Ender,Jamie Dunphy
Noah Ernst,,,,,
Candace Avalos,Terrence Hayes,Noah Ernst,Joe Furi,Cayle Tern,Loretta Smith
Loretta Smith,Candace Avalos,Doug Clove,Joe Furi,Terrence Hayes,Jamie Dunphy
Terrence Hayes,Noah Ernst,Candace Avalos,,,
Candace Avalos,Jamie Dunphy,Timur Ender,Steph Routh,Cayle Tern,
Candace Avalos,Steph Routh,Jamie Dunphy,Noah Ernst,David Linn,
Terrence Hayes,David Linn,Candace Avalos,,,
Jamie Dunphy,Candace Avalos,Steph Routh,,,
Loretta Smith,Timur Ender,Terrence Hayes,Jamie Dunphy,,
Deian Salazar,Noah Ernst,David Linn,Cayle Tern,Doug Clove,Joe Furi
Joe Furi,Timur Ender,Steph Routh,,,
Jamie Dunphy,,,,,
David Linn,Cayle Tern,Joe Furi,,,
Jamie Dunphy,Loretta Smith,Joe Allen,Thomas Shervey,David Linn,
Noah Ernst,Joe Allen,Loretta Smith,Michael (Mike) Sands,David Linn,Peggy Sue Owens
Jamie Dunphy,Steph Routh,Candace Avalos,Loretta Smith,Terrence Hayes,Noah Ernst
Timur Ender,David Linn,Terrence Hayes,Steph Routh,Doug Clove,Joe Allen
Deian Salazar,Noah Ernst,,,,
Jamie Dunphy,,,,,
Loretta Smith,Jamie Dunphy,Candace Avalos,,,
Candace Avalos,Steph Routh,Noah Ernst,Jamie Dunphy,Doug Clove,
Terrence Hayes,Noah Ernst,Loretta Smith,,,
Terrence Hayes,Noah Ernst,Candace Avalos,,,
Steph Routh,Noah Ernst,Jamie Dunphy,Loretta Smith,Candace Avalos,Cayle Tern
Loretta Smith,Doug Clove,Terrence Hayes,Steph Routh,Cayle Tern,Noah Ernst
Peggy Sue Owens,Timur Ender,Noah Ernst,Candace Avalos,Joe Allen,David Linn
Jamie Dunphy,Steph Routh,Noah Ernst,Candace Avalos,,
Terrence Hayes,Candace Avalos,Loretta Smith,,,
Doug Clove,,,,,
Noah Ernst,Terrence Hayes,,,,
Noah Ernst,Doug Clove,Loretta Smith,Terrence Hayes,Cayle Tern,Joe Furi
Terrence Hayes,Jamie Dunphy,Deian Salazar,Candace Avalos,,
Candace Avalos,Cayle Tern,Timur Ender,,,
Loretta Smith,Michael (Mike) Sands,Terrence Hayes,Jamie Dunphy,Peggy Sue Owens,Candace Avalos
Steph Routh,Joe Furi,Candace Avalos,,,
Timur Ender,Cayle Tern,Doug Clove,Terrence Hayes,Loretta Smith,
Loretta Smith,Candace Avalos,Terrence Hayes,Doug Clove,Steph Routh,Michael (Mike) Sands
Loretta Smith,,,,,
Joe Allen,Joe Furi,Doug Clove,,,
Terrence Hayes,Noah Ernst,Joe Furi,Loretta Smith,Write-in-120,
David Linn,Doug Clove,Thomas Shervey,Terrence Hayes,Steph Routh,Jamie Dunphy
Jamie Dunphy,Steph Routh,Candace Avalos,Timur Ender,Loretta Smith,Thomas Shervey
,,,,,
Steph Routh,Joe Allen,Michael (Mike) Sands,Cayle Tern,Loretta Smith,Deian Salazar
Doug Clove,Michael (Mike) Sands,Terrence Hayes,Noah Ernst,Joe Allen,Thomas Shervey
Loretta Smith,,,,,
Timur Ender,Cayle Tern,Steph Routh,Candace Avalos,David Linn,Jamie Dunphy
Steph Routh,Timur Ender,Jamie Dunphy,Loretta Smith,Candace Avalos,Deian Salazar
Michael (Mike) Sands,David Linn,Timur Ender,Loretta Smith,Steph Routh,
Michael (Mike) Sands,Joe Furi,Doug Clove,Thomas Shervey,Terrence Hayes,Peggy Sue Owens
Terrence Hayes,Jamie Dunphy,Thomas Shervey,Steph Routh,Candace Avalos,David Linn
Timur Ender,Steph Routh,Jamie Dunphy,David Linn,Noah Ernst,Candace Avalos
Jamie Dunphy,Candace Avalos,Steph Routh,,,
Noah Ernst,Terrence Hayes,,,,
Loretta Smith,Steph Routh,Candace Avalos,Peggy Sue Owens,Terrence Hayes,Jamie Dunphy
Loretta Smith,,,,,
Candace Avalos,,,,,
Noah Ernst,Doug Clove,Terrence Hayes,,,
Candace Avalos,Cayle Tern,Timur Ender,,,
Jamie Dunphy,Timur Ender,Steph Routh,Candace Avalos,Terrence Hayes,Thomas Shervey
Steph Routh,,,,,
Noah Ernst,Terrence Hayes,Joe Furi,Loretta Smith,Doug Clove,
Terrence Hayes,Loretta Smith,,,,
Timur Ender,Terrence Hayes,Jamie Dunphy,Loretta Smith,Deian Salazar,Steph Routh
Jamie Dunphy,Candace Avalos,Steph Routh,David Linn,,
Cayle Tern,Candace Avalos,Deian Salazar,,,
Candace Avalos,Steph Routh,Timur Ender,Cayle Tern,Jamie Dunphy,David Linn
Steph Routh,Timur Ender,Cayle Tern,Candace Avalos,,
,,,,,
Noah Ernst,Terrence Hayes,Joe Allen,,,
Candace Avalos,Jamie Dunphy,Steph Routh,Timur Ender,Loretta Smith,
Terrence Hayes,,,,,
David Linn,,,,,
Loretta Smith,,,,,
Cayle Tern,Deian Salazar,Terrence Hayes,,,
Candace Avalos,Cayle Tern,Timur Ender,,,
Write-in-120,Noah Ernst,Doug Clove,Loretta Smith,Terrence Hayes,Peggy Sue Owens
Peggy Sue Owens,Loretta Smith,Jamie Dunphy,,,
Steph Routh,Jamie Dunphy,Candace Avalos,David Linn,,
Loretta Smith,Candace Avalos,Peggy Sue Owens,Michael (Mike) Sands,Joe Allen,Terrence Hayes
Noah Ernst,Terrence Hayes,Loretta Smith,,,
Joe Allen,Loretta Smith,Steph Routh,Terrence Hayes,Timur Ender,Cayle Tern
Loretta Smith,Terrence Hayes,Timur Ender,Candace Avalos,Noah Ernst,Michael (Mike) Sands
Jamie Dunphy,,,,,
Loretta Smith,,,,,
Loretta Smith,Terrence Hayes,,,,
Jamie Dunphy,Candace Avalos,Steph Routh,,,
Deian Salazar,Candace Avalos,Joe Furi,Noah Ernst,Timur Ender,Joe Allen
Candace Avalos,Timur Ender,Jamie Dunphy,Cayle Tern,,
Loretta Smith,Candace Avalos,Peggy Sue Owens,Jamie Dunphy,,
Doug Clove,Deian Salazar,Terrence Hayes,,,
Steph Routh,Loretta Smith,Cayle Tern,Timur Ender,Candace Avalos,Deian Salazar
Steph Routh,Loretta Smith,David Linn,Cayle Tern,,
Doug Clove,,,,,
Candace Avalos,Steph Routh,Jamie Dunphy,Terrence Hayes,Michael (Mike) Sands,Noah Ernst
Noah Ernst,David Linn,Steph Routh,,,
Joe Allen,Michael (Mike) Sands,Terrence Hayes,Noah Ernst,Write-in-122,
Cayle Tern,Michael (Mike) Sands,Doug Clove,Loretta Smith,,
Doug Clove,Noah Ernst,Terrence Hayes,Thomas Shervey,,
Loretta Smith,Terrence Hayes,,,,
Loretta Smith,Terrence Hayes,Candace Avalos,,,
Loretta Smith,Steph Routh,Deian Salazar,Jamie Dunphy,Terrence Hayes,
,,,,,
Jamie Dunphy,Candace Avalos,Timur Ender,,,
Thomas Shervey,,,,,
Loretta Smith,Terrence Hayes,Noah Ernst,Steph Routh,Jamie Dunphy,Thomas Shervey
Steph Routh,,,,,
Loretta Smith,David Linn,Noah Ernst,Michael (Mike) Sands,Joe Furi,Cayle Tern
Loretta Smith,,,,,
Joe Allen,Timur Ender,Cayle Tern,Loretta Smith,Joe Furi,Peggy Sue Owens
Noah Ernst,David Linn,Doug Clove,Joe Furi,Michael (Mike) Sands,Joe Allen
Candace Avalos,Jamie Dunphy,Steph Routh,,,
Deian Salazar,Loretta Smith,Terrence Hayes,Steph Routh,Timur Ender,Noah Ernst
Deian Salazar,,,,,
Candace Avalos,,,,,
Noah Ernst,,,,,
Candace Avalos,Jamie Dunphy,Timur Ender,Steph Routh,Doug Clove,
Noah Ernst,Terrence Hayes,Loretta Smith,,,
Timur Ender,Joe Allen,Doug Clove,,,
Loretta Smith,Jamie Dunphy,David Linn,Timur Ender,Joe Furi,Joe Allen
Noah Ernst,David Linn,Doug Clove,,,
Jamie Dunphy,Candace Avalos,Steph Routh,Noah Ernst,David Linn,Loretta Smith
Loretta Smith,Steph Routh,Timur Ender,Terrence Hayes,Cayle Tern,
Candace Avalos,Noah Ernst,Terrence Hayes,,,
Jamie Dunphy,Steph Routh,Noah Ernst,Candace Avalos,,
Timur Ender,Candace Avalos,Cayle Tern,,,
,,,,,
Candace Avalos,Timur Ender,Jamie Dunphy,Steph Routh,Terrence Hayes,Loretta Smith
Deian Salazar,Michael (Mike) Sands,Candace Avalos,Joe Allen,David Linn,Joe Furi
Jamie Dunphy,Steph Routh,Candace Avalos,,,
Doug Clove,Joe Allen,Noah Ernst,,,
Noah Ernst,Terrence Hayes,Doug Clove,Joe Allen,Steph Routh,Joe Furi
Cayle Tern,Timur Ender,Candace Avalos,David Linn,Steph Routh,Jamie Dunphy
Noah Ernst,Doug Clove,Joe Allen,,,
Terrence Hayes,Steph Routh,,,,
Loretta Smith,,,,,
Noah Ernst,Michael (Mike) Sands,Jamie Dunphy,Candace Avalos,Timur Ender,Loretta Smith
Loretta Smith,Terrence Hayes,Candace Avalos,Cayle Tern,Jamie Dunphy,
Jamie Dunphy,David Linn,Candace Avalos,Steph Routh,Loretta Smith,Terrence Hayes
Loretta Smith,David Linn,Terrence Hayes,Joe Allen,Peggy Sue Owens,Joe Furi
Steph Routh,Thomas Shervey,Joe Furi,Peggy Sue Owens,Cayle Tern,Candace Avalos
Noah Ernst,Jamie Dunphy,Candace Avalos,Doug Clove,Timur Ender,David Linn
Candace Avalos,,,,,
Candace Avalos,Timur Ender,Steph Routh,Cayle Tern,,
Steph Routh,Loretta Smith,Terrence Hayes,Candace Avalos,David Linn,Jamie Dunphy
Candace Avalos,Loretta Smith,Steph Routh,Terrence Hayes,Cayle Tern,Timur Ender
Timur Ender,,,,,
Jamie Dunphy,Candace Avalos,,,,
Jamie Dunphy,,,,,
Candace Avalos,Timur Ender,Steph Routh,Jamie Dunphy,Cayle Tern,David Linn
Candace Avalos,Timur Ender,Steph Routh,Cayle Tern,,
Noah Ernst,,,,,
Jamie Dunphy,Steph Routh,Candace Avalos,,,
Jamie Dunphy,Steph Routh,Loretta Smith,Timur Ender,,
Noah Ernst,,,,,
Timur Ender,Steph Routh,Jamie Dunphy,Candace Avalos,,
Steph Routh,Jamie Dunphy,Noah Ernst,David Linn,Candace Avalos,Loretta Smith
Noah Ernst,Terrence Hayes,Joe Furi,Loretta Smith,Doug Clove,
Loretta Smith,Noah Ernst,Joe Allen,Michael (Mike) Sands,Peggy Sue Owens,Doug Clove
Candace Avalos,Timur Ender,Terrence Hayes,Deian Salazar,Steph Routh,Cayle Tern
Steph Routh,Jamie Dunphy,Peggy Sue Owens,,,
Jamie Dunphy,Steph Routh,Candace Avalos,David Linn,Noah Ernst,
Loretta Smith,David Linn,,,,
Joe Furi,,,,,
Noah Ernst,Loretta Smith,Deian Salazar,,,
Michael (Mike) Sands,,,,,
Jamie Dunphy,Candace Avalos,Cayle Tern,Loretta Smith,,
Jamie Dunphy,Candace Avalos,Terrence Hayes,,,
Loretta Smith,,,,,
Joe Allen,,,,,
Steph Routh,Candace Avalos,Timur Ender,Terrence Hayes,,
Noah Ernst,Terrence Hayes,Peggy Sue Owens,Doug Clove,Joe Allen,Candace Avalos
Steph Routh,Terrence Hayes,Loretta Smith,,,
Noah Ernst,Terrence Hayes,Loretta Smith,,,
Loretta Smith,Candace Avalos,Steph Routh,Terrence Hayes,Timur Ender,Peggy Sue Owens
Candace Avalos,,,,,
Timur Ender,Loretta Smith,Candace Avalos,Terrence Hayes,Joe Allen,
Timur Ender,Steph Routh,Candace Avalos,,,
Steph Routh,Candace Avalos,Jamie Dunphy,Timur Ender,,
Terrence Hayes,Noah Ernst,Doug Clove,,,
Terrence Hayes,Jamie Dunphy,David Linn,Steph Routh,Doug Clove,Noah Ernst
Doug Clove,,,,,
Candace Avalos,Loretta Smith,Jamie Dunphy,Steph Routh,Terrence Hayes,Timur Ender
Michael (Mike) Sands,Thomas Shervey,Jamie Dunphy,Noah Ernst,Joe Allen,Doug Clove
Jamie Dunphy,Candace Avalos,Timur Ender,Steph Routh,David Linn,
Noah Ernst,,,,,
Steph Routh,Noah Ernst,Candace Avalos,Michael (Mike) Sands,Loretta Smith,Jamie Dunphy
Timur Ender,Jamie Dunphy,Loretta Smith,Candace Avalos,Terrence Hayes,Joe Furi
Candace Avalos,Steph Routh,Cayle Tern,David Linn,,
Loretta Smith,,,,,
Steph Routh,Jamie Dunphy,Terrence Hayes,Loretta Smith,Candace Avalos,Cayle Tern
Candace Avalos,Loretta Smith,,,,
Loretta Smith,Steph Routh,,,,
Jamie Dunphy,Steph Routh,Candace Avalos,Timur Ender,Cayle Tern,David Linn
Doug Clove,Candace Avalos,David Linn,Deian Salazar,Loretta Smith,Terrence Hayes
Loretta Smith,Joe Allen,Thomas Shervey,,,
Terrence Hayes,Loretta Smith,Noah Ernst,Deian Salazar,,
Loretta Smith,,,,,
Loretta Smith,Steph Routh,Michael (Mike) Sands,Candace Avalos,Peggy Sue Owens,David Linn
Terrence Hayes,Loretta Smith,Steph Routh,Timur Ender,Candace Avalos,Cayle Tern
Jamie Dunphy,Candace Avalos,Steph Routh,,,
Candace Avalos,Steph Routh,Loretta Smith,Jamie Dunphy,Terrence Hayes,Thomas Shervey
Steph Routh,Loretta Smith,Joe Furi,Jamie Dunphy,David Linn,
Terrence Hayes,Noah Ernst,Doug Clove,Loretta Smith,,
Timur Ender,Candace Avalos,Joe Allen,Steph Routh,Jamie Dunphy,
Jamie Dunphy,Steph Routh,Timur Ender,,,
Steph Routh,Doug Clove,Joe Allen,Joe Furi,David Linn,Michael (Mike) Sands
,,,,,
Steph Routh,Candace Avalos,Cayle Tern,Terrence Hayes,David Linn,Loretta Smith
Steph Routh,Loretta Smith,Doug Clove,,,
Joe Furi,Michael (Mike) Sands,Thomas Shervey,,,
Jamie Dunphy,Loretta Smith,,,,
Timur Ender,Peggy Sue Owens,David Linn,Noah Ernst,Terrence Hayes,Deian Salazar
Noah Ernst,Terrence Hayes,Joe Furi,Loretta Smith,Doug Clove,
Cayle Tern,David Linn,Jamie Dunphy,Steph Routh,Thomas Shervey,Loretta Smith
Joe Allen,Michael (Mike) Sands,Doug Clove,Peggy Sue Owens,Terrence Hayes,Jamie Dunphy
Candace Avalos,Cayle Tern,Timur Ender,Peggy Sue Owens,Steph Routh,Loretta Smith
Jamie Dunphy,Steph Routh,Timur Ender,Cayle Tern,Candace Avalos,
Deian Salazar,Doug Clove,Timur Ender,,,
Candace Avalos,Steph Routh,Peggy Sue Owens,Jamie Dunphy,Timur Ender,Terrence Hayes
Doug Clove,Candace Avalos,Timur Ender,Steph Routh,,
Candace Avalos,,,,,
,,,,,
Candace Avalos,Thomas Shervey,Terrence Hayes,Cayle Tern,Deian Salazar,Timur Ender
Loretta Smith,Terrence Hayes,,,,
Candace Avalos,Timur Ender,David Linn,Jamie Dunphy,Steph Routh,
Terrence Hayes,Loretta Smith,Steph Routh,Thomas Shervey,,
Loretta Smith,,,,,
Timur Ender,Candace Avalos,Loretta Smith,,,
Timur Ender,Candace Avalos,Michael (Mike) Sands,Doug Clove,Loretta Smith,Thomas Shervey
Terrence Hayes,Noah Ernst,Doug Clove,,,
Terrence Hayes,Loretta Smith,Steph Routh,,,
Loretta Smith,Terrence Hayes,Candace Avalos,Cayle Tern,,
Timur Ender,Noah Ernst,Terrence Hayes,Loretta Smith,Thomas Shervey,Steph Routh
Steph Routh,Timur Ender,Candace Avalos,Joe Allen,Peggy Sue Owens,Deian Salazar
Noah Ernst,Doug Clove,Timur Ender,,,
Candace Avalos,Steph Routh,Loretta Smith,Jamie Dunphy,Terrence Hayes,Michael (Mike) Sands
Michael (Mike) Sands,Loretta Smith,Peggy Sue Owens,Steph Routh,Noah Ernst,Doug Clove
Loretta Smith,Candace Avalos,Timur Ender,,,
Deian Salazar,Joe Furi,Peggy Sue Owens,Joe Allen,Timur Ender,Candace Avalos
Noah Ernst,Deian Salazar,Terrence Hayes,Doug Clove,Steph Routh,Timur Ender
Doug Clove,Noah Ernst,Joe Furi,Jamie Dunphy,Thomas Shervey,
Jamie Dunphy,Candace Avalos,Steph Routh,,,
Noah Ernst,Doug Clove,Joe Furi,,,
Candace Avalos,Loretta Smith,Jamie Dunphy,Steph Routh,Terrence Hayes,Timur Ender
Write-in-120,Write-in-121,,,,
Candace Avalos,Steph Routh,Michael (Mike) Sands,,,
Peggy Sue Owens,Candace Avalos,Joe Allen,,,
Steph Routh,Joe Allen,Candace Avalos,Peggy Sue Owens,Cayle Tern,Michael (Mike) Sands
David Linn,Terrence Hayes,Michael (Mike) Sands,Doug Clove,,
Candace Avalos,Terrence Hayes,Cayle Tern,Jamie Dunphy,David Linn,Steph Routh
Jamie Dunphy,Timur Ender,,,,
Terrence Hayes,Joe Allen,Loretta Smith,Jamie Dunphy,Candace Avalos,Michael (Mike) Sands
Noah Ernst,Terrence Hayes,Joe Furi,Loretta Smith,Doug Clove,Deian Salazar
Loretta Smith,Timur Ender,Candace Avalos,Steph Routh,David Linn,Terrence Hayes
Loretta Smith,Terrence Hayes,Noah Ernst,,,
Steph Routh,Noah Ernst,Loretta Smith,Doug Clove,Jamie Dunphy,Timur Ender
Timur Ender,,,,,
Noah Ernst,Terrence Hayes,Timur Ender,Candace Avalos,Steph Routh,
Loretta Smith,Thomas Shervey,David Linn,Jamie Dunphy,,
Peggy Sue Owens,Candace Avalos,Loretta Smith,Jamie Dunphy,Cayle Tern,Terrence Hayes
Candace Avalos,Steph Routh,Timur Ender,Terrence Hayes,,
Peggy Sue Owens,Candace Avalos,David Linn,Michael (Mike) Sands,Loretta Smith,Jamie Dunphy
Steph Routh,Candace Avalos,Timur Ender,,,
Joe Furi,Doug Clove,Noah Ernst,,,
Steph Routh,David Linn,Michael (Mike) Sands,Deian Salazar,Thomas Shervey,Jamie Dunphy
Loretta Smith,Steph Routh,Terrence Hayes,Michael (Mike) Sands,Joe Furi,Peggy Sue Owens
Steph Routh,Peggy Sue Owens,Candace Avalos,Loretta Smith,Cayle Tern,Jamie Dunphy
Candace Avalos,Steph Routh,Timur Ender,Cayle Tern,Jamie Dunphy,David Linn
Timur Ender,Candace Avalos,Terrence Hayes,Loretta Smith,Steph Routh,Jamie Dunphy
Candace Avalos,Steph Routh,Jamie Dunphy,,,
Terrence Hayes,Noah Ernst,,,,
Steph Routh,Cayle Tern,Terrence Hayes,Candace Avalos,Timur Ender,Jamie Dunphy
Timur Ender,,,,,
Michael (Mike) Sands,Peggy Sue Owens,Joe Allen,Doug Clove,Steph Routh,David Linn
Noah Ernst,,,,,
Noah Ernst,,,,,
Jamie Dunphy,Loretta Smith,Timur Ender,David Linn,Steph Routh,Terrence Hayes
Timur Ender,Cayle Tern,Michael (Mike) Sands,Terrence Hayes,Jamie Dunphy,David Linn
Noah Ernst,Steph Routh,Michael (Mike) Sands,,,
Timur Ender,Candace Avalos,Michael (Mike) Sands,,,
Noah Ernst,,,,,
Candace Avalos,Terrence Hayes,David Linn,,,
Jamie Dunphy,Candace Avalos,Steph Routh,Noah Ernst,Loretta Smith,David Linn
Steph Routh,Jamie Dunphy,Candace Avalos,David Linn,,
Loretta Smith,Terrence Hayes,Noah Ernst,,,
Joe Allen,Joe Furi,Terrence Hayes,Loretta Smith,Jamie Dunphy,Steph Routh
Loretta Smith,Cayle Tern,Steph Routh,,,
Candace Avalos,Steph Routh,Terrence Hayes,Loretta Smith,Jamie Dunphy,Noah Ernst
Terrence Hayes,Candace Avalos,Timur Ender,Steph Routh,Jamie Dunphy,David Linn
Noah Ernst,Doug Clove,Joe Furi,,,
Steph Routh,Loretta Smith,Candace Avalos,Peggy Sue Owens,Terrence Hayes,Jamie Dunphy
Terrence Hayes,Noah Ernst,Joe Furi,Loretta Smith,Doug Clove,Write-in-120
Loretta Smith,Steph Routh,Timur Ender,Terrence Hayes,Jamie Dunphy,Candace Avalos
Terrence Hayes,Loretta Smith,,,,
Steph Routh,Loretta Smith,Candace Avalos,Terrence Hayes,David Linn,Cayle Tern
Jamie Dunphy,,,,,
Timur Ender,Candace Avalos,David Linn,Steph Routh,Loretta Smith,Terrence Hayes
Loretta Smith,Terrence Hayes,Steph Routh,Candace Avalos,Cayle Tern,Thomas Shervey
David Linn,Candace Avalos,Cayle Tern,Timur Ender,Loretta Smith,Steph Routh
Timur Ender,,,,,
Noah Ernst,,,,,
Doug Clove,Noah Ernst,Terrence Hayes,,,
Steph Routh,Jamie Dunphy,Joe Furi,David Linn,Noah Ernst,Timur Ender
Candace Avalos,Timur Ender,Noah Ernst,,,
Michael (Mike) Sands,Candace Avalos,David Linn,Joe Furi,Terrence Hayes,Joe Allen
Jamie Dunphy,Loretta Smith,Joe Furi,David Linn,Noah Ernst,Peggy Sue Owens
Loretta Smith,Terrence Hayes,,,,
Jamie Dunphy,Terrence Hayes,Steph Routh,Candace Avalos,Timur Ender,Noah Ernst
Jamie Dunphy,Deian Salazar,Timur Ender,,,
Jamie Dunphy,Candace Avalos,Steph Routh,Cayle Tern,Timur Ender,
,,,,,
Cayle Tern,Thomas Shervey,Steph Routh,Loretta Smith,Terrence Hayes,Jamie Dunphy
Candace Avalos,Terrence Hayes,David Linn,,,
Loretta Smith,Jamie Dunphy,Terrence Hayes,Timur Ender,,
Candace Avalos,Cayle Tern,Timur Ender,Jamie Dunphy,Steph Routh,David Linn
Candace Avalos,Steph Routh,Timur Ender,Cayle Tern,Michael (Mike) Sands,
Timur Ender,Terrence Hayes,Steph Routh,,,
Michael (Mike) Sands,David Linn,Loretta Smith,Terrence Hayes,Steph Routh,Candace Avalos
Candace Avalos,Jamie Dunphy,Steph Routh,Timur Ender,,
Doug Clove,Noah Ernst,,,,
Candace Avalos,Steph Routh,Jamie Dunphy,Timur Ender,David Linn,Doug Clove
Candace Avalos,Cayle Tern,Steph Routh,Timur Ender,,
Timur Ender,Candace Avalos,Jamie Dunphy,Cayle Tern,Michael (Mike) Sands,Thomas Shervey
Candace Avalos,Steph Routh,Timur Ender,Jamie Dunphy,Cayle Tern,David Linn
Terrence Hayes,Noah Ernst,Jamie Dunphy,,,
Candace Avalos,Cayle Tern,Timur Ender,Steph Routh,Jamie Dunphy,
Candace Avalos,Doug Clove,Terrence Hayes,Noah Ernst,,
Candace Avalos,Steph Routh,Jamie Dunphy,,,
Jamie Dunphy,David Linn,Candace Avalos,Timur Ender,,
Jamie Dunphy,Candace Avalos,Steph Routh,Loretta Smith,Timur Ender,
Candace Avalos,David Linn,Cayle Tern,Doug Clove,Loretta Smith,Jamie Dunphy
Jamie Dunphy,,,,,
Terrence Hayes,Jamie Dunphy,Deian Salazar,Timur Ender,,
Loretta Smith,Steph Routh,Michael (Mike) Sands,Thomas Shervey,Timur Ender,Terrence Hayes
Loretta Smith,Michael (Mike) Sands,Terrence Hayes,Steph Routh,Jamie Dunphy,Doug Clove
Peggy Sue Owens,,,,,
Terrence Hayes,,,,,
Timur Ender,Terrence Hayes,,,,
Noah Ernst,Terrence Hayes,Joe Furi,Loretta Smith,Doug Clove,
Michael (Mike) Sands,Loretta Smith,Candace Avalos,Steph Routh,David Linn,Cayle Tern
Candace Avalos,Steph Routh,Timur Ender,Jamie Dunphy,Noah Ernst,Loretta Smith
Loretta Smith,,,,,
Candace Avalos,Cayle Tern,Terrence Hayes,,,
Loretta Smith,Doug Clove,Joe Allen,Jamie Dunphy,Thomas Shervey,Joe Furi
Noah Ernst,Terrence Hayes,Joe Furi,Loretta Smith,Doug Clove,Michael (Mike) Sands
Peggy Sue Owens,Loretta Smith,Cayle Tern,,,
Timur Ender,Candace Avalos,Cayle Tern,,,
Candace Avalos,Cayle Tern,Timur Ender,,,
Candace Avalos,David Linn,Jamie Dunphy,,,
Joe Allen,Jamie Dunphy,Terrence Hayes,,,
Timur Ender,Steph Routh,Jamie Dunphy,Cayle Tern,David Linn,
Candace Avalos,Steph Routh,Jamie Dunphy,,,
Jamie Dunphy,Candace Avalos,Terrence Hayes,David Linn,Steph Routh,Cayle Tern
Doug Clove,Timur Ender,Candace Avalos,Steph Routh,Loretta Smith,
Jamie Dunphy,Timur Ender,Steph Routh,Noah Ernst,David Linn,Terrence Hayes
Jamie Dunphy,Candace Avalos,Steph Routh,,,
Jamie Dunphy,Candace Avalos,Steph Routh,Joe Furi,Cayle Tern,Loretta Smith
Terrence Hayes,,,,,
Terrence Hayes,Noah Ernst,Joe Furi,Loretta Smith,Doug Clove,Write-in-120
Candace Avalos,Timur Ender,Loretta Smith,Jamie Dunphy,Terrence Hayes,Steph Routh
Candace Avalos,Timur Ender,Cayle Tern,Steph Routh,Jamie Dunphy,David Linn
Steph Routh,Loretta Smith,Timur Ender,Joe Allen,David Linn,Deian Salazar
Timur Ender,,,,,
Peggy Sue Owens,Timur Ender,Noah Ernst,,,
Timur Ender,Candace Avalos,Cayle Tern,Jamie Dunphy,Joe Furi,Terrence Hayes
Noah Ernst,Joe Allen,Doug Clove,Michael (Mike) Sands,Loretta Smith,
Jamie Dunphy,Candace Avalos,Timur Ender,,,
Terrence Hayes,Timur Ender,Michael (Mike) Sands,Noah Ernst,Deian Salazar,Thomas Shervey
Terrence Hayes,Loretta Smith,Jamie Dunphy,,,
Jamie Dunphy,Candace Avalos,Loretta Smith,Timur Ender,Steph Routh,Terrence Hayes
Steph Routh,,,,,
Loretta Smith,Terrence Hayes,Cayle Tern,,,
Candace Avalos,David Linn,Timur Ender,Jamie Dunphy,Doug Clove,Terrence Hayes
Loretta Smith,Michael (Mike) Sands,Steph Routh,,,
Candace Avalos,Cayle Tern,Timur Ender,Steph Routh,David Linn,Jamie Dunphy
Timur Ender,Loretta Smith,Jamie Dunphy,Steph Routh,Joe Furi,Candace Avalos
Steph Routh,Candace Avalos,Jamie Dunphy,Noah Ernst,,
David Linn,Candace Avalos,Timur Ender,,,
Noah Ernst,Cayle Tern,,,,
Candace Avalos,Loretta Smith,Terrence Hayes,Jamie Dunphy,Thomas Shervey,
Timur Ender,Candace Avalos,Loretta Smith,Cayle Tern,Terrence Hayes,Steph Routh
Candace Avalos,Joe Furi,Timur Ender,Noah Ernst,Doug Clove,Michael (Mike) Sands
Doug Clove,Loretta Smith,David Linn,Cayle Tern,Joe Allen,Timur Ender
Candace Avalos,Steph Routh,,,,
Steph Routh,Terrence Hayes,Michael (Mike) Sands,,,
Joe Furi,Joe Allen,Noah Ernst,Peggy Sue Owens,Deian Salazar,Jamie Dunphy
Michael (Mike) Sands,Steph Routh,Jamie Dunphy,Cayle Tern,Timur Ender,Candace Avalos
,,,,,
Joe Allen,David Linn,Doug Clove,Thomas Shervey,Steph Routh,
Thomas Shervey,Deian Salazar,Joe Allen,,,
Candace Avalos,Steph Routh,Cayle Tern,David Linn,Jamie Dunphy,
Timur Ender,Terrence Hayes,Thomas Shervey,Loretta Smith,Jamie Dunphy,Cayle Tern
Candace Avalos,Peggy Sue Owens,Cayle Tern,Loretta Smith,Steph Routh,Jamie Dunphy
Candace Avalos,Cayle Tern,Timur Ender,,,
Candace Avalos,,,,,
Joe Furi,,,,,
Loretta Smith,Jamie Dunphy,Candace Avalos,Steph Routh,Timur Ender,Terrence Hayes
Michael (Mike) Sands,Terrence Hayes,Steph Routh,,,
Steph Routh,Jamie Dunphy,,,,
Jamie Dunphy,Steph Routh,,,,
Loretta Smith,Terrence Hayes,Candace Avalos,,,
Michael (Mike) Sands,Loretta Smith,Timur Ender,David Linn,Candace Avalos,Doug Clove
Candace Avalos,Timur Ender,Doug Clove,Deian Salazar,Michael (Mike) Sands,Steph Routh
Candace Avalos,Jamie Dunphy,Joe Allen,,,
David Linn,Terrence Hayes,Timur Ender,Deian Salazar,Steph Routh,
Jamie Dunphy,,,,,
Deian Salazar,Noah Ernst,Doug Clove,Cayle Tern,Joe Furi,Loretta Smith
Loretta Smith,Steph Routh,,,,
Timur Ender,Thomas Shervey,Doug Clove,Loretta Smith,Steph Routh,Terrence Hayes
Noah Ernst,Loretta Smith,Terrence Hayes,,,
Candace Avalos,Loretta Smith,Terrence Hayes,,,
Noah Ernst,Loretta Smith,Michael (Mike) Sands,Joe Allen,Jamie Dunphy,Doug Clove
Candace Avalos,Terrence Hayes,Loretta Smith,Deian Salazar,Cayle Tern,Noah Ernst
Candace Avalos,Loretta Smith,Noah Ernst,Michael (Mike) Sands,,
Terrence Hayes,Timur Ender,Cayle Tern,Michael (Mike) Sands,Noah Ernst,Peggy Sue Owens
Timur Ender,Loretta Smith,Candace Avalos,,,
Steph Routh,,,,,
Jamie Dunphy,Deian Salazar,Noah Ernst,Steph Routh,Timur Ender,Cayle Tern
Jamie Dunphy,Candace Avalos,Steph Routh,Noah Ernst,David Linn,Loretta Smith
,,,,,
David Linn,,,,,
Terrence Hayes,Deian Salazar,David Linn,Steph Routh,Doug Clove,
Noah Ernst,Thomas Shervey,Joe Furi,Loretta Smith,Doug Clove,
Terrence Hayes,Noah Ernst,,,,
Candace Avalos,Cayle Tern,Timur Ender,,,
Joe Allen,,,,,
Terrence Hayes,Noah Ernst,Loretta Smith,,,
Loretta Smith,Terrence Hayes,Jamie Dunphy,Peggy Sue Owens,David Linn,Candace Avalos
Noah Ernst,,,,,
Candace Avalos,Steph Routh,Timur Ender,Jamie Dunphy,Loretta Smith,Terrence Hayes
Loretta Smith,Terrence Hayes,Candace Avalos,Timur Ender,,
Thomas Shervey,Steph Routh,Jamie Dunphy,,,
Jamie Dunphy,Noah Ernst,Joe Furi,Terrence Hayes,Doug Clove,Peggy Sue Owens
Loretta Smith,,,,,
Jamie Dunphy,Timur Ender,Steph Routh,Terrence Hayes,Loretta Smith,David Linn
Candace Avalos,Steph Routh,Jamie Dunphy,Timur Ender,Terrence Hayes,
Loretta Smith,David Linn,Timur Ender,Steph Routh,Michael (Mike) Sands,
Terrence Hayes,Noah Ernst,Doug Clove,,,
Jamie Dunphy,Candace Avalos,Steph Routh,,,
Loretta Smith,Jamie Dunphy,,,,
,,,,,
Timur Ender,Steph Routh,Candace Avalos,Jamie Dunphy,Cayle Tern,
Write-in-122,,,,,
Jamie Dunphy,Candace Avalos,Terrence Hayes,Noah Ernst,Loretta Smith,David Linn
Candace Avalos,Joe Furi,Terrence Hayes,Steph Routh,Loretta Smith,
Loretta Smith,,,,,
Candace Avalos,Steph Routh,Timur Ender,Jamie Dunphy,Loretta Smith,Cayle Tern
Steph Routh,Jamie Dunphy,,,,
Terrence Hayes,Noah Ernst,,,,
Noah Ernst,Terrence Hayes,Joe Furi,Loretta Smith,Doug Clove,Michael (Mike) Sands
Doug Clove,Noah Ernst,Deian Salazar,,,
Candace Avalos,Cayle Tern,Jamie Dunphy,Steph Routh,Deian Salazar,
Terrence Hayes,Noah Ernst,Joe Furi,Loretta Smith,Doug Clove,Write-in-120
Loretta Smith,Doug Clove,Terrence Hayes,Steph Routh,,
Candace Avalos,Steph Routh,Jamie Dunphy,Timur Ender,,
Timur Ender,Candace Avalos,,,,
Terrence Hayes,Jamie Dunphy,Joe Allen,Noah Ernst,Doug Clove,Timur Ender
Candace Avalos,Jamie Dunphy,Steph Routh,David Linn,Noah Ernst,
Terrence Hayes,Loretta Smith,Candace Avalos,Deian Salazar,Steph Routh,Cayle Tern
Cayle Tern,Loretta Smith,Jamie Dunphy,,,
Candace Avalos,,,,,
Loretta Smith,Doug Clove,Joe Allen,Steph Routh,Peggy Sue Owens,David Linn
Candace Avalos,Steph Routh,Timur Ender,Jamie Dunphy,Cayle Tern,Loretta Smith
Candace Avalos,Timur Ender,Steph Routh,Jamie Dunphy,,
Doug Clove,Deian Salazar,,,,
Candace Avalos,Loretta Smith,Timur Ender,Steph Routh,Jamie Dunphy,
Cayle Tern,Candace Avalos,Timur Ender,Noah Ernst,Joe Allen,Steph Routh
Loretta Smith,Doug Clove,David Linn,Noah Ernst,Terrence Hayes,Joe Furi
Terrence Hayes,,,,,
David Linn,,,,,
Jamie Dunphy,Candace Avalos,Steph Routh,,,
Cayle Tern,Steph Routh,Timur Ender,Candace Avalos,Jamie Dunphy,
Terrence Hayes,Thomas Shervey,Noah Ernst,,,
Candace Avalos,Steph Routh,,,,
Candace Avalos,Timur Ender,,,,
Peggy Sue Owens,Noah Ernst,,,,
Timur Ender,,,,,
Terrence Hayes,Loretta Smith,Timur Ender,Noah Ernst,Candace Avalos,Cayle Tern
Michael (Mike) Sands,,,,,
Terrence Hayes,Loretta Smith,Jamie Dunphy,,,
Jamie Dunphy,Steph Routh,Timur Ender,,,
Candace Avalos,Cayle Tern,Timur Ender,Terrence Hayes,Joe Allen,Michael (Mike) Sands
Candace Avalos,Timur Ender,Steph Routh,Jamie Dunphy,Cayle Tern,David Linn
Jamie Dunphy,Noah Ernst,Loretta Smith,Doug Clove,Michael (Mike) Sands,Cayle Tern
Candace Avalos,,,,,
Jamie Dunphy,Candace Avalos,Steph Routh,,,
Jamie Dunphy,Timur Ender,Steph Routh,Terrence Hayes,Candace Avalos,Loretta Smith
Candace Avalos,Timur Ender,Jamie Dunphy,Steph Routh,,
Loretta Smith,Jamie Dunphy,Candace Avalos,Steph Routh,Timur Ender,Doug Clove
Timur Ender,,,,,
David Linn,,,,,
Candace Avalos,Steph Routh,Loretta Smith,Timur Ender,Cayle Tern,Jamie Dunphy
Steph Routh,Candace Avalos,Doug Clove,Timur Ender,Deian Salazar,Noah Ernst
Loretta Smith,,,,,
Loretta Smith,Terrence Hayes,Joe Allen,Joe Furi,Steph Routh,Jamie Dunphy
Terrence Hayes,,,,,
Terrence Hayes,Michael (Mike) Sands,Doug Clove,David Linn,,
Steph Routh,Terrence Hayes,Loretta Smith,Jamie Dunphy,Timur Ender,
Candace Avalos,Deian Salazar,Peggy Sue Owens,Loretta Smith,Cayle Tern,Steph Routh
Candace Avalos,Timur Ender,David Linn,Steph Routh,Jamie Dunphy,Terrence Hayes
Loretta Smith,Michael (Mike) Sands,Peggy Sue Owens,Candace Avalos,Steph Routh,David Linn
Steph Routh,Timur Ender,Cayle Tern,,,
Terrence Hayes,,,,,
Candace Avalos,Cayle Tern,Timur Ender,Steph Routh,Jamie Dunphy,David Linn
,,,,,
Timur Ender,Candace Avalos,Steph Routh,Jamie Dunphy,Joe Allen,Michael (Mike) Sands
Steph Routh,Candace Avalos,Terrence Hayes,Noah Ernst,Thomas Shervey,Loretta Smith
Timur Ender,Candace Avalos,Jamie Dunphy,,,
Candace Avalos,Deian Salazar,Loretta Smith,Cayle Tern,Timur Ender,Joe Furi
Candace Avalos,,,,,
Joe Allen,,,,,
Steph Routh,Candace Avalos,Loretta Smith,,,
Jamie Dunphy,Timur Ender,Steph Routh,Loretta Smith,Candace Avalos,
Candace Avalos,Timur Ender,Steph Routh,Jamie Dunphy,,
Timur Ender,Loretta Smith,Candace Avalos,Steph Routh,Jamie Dunphy,Joe Allen
Candace Avalos,Terrence Hayes,Timur Ender,Steph Routh,Jamie Dunphy,Noah Ernst
Jamie Dunphy,Loretta Smith,Timur Ender,,,
Terrence Hayes,Timur Ender,,,,
Noah Ernst,Doug Clove,Terrence Hayes,Steph Routh,Jamie Dunphy,Thomas Shervey
Steph Routh,Loretta Smith,Peggy Sue Owens,Timur Ender,Candace Avalos,Noah Ernst
Timur Ender,Candace Avalos,David Linn,,,
Loretta Smith,Terrence Hayes,Timur Ender,Noah Ernst,,
,,,,,
Steph Routh,Timur Ender,Cayle Tern,Noah Ernst,Candace Avalos,Deian Salazar
Candace Avalos,Steph Routh,Timur Ender,Jamie Dunphy,David Linn,Cayle Tern
Candace Avalos,Steph Routh,Cayle Tern,Jamie Dunphy,,
Doug Clove,Deian Salazar,Thomas Shervey,Terrence Hayes,Steph Routh,
Noah Ernst,Timur Ender,Cayle Tern,David Linn,Steph Routh,Terrence Hayes
Joe Furi,,,,,
Timur Ender,Steph Routh,Jamie Dunphy,Candace Avalos,,
,,,,,
Terrence Hayes,Loretta Smith,Candace Avalos,Steph Routh,,
Terrence Hayes,Loretta Smith,David Linn,Noah Ernst,Candace Avalos,Deian Salazar
Candace Avalos,Steph Routh,Jamie Dunphy,,,
Terrence Hayes,Candace Avalos,Timur Ender,,,
Candace Avalos,Timur Ender,Cayle Tern,Noah Ernst,Deian Salazar,Joe Furi
Timur Ender,,,,,
Candace Avalos,Steph Routh,Jamie Dunphy,Timur Ender,Cayle Tern,David Linn
Candace Avalos,Loretta Smith,Terrence Hayes,Steph Routh,Jamie Dunphy,Michael (Mike) Sands
David Linn,Candace Avalos,,,,
Candace Avalos,Deian Salazar,Terrence Hayes,Timur Ender,Steph Routh,Jamie Dunphy
Candace Avalos,Steph Routh,Timur Ender,Jamie Dunphy,,
Noah Ernst,Loretta Smith,Terrence Hayes,,,
Terrence Hayes,Doug Clove,Jamie Dunphy,Cayle Tern,David Linn,Noah Ernst
Jamie Dunphy,Timur Ender,Noah Ernst,,,
Doug Clove,Thomas Shervey,,,,
Candace Avalos,Doug Clove,,,,
Cayle Tern,Candace Avalos,Terrence Hayes,,,
Candace Avalos,Steph Routh,Timur Ender,Jamie Dunphy,Terrence Hayes,Noah Ernst
Jamie Dunphy,Loretta Smith,Candace Avalos,David Linn,Steph Routh,Thomas Shervey
Terrence Hayes,Noah Ernst,Steph Routh,Doug Clove,Timur Ender,David Linn
Loretta Smith,Terrence Hayes,Jamie Dunphy,Candace Avalos,Noah Ernst,Steph Routh
David Linn,,,,,
Noah Ernst,Terrence Hayes,,,,
Loretta Smith,Peggy Sue Owens,,,,
Loretta Smith,Terrence Hayes,Jamie Dunphy,Timur Ender,Candace Avalos,
Jamie Dunphy,Candace Avalos,Steph Routh,David Linn,Loretta Smith,
Candace Avalos,Loretta Smith,Steph Routh,Timur Ender,Terrence Hayes,David Linn
Peggy Sue Owens,Candace Avalos,Loretta Smith,Steph Routh,,
Deian Salazar,Steph Routh,Doug Clove,Joe Allen,David Linn,Cayle Tern
Candace Avalos,Steph Routh,Loretta Smith,Timur Ender,Terrence Hayes,Deian Salazar
Doug Clove,Terrence Hayes,Steph Routh,Noah Ernst,Thomas Shervey,Candace Avalos
Doug Clove,,,,,
Steph Routh,Jamie Dunphy,Candace Avalos,,,
Loretta Smith,Terrence Hayes,,,,
Candace Avalos,Jamie Dunphy,Steph Routh,,,
Timur Ender,Candace Avalos,Noah Ernst,Loretta Smith,Terrence Hayes,Thomas Shervey
Loretta Smith,,,,,
Terrence Hayes,Steph Routh,Candace Avalos,Noah Ernst,Loretta Smith,Jamie Dunphy
Doug Clove,Terrence Hayes,Loretta Smith,Noah Ernst,Candace Avalos,
Terrence Hayes,Noah Ernst,Doug Clove,,,
Timur Ender,Loretta Smith,Jamie Dunphy,,,
Jamie Dunphy,Michael (Mike) Sands,Doug Clove,Timur Ender,Candace Avalos,David Linn
Jamie Dunphy,Candace Avalos,Noah Ernst,,,
Candace Avalos,Terrence Hayes,Cayle Tern,,,
Candace Avalos,Steph Routh,Timur Ender,Jamie Dunphy,,
Terrence Hayes,Deian Salazar,Candace Avalos,,,
Loretta Smith,,,,,
Candace Avalos,Terrence Hayes,Timur Ender,Cayle Tern,Deian Salazar,Steph Routh
David Linn,Noah Ernst,Terrence Hayes,Steph Routh,,
Doug Clove,Loretta Smith,Jamie Dunphy,Cayle Tern,Timur Ender,Joe Allen
Timur Ender,Candace Avalos,David Linn,Michael (Mike) Sands,Deian Salazar,Steph Routh
Candace Avalos,Cayle Tern,Jamie Dunphy,Steph Routh,David Linn,Noah Ernst
Noah Ernst,Terrence Hayes,Steph Routh,,,
Noah Ernst,,,,,
Steph Routh,Timur Ender,Candace Avalos,,,
Cayle Tern,Terrence Hayes,,,,
Candace Avalos,Cayle Tern,Timur Ender,,,
David Linn,Doug Clove,Michael (Mike) Sands,Noah Ernst,Cayle Tern,Loretta Smith
Candace Avalos,Timur Ender,Steph Routh,Jamie Dunphy,Cayle Tern,David Linn
Terrence Hayes,Loretta Smith,,,,
Candace Avalos,Jamie Dunphy,Timur Ender,David Linn,Thomas Shervey,Terrence Hayes
Noah Ernst,,,,,
Candace Avalos,Timur Ender,Joe Furi,Terrence Hayes,Loretta Smith,
Loretta Smith,Jamie Dunphy,Steph Routh,Timur Ender,Terrence Hayes,Candace Avalos
David Linn,Cayle Tern,Candace Avalos,Loretta Smith,Jamie Dunphy,Terrence Hayes
Loretta Smith,,,,,
Loretta Smith,David Linn,Jamie Dunphy,Cayle Tern,,
Loretta Smith,Steph Routh,Candace Avalos,,,
Jamie Dunphy,Steph Routh,Timur Ender,Candace Avalos,Cayle Tern,
David Linn,Candace Avalos,Deian Salazar,Peggy Sue Owens,Loretta Smith,Joe Allen
Loretta Smith,Noah Ernst,,,,
Timur Ender,,,,,
Loretta Smith,Candace Avalos,Terrence Hayes,,,
Loretta Smith,Noah Ernst,,,,
Joe Allen,Timur Ender,Candace Avalos,Loretta Smith,Terrence Hayes,Jamie Dunphy
Loretta Smith,Candace Avalos,Steph Routh,Timur Ender,Deian Salazar,Jamie Dunphy
Timur Ender,Terrence Hayes,Steph Routh,Candace Avalos,Loretta Smith,Cayle Tern
Steph Routh,Terrence Hayes,Jamie Dunphy,Candace Avalos,Timur Ender,Loretta Smith
Steph Routh,Timur Ender,Terrence Hayes,Noah Ernst,Jamie Dunphy,Candace Avalos
Loretta Smith,Terrence Hayes,Timur Ender,Steph Routh,David Linn,
Jamie Dunphy,Candace Avalos,Timur Ender,Steph Routh,David Linn,
Noah Ernst,,,,,
Candace Avalos,Loretta Smith,Jamie Dunphy,Steph Routh,,
Noah Ernst,Loretta Smith,Deian Salazar,,,
Loretta Smith,Candace Avalos,Noah Ernst,,,
Terrence Hayes,Timur Ender,Steph Routh,Candace Avalos,David Linn,Jamie Dunphy
Steph Routh,David Linn,Joe Allen,Jamie Dunphy,Joe Furi,Doug Clove
Peggy Sue Owens,Noah Ernst,,,,
Peggy Sue Owens,,,,,
Terrence Hayes,Timur Ender,Loretta Smith,Cayle Tern,,
Steph Routh,Thomas Shervey,Terrence Hayes,Loretta Smith,Deian Salazar,Joe Furi
Timur Ender,Michael (Mike) Sands,,,,
Steph Routh,Candace Avalos,David Linn,Timur Ender,Jamie Dunphy,Loretta Smith
Jamie Dunphy,Candace Avalos,Steph Routh,,,
David Linn,Doug Clove,Terrence Hayes,,,
Jamie Dunphy,Candace Avalos,Timur Ender,Doug Clove,Deian Salazar,Terrence Hayes
Jamie Dunphy,Steph Routh,Candace Avalos,,,
Peggy Sue Owens,,,,,
Candace Avalos,Steph Routh,Terrence Hayes,,,
Loretta Smith,Terrence Hayes,Noah Ernst,,,
Terrence Hayes,Candace Avalos,Noah Ernst,,,
Joe Allen,Candace Avalos,Doug Clove,Steph Routh,Michael (Mike) Sands,Cayle Tern
Doug Clove,Joe Allen,,,,
Timur Ender,David Linn,Terrence Hayes,,,
Jamie Dunphy,Candace Avalos,Timur Ender,Steph Routh,Loretta Smith,
Terrence Hayes,,,,,
Jamie Dunphy,Steph Routh,Candace Avalos,Thomas Shervey,Timur Ender,
Jamie Dunphy,Candace Avalos,Doug Clove,Steph Routh,Cayle Tern,Timur Ender
Steph Routh,Loretta Smith,Candace Avalos,David Linn,Terrence Hayes,Jamie Dunphy
Candace Avalos,Steph Routh,,,,
Steph Routh,David Linn,Timur Ender,,,
Noah Ernst,,,,,
Doug Clove,Noah Ernst,Joe Allen,Deian Salazar,,
Candace Avalos,Jamie Dunphy,Steph Routh,Michael (Mike) Sands,Timur Ender,Doug Clove
Thomas Shervey,Loretta Smith,David Linn,,,
Joe Allen,Thomas Shervey,Peggy Sue Owens,Steph Routh,Doug Clove,Noah Ernst
Loretta Smith,Candace Avalos,Michael (Mike) Sands,Joe Allen,Noah Ernst,Peggy Sue Owens
Jamie Dunphy,Steph Routh,Candace Avalos,Timur Ender,Deian Salazar,Joe Allen
Loretta Smith,Terrence Hayes,David Linn,Steph Routh,Jamie Dunphy,Candace Avalos
Steph Routh,Loretta Smith,Terrence Hayes,Candace Avalos,Timur Ender,
Joe Furi,,,,,
Steph Routh,Timur Ender,Loretta Smith,Terrence Hayes,Cayle Tern,Jamie Dunphy
Jamie Dunphy,Timur Ender,Candace Avalos,Steph Routh,Cayle Tern,Joe Allen
Steph Routh,,,,,
Terrence Hayes,Jamie Dunphy,,,,
Candace Avalos,Jamie Dunphy,Timur Ender,David Linn,Cayle Tern,
Candace Avalos,Steph Routh,Timur Ender,Jamie Dunphy,Loretta Smith,Cayle Tern
Timur Ender,David Linn,Michael (Mike) Sands,Steph Routh,Jamie Dunphy,
Noah Ernst,Terrence Hayes,Loretta Smith,,,
Jamie Dunphy,Candace Avalos,Steph Routh,,,
Timur Ender,Peggy Sue Owens,,,,
Michael (Mike) Sands,Jamie Dunphy,Candace Avalos,Timur Ender,Cayle Tern,Doug Clove
Deian Salazar,Candace Avalos,Loretta Smith,Cayle Tern,Peggy Sue Owens,Jamie Dunphy
Candace Avalos,Cayle Tern,Loretta Smith,Steph Routh,,
Terrence Hayes,Steph Routh,Candace Avalos,,,
,,,,,
Candace Avalos,Timur Ender,Deian Salazar,Terrence Hayes,Steph Routh,
Write-in-120,Write-in-121,Write-in-122,,,
Joe Furi,Joe Allen,Deian Salazar,Candace Avalos,David Linn,Steph Routh
Noah Ernst,Terrence Hayes,Loretta Smith,Michael (Mike) Sands,Thomas Shervey,Deian Salazar
Candace Avalos,,,,,
David Linn,,,,,
Candace Avalos,Jamie Dunphy,Terrence Hayes,Steph Routh,,
David Linn,Timur Ender,Joe Furi,Cayle Tern,Thomas Shervey,Doug Clove
Loretta Smith,Jamie Dunphy,Candace Avalos,Steph Routh,Timur Ender,Doug Clove
Candace Avalos,Jamie Dunphy,Steph Routh,Timur Ender,Loretta Smith,Joe Allen
Terrence Hayes,,,,,
Jamie Dunphy,Thomas Shervey,Timur Ender,Peggy Sue Owens,Michael (Mike) Sands,Noah Ernst
Candace Avalos,Cayle Tern,Timur Ender,Jamie Dunphy,Steph Routh,David Linn
Timur Ender,Loretta Smith,Michael (Mike) Sands,Candace Avalos,Steph Routh,Joe Furi
Loretta Smith,,,,,
Thomas Shervey,Jamie Dunphy,Michael (Mike) Sands,David Linn,Doug Clove,Noah Ernst
Joe Furi,Peggy Sue Owens,Loretta Smith,,,
Loretta Smith,Doug Clove,Terrence Hayes,,,
Peggy Sue Owens,,,,,
Loretta Smith,Noah Ernst,Terrence Hayes,Cayle Tern,Jamie Dunphy,
Loretta Smith,Steph Routh,Timur Ender,David Linn,Candace Avalos,
Candace Avalos,Timur Ender,Steph Routh,Jamie Dunphy,Cayle Tern,Thomas Shervey
Terrence Hayes,Timur Ender,Jamie Dunphy,Steph Routh,Noah Ernst,Candace Avalos
David Linn,Loretta Smith,Steph Routh,Terrence Hayes,Cayle Tern,Timur Ender
Cayle Tern,Candace Avalos,Michael (Mike) Sands,,,
Candace Avalos,Cayle Tern,Timur Ender,Jamie Dunphy,Steph Routh,David Linn
Candace Avalos,Steph Routh,Timur Ender,Jamie Dunphy,,
Michael (Mike) Sands,,,,,
Candace Avalos,Cayle Tern,Peggy Sue Owens,,,
Noah Ernst,David Linn,Jamie Dunphy,Steph Routh,Joe Allen,Timur Ender
Loretta Smith,Terrence Hayes,Steph Routh,Jamie Dunphy,David Linn,Candace Avalos
Thomas Shervey,Joe Furi,Loretta Smith,Cayle Tern,Doug Clove,Peggy Sue Owens
Peggy Sue Owens,David Linn,Loretta Smith,Terrence Hayes,Jamie Dunphy,Thomas Shervey
Candace Avalos,Jamie Dunphy,Timur Ender,David Linn,Cayle Tern,
Timur Ender,Steph Routh,Candace Avalos,Joe Allen,Loretta Smith,
Steph Routh,Michael (Mike) Sands,Peggy Sue Owens,David Linn,,
Candace Avalos,Jamie Dunphy,,,,
Steph Routh,Candace Avalos,Timur Ender,Jamie Dunphy,,
Timur Ender,Jamie Dunphy,Candace Avalos,Steph Routh,Michael (Mike) Sands,
Timur Ender,Loretta Smith,Steph Routh,Candace Avalos,,
Terrence Hayes,Timur Ender,,,,
Loretta Smith,,,,,
Thomas Shervey,Terrence Hayes,Jamie Dunphy,,,
Candace Avalos,Steph Routh,Timur Ender,Jamie Dunphy,David Linn,Cayle Tern
Loretta Smith,Thomas Shervey,Candace Avalos,,,
Timur Ender,Jamie Dunphy,Candace Avalos,Steph Routh,Terrence Hayes,Michael (Mike) Sands
Peggy Sue Owens,Doug Clove,Loretta Smith,Terrence Hayes,Write-in-120,
Loretta Smith,,,,,
Noah Ernst,Doug Clove,Jamie Dunphy,Joe Furi,,
David Linn,Terrence Hayes,Loretta Smith,,,
Terrence Hayes,Timur Ender,,,,
Jamie Dunphy,Steph Routh,Loretta Smith,,,
Timur Ender,,,,,
Terrence Hayes,,,,,
Loretta Smith,,,,,
David Linn,Doug Clove,Terrence Hayes,Loretta Smith,Jamie Dunphy,Peggy Sue Owens
Timur Ender,Steph Routh,Jamie Dunphy,,,
Candace Avalos,Peggy Sue Owens,Loretta Smith,Steph Routh,Jamie Dunphy,Cayle Tern
Jamie Dunphy,Steph Routh,Candace Avalos,Thomas Shervey,Timur Ender,
Noah Ernst,Joe Allen,Doug Clove,Thomas Shervey,Jamie Dunphy,Steph Routh
Steph Routh,Loretta Smith,Candace Avalos,Terrence Hayes,,
Terrence Hayes,Loretta Smith,Candace Avalos,Steph Routh,Thomas Shervey,Jamie Dunphy
Timur Ender,Candace Avalos,Terrence Hayes,,,
Terrence Hayes,Noah Ernst,Candace Avalos,Loretta Smith,Steph Routh,Peggy Sue Owens
Steph Routh,Terrence Hayes,Loretta Smith,Doug Clove,Candace Avalos,David Linn
Steph Routh,Jamie Dunphy,Timur Ender,Candace Avalos,Terrence Hayes,Michael (Mike) Sands
Cayle Tern,Jamie Dunphy,Timur Ender,,,
Peggy Sue Owens,Deian Salazar,,,,
Thomas Shervey,Joe Furi,Joe Allen,David Linn,Noah Ernst,Steph Routh
Timur Ender,Terrence Hayes,Steph Routh,Jamie Dunphy,Cayle Tern,Deian Salazar
Candace Avalos,Steph Routh,Timur Ender,Jamie Dunphy,,
Terrence Hayes,Steph Routh,Loretta Smith,Candace Avalos,Jamie Dunphy,Cayle Tern
Steph Routh,Jamie Dunphy,,,,
Loretta Smith,Terrence Hayes,Michael (Mike) Sands,,,
Loretta Smith,Steph Routh,Terrence Hayes,Timur Ender,Candace Avalos,Michael (Mike) Sands
Doug Clove,Loretta Smith,Steph Routh,Terrence Hayes,,
David Linn,Doug Clove,Michael (Mike) Sands,Thomas Shervey,Joe Furi,Joe Allen
Terrence Hayes,Joe Allen,Joe Furi,Jamie Dunphy,Peggy Sue Owens,David Linn
Terrence Hayes,Noah Ernst,Joe Furi,Loretta Smith,Doug Clove,Write-in-120
Michael (Mike) Sands,Joe Allen,Timur Ender,Steph Routh,Deian Salazar,Candace Avalos
Michael (Mike) Sands,Candace Avalos,David Linn,Loretta Smith,Steph Routh,Noah Ernst
Candace Avalos,Jamie Dunphy,Steph Routh,Timur Ender,Doug Clove,Cayle Tern
Loretta Smith,Candace Avalos,,,,
Michael (Mike) Sands,Loretta Smith,Cayle Tern,Candace Avalos,Jamie Dunphy,
David Linn,,,,,
Jamie Dunphy,Candace Avalos,Terrence Hayes,Deian Salazar,Cayle Tern,Steph Routh
Terrence Hayes,Steph Routh,Jamie Dunphy,,,
Candace Avalos,Steph Routh,Loretta Smith,Timur Ender,,
Candace Avalos,Steph Routh,,,,
Noah Ernst,Steph Routh,Terrence Hayes,,,
Steph Routh,Jamie Dunphy,Candace Avalos,Loretta Smith,,
Loretta Smith,Terrence Hayes,David Linn,,,
David Linn,Loretta Smith,Terrence Hayes,Steph Routh,Peggy Sue Owens,Noah Ernst
Noah Ernst,Doug Clove,Deian Salazar,,,
Jamie Dunphy,,,,,
Candace Avalos,Thomas Shervey,Timur Ender,,,
Jamie Dunphy,Candace Avalos,Steph Routh,Terrence Hayes,Loretta Smith,
Candace Avalos,,,,,
Joe Furi,,,,,
Steph Routh,Candace Avalos,Jamie Dunphy,,,
Timur Ender,Candace Avalos,Deian Salazar,Loretta Smith,Jamie Dunphy,
Loretta Smith,Candace Avalos,Peggy Sue Owens,Jamie Dunphy,Doug Clove,Michael (Mike) Sands
,,,,,
Loretta Smith,,,,,
,,,,,
Loretta Smith,Candace Avalos,Timur Ender,Terrence Hayes,Cayle Tern,Doug Clove
Steph Routh,Loretta Smith,Timur Ender,Candace Avalos,Deian Salazar,Jamie Dunphy
Candace Avalos,Cayle Tern,Timur Ender,Steph Routh,Jamie Dunphy,David Linn
Candace Avalos,Steph Routh,,,,
Jamie Dunphy,Candace Avalos,,,,
Jamie Dunphy,Steph Routh,Timur Ender,,,
Steph Routh,David Linn,Timur Ender,Loretta Smith,Terrence Hayes,Candace Avalos
Steph Routh,Peggy Sue Owens,Cayle Tern,Loretta Smith,Candace Avalos,Joe Furi
Steph Routh,Joe Allen,Michael (Mike) Sands,Cayle Tern,Loretta Smith,Deian Salazar
Timur Ender,Doug Clove,Loretta Smith,,,
Terrence Hayes,Noah Ernst,Loretta Smith,Jamie Dunphy,,
Michael (Mike) Sands,Thomas Shervey,Joe Allen,Noah Ernst,,
Thomas Shervey,Steph Routh,Timur Ender,,,
Loretta Smith,Jamie Dunphy,Timur Ender,Terrence Hayes,,
Candace Avalos,Jamie Dunphy,Steph Routh,Terrence Hayes,Timur Ender,Loretta Smith
Terrence Hayes,Loretta Smith,Steph Routh,Jamie Dunphy,,
Loretta Smith,Timur Ender,Terrence Hayes,Steph Routh,Candace Avalos,Joe Furi
Timur Ender,Loretta Smith,David Linn,,,
Peggy Sue Owens,,,,,
Timur Ender,David Linn,Candace Avalos,,,
Steph Routh,Loretta Smith,Candace Avalos,Jamie Dunphy,David Linn,Noah Ernst
Jamie Dunphy,Steph Routh,Timur Ender,Candace Avalos,David Linn,Cayle Tern
Joe Allen,Noah Ernst,Peggy Sue Owens,Deian Salazar,Doug Clove,Timur Ender
Noah Ernst,,,,,
Doug Clove,Deian Salazar,Joe Allen,Noah Ernst,Steph Routh,Joe Furi
Noah Ernst,Doug Clove,Loretta Smith,,,
Loretta Smith,Candace Avalos,Terrence Hayes,Timur Ender,Steph Routh,David Linn
Steph Routh,Timur Ender,Candace Avalos,,,
Noah Ernst,Terrence Hayes,Deian Salazar,,,
Timur Ender,Terrence Hayes,Joe Allen,Candace Avalos,Steph Routh,Michael (Mike) Sands
Jamie Dunphy,Loretta Smith,Steph Routh,Terrence Hayes,Timur Ender,Candace Avalos
Noah Ernst,Terrence Hayes,Steph Routh,Candace Avalos,,
David Linn,,,,,
Deian Salazar,Doug Clove,Noah Ernst,Timur Ender,,
Candace Avalos,Steph Routh,David Linn,Jamie Dunphy,,
Loretta Smith,Terrence Hayes,David Linn,Timur Ender,Candace Avalos,Cayle Tern
Loretta Smith,Michael (Mike) Sands,Joe Allen,Candace Avalos,Steph Routh,Jamie Dunphy
,,,,,
Candace Avalos,Terrence Hayes,Loretta Smith,Doug Clove,Steph Routh,Jamie Dunphy
Loretta Smith,Candace Avalos,Terrence Hayes,Timur Ender,Noah Ernst,
Loretta Smith,Terrence Hayes,Candace Avalos,,,
Candace Avalos,Timur Ender,Steph Routh,Loretta Smith,Cayle Tern,Jamie Dunphy
Candace Avalos,Timur Ender,Cayle Tern,Steph Routh,David Linn,Jamie Dunphy
,,,,,
Loretta Smith,Terrence Hayes,Candace Avalos,Deian Salazar,Peggy Sue Owens,
Doug Clove,Michael (Mike) Sands,Deian Salazar,Steph Routh,Jamie Dunphy,Cayle Tern
Timur Ender,Loretta Smith,Candace Avalos,Cayle Tern,Steph Routh,Jamie Dunphy
,,,,,
Loretta Smith,,,,,
Jamie Dunphy,Steph Routh,Candace Avalos,,,
Deian Salazar,,,,,
,,,,,
Noah Ernst,Deian Salazar,Candace Avalos,Cayle Tern,Thomas Shervey,Jamie Dunphy
Doug Clove,David Linn,,,,
Timur Ender,Candace Avalos,Steph Routh,Jamie Dunphy,,
Loretta Smith,Terrence Hayes,Steph Routh,,,
Loretta Smith,Candace Avalos,Steph Routh,Peggy Sue Owens,Joe Allen,Terrence Hayes
Candace Avalos,Loretta Smith,Steph Routh,David Linn,Peggy Sue Owens,Jamie Dunphy
Jamie Dunphy,Candace Avalos,Steph Routh,,,
Candace Avalos,Steph Routh,Jamie Dunphy,Timur Ender,,
Terrence Hayes,Michael (Mike) Sands,Noah Ernst,David Linn,Thomas Shervey,Doug Clove
Timur Ender,Noah Ernst,Candace Avalos,Joe Allen,David Linn,Cayle Tern
Noah Ernst,Deian Salazar,Terrence Hayes,,,
Candace Avalos,Steph Routh,Timur Ender,Jamie Dunphy,,
Noah Ernst,,,,,
Jamie Dunphy,Candace Avalos,Noah Ernst,,,
Michael (Mike) Sands,Steph Routh,Candace Avalos,Jamie Dunphy,,
Noah Ernst,Loretta Smith,,,,
Candace Avalos,Cayle Tern,Timur Ender,Steph Routh,Jamie Dunphy,David Linn
David Linn,Michael (Mike) Sands,Thomas Shervey,Steph Routh,Doug Clove,Joe Allen
Candace Avalos,Loretta Smith,Steph Routh,Jamie Dunphy,Joe Furi,Timur Ender
Joe Furi,Candace Avalos,Timur Ender,,,
Timur Ender,Candace Avalos,Cayle Tern,Joe Furi,Terrence Hayes,Steph Routh
Loretta Smith,David Linn,Peggy Sue Owens,Joe Allen,Deian Salazar,Jamie Dunphy
Thomas Shervey,Timur Ender,Candace Avalos,Cayle Tern,Steph Routh,Loretta Smith
Terrence Hayes,Deian Salazar,Loretta Smith,Candace Avalos,Peggy Sue Owens,Cayle Tern
David Linn,Cayle Tern,Doug Clove,Loretta Smith,Jamie Dunphy,Timur Ender
Jamie Dunphy,Noah Ernst,Loretta Smith,Steph Routh,Candace Avalos,Timur Ender
Timur Ender,Candace Avalos,Loretta Smith,Jamie Dunphy,Steph Routh,Deian Salazar
Loretta Smith,Terrence Hayes,Timur Ender,Steph Routh,,
Candace Avalos,Jamie Dunphy,Michael (Mike) Sands,Terrence Hayes,Joe Allen,Timur Ender
Jamie Dunphy,,,,,
Loretta Smith,Noah Ernst,Terrence Hayes,Candace Avalos,David Linn,
Timur Ender,Terrence Hayes,Steph Routh,Loretta Smith,,
Jamie Dunphy,,,,,
Michael (Mike) Sands,Peggy Sue Owens,Candace Avalos,David Linn,Joe Furi,Timur Ender
David Linn,Deian Salazar,Steph Routh,Loretta Smith,Thomas Shervey,Doug Clove
Deian Salazar,Thomas Shervey,Terrence Hayes,,,
Noah Ernst,Jamie Dunphy,Candace Avalos,David Linn,Loretta Smith,Steph Routh
Steph Routh,Loretta Smith,Doug Clove,Cayle Tern,Candace Avalos,David Linn
David Linn,Candace Avalos,Write-in-120,,,
Noah Ernst,,,,,
Candace Avalos,Cayle Tern,Timur Ender,,,
Loretta Smith,Timur Ender,Steph Routh,Doug Clove,,
Noah Ernst,Candace Avalos,Joe Allen,,,
Doug Clove,Deian Salazar,Joe Allen,Noah Ernst,Cayle Tern,Candace Avalos
Doug Clove,Michael (Mike) Sands,Steph Routh,,,
Candace Avalos,Cayle Tern,,,,
Terrence Hayes,Timur Ender,Noah Ernst,,,
Joe Allen,Joe Furi,Doug Clove,Thomas Shervey,Steph Routh,Jamie Dunphy
Noah Ernst,,,,,
Steph Routh,Candace Avalos,Jamie Dunphy,Terrence Hayes,Peggy Sue Owens,Deian Salazar
Doug Clove,,,,,
Jamie Dunphy,Candace Avalos,Steph Routh,,,
Noah Ernst,Joe Allen,Doug Clove,Terrence Hayes,David Linn,Steph Routh
Steph Routh,Timur Ender,Jamie Dunphy,Candace Avalos,Deian Salazar,Cayle Tern
Timur Ender,Loretta Smith,Steph Routh,Jamie Dunphy,,
Loretta Smith,Doug Clove,,,,
Candace Avalos,Deian Salazar,,,,
Candace Avalos,Joe Allen,Steph Routh,Jamie Dunphy,Thomas Shervey,Loretta Smith
Candace Avalos,Loretta Smith,Terrence Hayes,Jamie Dunphy,Steph Routh,Cayle Tern
Jamie Dunphy,Candace Avalos,Steph Routh,Timur Ender,,
David Linn,Terrence Hayes,Peggy Sue Owens,Michael (Mike) Sands,Joe Allen,Noah Ernst
Candace Avalos,Loretta Smith,Terrence Hayes,Cayle Tern,Deian Salazar,Steph Routh
Loretta Smith,Terrence Hayes,Deian Salazar,Candace Avalos,Cayle Tern,
Timur Ender,Joe Furi,Doug Clove,Terrence Hayes,Jamie Dunphy,Noah Ernst
Noah Ernst,Loretta Smith,Terrence Hayes,,,
Timur Ender,Candace Avalos,Steph Routh,Terrence Hayes,Noah Ernst,Loretta Smith
Loretta Smith,,,,,
,,,,,
Noah Ernst,Joe Allen,Loretta Smith,Terrence Hayes,,
Candace Avalos,Steph Routh,Timur Ender,Jamie Dunphy,Loretta Smith,Cayle Tern
Candace Avalos,Jamie Dunphy,Timur Ender,Steph Routh,,
Loretta Smith,Timur Ender,Jamie Dunphy,Doug Clove,Terrence Hayes,
Loretta Smith,Doug Clove,Steph Routh,Candace Avalos,David Linn,Deian Salazar
Loretta Smith,Doug Clove,Deian Salazar,,,
Doug Clove,,,,,
Noah Ernst,Terrence Hayes,David Linn,Michael (Mike) Sands,Doug Clove,Joe Allen
Jamie Dunphy,,,,,
Steph Routh,Loretta Smith,Terrence Hayes,Candace Avalos,Timur Ender,Jamie Dunphy
Jamie Dunphy,Steph Routh,Terrence Hayes,Noah Ernst,Candace Avalos,David Linn
Candace Avalos,Steph Routh,Timur Ender,Jamie Dunphy,Cayle Tern,Loretta Smith
Timur Ender,,,,,
David Linn,Cayle Tern,Doug Clove,Loretta Smith,Jamie Dunphy,Timur Ender
Candace Avalos,Timur Ender,Steph Routh,Jamie Dunphy,Cayle Tern,David Linn
Terrence Hayes,Timur Ender,Jamie Dunphy,Steph Routh,Noah Ernst,Candace Avalos
Doug Clove,Steph Routh,Loretta Smith,,,
Jamie Dunphy,Cayle Tern,David Linn,Steph Routh,Timur Ender,Candace Avalos
Candace Avalos,Steph Routh,Timur Ender,Thomas Shervey,David Linn,Jamie Dunphy
Doug Clove,Timur Ender,Noah Ernst,Cayle Tern,Steph Routh,Deian Salazar
Joe Allen,Loretta Smith,Jamie Dunphy,,,
Jamie Dunphy,Steph Routh,Terrence Hayes,Loretta Smith,Doug Clove,Timur Ender
Jamie Dunphy,,,,,
Terrence Hayes,Thomas Shervey,David Linn,Timur Ender,Noah Ernst,Peggy Sue Owens
Doug Clove,Thomas Shervey,Loretta Smith,,,
Loretta Smith,Terrence Hayes,Steph Routh,Cayle Tern,Michael (Mike) Sands,Peggy Sue Owens
Loretta Smith,Terrence Hayes,Timur Ender,Candace Avalos,Noah Ernst,Steph Routh
Steph Routh,Loretta Smith,Candace Avalos,Michael (Mike) Sands,Timur Ender,Cayle Tern
Terrence Hayes,Loretta Smith,Candace Avalos,,,
Noah Ernst,Terrence Hayes,Doug Clove,,,
Timur Ender,Michael (Mike) Sands,Terrence Hayes,Loretta Smith,Steph Routh,Doug Clove
Noah Ernst,Doug Clove,,,,
Steph Routh,Candace Avalos,Deian Salazar,Loretta Smith,Jamie Dunphy,Peggy Sue Owens
Noah Ernst,Loretta Smith,Steph Routh,,,
Doug Clove,Michael (Mike) Sands,Joe Furi,,,
Timur Ender,Deian Salazar,Doug Clove,Steph Routh,Loretta Smith,
Jamie Dunphy,Terrence Hayes,Steph Routh,Loretta Smith,Timur Ender,Michael (Mike) Sands
Joe Furi,Candace Avalos,David Linn,Peggy Sue Owens,Deian Salazar,Steph Routh
Terrence Hayes,Candace Avalos,,,,
Joe Allen,Thomas Shervey,Loretta Smith,Noah Ernst,David Linn,Doug Clove
Loretta Smith,Steph Routh,Jamie Dunphy,,,
Steph Routh,Timur Ender,Michael (Mike) Sands,Loretta Smith,Noah Ernst,David Linn
Timur Ender,Noah Ernst,David Linn,Joe Furi,Thomas Shervey,Jamie Dunphy
Noah Ernst,Loretta Smith,Steph Routh,Terrence Hayes,Joe Furi,Doug Clove
Noah Ernst,Terrence Hayes,Timur Ender,Candace Avalos,Jamie Dunphy,Loretta Smith
Jamie Dunphy,,,,,
Noah Ernst,Joe Furi,Loretta Smith,,,
Steph Routh,Joe Allen,Peggy Sue Owens,Loretta Smith,David Linn,Noah Ernst
Loretta Smith,Terrence Hayes,Candace Avalos,Steph Routh,Joe Furi,Cayle Tern
Noah Ernst,Terrence Hayes,,,,
Steph Routh,Timur Ender,Cayle Tern,Candace Avalos,Jamie Dunphy,Noah Ernst
Terrence Hayes,Doug Clove,Loretta Smith,,,
Joe Furi,Candace Avalos,Loretta Smith,Jamie Dunphy,Cayle Tern,Joe Allen
Candace Avalos,Steph Routh,Jamie Dunphy,Michael (Mike) Sands,Cayle Tern,David Linn
Timur Ender,Steph Routh,Jamie Dunphy,Candace Avalos,Terrence Hayes,Deian Salazar
Doug Clove,Deian Salazar,Terrence Hayes,Timur Ender,Joe Furi,David Linn
Cayle Tern,Loretta Smith,David Linn,Jamie Dunphy,,
Peggy Sue Owens,Candace Avalos,Loretta Smith,Steph Routh,Joe Allen,Doug Clove
Terrence Hayes,Loretta Smith,Candace Avalos,Steph Routh,Jamie Dunphy,David Linn
Timur Ender,Candace Avalos,Loretta Smith,Steph Routh,Jamie Dunphy,
Noah Ernst,Doug Clove,,,,
Steph Routh,Loretta Smith,Candace Avalos,Terrence Hayes,Cayle Tern,
Candace Avalos,,,,,
Loretta Smith,,,,,
Timur Ender,Steph Routh,Candace Avalos,David Linn,Cayle Tern,Jamie Dunphy
Candace Avalos,Terrence Hayes,Doug Clove,Loretta Smith,Timur Ender,Joe Allen
Joe Furi,,,,,
Timur Ender,Steph Routh,Jamie Dunphy,Candace Avalos,,
Jamie Dunphy,Loretta Smith,Terrence Hayes,Steph Routh,Candace Avalos,Timur Ender
,,,,,
Noah Ernst,Peggy Sue Owens,Doug Clove,,,
Terrence Hayes,,,,,
Steph Routh,Jamie Dunphy,Timur Ender,,,
Timur Ender,Candace Avalos,Terrence Hayes,Loretta Smith,Steph Routh,Jamie Dunphy
Jamie Dunphy,Candace Avalos,David Linn,,,
Michael (Mike) Sands,,,,,
David Linn,Jamie Dunphy,Steph Routh,,,
Timur Ender,Noah Ernst,Deian Salazar,Terrence Hayes,Steph Routh,Jamie Dunphy
Timur Ender,Jamie Dunphy,Steph Routh,Terrence Hayes,Thomas Shervey,Candace Avalos
,,,,,
Jamie Dunphy,Candace Avalos,Steph Routh,Noah Ernst,David Linn,Loretta Smith
Thomas Shervey,Michael (Mike) Sands,Doug Clove,Terrence Hayes,Steph Routh,Deian Salazar
Candace Avalos,Steph Routh,Jamie Dunphy,Timur Ender,Loretta Smith,
Noah Ernst,Doug Clove,Deian Salazar,Steph Routh,Loretta Smith,Joe Allen
Joe Allen,David Linn,Doug Clove,,,
Candace Avalos,Jamie Dunphy,Steph Routh,,,
Michael (Mike) Sands,Joe Allen,Steph Routh,,,
Timur Ender,Candace Avalos,Doug Clove,Loretta Smith,Steph Routh,
Jamie Dunphy,Candace Avalos,Cayle Tern,,,
Timur Ender,Jamie Dunphy,Loretta Smith,Deian Salazar,Steph Routh,Michael (Mike) Sands
Noah Ernst,,,,,
Loretta Smith,Noah Ernst,David Linn,Deian Salazar,Terrence Hayes,Candace Avalos
Joe Furi,Thomas Shervey,Noah Ernst,Timur Ender,Joe Allen,Candace Avalos
Joe Allen,Doug Clove,Deian Salazar,,,
Candace Avalos,Terrence Hayes,Jamie Dunphy,Thomas Shervey,Noah Ernst,Peggy Sue Owens
Timur Ender,Candace Avalos,Terrence Hayes,Jamie Dunphy,Loretta Smith,Steph Routh
Candace Avalos,Steph Routh,Timur Ender,Deian Salazar,Terrence Hayes,
Candace Avalos,Cayle Tern,Timur Ender,,,
Joe Allen,,,,,
Noah Ernst,Timur Ender,,,,
Steph Routh,Timur Ender,Candace Avalos,Jamie Dunphy,Cayle Tern,David Linn
Terrence Hayes,Loretta Smith,,,,
Joe Allen,Candace Avalos,Peggy Sue Owens,Thomas Shervey,Doug Clove,David Linn
Candace Avalos,Timur Ender,Steph Routh,Jamie Dunphy,Cayle Tern,David Linn
Candace Avalos,Cayle Tern,Timur Ender,,,
Jamie Dunphy,,,,,
Terrence Hayes,Noah Ernst,Joe Furi,Loretta Smith,Doug Clove,Write-in-120
Steph Routh,Terrence Hayes,Jamie Dunphy,Joe Allen,Timur Ender,Cayle Tern
Candace Avalos,Steph Routh,Cayle Tern,Michael (Mike) Sands,Jamie Dunphy,Timur Ender
Noah Ernst,Timur Ender,Terrence Hayes,Doug Clove,David Linn,Steph Routh
Timur Ender,Steph Routh,Candace Avalos,Terrence Hayes,Jamie Dunphy,Loretta Smith
Loretta Smith,Candace Avalos,Timur Ender,Terrence Hayes,Deian Salazar,Cayle Tern
Candace Avalos,Cayle Tern,Timur Ender,,,
Joe Allen,Noah Ernst,Doug Clove,,,
Candace Avalos,,,,,
Jamie Dunphy,Timur Ender,Steph Routh,Deian Salazar,Terrence Hayes,Cayle Tern
Candace Avalos,Steph Routh,Timur Ender,Jamie Dunphy,,
Candace Avalos,Cayle Tern,Timur Ender,,,
Steph Routh,Timur Ender,Jamie Dunphy,Cayle Tern,Candace Avalos,
Steph Routh,Loretta Smith,Terrence Hayes,,,
,,,,,
Candace Avalos,Peggy Sue Owens,Cayle Tern,Loretta Smith,Steph Routh,Jamie Dunphy
Jamie Dunphy,Candace Avalos,Steph Routh,Noah Ernst,David Linn,Loretta Smith
Noah Ernst,Timur Ender,David Linn,Joe Furi,Jamie Dunphy,Candace Avalos
,,,,,
Steph Routh,,,,,
Loretta Smith,Steph Routh,Terrence Hayes,,,
Timur Ender,Jamie Dunphy,Candace Avalos,Loretta Smith,Steph Routh,
Timur Ender,,,,,
Jamie Dunphy,Steph Routh,Candace Avalos,,,
Loretta Smith,,,,,
Steph Routh,Jamie Dunphy,,,,
Jamie Dunphy,David Linn,Peggy Sue Owens,Noah Ernst,Loretta Smith,Steph Routh
Steph Routh,Candace Avalos,Terrence Hayes,Jamie Dunphy,Loretta Smith,Cayle Tern
Terrence Hayes,Timur Ender,Steph Routh,Doug Clove,Cayle Tern,Loretta Smith
Noah Ernst,Peggy Sue Owens,Doug Clove,Steph Routh,Joe Furi,Joe Allen
Steph Routh,,,,,
Steph Routh,Candace Avalos,Cayle Tern,,,
Candace Avalos,Terrence Hayes,David Linn,Deian Salazar,Loretta Smith,Cayle Tern
Candace Avalos,Steph Routh,Timur Ender,,,
Candace Avalos,Timur Ender,Steph Routh,Jamie Dunphy,Cayle Tern,David Linn
David Linn,Loretta Smith,Candace Avalos,Jamie Dunphy,Doug Clove,Cayle Tern
Loretta Smith,,,,,
Terrence Hayes,Loretta Smith,Steph Routh,Candace Avalos,Timur Ender,
Timur Ender,David Linn,Jamie Dunphy,Steph Routh,Candace Avalos,
Timur Ender,Cayle Tern,Loretta Smith,Terrence Hayes,Thomas Shervey,Jamie Dunphy
Timur Ender,,,,,
Candace Avalos,Steph Routh,Timur Ender,Jamie Dunphy,Loretta Smith,Noah Ernst
Doug Clove,,,,,
Noah Ernst,,,,,
Candace Avalos,Timur Ender,Steph Routh,Jamie Dunphy,Cayle Tern,David Linn
Noah Ernst,Cayle Tern,Timur Ender,David Linn,Candace Avalos,Loretta Smith
Candace Avalos,Loretta Smith,Terrence Hayes,Jamie Dunphy,Steph Routh,Timur Ender
Loretta Smith,Candace Avalos,Steph Routh,Terrence Hayes,Cayle Tern,Deian Salazar
Loretta Smith,Terrence Hayes,,,,
Timur Ender,Joe Allen,David Linn,Loretta Smith,Cayle Tern,Candace Avalos
Thomas Shervey,Joe Allen,Joe Furi,,,
Terrence Hayes,Jamie Dunphy,Noah Ernst,Deian Salazar,David Linn,Joe Furi
Loretta Smith,Jamie Dunphy,Joe Allen,Peggy Sue Owens,Candace Avalos,Joe Furi
Candace Avalos,Loretta Smith,,,,
Noah Ernst,Doug Clove,Joe Furi,Terrence Hayes,Loretta Smith,
Noah Ernst,Terrence Hayes,Loretta Smith,,,
Joe Allen,Michael (Mike) Sands,Cayle Tern,,,
Doug Clove,,,,,
Jamie Dunphy,Candace Avalos,Steph Routh,,,
Peggy Sue Owens,,,,,
Candace Avalos,Steph Routh,Timur Ender,,,
Jamie Dunphy,,,,,
Timur Ender,Joe Furi,David Linn,Candace Avalos,Noah Ernst,Joe Allen
Timur Ender,Doug Clove,Jamie Dunphy,Joe Furi,Loretta Smith,Candace Avalos
Candace Avalos,Doug Clove,Jamie Dunphy,,,
Jamie Dunphy,Candace Avalos,Steph Routh,Noah Ernst,David Linn,Loretta Smith
Loretta Smith,Steph Routh,Candace Avalos,David Linn,Timur Ender,Terrence Hayes
Terrence Hayes,Steph Routh,Jamie Dunphy,,,
Timur Ender,Cayle Tern,Noah Ernst,Candace Avalos,,
Candace Avalos,Steph Routh,Timur Ender,Jamie Dunphy,,
Joe Furi,Joe Allen,Peggy Sue Owens,Candace Avalos,David Linn,Cayle Tern
Timur Ender,Candace Avalos,David Linn,Doug Clove,Michael (Mike) Sands,Terrence Hayes
Steph Routh,,,,,
Terrence Hayes,Loretta Smith,Deian Salazar,Cayle Tern,Timur Ender,Doug Clove
Terrence Hayes,Loretta Smith,David Linn,,,
David Linn,Peggy Sue Owens,Joe Furi,Timur Ender,,
Terrence Hayes,Loretta Smith,Steph Routh,Deian Salazar,,
Jamie Dunphy,Timur Ender,David Linn,,,
Michael (Mike) Sands,,,,,
Timur Ender,Noah Ernst,Candace Avalos,Deian Salazar,Loretta Smith,Jamie Dunphy
Candace Avalos,Steph Routh,Timur Ender,Jamie Dunphy,Cayle Tern,David Linn
David Linn,,,,,
Loretta Smith,,,,,
Jamie Dunphy,Timur Ender,Steph Routh,Candace Avalos,Cayle Tern,
Candace Avalos,Timur Ender,Cayle Tern,Noah Ernst,Deian Salazar,Joe Furi
Michael (Mike) Sands,Timur Ender,Noah Ernst,Loretta Smith,David Linn,Candace Avalos
Peggy Sue Owens,Cayle Tern,Loretta Smith,Steph Routh,Joe Furi,David Linn
Jamie Dunphy,,,,,
Jamie Dunphy,Steph Routh,,,,
Terrence Hayes,Noah Ernst,Loretta Smith,Steph Routh,Jamie Dunphy,
Loretta Smith,David Linn,Steph Routh,Terrence Hayes,Jamie Dunphy,Candace Avalos
David Linn,Timur Ender,,,,
Doug Clove,Noah Ernst,Loretta Smith,Terrence Hayes,Deian Salazar,Steph Routh
Doug Clove,Noah Ernst,Terrence Hayes,,,
Joe Allen,Michael (Mike) Sands,David Linn,,,
Terrence Hayes,Loretta Smith,Noah Ernst,,,
Cayle Tern,Loretta Smith,David Linn,Jamie Dunphy,,
Terrence Hayes,Noah Ernst,Joe Furi,Loretta Smith,Doug Clove,Write-in-120
Timur Ender,Candace Avalos,Jamie Dunphy,David Linn,Cayle Tern,Steph Routh
Timur Ender,Steph Routh,Jamie Dunphy,Terrence Hayes,,
Doug Clove,Noah Ernst,Steph Routh,,,
Loretta Smith,Steph Routh,Write-in-120,Joe Allen,Cayle Tern,
Timur Ender,Candace Avalos,Steph Routh,Jamie Dunphy,Deian Salazar,
Candace Avalos,,,,,
Steph Routh,David Linn,Terrence Hayes,Loretta Smith,,
Noah Ernst,Terrence Hayes,David Linn,Jamie Dunphy,Loretta Smith,Joe Furi
Timur Ender,Steph Routh,Jamie Dunphy,Candace Avalos,Cayle Tern,Terrence Hayes
Steph Routh,Timur Ender,Candace Avalos,David Linn,Cayle Tern,
Loretta Smith,Terrence Hayes,Steph Routh,,,
Steph Routh,Jamie Dunphy,Candace Avalos,Loretta Smith,,
Terrence Hayes,,,,,
Jamie Dunphy,Candace Avalos,,,,
Candace Avalos,Jamie Dunphy,Timur Ender,Cayle Tern,Steph Routh,Thomas Shervey
Steph Routh,Doug Clove,Noah Ernst,Joe Furi,Joe Allen,David Linn
Deian Salazar,,,,,
Candace Avalos,Thomas Shervey,Timur Ender,,,
Peggy Sue Owens,Candace Avalos,Noah Ernst,Timur Ender,,
Noah Ernst,Deian Salazar,Terrence Hayes,,,
Terrence Hayes,Noah Ernst,Timur Ender,David Linn,Peggy Sue Owens,Joe Furi
Noah Ernst,Doug Clove,Loretta Smith,Candace Avalos,,
Deian Salazar,Terrence Hayes,,,,
Jamie Dunphy,Steph Routh,Candace Avalos,,,
Candace Avalos,Noah Ernst,Steph Routh,Timur Ender,Jamie Dunphy,
Steph Routh,Jamie Dunphy,Timur Ender,,,
Terrence Hayes,Timur Ender,Candace Avalos,David Linn,Jamie Dunphy,Thomas Shervey
Terrence Hayes,Jamie Dunphy,Steph Routh,Timur Ender,Candace Avalos,Noah Ernst
Doug Clove,Noah Ernst,Terrence Hayes,,,
Candace Avalos,Timur Ender,Cayle Tern,Loretta Smith,Terrence Hayes,Steph Routh
Candace Avalos,Steph Routh,Jamie Dunphy,Timur Ender,Cayle Tern,
Noah Ernst,Terrence Hayes,Peggy Sue Owens,David Linn,Michael (Mike) Sands,
Candace Avalos,Cayle Tern,Loretta Smith,Steph Routh,Peggy Sue Owens,Joe Furi
Jamie Dunphy,Loretta Smith,Steph Routh,Terrence Hayes,Deian Salazar,Timur Ender
Candace Avalos,Steph Routh,Jamie Dunphy,,,
Candace Avalos,,,,,
Candace Avalos,Timur Ender,Steph Routh,,,
Steph Routh,Candace Avalos,Loretta Smith,Terrence Hayes,,
Noah Ernst,David Linn,Deian Salazar,Terrence Hayes,Loretta Smith,Candace Avalos
Jamie Dunphy,Candace Avalos,Steph Routh,,,
Terrence Hayes,Noah Ernst,Candace Avalos,,,
Terrence Hayes,Noah Ernst,Loretta Smith,Timur Ender,Steph Routh,
Steph Routh,Terrence Hayes,Jamie Dunphy,Timur Ender,Noah Ernst,David Linn
Steph Routh,Jamie Dunphy,Timur Ender,,,
Jamie Dunphy,Steph Routh,Candace Avalos,Noah Ernst,Terrence Hayes,Cayle Tern
Steph Routh,Candace Avalos,Timur Ender,Jamie Dunphy,Cayle Tern,David Linn
Candace Avalos,Loretta Smith,Terrence Hayes,Cayle Tern,,
David Linn,Cayle Tern,Terrence Hayes,,,
Candace Avalos,Cayle Tern,,,,
Jamie Dunphy,Steph Routh,Loretta Smith,Noah Ernst,,
Steph Routh,Candace Avalos,Timur Ender,Jamie Dunphy,Terrence Hayes,Joe Furi
Candace Avalos,Deian Salazar,Loretta Smith,Steph Routh,Peggy Sue Owens,Jamie Dunphy
Loretta Smith,Steph Routh,Timur Ender,Terrence Hayes,Jamie Dunphy,Candace Avalos
Loretta Smith,Cayle Tern,Jamie Dunphy,Candace Avalos,Terrence Hayes,Noah Ernst
Jamie Dunphy,,,,,
Jamie Dunphy,Steph Routh,Candace Avalos,Timur Ender,Loretta Smith,Cayle Tern
Noah Ernst,Doug Clove,Michael (Mike) Sands,Terrence Hayes,,
Candace Avalos,Steph Routh,Loretta Smith,Timur Ender,Cayle Tern,Jamie Dunphy
Jamie Dunphy,,,,,
Noah Ernst,David Linn,Thomas Shervey,Michael (Mike) Sands,Doug Clove,Candace Avalos
Joe Allen,,,,,
Jamie Dunphy,Steph Routh,Peggy Sue Owens,Candace Avalos,,
Jamie Dunphy,Loretta Smith,Terrence Hayes,Steph Routh,Noah Ernst,Timur Ender
Noah Ernst,,,,,
Loretta Smith,Terrence Hayes,Candace Avalos,Steph Routh,,
Steph Routh,Candace Avalos,Noah Ernst,Terrence Hayes,Jamie Dunphy,Loretta Smith
Noah Ernst,Joe Allen,David Linn,Terrence Hayes,Steph Routh,Michael (Mike) Sands
Terrence Hayes,Noah Ernst,Steph Routh,,,
Loretta Smith,Steph Routh,Terrence Hayes,,,
Candace Avalos,Loretta Smith,Steph Routh,Jamie Dunphy,Terrence Hayes,Thomas Shervey
Loretta Smith,Candace Avalos,Steph Routh,Terrence Hayes,Cayle Tern,Deian Salazar
Steph Routh,Candace Avalos,Timur Ender,Loretta Smith,,
Candace Avalos,Cayle Tern,Loretta Smith,Terrence Hayes,Steph Routh,David Linn
Jamie Dunphy,Loretta Smith,Terrence Hayes,Steph Routh,,
Noah Ernst,Doug Clove,Deian Salazar,,,
Noah Ernst,,,,,
Joe Furi,Deian Salazar,Timur Ender,Peggy Sue Owens,Noah Ernst,Doug Clove
Loretta Smith,Candace Avalos,Cayle Tern,,,
Candace Avalos,Cayle Tern,Timur Ender,Steph Routh,Jamie Dunphy,Terrence Hayes
Terrence Hayes,,,,,
Steph Routh,Timur Ender,Candace Avalos,David Linn,Cayle Tern,Terrence Hayes
Doug Clove,Deian Salazar,Terrence Hayes,Noah Ernst,Joe Furi,David Linn
Candace Avalos,Deian Salazar,,,,
Timur Ender,Jamie Dunphy,Candace Avalos,Steph Routh,Cayle Tern,David Linn
Noah Ernst,Terrence Hayes,Joe Furi,Loretta Smith,Doug Clove,
Peggy Sue Owens,,,,,
Noah Ernst,Terrence Hayes,Joe Furi,Loretta Smith,Doug Clove,
Timur Ender,Loretta Smith,Candace Avalos,Joe Allen,Terrence Hayes,Steph Routh
Cayle Tern,Joe Furi,Deian Salazar,Loretta Smith,,
Loretta Smith,,,,,
Candace Avalos,Steph Routh,Jamie Dunphy,,,
Doug Clove,,,,,
Jamie Dunphy,Candace Avalos,Steph Routh,Noah Ernst,David Linn,Loretta Smith
Steph Routh,Timur Ender,Jamie Dunphy,,,
Candace Avalos,,,,,
Joe Furi,Noah Ernst,Doug Clove,Deian Salazar,Terrence Hayes,
Timur Ender,Jamie Dunphy,Steph Routh,,,
Michael (Mike) Sands,Noah Ernst,Doug Clove,Deian Salazar,Loretta Smith,Candace Avalos
Jamie Dunphy,Steph Routh,Candace Avalos,,,
Jamie Dunphy,Steph Routh,Cayle Tern,Loretta Smith,David Linn,Candace Avalos
Steph Routh,Noah Ernst,Michael (Mike) Sands,Loretta Smith,Thomas Shervey,Joe Furi
Noah Ernst,Terrence Hayes,Joe Furi,Loretta Smith,Doug Clove,
Cayle Tern,Terrence Hayes,Steph Routh,Loretta Smith,Michael (Mike) Sands,Joe Furi
Terrence Hayes,Steph Routh,Jamie Dunphy,Noah Ernst,,
Loretta Smith,Candace Avalos,Steph Routh,Terrence Hayes,Jamie Dunphy,David Linn
Timur Ender,Steph Routh,Jamie Dunphy,David Linn,Loretta Smith,Terrence Hayes
Candace Avalos,Timur Ender,Jamie Dunphy,Steph Routh,Terrence Hayes,Loretta Smith
Steph Routh,Jamie Dunphy,Loretta Smith,Timur Ender,David Linn,
Terrence Hayes,Steph Routh,Loretta Smith,Jamie Dunphy,,
Noah Ernst,David Linn,Deian Salazar,Loretta Smith,Steph Routh,Jamie Dunphy
Jamie Dunphy,Candace Avalos,Steph Routh,,,
Loretta Smith,Joe Allen,Michael (Mike) Sands,Peggy Sue Owens,David Linn,Thomas Shervey
Terrence Hayes,Noah Ernst,Candace Avalos,,,
Jamie Dunphy,Candace Avalos,Steph Routh,,,
Loretta Smith,Terrence Hayes,Steph Routh,Timur Ender,Candace Avalos,Cayle Tern
Terrence Hayes,Jamie Dunphy,,,,
Noah Ernst,Terrence Hayes,Loretta Smith,Doug Clove,David Linn,Deian Salazar
Loretta Smith,Timur Ender,Candace Avalos,Cayle Tern,Terrence Hayes,Jamie Dunphy
Terrence Hayes,Noah Ernst,Candace Avalos,,,
Doug Clove,Joe Furi,David Linn,Peggy Sue Owens,Deian Salazar,Candace Avalos
Doug Clove,Thomas Shervey,Joe Allen,,,
Loretta Smith,Steph Routh,Candace Avalos,Noah Ernst,David Linn,Terrence Hayes
Terrence Hayes,Deian Salazar,Candace Avalos,Loretta Smith,,
Deian Salazar,Candace Avalos,Michael (Mike) Sands,Joe Allen,Noah Ernst,David Linn
David Linn,Noah Ernst,Candace Avalos,,,
Noah Ernst,Steph Routh,Loretta Smith,,,
Michael (Mike) Sands,Noah Ernst,Doug Clove,Loretta Smith,Candace Avalos,
Jamie Dunphy,Candace Avalos,Steph Routh,Noah Ernst,David Linn,Terrence Hayes
Candace Avalos,Timur Ender,Deian Salazar,Loretta Smith,Steph Routh,Terrence Hayes
Noah Ernst,,,,,
Timur Ender,Steph Routh,Jamie Dunphy,Candace Avalos,Cayle Tern,
Candace Avalos,Steph Routh,Cayle Tern,Terrence Hayes,Jamie Dunphy,Joe Furi
Candace Avalos,Loretta Smith,Steph Routh,,,
Candace Avalos,Steph Routh,Timur Ender,Jamie Dunphy,,
Joe Allen,Doug Clove,Michael (Mike) Sands,Thomas Shervey,Joe Furi,Cayle Tern
Candace Avalos,Loretta Smith,Terrence Hayes,,,
Candace Avalos,Jamie Dunphy,Steph Routh,Timur Ender,,
Loretta Smith,Michael (Mike) Sands,Joe Allen,Noah Ernst,Thomas Shervey,Jamie Dunphy
Thomas Shervey,Terrence Hayes,Michael (Mike) Sands,Joe Allen,David Linn,Doug Clove
Timur Ender,Steph Routh,Candace Avalos,,,
Candace Avalos,Joe Allen,Doug Clove,Joe Furi,Michael (Mike) Sands,Thomas Shervey
Jamie Dunphy,Steph Routh,Candace Avalos,,,
,,,,,
Candace Avalos,Loretta Smith,Steph Routh,Timur Ender,Cayle Tern,David Linn
Candace Avalos,Cayle Tern,David Linn,Steph Routh,,
Jamie Dunphy,Candace Avalos,Timur Ender,Steph Routh,,
Cayle Tern,Loretta Smith,,,,
Noah Ernst,,,,,
Terrence Hayes,David Linn,Loretta Smith,Steph Routh,Jamie Dunphy,Candace Avalos
Terrence Hayes,Timur Ender,Noah Ernst,,,
Candace Avalos,Steph Routh,Timur Ender,Jamie Dunphy,,
Steph Routh,Loretta Smith,Terrence Hayes,,,
Peggy Sue Owens,Candace Avalos,Cayle Tern,Loretta Smith,Steph Routh,Jamie Dunphy
Loretta Smith,Jamie Dunphy,David Linn,,,
Thomas Shervey,Doug Clove,Steph Routh,Joe Allen,Joe Furi,Peggy Sue Owens
Terrence Hayes,Loretta Smith,Thomas Shervey,,,
Jamie Dunphy,Thomas Shervey,Terrence Hayes,Michael (Mike) Sands,David Linn,Timur Ender
Noah Ernst,Joe Allen,Loretta Smith,Michael (Mike) Sands,,
Timur Ender,Noah Ernst,Cayle Tern,Michael (Mike) Sands,Terrence Hayes,Loretta Smith
,,,,,
Terrence Hayes,Noah Ernst,Doug Clove,,,
Noah Ernst,Doug Clove,Jamie Dunphy,Terrence Hayes,,
Terrence Hayes,Noah Ernst,Joe Furi,Loretta Smith,Doug Clove,Write-in-120
Doug Clove,Michael (Mike) Sands,Thomas Shervey,Steph Routh,Joe Furi,David Linn
Michael (Mike) Sands,,,,,
Loretta Smith,Candace Avalos,Cayle Tern,Steph Routh,,
Loretta Smith,,,,,
Loretta Smith,Candace Avalos,Timur Ender,Terrence Hayes,Deian Salazar,Cayle Tern
Loretta Smith,Steph Routh,Jamie Dunphy,Timur Ender,Terrence Hayes,Candace Avalos
Timur Ender,,,,,
,,,,,
Joe Allen,Noah Ernst,Peggy Sue Owens,David Linn,Cayle Tern,Steph Routh
Loretta Smith,Peggy Sue Owens,Candace Avalos,Deian Salazar,Steph Routh,
Doug Clove,,,,,
Steph Routh,Candace Avalos,Loretta Smith,,,
Noah Ernst,,,,,
Cayle Tern,Jamie Dunphy,,,,
Jamie Dunphy,Loretta Smith,Doug Clove,David Linn,Joe Allen,Peggy Sue Owens
Joe Furi,Deian Salazar,Loretta Smith,Candace Avalos,Jamie Dunphy,Peggy Sue Owens
Doug Clove,,,,,
David Linn,Steph Routh,Candace Avalos,Jamie Dunphy,Noah Ernst,Loretta Smith
Candace Avalos,Steph Routh,Timur Ender,Jamie Dunphy,,
Doug Clove,Cayle Tern,Joe Allen,Peggy Sue Owens,Noah Ernst,Timur Ender
Noah Ernst,Doug Clove,Terrence Hayes,,,
Candace Avalos,Timur Ender,,,,
Candace Avalos,Timur Ender,Steph Routh,Cayle Tern,Jamie Dunphy,David Linn
Loretta Smith,Candace Avalos,Write-in-120,,,
Candace Avalos,Steph Routh,Jamie Dunphy,,,
Loretta Smith,Steph Routh,Timur Ender,Noah Ernst,Terrence Hayes,Candace Avalos
Candace Avalos,,,,,
Loretta Smith,Candace Avalos,David Linn,Steph Routh,Timur Ender,Jamie Dunphy
Steph Routh,Jamie Dunphy,Timur Ender,Candace Avalos,,
Loretta Smith,,,,,
David Linn,Michael (Mike) Sands,,,,
Loretta Smith,,,,,
Terrence Hayes,Noah Ernst,Joe Furi,Loretta Smith,Doug Clove,Write-in-120
Jamie Dunphy,Candace Avalos,Steph Routh,,,
Deian Salazar,,,,,
Loretta Smith,Noah Ernst,Jamie Dunphy,Candace Avalos,Terrence Hayes,Timur Ender
Jamie Dunphy,Candace Avalos,Terrence Hayes,Steph Routh,Noah Ernst,Cayle Tern
Candace Avalos,Michael (Mike) Sands,Steph Routh,Cayle Tern,Joe Furi,Timur Ender
Jamie Dunphy,Terrence Hayes,Steph Routh,Candace Avalos,,
Loretta Smith,,,,,
Timur Ender,Candace Avalos,Loretta Smith,,,
Joe Allen,,,,,
Jamie Dunphy,Steph Routh,,,,
Loretta Smith,Terrence Hayes,,,,
Jamie Dunphy,Steph Routh,Timur Ender,Candace Avalos,Michael (Mike) Sands,Loretta Smith
Loretta Smith,,,,,
Candace Avalos,Loretta Smith,Steph Routh,,,
Candace Avalos,Timur Ender,Terrence Hayes,Steph Routh,David Linn,Cayle Tern
Candace Avalos,Steph Routh,Timur Ender,Loretta Smith,,
Cayle Tern,Deian Salazar,Timur Ender,Terrence Hayes,Steph Routh,Candace Avalos
Candace Avalos,Cayle Tern,Steph Routh,Jamie Dunphy,Timur Ender,
Jamie Dunphy,Steph Routh,Terrence Hayes,Timur Ender,David Linn,Cayle Tern
Timur Ender,Candace Avalos,Loretta Smith,,,
Jamie Dunphy,Candace Avalos,Steph Routh,,,
Michael (Mike) Sands,David Linn,Steph Routh,Deian Salazar,Doug Clove,Joe Allen
Timur Ender,Candace Avalos,Cayle Tern,Terrence Hayes,Jamie Dunphy,Loretta Smith
Steph Routh,Candace Avalos,Jamie Dunphy,,,
Candace Avalos,Timur Ender,Steph Routh,Jamie Dunphy,,
Timur Ender,Terrence Hayes,Loretta Smith,Steph Routh,,
Loretta Smith,,,,,
Candace Avalos,Cayle Tern,Timur Ender,,,
Candace Avalos,Jamie Dunphy,Loretta Smith,Steph Routh,Cayle Tern,David Linn
Steph Routh,Jamie Dunphy,Timur Ender,Candace Avalos,,
Terrence Hayes,Deian Salazar,Candace Avalos,Loretta Smith,,
Loretta Smith,Terrence Hayes,Candace Avalos,,,
Terrence Hayes,Loretta Smith,Timur Ender,Candace Avalos,Steph Routh,Peggy Sue Owens
Deian Salazar,Noah Ernst,Doug Clove,Terrence Hayes,Loretta Smith,Jamie Dunphy
Timur Ender,Jamie Dunphy,Steph Routh,Candace Avalos,,
Jamie Dunphy,Steph Routh,Candace Avalos,,,
Joe Allen,Thomas Shervey,Michael (Mike) Sands,Jamie Dunphy,Terrence Hayes,Cayle Tern
Steph Routh,Loretta Smith,Noah Ernst,Timur Ender,Candace Avalos,Jamie Dunphy
Terrence Hayes,Peggy Sue Owens,Joe Allen,Loretta Smith,Cayle Tern,Candace Avalos
Loretta Smith,,,,,
Candace Avalos,Steph Routh,Timur Ender,David Linn,Jamie Dunphy,
Terrence Hayes,Jamie Dunphy,Noah Ernst,,,
Loretta Smith,,,,,
Jamie Dunphy,Candace Avalos,Steph Routh,Noah Ernst,David Linn,Loretta Smith
Steph Routh,Candace Avalos,Jamie Dunphy,Thomas Shervey,Loretta Smith,
David Linn,Steph Routh,Timur Ender,Peggy Sue Owens,Doug Clove,Joe Furi
Jamie Dunphy,Steph Routh,Timur Ender,Candace Avalos,Terrence Hayes,Cayle Tern
Steph Routh,Jamie Dunphy,Loretta Smith,David Linn,,
Steph Routh,Jamie Dunphy,Write-in-122,,,
Loretta Smith,David Linn,Terrence Hayes,Timur Ender,Steph Routh,Jamie Dunphy
Joe Furi,Doug Clove,Jamie Dunphy,Noah Ernst,Steph Routh,Deian Salazar
Candace Avalos,,,,,
Candace Avalos,Cayle Tern,Timur Ender,,,
Jamie Dunphy,Steph Routh,Candace Avalos,Timur Ender,Loretta Smith,
Joe Allen,Doug Clove,Thomas Shervey,Joe Furi,Michael (Mike) Sands,Jamie Dunphy
Deian Salazar,,,,,
Timur Ender,Noah Ernst,Candace Avalos,,,
Candace Avalos,Steph Routh,Timur Ender,Cayle Tern,Loretta Smith,Jamie Dunphy
Loretta Smith,,,,,
Noah Ernst,,,,,
Cayle Tern,Timur Ender,Doug Clove,Steph Routh,Terrence Hayes,Thomas Shervey
Steph Routh,Candace Avalos,Timur Ender,Loretta Smith,Jamie Dunphy,
Candace Avalos,,,,,
Timur Ender,Michael (Mike) Sands,David Linn,,,
Timur Ender,Steph Routh,Candace Avalos,Jamie Dunphy,,
Candace Avalos,Cayle Tern,Timur Ender,David Linn,,
Terrence Hayes,Steph Routh,Loretta Smith,Candace Avalos,Jamie Dunphy,Joe Allen
Candace Avalos,Timur Ender,Steph Routh,Jamie Dunphy,,
Michael (Mike) Sands,,,,,
Candace Avalos,Steph Routh,Jamie Dunphy,Timur Ender,,
Joe Allen,Doug Clove,Michael (Mike) Sands,Jamie Dunphy,Thomas Shervey,Timur Ender
Jamie Dunphy,Steph Routh,Candace Avalos,,,
Candace Avalos,Steph Routh,Timur Ender,Cayle Tern,Jamie Dunphy,
Loretta Smith,Timur Ender,Candace Avalos,Jamie Dunphy,Steph Routh,Terrence Hayes
Steph Routh,Jamie Dunphy,Candace Avalos,David Linn,Noah Ernst,Terrence Hayes
Steph Routh,Jamie Dunphy,Candace Avalos,David Linn,,
Noah Ernst,Terrence Hayes,Doug Clove,Peggy Sue Owens,Joe Furi,Cayle Tern
Candace Avalos,Steph Routh,Timur Ender,,,
Jamie Dunphy,Steph Routh,Timur Ender,,,
Candace Avalos,Jamie Dunphy,Timur Ender,Loretta Smith,Thomas Shervey,Terrence Hayes
Candace Avalos,Steph Routh,Jamie Dunphy,Timur Ender,Loretta Smith,David Linn
Loretta Smith,,,,,
Timur Ender,Loretta Smith,Steph Routh,,,
Peggy Sue Owens,Timur Ender,Noah Ernst,Candace Avalos,Joe Allen,David Linn
Jamie Dunphy,Candace Avalos,Steph Routh,Timur Ender,David Linn,Cayle Tern
Timur Ender,Joe Allen,Terrence Hayes,Loretta Smith,,
Candace Avalos,Loretta Smith,Terrence Hayes,Steph Routh,Timur Ender,
Candace Avalos,Loretta Smith,Steph Routh,,,
Steph Routh,Candace Avalos,Jamie Dunphy,Timur Ender,,
Noah Ernst,Jamie Dunphy,Steph Routh,Timur Ender,Doug Clove,Candace Avalos
Timur Ender,Candace Avalos,Jamie Dunphy,Loretta Smith,Steph Routh,Terrence Hayes
Candace Avalos,Cayle Tern,Timur Ender,,,
Jamie Dunphy,Candace Avalos,Steph Routh,David Linn,Loretta Smith,Noah Ernst
Candace Avalos,Jamie Dunphy,Timur Ender,,,
Jamie Dunphy,Loretta Smith,Candace Avalos,Peggy Sue Owens,Deian Salazar,Michael (Mike) Sands
Deian Salazar,Loretta Smith,Steph Routh,,,
Steph Routh,Terrence Hayes,Jamie Dunphy,Timur Ender,,
Candace Avalos,Cayle Tern,Timur Ender,Jamie Dunphy,,
Noah Ernst,Terrence Hayes,Deian Salazar,Doug Clove,Loretta Smith,
David Linn,Doug Clove,Joe Allen,Cayle Tern,Timur Ender,Peggy Sue Owens
Candace Avalos,Cayle Tern,Timur Ender,,,
Terrence Hayes,Candace Avalos,Jamie Dunphy,,,
Noah Ernst,Terrence Hayes,Loretta Smith,Joe Furi,Doug Clove,
Candace Avalos,Cayle Tern,Timur Ender,,,
Cayle Tern,Deian Salazar,Terrence Hayes,Doug Clove,Noah Ernst,Timur Ender
Candace Avalos,Timur Ender,David Linn,Steph Routh,,
Jamie Dunphy,Candace Avalos,Terrence Hayes,Loretta Smith,Timur Ender,Steph Routh
Timur Ender,Candace Avalos,Loretta Smith,Steph Routh,Deian Salazar,
Steph Routh,Cayle Tern,Candace Avalos,,,
Loretta Smith,Candace Avalos,Steph Routh,Doug Clove,,
Noah Ernst,Terrence Hayes,Michael (Mike) Sands,Loretta Smith,Joe Furi,Jamie Dunphy
Cayle Tern,,,,,
Thomas Shervey,Terrence Hayes,Steph Routh,Jamie Dunphy,Joe Furi,Doug Clove
Steph Routh,Loretta Smith,Jamie Dunphy,Doug Clove,David Linn,Cayle Tern
Candace Avalos,Steph Routh,Timur Ender,Jamie Dunphy,Cayle Tern,
Peggy Sue Owens,Loretta Smith,,,,
Jamie Dunphy,Steph Routh,Candace Avalos,Noah Ernst,David Linn,Loretta Smith
Timur Ender,Cayle Tern,Joe Furi,Loretta Smith,,
Steph Routh,Noah Ernst,Candace Avalos,Terrence Hayes,Jamie Dunphy,Loretta Smith
Jamie Dunphy,Timur Ender,Candace Avalos,Joe Allen,David Linn,Joe Furi
Timur Ender,Joe Allen,Steph Routh,Loretta Smith,Cayle Tern,Candace Avalos
Terrence Hayes,Noah Ernst,,,,
Candace Avalos,Timur Ender,Loretta Smith,Terrence Hayes,Jamie Dunphy,
Noah Ernst,Deian Salazar,Doug Clove,Joe Furi,Terrence Hayes,Loretta Smith
Steph Routh,Jamie Dunphy,Terrence Hayes,Cayle Tern,Michael (Mike) Sands,Timur Ender
Jamie Dunphy,Candace Avalos,Steph Routh,,,
Candace Avalos,Jamie Dunphy,Steph Routh,Timur Ender,Loretta Smith,Terrence Hayes
Loretta Smith,Terrence Hayes,Candace Avalos,Noah Ernst,Timur Ender,Steph Routh
Loretta Smith,Michael (Mike) Sands,Candace Avalos,David Linn,Cayle Tern,Doug Clove
Candace Avalos,Cayle Tern,Timur Ender,,,
David Linn,Noah Ernst,Steph Routh,Peggy Sue Owens,Joe Furi,
Steph Routh,Candace Avalos,Cayle Tern,,,
Noah Ernst,,,,,
Michael (Mike) Sands,Candace Avalos,Cayle Tern,Timur Ender,,
Steph Routh,Candace Avalos,Jamie Dunphy,Timur Ender,,
Terrence Hayes,Candace Avalos,Cayle Tern,Steph Routh,,
Candace Avalos,,,,,
Steph Routh,Candace Avalos,Timur Ender,,,
Loretta Smith,,,,,
Timur Ender,Jamie Dunphy,Loretta Smith,Candace Avalos,Steph Routh,
Timur Ender,Cayle Tern,Steph Routh,Jamie Dunphy,,
Jamie Dunphy,Candace Avalos,Steph Routh,Noah Ernst,David Linn,Loretta Smith
Jamie Dunphy,Candace Avalos,Steph Routh,,,
Timur Ender,Candace Avalos,Loretta Smith,Steph Routh,Jamie Dunphy,Terrence Hayes
Terrence Hayes,Timur Ender,Cayle Tern,Steph Routh,,
,,,,,
Doug Clove,,,,,
Thomas Shervey,Michael (Mike) Sands,Jamie Dunphy,David Linn,Steph Routh,
Loretta Smith,Peggy Sue Owens,Candace Avalos,Terrence Hayes,David Linn,Michael (Mike) Sands
Deian Salazar,Thomas Shervey,Michael (Mike) Sands,Joe Allen,Doug Clove,Joe Furi
Jamie Dunphy,,,,,
Jamie Dunphy,Steph Routh,Candace Avalos,,,
Steph Routh,Candace Avalos,Loretta Smith,Jamie Dunphy,Timur Ender,Terrence Hayes
Loretta Smith,Steph Routh,Terrence Hayes,,,
Terrence Hayes,Jamie Dunphy,Timur Ender,Loretta Smith,Steph Routh,Noah Ernst
Candace Avalos,Cayle Tern,Steph Routh,David Linn,Jamie Dunphy,Loretta Smith
Jamie Dunphy,Candace Avalos,Steph Routh,Noah Ernst,,
Doug Clove,Michael (Mike) Sands,David Linn,Steph Routh,,
Loretta Smith,Terrence Hayes,Candace Avalos,Deian Salazar,Thomas Shervey,Joe Furi
Noah Ernst,Doug Clove,Deian Salazar,,,
Loretta Smith,,,,,
Loretta Smith,Terrence Hayes,Jamie Dunphy,,,
Terrence Hayes,Loretta Smith,Candace Avalos,Cayle Tern,Steph Routh,
Peggy Sue Owens,Loretta Smith,Jamie Dunphy,Noah Ernst,Candace Avalos,David Linn
Terrence Hayes,Noah Ernst,Joe Furi,Loretta Smith,Doug Clove,Write-in-120
Candace Avalos,Steph Routh,Timur Ender,Loretta Smith,Jamie Dunphy,
Cayle Tern,Loretta Smith,,,,
Timur Ender,Candace Avalos,Loretta Smith,Terrence Hayes,,
Loretta Smith,Candace Avalos,Terrence Hayes,Doug Clove,Deian Salazar,Michael (Mike) Sands
Jamie Dunphy,Thomas Shervey,Timur Ender,Peggy Sue Owens,Michael (Mike) Sands,Noah Ernst
Candace Avalos,Steph Routh,Terrence Hayes,Cayle Tern,Thomas Shervey,David Linn
Steph Routh,Noah Ernst,Joe Allen,Timur Ender,Doug Clove,Loretta Smith
Steph Routh,Jamie Dunphy,Candace Avalos,Thomas Shervey,Terrence Hayes,David Linn
Noah Ernst,Terrence Hayes,Joe Furi,Timur Ender,Doug Clove,Cayle Tern
Timur Ender,Loretta Smith,Candace Avalos,Thomas Shervey,David Linn,Jamie Dunphy
Terrence Hayes,Loretta Smith,Noah Ernst,,,
Joe Allen,David Linn,Doug Clove,Michael (Mike) Sands,Terrence Hayes,Steph Routh
Jamie Dunphy,,,,,
Candace Avalos,Timur Ender,Terrence Hayes,,,
Candace Avalos,Timur Ender,Steph Routh,,,
Steph Routh,,,,,
Candace Avalos,Loretta Smith,Peggy Sue Owens,Steph Routh,Deian Salazar,Jamie Dunphy
Candace Avalos,Steph Routh,Jamie Dunphy,Timur Ender,David Linn,Terrence Hayes
Loretta Smith,Terrence Hayes,Candace Avalos,Cayle Tern,Jamie Dunphy,
Noah Ernst,Candace Avalos,Timur Ender,Steph Routh,Loretta Smith,Deian Salazar
Jamie Dunphy,Candace Avalos,Steph Routh,Noah Ernst,David Linn,Loretta Smith
Noah Ernst,,,,,
Loretta Smith,Terrence Hayes,Thomas Shervey,Joe Allen,Candace Avalos,Doug Clove
Michael (Mike) Sands,Steph Routh,Candace Avalos,Jamie Dunphy,,
Jamie Dunphy,Joe Allen,Michael (Mike) Sands,Noah Ernst,Steph Routh,Doug Clove
Doug Clove,Candace Avalos,Jamie Dunphy,Timur Ender,,
Candace Avalos,Cayle Tern,Timur Ender,,,
Jamie Dunphy,Steph Routh,Thomas Shervey,,,
Loretta Smith,Terrence Hayes,Candace Avalos,Timur Ender,Steph Routh,Noah Ernst
Timur Ender,,,,,
Candace Avalos,Loretta Smith,Michael (Mike) Sands,Timur Ender,Jamie Dunphy,Terrence Hayes
Steph Routh,Candace Avalos,Jamie Dunphy,Timur Ender,,
Noah Ernst,Terrence Hayes,Loretta Smith,Jamie Dunphy,Timur Ender,
,,,,,
Jamie Dunphy,Steph Routh,Candace Avalos,Loretta Smith,,
Candace Avalos,Jamie Dunphy,Steph Routh,,,
Jamie Dunphy,Candace Avalos,Steph Routh,Timur Ender,,
Noah Ernst,,,,,
Terrence Hayes,,,,,
Loretta Smith,Noah Ernst,,,,
Steph Routh,Loretta Smith,,,,
Doug Clove,Noah Ernst,Loretta Smith,,,
Candace Avalos,Steph Routh,Jamie Dunphy,Timur Ender,Loretta Smith,Peggy Sue Owens
Loretta Smith,Candace Avalos,Terrence Hayes,Steph Routh,Deian Salazar,Timur Ender
Timur Ender,David Linn,Joe Furi,Deian Salazar,Steph Routh,Jamie Dunphy
Loretta Smith,Candace Avalos,Steph Routh,Timur Ender,Jamie Dunphy,
Doug Clove,Terrence Hayes,Noah Ernst,,,
,,,,,
Loretta Smith,Terrence Hayes,Michael (Mike) Sands,Doug Clove,David Linn,Noah Ernst
Terrence Hayes,Steph Routh,David Linn,Michael (Mike) Sands,Jamie Dunphy,Candace Avalos
Terrence Hayes,Timur Ender,Doug Clove,David Linn,Candace Avalos,Jamie Dunphy
Jamie Dunphy,Steph Routh,Candace Avalos,Deian Salazar,,
Loretta Smith,Terrence Hayes,Candace Avalos,Timur Ender,Cayle Tern,Deian Salazar
Deian Salazar,Doug Clove,Joe Allen,Noah Ernst,Candace Avalos,Thomas Shervey
Jamie Dunphy,Steph Routh,Candace Avalos,Timur Ender,Loretta Smith,Deian Salazar
Jamie Dunphy,Steph Routh,,,,
Jamie Dunphy,Candace Avalos,Steph Routh,Noah Ernst,Terrence Hayes,David Linn
Steph Routh,,,,,
Noah Ernst,Terrence Hayes,,,,
Loretta Smith,,,,,
Cayle Tern,Deian Salazar,Jamie Dunphy,Loretta Smith,Peggy Sue Owens,Candace Avalos
Candace Avalos,Timur Ender,Steph Routh,Cayle Tern,Jamie Dunphy,David Linn
Jamie Dunphy,Candace Avalos,Steph Routh,Cayle Tern,Timur Ender,Michael (Mike) Sands
Joe Allen,Noah Ernst,Michael (Mike) Sands,Loretta Smith,,
Candace Avalos,Cayle Tern,Timur Ender,,,
Jamie Dunphy,,,,,
Candace Avalos,Loretta Smith,Steph Routh,Michael (Mike) Sands,Jamie Dunphy,Timur Ender
Joe Furi,,,,,
Terrence Hayes,Noah Ernst,Joe Furi,Loretta Smith,Doug Clove,Write-in-120
Candace Avalos,,,,,
Loretta Smith,Steph Routh,Candace Avalos,Timur Ender,David Linn,
Loretta Smith,Terrence Hayes,Noah Ernst,Timur Ender,Candace Avalos,Cayle Tern
Doug Clove,,,,,
Jamie Dunphy,Candace Avalos,Timur Ender,Steph Routh,Cayle Tern,David Linn
Candace Avalos,Steph Routh,Timur Ender,,,
Steph Routh,Jamie Dunphy,Terrence Hayes,,,
Timur Ender,David Linn,Joe Furi,Deian Salazar,Steph Routh,Terrence Hayes
Candace Avalos,Steph Routh,Michael (Mike) Sands,Timur Ender,Cayle Tern,Thomas Shervey
Loretta Smith,,,,,
Jamie Dunphy,Loretta Smith,Deian Salazar,Thomas Shervey,Doug Clove,Timur Ender
Terrence Hayes,Steph Routh,Candace Avalos,Loretta Smith,Peggy Sue Owens,Timur Ender
Steph Routh,Loretta Smith,Candace Avalos,,,
Jamie Dunphy,Steph Routh,Terrence Hayes,Joe Furi,Candace Avalos,
Candace Avalos,Timur Ender,Steph Routh,Jamie Dunphy,Cayle Tern,David Linn
Steph Routh,Peggy Sue Owens,Loretta Smith,Jamie Dunphy,Michael (Mike) Sands,David Linn
David Linn,Noah Ernst,Thomas Shervey,Doug Clove,Jamie Dunphy,Michael (Mike) Sands
Candace Avalos,Joe Furi,Deian Salazar,,,
Peggy Sue Owens,Noah Ernst,,,,
Candace Avalos,Deian Salazar,Terrence Hayes,Steph Routh,Jamie Dunphy,Peggy Sue Owens
Doug Clove,Noah Ernst,Deian Salazar,,,
David Linn,Joe Allen,Doug Clove,Noah Ernst,Jamie Dunphy,Timur Ender
Noah Ernst,Steph Routh,Timur Ender,,,
Loretta Smith,Terrence Hayes,Steph Routh,,,
Candace Avalos,Steph Routh,Timur Ender,,,
,,,,,
Michael (Mike) Sands,Loretta Smith,,,,
Jamie Dunphy,,,,,
Timur Ender,Michael (Mike) Sands,Loretta Smith,Terrence Hayes,Steph Routh,
Candace Avalos,,,,,
Candace Avalos,Steph Routh,Timur Ender,Jamie Dunphy,,
Doug Clove,Joe Furi,Deian Salazar,,,
Jamie Dunphy,Steph Routh,Candace Avalos,Timur Ender,,
Joe Furi,Thomas Shervey,Terrence Hayes,Joe Allen,Cayle Tern,Jamie Dunphy
Noah Ernst,Jamie Dunphy,Terrence Hayes,Candace Avalos,Timur Ender,Peggy Sue Owens
Timur Ender,Doug Clove,Michael (Mike) Sands,Candace Avalos,,
Jamie Dunphy,Candace Avalos,Steph Routh,,,
Timur Ender,Candace Avalos,Steph Routh,Jamie Dunphy,Cayle Tern,Michael (Mike) Sands
Steph Routh,Candace Avalos,Cayle Tern,Terrence Hayes,Deian Salazar,Michael (Mike) Sands
Terrence Hayes,Noah Ernst,Loretta Smith,Jamie Dunphy,,
Timur Ender,Peggy Sue Owens,Loretta Smith,Noah Ernst,Joe Allen,Michael (Mike) Sands
Cayle Tern,Loretta Smith,Candace Avalos,Steph Routh,Write-in-122,Peggy Sue Owens
Candace Avalos,Timur Ender,Jamie Dunphy,Steph Routh,Cayle Tern,
Timur Ender,,,,,
Doug Clove,,,,,
Noah Ernst,Doug Clove,Terrence Hayes,Loretta Smith,,
Michael (Mike) Sands,Timur Ender,David Linn,Jamie Dunphy,Steph Routh,Thomas Shervey
Candace Avalos,Steph Routh,,,,
Steph Routh,Candace Avalos,Jamie Dunphy,,,
Noah Ernst,Terrence Hayes,Joe Furi,Loretta Smith,Doug Clove,
Noah Ernst,Doug Clove,David Linn,Terrence Hayes,Loretta Smith,Steph Routh
Steph Routh,,,,,
David Linn,Doug Clove,Deian Salazar,,,
Thomas Shervey,Deian Salazar,Terrence Hayes,Candace Avalos,Loretta Smith,Cayle Tern
Cayle Tern,Candace Avalos,Timur Ender,David Linn,Steph Routh,Jamie Dunphy
Steph Routh,David Linn,Timur Ender,Joe Allen,,
Candace Avalos,Timur Ender,Jamie Dunphy,Steph Routh,Loretta Smith,
Terrence Hayes,Timur Ender,Steph Routh,Jamie Dunphy,Candace Avalos,Loretta Smith
Candace Avalos,Steph Routh,Timur Ender,Jamie Dunphy,,
Noah Ernst,,,,,
Terrence Hayes,,,,,
Candace Avalos,Cayle Tern,Timur Ender,,,
Michael (Mike) Sands,Terrence Hayes,,,,
Candace Avalos,David Linn,Loretta Smith,Terrence Hayes,Cayle Tern,Joe Allen
Timur Ender,David Linn,Doug Clove,Joe Furi,Deian Salazar,Steph Routh
Terrence Hayes,Noah Ernst,Doug Clove,Loretta Smith,Jamie Dunphy,
Terrence Hayes,Candace Avalos,Cayle Tern,Deian Salazar,Steph Routh,Jamie Dunphy
Michael (Mike) Sands,,,,,
Deian Salazar,,,,,
Loretta Smith,,,,,
Deian Salazar,,,,,
Candace Avalos,Jamie Dunphy,Steph Routh,Timur Ender,Terrence Hayes,Thomas Shervey
Candace Avalos,Terrence Hayes,Loretta Smith,Steph Routh,Jamie Dunphy,Timur Ender
Timur Ender,Candace Avalos,Jamie Dunphy,Michael (Mike) Sands,Thomas Shervey,Steph Routh
Joe Allen,Peggy Sue Owens,David Linn,Steph Routh,Joe Furi,Terrence Hayes
Peggy Sue Owens,Doug Clove,Noah Ernst,Terrence Hayes,,
Doug Clove,Noah Ernst,Joe Allen,Joe Furi,Candace Avalos,Timur Ender
Terrence Hayes,Noah Ernst,Candace Avalos,,,
Timur Ender,Joe Allen,Doug Clove,,,
Cayle Tern,Candace Avalos,Timur Ender,David Linn,Steph Routh,Thomas Shervey
Candace Avalos,David Linn,Cayle Tern,Timur Ender,,
Candace Avalos,Steph Routh,Timur Ender,,,
Jamie Dunphy,David Linn,Deian Salazar,Steph Routh,Candace Avalos,
Jamie Dunphy,Loretta Smith,Steph Routh,Cayle Tern,Timur Ender,Deian Salazar
Candace Avalos,Steph Routh,Jamie Dunphy,,,
Jamie Dunphy,Candace Avalos,Terrence Hayes,Timur Ender,,
Terrence Hayes,Cayle Tern,Candace Avalos,Timur Ender,Jamie Dunphy,David Linn
Cayle Tern,Candace Avalos,,,,
Loretta Smith,Candace Avalos,Jamie Dunphy,Doug Clove,Noah Ernst,Peggy Sue Owens
Jamie Dunphy,Loretta Smith,Candace Avalos,Steph Routh,,
Steph Routh,Candace Avalos,,,,
Terrence Hayes,Loretta Smith,Doug Clove,Noah Ernst,,
Timur Ender,Candace Avalos,Steph Routh,Jamie Dunphy,Cayle Tern,Joe Allen
Candace Avalos,Loretta Smith,Terrence Hayes,,,
Jamie Dunphy,Candace Avalos,Steph Routh,Noah Ernst,David Linn,Loretta Smith
Loretta Smith,Terrence Hayes,,,,
Timur Ender,Steph Routh,Loretta Smith,,,
Loretta Smith,Timur Ender,Terrence Hayes,David Linn,Noah Ernst,
Steph Routh,Jamie Dunphy,,,,
Jamie Dunphy,Steph Routh,Timur Ender,,,
Candace Avalos,Jamie Dunphy,Steph Routh,,,
Timur Ender,Candace Avalos,Jamie Dunphy,Steph Routh,Joe Allen,
Write-in-120,Noah Ernst,Doug Clove,Loretta Smith,Terrence Hayes,Peggy Sue Owens
Terrence Hayes,Noah Ernst,Doug Clove,,,
Terrence Hayes,,,,,
Steph Routh,Jamie Dunphy,Thomas Shervey,Loretta Smith,Joe Furi,Deian Salazar
Jamie Dunphy,Candace Avalos,Steph Routh,David Linn,Noah Ernst,Loretta Smith
Jamie Dunphy,Steph Routh,Candace Avalos,Timur Ender,,
Terrence Hayes,,,,,
Candace Avalos,Steph Routh,Loretta Smith,Timur Ender,Deian Salazar,Cayle Tern
Joe Allen,,,,,
Steph Routh,Jamie Dunphy,Candace Avalos,Timur Ender,,
Deian Salazar,,,,,
Peggy Sue Owens,Joe Allen,Cayle Tern,Deian Salazar,Terrence Hayes,Jamie Dunphy
Jamie Dunphy,Deian Salazar,David Linn,Noah Ernst,Timur Ender,Terrence Hayes
Loretta Smith,Timur Ender,Cayle Tern,David Linn,Candace Avalos,Jamie Dunphy
Candace Avalos,Jamie Dunphy,Terrence Hayes,Steph Routh,,
Terrence Hayes,Loretta Smith,Steph Routh,,,
Loretta Smith,Terrence Hayes,Candace Avalos,Peggy Sue Owens,Michael (Mike) Sands,Joe Allen
Jamie Dunphy,Candace Avalos,Terrence Hayes,David Linn,Steph Routh,Deian Salazar
Loretta Smith,Terrence Hayes,Steph Routh,Timur Ender,,
Candace Avalos,Cayle Tern,Timur Ender,Steph Routh,Jamie Dunphy,Joe Allen
Thomas Shervey,,,,,
Candace Avalos,Steph Routh,Timur Ender,Jamie Dunphy,Noah Ernst,Loretta Smith
Jamie Dunphy,Candace Avalos,Steph Routh,,,
Terrence Hayes,Jamie Dunphy,Loretta Smith,David Linn,Timur Ender,Noah Ernst
Candace Avalos,Jamie Dunphy,Terrence Hayes,Cayle Tern,David Linn,Steph Routh
Noah Ernst,Deian Salazar,Thomas Shervey,,,
Terrence Hayes,,,,,
Doug Clove,,,,,
Noah Ernst,Loretta Smith,Jamie Dunphy,Cayle Tern,Joe Furi,Candace Avalos
Steph Routh,Timur Ender,David Linn,Deian Salazar,Terrence Hayes,Cayle Tern
Terrence Hayes,Candace Avalos,Jamie Dunphy,Steph Routh,Timur Ender,
Candace Avalos,,,,,
Michael (Mike) Sands,,,,,
Peggy Sue Owens,Candace Avalos,Jamie Dunphy,Loretta Smith,Joe Furi,Cayle Tern
Candace Avalos,David Linn,Steph Routh,Terrence Hayes,Jamie Dunphy,Thomas Shervey
Candace Avalos,,,,,
Candace Avalos,Deian Salazar,Thomas Shervey,Terrence Hayes,Steph Routh,
Steph Routh,Jamie Dunphy,Candace Avalos,Terrence Hayes,Noah Ernst,
Jamie Dunphy,,,,,
Timur Ender,Doug Clove,Loretta Smith,Terrence Hayes,,
Jamie Dunphy,Michael (Mike) Sands,Doug Clove,,,
Loretta Smith,Candace Avalos,Steph Routh,Terrence Hayes,Jamie Dunphy,Deian Salazar
Steph Routh,Jamie Dunphy,Timur Ender,Candace Avalos,,
Timur Ender,,,,,
Jamie Dunphy,Candace Avalos,Steph Routh,Noah Ernst,David Linn,Loretta Smith
Noah Ernst,,,,,
Steph Routh,,,,,
Jamie Dunphy,Candace Avalos,Steph Routh,Timur Ender,David Linn,Loretta Smith
Jamie Dunphy,Candace Avalos,Steph Routh,David Linn,Noah Ernst,Loretta Smith
Jamie Dunphy,Candace Avalos,Steph Routh,Noah Ernst,,
Candace Avalos,Cayle Tern,Loretta Smith,Steph Routh,Deian Salazar,Peggy Sue Owens
Candace Avalos,Timur Ender,Steph Routh,Thomas Shervey,Cayle Tern,Loretta Smith
Steph Routh,,,,,
Terrence Hayes,Deian Salazar,,,,
Loretta Smith,,,,,
Cayle Tern,,,,,
Michael (Mike) Sands,Joe Allen,Loretta Smith,Noah Ernst,Jamie Dunphy,Doug Clove
Doug Clove,Joe Allen,Joe Furi,,,
Deian Salazar,Noah Ernst,David Linn,Cayle Tern,Doug Clove,Joe Furi
Doug Clove,Candace Avalos,Jamie Dunphy,,,
Timur Ender,Candace Avalos,Noah Ernst,Terrence Hayes,Loretta Smith,Steph Routh
Joe Allen,Doug Clove,Noah Ernst,Terrence Hayes,Deian Salazar,Thomas Shervey
Steph Routh,Jamie Dunphy,Timur Ender,Noah Ernst,Terrence Hayes,
Doug Clove,Deian Salazar,Noah Ernst,Cayle Tern,David Linn,Steph Routh
Loretta Smith,Cayle Tern,Noah Ernst,Terrence Hayes,,
Timur Ender,Joe Allen,Doug Clove,,,
Steph Routh,Timur Ender,Jamie Dunphy,Candace Avalos,Terrence Hayes,Loretta Smith
Loretta Smith,Steph Routh,Terrence Hayes,,,
Peggy Sue Owens,Cayle Tern,Terrence Hayes,,,
Loretta Smith,Joe Allen,Peggy Sue Owens,David Linn,Deian Salazar,Terrence Hayes
Candace Avalos,Cayle Tern,Timur Ender,Jamie Dunphy,Steph Routh,David Linn
Doug Clove,,,,,
Loretta Smith,Jamie Dunphy,Joe Allen,Terrence Hayes,Timur Ender,Steph Routh
Peggy Sue Owens,Michael (Mike) Sands,Loretta Smith,,,
Jamie Dunphy,Timur Ender,Terrence Hayes,Loretta Smith,Candace Avalos,Cayle Tern
Candace Avalos,Cayle Tern,Timur Ender,Steph Routh,David Linn,Jamie Dunphy
,,,,,
Terrence Hayes,Candace Avalos,Loretta Smith,Timur Ender,Deian Salazar,Cayle Tern
Jamie Dunphy,Steph Routh,Timur Ender,,,
Candace Avalos,Steph Routh,Loretta Smith,Terrence Hayes,Cayle Tern,David Linn
Candace Avalos,Cayle Tern,Timur Ender,Noah Ernst,,
Candace Avalos,Steph Routh,Timur Ender,Jamie Dunphy,Cayle Tern,
Jamie Dunphy,Candace Avalos,Noah Ernst,David Linn,,
Candace Avalos,Loretta Smith,Peggy Sue Owens,Steph Routh,Deian Salazar,Jamie Dunphy
Terrence Hayes,,,,,
Jamie Dunphy,Candace Avalos,Timur Ender,David Linn,,
Timur Ender,,,,,
Terrence Hayes,Noah Ernst,Doug Clove,,,
Write-in-120,Candace Avalos,Timur Ender,Steph Routh,Michael (Mike) Sands,Cayle Tern
Noah Ernst,Doug Clove,,,,
Cayle Tern,Joe Allen,Noah Ernst,Timur Ender,,
Candace Avalos,Cayle Tern,Timur Ender,,,
Loretta Smith,Timur Ender,Candace Avalos,Terrence Hayes,Steph Routh,Jamie Dunphy
Thomas Shervey,,,,,
Candace Avalos,Timur Ender,Steph Routh,Jamie Dunphy,Cayle Tern,David Linn
Timur Ender,Candace Avalos,Steph Routh,Jamie Dunphy,,
Loretta Smith,Steph Routh,Terrence Hayes,Jamie Dunphy,Cayle Tern,David Linn
Loretta Smith,,,,,
Candace Avalos,Steph Routh,Timur Ender,,,
Loretta Smith,David Linn,Jamie Dunphy,,,
Candace Avalos,Steph Routh,Terrence Hayes,Loretta Smith,Noah Ernst,Timur Ender
David Linn,,,,,
Candace Avalos,Loretta Smith,Cayle Tern,Thomas Shervey,Noah Ernst,David Linn
Noah Ernst,Terrence Hayes,Loretta Smith,Doug Clove,,
Michael (Mike) Sands,Doug Clove,Loretta Smith,,,
Joe Allen,Cayle Tern,Doug Clove,,,
Peggy Sue Owens,,,,,
Joe Allen,Loretta Smith,Steph Routh,Jamie Dunphy,,
Candace Avalos,Cayle Tern,Timur Ender,,,
,,,,,
Timur Ender,Loretta Smith,,,,
Candace Avalos,Jamie Dunphy,Terrence Hayes,Cayle Tern,Timur Ender,Michael (Mike) Sands
Terrence Hayes,Steph Routh,Loretta Smith,,,
Steph Routh,Terrence Hayes,Timur Ender,Candace Avalos,Cayle Tern,Jamie Dunphy
Jamie Dunphy,,,,,
Jamie Dunphy,Loretta Smith,Timur Ender,Candace Avalos,Terrence Hayes,
Loretta Smith,Steph Routh,Candace Avalos,Cayle Tern,Peggy Sue Owens,Deian Salazar
Steph Routh,Terrence Hayes,Joe Allen,Loretta Smith,,
Peggy Sue Owens,Loretta Smith,Steph Routh,Jamie Dunphy,Thomas Shervey,Deian Salazar
Terrence Hayes,Noah Ernst,Joe Furi,Loretta Smith,Doug Clove,Write-in-120
Joe Allen,Michael (Mike) Sands,Doug Clove,,,
Candace Avalos,Steph Routh,Jamie Dunphy,,,
Loretta Smith,Candace Avalos,Peggy Sue Owens,,,
Cayle Tern,Candace Avalos,Timur Ender,David Linn,Jamie Dunphy,Steph Routh
Timur Ender,Candace Avalos,Loretta Smith,Steph Routh,,
Noah Ernst,Peggy Sue Owens,David Linn,Deian Salazar,,
Terrence Hayes,Loretta Smith,Cayle Tern,Candace Avalos,Deian Salazar,Jamie Dunphy
Candace Avalos,Terrence Hayes,David Linn,,,
David Linn,Michael (Mike) Sands,Steph Routh,Joe Allen,Joe Furi,Terrence Hayes
Terrence Hayes,Noah Ernst,Doug Clove,Timur Ender,Deian Salazar,Loretta Smith
Steph Routh,Loretta Smith,Terrence Hayes,Candace Avalos,David Linn,Timur Ender
Candace Avalos,,,,,
Jamie Dunphy,Loretta Smith,,,,
Steph Routh,Jamie Dunphy,Candace Avalos,,,
Candace Avalos,,,,,
Loretta Smith,Jamie Dunphy,Doug Clove,Noah Ernst,Peggy Sue Owens,Timur Ender
David Linn,Cayle Tern,Candace Avalos,Loretta Smith,Terrence Hayes,Jamie Dunphy
Cayle Tern,Terrence Hayes,Noah Ernst,,,
Candace Avalos,Cayle Tern,Timur Ender,,,
Noah Ernst,Candace Avalos,Loretta Smith,David Linn,Cayle Tern,Michael (Mike) Sands
Candace Avalos,Steph Routh,Jamie Dunphy,Timur Ender,Cayle Tern,Loretta Smith
Timur Ender,Jamie Dunphy,Steph Routh,Loretta Smith,Terrence Hayes,
Peggy Sue Owens,Cayle Tern,Michael (Mike) Sands,Terrence Hayes,Joe Allen,Loretta Smith
Jamie Dunphy,Timur Ender,,,,
Write-in-122,,,,,
Steph Routh,Loretta Smith,Candace Avalos,Terrence Hayes,David Linn,Timur Ender
Steph Routh,Jamie Dunphy,Deian Salazar,Thomas Shervey,David Linn,Timur Ender
Loretta Smith,Timur Ender,Michael (Mike) Sands,Cayle Tern,Joe Allen,David Linn
Candace Avalos,Terrence Hayes,Steph Routh,,,
Loretta Smith,Terrence Hayes,Steph Routh,Candace Avalos,Timur Ender,Thomas Shervey
Timur Ender,Michael (Mike) Sands,Candace Avalos,Loretta Smith,Jamie Dunphy,
Noah Ernst,Doug Clove,Terrence Hayes,,,
David Linn,Cayle Tern,Doug Clove,Joe Furi,Michael (Mike) Sands,Deian Salazar
Joe Furi,Terrence Hayes,Loretta Smith,Jamie Dunphy,Steph Routh,Deian Salazar
Timur Ender,Joe Furi,,,,
Jamie Dunphy,Candace Avalos,Timur Ender,Noah Ernst,Terrence Hayes,David Linn
Candace Avalos,Timur Ender,Cayle Tern,David Linn,Steph Routh,Jamie Dunphy
Deian Salazar,Loretta Smith,Steph Routh,,,
Noah Ernst,Terrence Hayes,Loretta Smith,Steph Routh,,
Joe Allen,Noah Ernst,David Linn,Doug Clove,Michael (Mike) Sands,Joe Furi
Jamie Dunphy,Steph Routh,Timur Ender,,,
Candace Avalos,Timur Ender,Cayle Tern,,,
Loretta Smith,Timur Ender,Steph Routh,Deian Salazar,Cayle Tern,Terrence Hayes
Noah Ernst,Terrence Hayes,Joe Furi,Doug Clove,Loretta Smith,
Terrence Hayes,Noah Ernst,Loretta Smith,,,
Loretta Smith,,,,,
Joe Allen,Steph Routh,,,,
Noah Ernst,Terrence Hayes,,,,
Loretta Smith,Terrence Hayes,Steph Routh,,,
Loretta Smith,Candace Avalos,Steph Routh,Terrence Hayes,,
Candace Avalos,Cayle Tern,Steph Routh,Jamie Dunphy,Michael (Mike) Sands,
Timur Ender,Steph Routh,,,,
Candace Avalos,,,,,
,,,,,
Steph Routh,Candace Avalos,Jamie Dunphy,Timur Ender,Cayle Tern,David Linn
Jamie Dunphy,Candace Avalos,Steph Routh,Noah Ernst,David Linn,Loretta Smith
Jamie Dunphy,David Linn,Noah Ernst,Terrence Hayes,Joe Furi,
Noah Ernst,Peggy Sue Owens,Thomas Shervey,,,
Candace Avalos,Loretta Smith,Deian Salazar,Noah Ernst,,
Peggy Sue Owens,,,,,
Loretta Smith,Jamie Dunphy,Noah Ernst,Timur Ender,Steph Routh,Terrence Hayes
Noah Ernst,Terrence Hayes,Candace Avalos,Jamie Dunphy,,
Loretta Smith,Jamie Dunphy,Peggy Sue Owens,Joe Allen,Cayle Tern,Michael (Mike) Sands
Candace Avalos,,,,,
Candace Avalos,Timur Ender,Cayle Tern,Doug Clove,Steph Routh,Jamie Dunphy
Loretta Smith,Thomas Shervey,Terrence Hayes,,,
Jamie Dunphy,Timur Ender,Steph Routh,,,
Doug Clove,Michael (Mike) Sands,,,,
Steph Routh,Jamie Dunphy,Candace Avalos,,,
Noah Ernst,Doug Clove,,,,
Joe Allen,Terrence Hayes,Doug Clove,David Linn,Deian Salazar,Michael (Mike) Sands
Noah Ernst,Terrence Hayes,,,,
Steph Routh,Candace Avalos,Cayle Tern,Timur Ender,Jamie Dunphy,
Candace Avalos,,,,,
Cayle Tern,Timur Ender,Steph Routh,Candace Avalos,Jamie Dunphy,Terrence Hayes
Terrence Hayes,Candace Avalos,Peggy Sue Owens,,,
Timur Ender,Terrence Hayes,Noah Ernst,,,
Noah Ernst,Michael (Mike) Sands,,,,
Jamie Dunphy,Candace Avalos,Steph Routh,,,
,,,,,
Jamie Dunphy,Candace Avalos,David Linn,Noah Ernst,Loretta Smith,
Loretta Smith,Steph Routh,,,,
Terrence Hayes,Michael (Mike) Sands,Doug Clove,Joe Allen,Peggy Sue Owens,
Noah Ernst,Candace Avalos,Jamie Dunphy,Steph Routh,,
Candace Avalos,,,,,
Joe Furi,Loretta Smith,Joe Allen,Deian Salazar,Timur Ender,Noah Ernst
Steph Routh,Timur Ender,Terrence Hayes,Noah Ernst,Jamie Dunphy,Candace Avalos
Candace Avalos,Cayle Tern,Timur Ender,,,
Loretta Smith,,,,,
Noah Ernst,Doug Clove,Joe Furi,Deian Salazar,Jamie Dunphy,Loretta Smith
Jamie Dunphy,Steph Routh,Candace Avalos,Timur Ender,Loretta Smith,Cayle Tern
Loretta Smith,Jamie Dunphy,Terrence Hayes,,,
Loretta Smith,Thomas Shervey,Terrence Hayes,Steph Routh,Jamie Dunphy,Timur Ender
Steph Routh,Loretta Smith,Terrence Hayes,Jamie Dunphy,Candace Avalos,Cayle Tern
Candace Avalos,Jamie Dunphy,Steph Routh,Timur Ender,Thomas Shervey,
Michael (Mike) Sands,Timur Ender,David Linn,Loretta Smith,Jamie Dunphy,Deian Salazar
Candace Avalos,Steph Routh,Timur Ender,Jamie Dunphy,,
Jamie Dunphy,Loretta Smith,Steph Routh,Candace Avalos,Cayle Tern,Terrence Hayes
Loretta Smith,Steph Routh,Candace Avalos,Jamie Dunphy,Noah Ernst,
Jamie Dunphy,Candace Avalos,Steph Routh,Noah Ernst,David Linn,Loretta Smith
Noah Ernst,Deian Salazar,Terrence Hayes,Jamie Dunphy,Steph Routh,Loretta Smith
Noah Ernst,Terrence Hayes,Joe Furi,Loretta Smith,Doug Clove,
Doug Clove,Loretta Smith,Timur Ender,Candace Avalos,Terrence Hayes,Steph Routh
Candace Avalos,Timur Ender,Doug Clove,David Linn,Cayle Tern,Thomas Shervey
Thomas Shervey,Jamie Dunphy,Michael (Mike) Sands,David Linn,Doug Clove,Noah Ernst
Timur Ender,Terrence Hayes,Doug Clove,,,
Loretta Smith,Peggy Sue Owens,,,,
Candace Avalos,Cayle Tern,Timur Ender,,,
Loretta Smith,Timur Ender,David Linn,Terrence Hayes,Steph Routh,
Terrence Hayes,,,,,
Noah Ernst,Terrence Hayes,Joe Furi,Loretta Smith,Doug Clove,
Loretta Smith,Jamie Dunphy,Terrence Hayes,Michael (Mike) Sands,Timur Ender,Candace Avalos
Candace Avalos,Timur Ender,Steph Routh,Jamie Dunphy,Cayle Tern,
Deian Salazar,Cayle Tern,Terrence Hayes,,,
Candace Avalos,Jamie Dunphy,Joe Furi,Doug Clove,Michael (Mike) Sands,Deian Salazar
Noah Ernst,,,,,
Joe Allen,,,,,
Terrence Hayes,,,,,
Loretta Smith,David Linn,Steph Routh,Terrence Hayes,,
Jamie Dunphy,Candace Avalos,Steph Routh,David Linn,Loretta Smith,Noah Ernst
Jamie Dunphy,Steph Routh,Candace Avalos,,,
Noah Ernst,Joe Allen,Terrence Hayes,Doug Clove,Thomas Shervey,
Timur Ender,Candace Avalos,Steph Routh,Loretta Smith,,
Candace Avalos,Terrence Hayes,Timur Ender,Jamie Dunphy,,
Timur Ender,,,,,
Deian Salazar,David Linn,Timur Ender,,,
Timur Ender,Jamie Dunphy,Candace Avalos,Steph Routh,David Linn,Terrence Hayes
Jamie Dunphy,Steph Routh,Candace Avalos,Timur Ender,Loretta Smith,David Linn
Terrence Hayes,Noah Ernst,Loretta Smith,,,
Loretta Smith,Terrence Hayes,Joe Allen,Noah Ernst,Timur Ender,Peggy Sue Owens
Timur Ender,,,,,
Doug Clove,,,,,
David Linn,,,,,
Noah Ernst,Doug Clove,,,,
Loretta Smith,Steph Routh,Joe Allen,,,
Candace Avalos,Cayle Tern,Jamie Dunphy,,,
Steph Routh,,,,,
Doug Clove,Noah Ernst,Michael (Mike) Sands,Joe Furi,,
Candace Avalos,,,,,
Joe Allen,Peggy Sue Owens,Michael (Mike) Sands,,,
Candace Avalos,Cayle Tern,Timur Ender,Jamie Dunphy,Steph Routh,David Linn
Terrence Hayes,Loretta Smith,Timur Ender,,,
Noah Ernst,David Linn,Cayle Tern,Doug Clove,Loretta Smith,Steph Routh
Terrence Hayes,,,,,
Candace Avalos,Timur Ender,Steph Routh,Jamie Dunphy,,
Jamie Dunphy,Candace Avalos,Steph Routh,Loretta Smith,,
Terrence Hayes,Noah Ernst,Doug Clove,,,
Jamie Dunphy,Candace Avalos,,,,
Candace Avalos,Cayle Tern,Timur Ender,Steph Routh,Jamie Dunphy,
Terrence Hayes,Noah Ernst,Doug Clove,,,
Noah Ernst,Deian Salazar,Terrence Hayes,Loretta Smith,Steph Routh,Joe Allen
Steph Routh,Candace Avalos,Timur Ender,Jamie Dunphy,,
Candace Avalos,Timur Ender,Steph Routh,Loretta Smith,,
Jamie Dunphy,,,,,
Cayle Tern,Timur Ender,Candace Avalos,Loretta Smith,Jamie Dunphy,
Loretta Smith,Terrence Hayes,Steph Routh,Jamie Dunphy,,
Doug Clove,Joe Furi,Steph Routh,Noah Ernst,Joe Allen,Candace Avalos
Timur Ender,David Linn,Michael (Mike) Sands,,,
Terrence Hayes,Loretta Smith,,,,
Loretta Smith,Terrence Hayes,Joe Allen,Michael (Mike) Sands,Jamie Dunphy,Candace Avalos
Terrence Hayes,Steph Routh,Noah Ernst,,,
Candace Avalos,Timur Ender,Steph Routh,,,
Loretta Smith,Doug Clove,Joe Allen,Joe Furi,Deian Salazar,Terrence Hayes
Jamie Dunphy,Timur Ender,Loretta Smith,Candace Avalos,Steph Routh,David Linn
Candace Avalos,Jamie Dunphy,Timur Ender,,,
Terrence Hayes,Noah Ernst,Joe Furi,Loretta Smith,Doug Clove,Write-in-120
Doug Clove,Noah Ernst,Deian Salazar,Joe Allen,,
Doug Clove,David Linn,Peggy Sue Owens,Thomas Shervey,Write-in-120,
Candace Avalos,Cayle Tern,Steph Routh,Terrence Hayes,Deian Salazar,Noah Ernst
Timur Ender,Steph Routh,Jamie Dunphy,Candace Avalos,Cayle Tern,Terrence Hayes
Jamie Dunphy,Steph Routh,,,,
Steph Routh,Loretta Smith,Noah Ernst,Candace Avalos,Cayle Tern,Terrence Hayes
Terrence Hayes,Candace Avalos,Noah Ernst,Joe Furi,Timur Ender,Cayle Tern
Thomas Shervey,Timur Ender,Jamie Dunphy,,,
Jamie Dunphy,Candace Avalos,Cayle Tern,Joe Furi,Steph Routh,
Jamie Dunphy,Timur Ender,Steph Routh,Candace Avalos,Cayle Tern,
Candace Avalos,Cayle Tern,Timur Ender,Jamie Dunphy,David Linn,
Loretta Smith,,,,,
Candace Avalos,Cayle Tern,Timur Ender,,,
Timur Ender,Loretta Smith,Candace Avalos,Cayle Tern,Steph Routh,Jamie Dunphy
Candace Avalos,Steph Routh,Timur Ender,Jamie Dunphy,,
Steph Routh,,,,,
Jamie Dunphy,Steph Routh,Terrence Hayes,Cayle Tern,Candace Avalos,Timur Ender
Loretta Smith,Thomas Shervey,Noah Ernst,Joe Allen,Deian Salazar,Candace Avalos
Steph Routh,,,,,
Steph Routh,,,,,
Jamie Dunphy,Candace Avalos,Steph Routh,Noah Ernst,David Linn,Loretta Smith
Noah Ernst,Thomas Shervey,Candace Avalos,,,
Candace Avalos,Loretta Smith,Terrence Hayes,Michael (Mike) Sands,,
Joe Allen,David Linn,Joe Furi,Doug Clove,Thomas Shervey,Michael (Mike) Sands
Steph Routh,Candace Avalos,Cayle Tern,Loretta Smith,Terrence Hayes,Peggy Sue Owens
Loretta Smith,Terrence Hayes,Jamie Dunphy,Doug Clove,Steph Routh,Candace Avalos
Timur Ender,,,,,
Michael (Mike) Sands,Timur Ender,Loretta Smith,,,
Candace Avalos,Steph Routh,Jamie Dunphy,Timur Ender,Joe Allen,Cayle Tern
Jamie Dunphy,David Linn,Terrence Hayes,Noah Ernst,Joe Allen,Candace Avalos
Loretta Smith,Steph Routh,Timur Ender,Terrence Hayes,Jamie Dunphy,David Linn
Loretta Smith,Candace Avalos,Steph Routh,Terrence Hayes,Jamie Dunphy,David Linn
Noah Ernst,David Linn,Timur Ender,,,
Noah Ernst,,,,,
Candace Avalos,Loretta Smith,Steph Routh,Terrence Hayes,Jamie Dunphy,Timur Ender
Terrence Hayes,Candace Avalos,Deian Salazar,Loretta Smith,Jamie Dunphy,David Linn
Noah Ernst,Joe Allen,Doug Clove,Loretta Smith,Terrence Hayes,
Loretta Smith,Terrence Hayes,Candace Avalos,Steph Routh,Deian Salazar,Jamie Dunphy
Cayle Tern,Candace Avalos,Terrence Hayes,Steph Routh,Timur Ender,Loretta Smith
Candace Avalos,Steph Routh,,,,
Terrence Hayes,,,,,
Loretta Smith,Candace Avalos,David Linn,,,
Noah Ernst,Terrence Hayes,Deian Salazar,Steph Routh,Jamie Dunphy,
Candace Avalos,Terrence Hayes,Noah Ernst,,,
Noah Ernst,Deian Salazar,Terrence Hayes,,,
Timur Ender,,,,,
Terrence Hayes,David Linn,Timur Ender,,,
Steph Routh,Jamie Dunphy,,,,
Loretta Smith,Terrence Hayes,Timur Ender,Candace Avalos,Noah Ernst,Jamie Dunphy
Jamie Dunphy,Michael (Mike) Sands,Candace Avalos,Timur Ender,Joe Allen,Steph Routh
Loretta Smith,Jamie Dunphy,Candace Avalos,Terrence Hayes,Timur Ender,Steph Routh
Loretta Smith,Jamie Dunphy,Steph Routh,,,
Terrence Hayes,Loretta Smith,Noah Ernst,,,
Timur Ender,Peggy Sue Owens,Steph Routh,David Linn,Joe Furi,Cayle Tern
Michael (Mike) Sands,Terrence Hayes,Joe Allen,Noah Ernst,Peggy Sue Owens,Timur Ender
Terrence Hayes,Loretta Smith,,,,
Joe Allen,Candace Avalos,Jamie Dunphy,Peggy Sue Owens,Cayle Tern,Loretta Smith
Jamie Dunphy,Candace Avalos,Steph Routh,Noah Ernst,David Linn,Loretta Smith
Jamie Dunphy,Steph Routh,Candace Avalos,Loretta Smith,,
Terrence Hayes,Noah Ernst,Michael (Mike) Sands,Thomas Shervey,Doug Clove,Write-in-120
Loretta Smith,Steph Routh,Timur Ender,Deian Salazar,Noah Ernst,Michael (Mike) Sands
Loretta Smith,David Linn,Terrence Hayes,,,
Candace Avalos,Steph Routh,Noah Ernst,,,
Candace Avalos,Cayle Tern,Timur Ender,,,
Candace Avalos,Loretta Smith,Jamie Dunphy,Peggy Sue Owens,Steph Routh,Michael (Mike) Sands
Noah Ernst,Terrence Hayes,Loretta Smith,Michael (Mike) Sands,,
Jamie Dunphy,Timur Ender,Candace Avalos,Terrence Hayes,Cayle Tern,Thomas Shervey
Candace Avalos,Timur Ender,Steph Routh,,,
Terrence Hayes,Deian Salazar,Noah Ernst,Doug Clove,Cayle Tern,
Candace Avalos,Jamie Dunphy,Steph Routh,Timur Ender,,
David Linn,,,,,
Candace Avalos,,,,,
Candace Avalos,Deian Salazar,Timur Ender,Jamie Dunphy,Michael (Mike) Sands,David Linn
Terrence Hayes,Timur Ender,Noah Ernst,,,
David Linn,,,,,
Steph Routh,Timur Ender,Candace Avalos,Cayle Tern,,
Joe Allen,,,,,
Jamie Dunphy,Candace Avalos,Steph Routh,Noah Ernst,Loretta Smith,David Linn
Noah Ernst,Thomas Shervey,Jamie Dunphy,Michael (Mike) Sands,Doug Clove,Joe Allen
David Linn,Candace Avalos,Deian Salazar,,,
Noah Ernst,,,,,
Timur Ender,Cayle Tern,Noah Ernst,Candace Avalos,,
Terrence Hayes,Doug Clove,Noah Ernst,,,
Cayle Tern,Steph Routh,David Linn,Jamie Dunphy,,
Steph Routh,Loretta Smith,Terrence Hayes,Jamie Dunphy,Candace Avalos,Timur Ender
Noah Ernst,Steph Routh,Doug Clove,Jamie Dunphy,David Linn,Candace Avalos
Candace Avalos,Joe Furi,Terrence Hayes,,,
Timur Ender,Candace Avalos,David Linn,Cayle Tern,Steph Routh,Jamie Dunphy
Terrence Hayes,Jamie Dunphy,Loretta Smith,Steph Routh,Joe Furi,Candace Avalos
Deian Salazar,Cayle Tern,Candace Avalos,Peggy Sue Owens,Jamie Dunphy,Timur Ender
Candace Avalos,David Linn,Thomas Shervey,Timur Ender,Steph Routh,Jamie Dunphy
Steph Routh,Candace Avalos,Loretta Smith,Terrence Hayes,,
Steph Routh,Timur Ender,Terrence Hayes,Candace Avalos,Jamie Dunphy,
Steph Routh,Candace Avalos,Timur Ender,,,
Steph Routh,Candace Avalos,Timur Ender,Jamie Dunphy,,
Timur Ender,Joe Allen,Joe Furi,Steph Routh,Terrence Hayes,Deian Salazar
Steph Routh,Loretta Smith,,,,
Terrence Hayes,Noah Ernst,Steph Routh,Jamie Dunphy,Candace Avalos,Loretta Smith
,,,,,
Noah Ernst,Deian Salazar,Terrence Hayes,Thomas Shervey,Cayle Tern,
Michael (Mike) Sands,Loretta Smith,Jamie Dunphy,,,
Loretta Smith,Candace Avalos,,,,
Noah Ernst,Cayle Tern,Joe Furi,Thomas Shervey,David Linn,Candace Avalos
Cayle Tern,Terrence Hayes,Peggy Sue Owens,Joe Allen,,
Candace Avalos,Timur Ender,Steph Routh,Jamie Dunphy,Terrence Hayes,Cayle Tern
David Linn,,,,,
Jamie Dunphy,Joe Furi,Thomas Shervey,Noah Ernst,Doug Clove,Steph Routh
Timur Ender,Thomas Shervey,Loretta Smith,,,
Candace Avalos,Cayle Tern,Terrence Hayes,Timur Ender,Write-in-121,Write-in-122
Noah Ernst,Doug Clove,Terrence Hayes,Loretta Smith,Steph Routh,Jamie Dunphy
Loretta Smith,,,,,
Candace Avalos,Timur Ender,Terrence Hayes,Noah Ernst,Loretta Smith,
Jamie Dunphy,Steph Routh,Cayle Tern,,,
Michael (Mike) Sands,David Linn,Loretta Smith,,,
Jamie Dunphy,Noah Ernst,Candace Avalos,Steph Routh,,
Timur Ender,Noah Ernst,Peggy Sue Owens,,,
Timur Ender,David Linn,Joe Furi,Deian Salazar,Thomas Shervey,Terrence Hayes
Noah Ernst,Jamie Dunphy,,,,
Timur Ender,Steph Routh,Candace Avalos,David Linn,Loretta Smith,
Noah Ernst,Doug Clove,Terrence Hayes,Joe Allen,,
Noah Ernst,,,,,
Candace Avalos,Doug Clove,Steph Routh,Terrence Hayes,Timur Ender,Jamie Dunphy
,,,,,
Loretta Smith,Terrence Hayes,Jamie Dunphy,Joe Furi,,
Terrence Hayes,Candace Avalos,Loretta Smith,,,
Terrence Hayes,Loretta Smith,Timur Ender,Noah Ernst,Michael (Mike) Sands,Steph Routh
Jamie Dunphy,Steph Routh,,,,
Jamie Dunphy,Steph Routh,David Linn,Candace Avalos,Loretta Smith,
Jamie Dunphy,Candace Avalos,,,,
Loretta Smith,,,,,
Noah Ernst,Doug Clove,Michael (Mike) Sands,Terrence Hayes,Joe Furi,Jamie Dunphy
David Linn,,,,,
Jamie Dunphy,Candace Avalos,Terrence Hayes,Steph Routh,Timur Ender,Loretta Smith
Noah Ernst,David Linn,Candace Avalos,Cayle Tern,Timur Ender,Terrence Hayes
Candace Avalos,Cayle Tern,Timur Ender,,,
Steph Routh,Jamie Dunphy,Loretta Smith,Deian Salazar,Terrence Hayes,Cayle Tern
Jamie Dunphy,Steph Routh,Candace Avalos,Timur Ender,Loretta Smith,
Candace Avalos,Steph Routh,Loretta Smith,,,
Steph Routh,Loretta Smith,Timur Ender,Terrence Hayes,Candace Avalos,Cayle Tern
Steph Routh,Terrence Hayes,Loretta Smith,Timur Ender,Candace Avalos,
Candace Avalos,Cayle Tern,Timur Ender,Steph Routh,Jamie Dunphy,Michael (Mike) Sands
Candace Avalos,Timur Ender,Steph Routh,Cayle Tern,Jamie Dunphy,Terrence Hayes
Candace Avalos,Jamie Dunphy,Timur Ender,Steph Routh,,
,,,,,
Doug Clove,Noah Ernst,Loretta Smith,Terrence Hayes,Thomas Shervey,Joe Allen
Thomas Shervey,Doug Clove,David Linn,Jamie Dunphy,,
Steph Routh,Noah Ernst,Loretta Smith,Timur Ender,David Linn,Candace Avalos
Terrence Hayes,Noah Ernst,Joe Furi,Loretta Smith,,
Candace Avalos,Jamie Dunphy,Timur Ender,Steph Routh,David Linn,Cayle Tern
Terrence Hayes,Deian Salazar,Joe Furi,,,
Loretta Smith,Candace Avalos,Terrence Hayes,Timur Ender,Steph Routh,David Linn
Jamie Dunphy,Candace Avalos,Steph Routh,Noah Ernst,David Linn,Loretta Smith
Noah Ernst,David Linn,Candace Avalos,Peggy Sue Owens,Thomas Shervey,Timur Ender
Terrence Hayes,Timur Ender,Noah Ernst,Steph Routh,David Linn,Jamie Dunphy
Candace Avalos,Cayle Tern,Timur Ender,,,
Jamie Dunphy,Candace Avalos,Steph Routh,Noah Ernst,,
Loretta Smith,Timur Ender,Doug Clove,Michael (Mike) Sands,,
Noah Ernst,,,,,
Peggy Sue Owens,Terrence Hayes,,,,
Candace Avalos,Cayle Tern,Timur Ender,,,
Timur Ender,Jamie Dunphy,Steph Routh,Candace Avalos,Terrence Hayes,
Candace Avalos,Cayle Tern,Peggy Sue Owens,Loretta Smith,Steph Routh,Jamie Dunphy
Jamie Dunphy,Candace Avalos,Steph Routh,Noah Ernst,David Linn,Loretta Smith
Michael (Mike) Sands,Timur Ender,Joe Allen,David Linn,Thomas Shervey,Terrence Hayes
Steph Routh,Jamie Dunphy,Candace Avalos,,,
Noah Ernst,Terrence Hayes,Loretta Smith,Deian Salazar,Joe Furi,Doug Clove
Candace Avalos,,,,,
Candace Avalos,Cayle Tern,Timur Ender,,,
Steph Routh,Candace Avalos,Timur Ender,David Linn,Jamie Dunphy,Cayle Tern
Candace Avalos,,,,,
Jamie Dunphy,,,,,
Peggy Sue Owens,Noah Ernst,Doug Clove,David Linn,Loretta Smith,Jamie Dunphy
Jamie Dunphy,Steph Routh,Candace Avalos,Timur Ender,Loretta Smith,
,,,,,
Timur Ender,Michael (Mike) Sands,Noah Ernst,,,
Loretta Smith,Steph Routh,Candace Avalos,Timur Ender,Jamie Dunphy,David Linn
Loretta Smith,Candace Avalos,Steph Routh,Terrence Hayes,Jamie Dunphy,
Doug Clove,Deian Salazar,Thomas Shervey,,,
Joe Allen,David Linn,Michael (Mike) Sands,Thomas Shervey,Steph Routh,Jamie Dunphy
Terrence Hayes,Noah Ernst,Loretta Smith,,,
Cayle Tern,Candace Avalos,Deian Salazar,,,
Noah Ernst,Joe Allen,David Linn,Joe Furi,Doug Clove,Timur Ender
Terrence Hayes,Jamie Dunphy,Candace Avalos,Timur Ender,Steph Routh,
Jamie Dunphy,Steph Routh,Noah Ernst,,,
Terrence Hayes,Noah Ernst,Candace Avalos,,,
Peggy Sue Owens,Doug Clove,Loretta Smith,Jamie Dunphy,Noah Ernst,Joe Allen
Loretta Smith,Candace Avalos,Steph Routh,Deian Salazar,Terrence Hayes,Thomas Shervey
Terrence Hayes,Loretta Smith,,,,
Doug Clove,Deian Salazar,Joe Furi,Loretta Smith,Steph Routh,Jamie Dunphy
Candace Avalos,Joe Allen,,,,
,,,,,
Noah Ernst,David Linn,Michael (Mike) Sands,Steph Routh,Jamie Dunphy,Joe Allen
Steph Routh,Timur Ender,Jamie Dunphy,,,
Timur Ender,Candace Avalos,Doug Clove,Loretta Smith,Terrence Hayes,Steph Routh
Timur Ender,Candace Avalos,Loretta Smith,Steph Routh,Cayle Tern,David Linn
Terrence Hayes,Noah Ernst,David Linn,Doug Clove,,
Jamie Dunphy,Loretta Smith,Steph Routh,David Linn,Thomas Shervey,Peggy Sue Owens
Write-in-120,Candace Avalos,Steph Routh,,,
Noah Ernst,Doug Clove,Timur Ender,Peggy Sue Owens,Michael (Mike) Sands,Candace Avalos
Jamie Dunphy,Candace Avalos,Cayle Tern,Steph Routh,Timur Ender,David Linn
David Linn,Michael (Mike) Sands,Steph Routh,,,
Candace Avalos,Terrence Hayes,Loretta Smith,Jamie Dunphy,Steph Routh,Timur Ender
Terrence Hayes,Deian Salazar,David Linn,Joe Allen,,
Steph Routh,Candace Avalos,Jamie Dunphy,Doug Clove,Joe Allen,Cayle Tern
Jamie Dunphy,Candace Avalos,Steph Routh,,,
Steph Routh,Candace Avalos,Jamie Dunphy,Timur Ender,Cayle Tern,Loretta Smith
Jamie Dunphy,Candace Avalos,Timur Ender,Steph Routh,Cayle Tern,
Deian Salazar,Candace Avalos,Peggy Sue Owens,Loretta Smith,Jamie Dunphy,Doug Clove
Jamie Dunphy,Thomas Shervey,Joe Furi,,,
Candace Avalos,Jamie Dunphy,Cayle Tern,Joe Furi,Timur Ender,Michael (Mike) Sands
Candace Avalos,Cayle Tern,Timur Ender,,,
David Linn,Joe Furi,Doug Clove,Steph Routh,,
Peggy Sue Owens,Candace Avalos,Loretta Smith,Jamie Dunphy,Doug Clove,Timur Ender
Candace Avalos,Timur Ender,Michael (Mike) Sands,Terrence Hayes,,
Noah Ernst,Cayle Tern,Deian Salazar,Doug Clove,Terrence Hayes,Jamie Dunphy
Timur Ender,Candace Avalos,Peggy Sue Owens,,,
Timur Ender,Steph Routh,Candace Avalos,,,
Candace Avalos,Timur Ender,Loretta Smith,Michael (Mike) Sands,Jamie Dunphy,
Candace Avalos,Timur Ender,Steph Routh,Jamie Dunphy,Cayle Tern,David Linn
Loretta Smith,Deian Salazar,Joe Furi,Doug Clove,,
David Linn,Jamie Dunphy,,,,
Steph Routh,Terrence Hayes,,,,
Loretta Smith,,,,,
Jamie Dunphy,Candace Avalos,Steph Routh,Noah Ernst,David Linn,Loretta Smith
Noah Ernst,Steph Routh,David Linn,Jamie Dunphy,Doug Clove,Timur Ender
Michael (Mike) Sands,Timur Ender,,,,
Jamie Dunphy,Candace Avalos,Steph Routh,Noah Ernst,David Linn,Loretta Smith
Candace Avalos,,,,,
Loretta Smith,Steph Routh,,,,
Noah Ernst,Jamie Dunphy,Loretta Smith,Candace Avalos,,
Jamie Dunphy,Candace Avalos,Steph Routh,,,
Loretta Smith,Timur Ender,Steph Routh,,,
Terrence Hayes,Michael (Mike) Sands,Steph Routh,,,
Candace Avalos,Timur Ender,Steph Routh,,,
Loretta Smith,Noah Ernst,Terrence Hayes,Steph Routh,Timur Ender,Michael (Mike) Sands
Loretta Smith,Jamie Dunphy,Steph Routh,,,
Candace Avalos,Timur Ender,,,,
Candace Avalos,Timur Ender,Steph Routh,,,
David Linn,Cayle Tern,Steph Routh,Candace Avalos,Doug Clove,Thomas Shervey
,,,,,
Candace Avalos,Jamie Dunphy,Loretta Smith,Steph Routh,Terrence Hayes,Timur Ender
Jamie Dunphy,Terrence Hayes,Timur Ender,David Linn,Steph Routh,Loretta Smith
Michael (Mike) Sands,Noah Ernst,Terrence Hayes,,,
Jamie Dunphy,Loretta Smith,Candace Avalos,Timur Ender,Steph Routh,Terrence Hayes
Jamie Dunphy,Candace Avalos,Steph Routh,,,
Loretta Smith,Terrence Hayes,Jamie Dunphy,,,
Doug Clove,Joe Furi,Jamie Dunphy,,,
Joe Allen,Peggy Sue Owens,Cayle Tern,Michael (Mike) Sands,Loretta Smith,Candace Avalos
David Linn,Thomas Shervey,Candace Avalos,Timur Ender,Jamie Dunphy,Noah Ernst
Doug Clove,Joe Furi,Noah Ernst,Terrence Hayes,,
Candace Avalos,,,,,
Peggy Sue Owens,Timur Ender,Candace Avalos,Loretta Smith,Thomas Shervey,Jamie Dunphy
Terrence Hayes,,,,,
Jamie Dunphy,,,,,
Steph Routh,,,,,
Timur Ender,David Linn,Terrence Hayes,Loretta Smith,Jamie Dunphy,Candace Avalos
Timur Ender,Michael (Mike) Sands,Candace Avalos,Cayle Tern,Loretta Smith,Terrence Hayes
Loretta Smith,Terrence Hayes,Noah Ernst,Jamie Dunphy,Candace Avalos,Steph Routh
Candace Avalos,Cayle Tern,Timur Ender,,,
Timur Ender,Noah Ernst,Joe Furi,Thomas Shervey,Jamie Dunphy,Deian Salazar
Candace Avalos,Timur Ender,Cayle Tern,Jamie Dunphy,,
Terrence Hayes,Noah Ernst,Doug Clove,Deian Salazar,,
Joe Allen,Michael (Mike) Sands,,,,
Jamie Dunphy,Loretta Smith,Steph Routh,Michael (Mike) Sands,Noah Ernst,Timur Ender
Candace Avalos,Steph Routh,Timur Ender,Jamie Dunphy,Peggy Sue Owens,Deian Salazar
Terrence Hayes,Thomas Shervey,Steph Routh,Timur Ender,Candace Avalos,Deian Salazar
Candace Avalos,Timur Ender,Steph Routh,Jamie Dunphy,Cayle Tern,David Linn
Loretta Smith,Candace Avalos,Terrence Hayes,Noah Ernst,Steph Routh,
Noah Ernst,Terrence Hayes,Loretta Smith,,,
Loretta Smith,Peggy Sue Owens,Candace Avalos,Noah Ernst,Joe Furi,Jamie Dunphy
Cayle Tern,Candace Avalos,Timur Ender,David Linn,Steph Routh,Thomas Shervey
Candace Avalos,Cayle Tern,Timur Ender,,,
Jamie Dunphy,Candace Avalos,Steph Routh,,,
Loretta Smith,Terrence Hayes,,,,
Candace Avalos,Jamie Dunphy,Timur Ender,Steph Routh,Doug Clove,
Candace Avalos,Timur Ender,Steph Routh,Jamie Dunphy,,
Peggy Sue Owens,,,,,
Timur Ender,Cayle Tern,Doug Clove,Deian Salazar,Terrence Hayes,Steph Routh
Candace Avalos,Jamie Dunphy,Timur Ender,Cayle Tern,Steph Routh,
Candace Avalos,Doug Clove,,,,
Terrence Hayes,Noah Ernst,Doug Clove,Steph Routh,Joe Furi,
David Linn,Doug Clove,Loretta Smith,Terrence Hayes,Deian Salazar,Steph Routh
,,,,,
Steph Routh,Noah Ernst,Candace Avalos,,,
Noah Ernst,Doug Clove,Terrence Hayes,,,
Loretta Smith,Candace Avalos,Peggy Sue Owens,Cayle Tern,,
Loretta Smith,Candace Avalos,,,,
Loretta Smith,,,,,
Candace Avalos,Steph Routh,Loretta Smith,David Linn,Thomas Shervey,Cayle Tern
Candace Avalos,,,,,
Noah Ernst,,,,,
Jamie Dunphy,Steph Routh,Candace Avalos,,,
Michael (Mike) Sands,Thomas Shervey,Joe Allen,Candace Avalos,David Linn,Loretta Smith
Timur Ender,Jamie Dunphy,Steph Routh,Michael (Mike) Sands,Cayle Tern,Doug Clove
Thomas Shervey,Jamie Dunphy,Peggy Sue Owens,Deian Salazar,Noah Ernst,Joe Furi
Loretta Smith,Terrence Hayes,Candace Avalos,,,
Candace Avalos,Jamie Dunphy,Timur Ender,Steph Routh,,
Doug Clove,Terrence Hayes,Noah Ernst,David Linn,Cayle Tern,
David Linn,Noah Ernst,Deian Salazar,Write-in-121,Peggy Sue Owens,Thomas Shervey
Jamie Dunphy,Candace Avalos,Steph Routh,Noah Ernst,David Linn,Loretta Smith
Loretta Smith,Thomas Shervey,Cayle Tern,Joe Allen,Noah Ernst,David Linn
Loretta Smith,Thomas Shervey,Steph Routh,,,
Michael (Mike) Sands,,,,,
Loretta Smith,,,,,
Jamie Dunphy,Terrence Hayes,Candace Avalos,Timur Ender,David Linn,
Jamie Dunphy,Noah Ernst,David Linn,Loretta Smith,Terrence Hayes,Steph Routh
Terrence Hayes,Noah Ernst,Candace Avalos,,,
Peggy Sue Owens,Candace Avalos,Loretta Smith,Jamie Dunphy,Noah Ernst,Michael (Mike) Sands
Candace Avalos,Timur Ender,Cayle Tern,Steph Routh,David Linn,Deian Salazar
Steph Routh,David Linn,Candace Avalos,Timur Ender,,
Joe Allen,Michael (Mike) Sands,Doug Clove,,,
Michael (Mike) Sands,Loretta Smith,Joe Allen,David Linn,Thomas Shervey,Steph Routh
Jamie Dunphy,Candace Avalos,Steph Routh,Timur Ender,,
Timur Ender,Cayle Tern,,,,
Doug Clove,,,,,
Candace Avalos,Cayle Tern,Timur Ender,,,
Loretta Smith,Timur Ender,,,,
Terrence Hayes,David Linn,Loretta Smith,Timur Ender,Doug Clove,Michael (Mike) Sands
David Linn,Loretta Smith,Peggy Sue Owens,,,
Loretta Smith,Terrence Hayes,Steph Routh,Thomas Shervey,Deian Salazar,Timur Ender
Steph Routh,Terrence Hayes,Deian Salazar,Loretta Smith,Cayle Tern,Candace Avalos
Candace Avalos,Cayle Tern,Timur Ender,,,
Terrence Hayes,Jamie Dunphy,,,,
Loretta Smith,,,,,
Peggy Sue Owens,Loretta Smith,Steph Routh,Candace Avalos,,
Timur Ender,Jamie Dunphy,Steph Routh,Candace Avalos,Cayle Tern,Loretta Smith
Terrence Hayes,Noah Ernst,Joe Allen,Doug Clove,,
Candace Avalos,Timur Ender,Steph Routh,Jamie Dunphy,,
Candace Avalos,David Linn,Joe Allen,Timur Ender,Steph Routh,
Jamie Dunphy,Steph Routh,Terrence Hayes,Doug Clove,Joe Furi,Thomas Shervey
David Linn,Candace Avalos,Loretta Smith,Terrence Hayes,Steph Routh,Jamie Dunphy
,,,,,
David Linn,,,,,
Terrence Hayes,Noah Ernst,Loretta Smith,Joe Furi,Deian Salazar,David Linn
Loretta Smith,Terrence Hayes,Steph Routh,Michael (Mike) Sands,David Linn,Joe Allen
Candace Avalos,Doug Clove,Terrence Hayes,Noah Ernst,,
Noah Ernst,Joe Allen,Doug Clove,Deian Salazar,Loretta Smith,Terrence Hayes
Noah Ernst,Doug Clove,David Linn,,,
Thomas Shervey,,,,,
Noah Ernst,,,,,
Candace Avalos,Cayle Tern,Terrence Hayes,Deian Salazar,Michael (Mike) Sands,Joe Furi
Steph Routh,Loretta Smith,Timur Ender,Terrence Hayes,Noah Ernst,Michael (Mike) Sands
Deian Salazar,Noah Ernst,Loretta Smith,Doug Clove,Terrence Hayes,Jamie Dunphy
Loretta Smith,Candace Avalos,Joe Furi,Terrence Hayes,Deian Salazar,Cayle Tern
Jamie Dunphy,,,,,
Jamie Dunphy,Steph Routh,Candace Avalos,,,
David Linn,Michael (Mike) Sands,,,,
Thomas Shervey,Steph Routh,Jamie Dunphy,Candace Avalos,,
Doug Clove,Joe Furi,Deian Salazar,Terrence Hayes,Peggy Sue Owens,
Loretta Smith,Steph Routh,Terrence Hayes,Thomas Shervey,Jamie Dunphy,Joe Allen
Joe Furi,Deian Salazar,,,,
Terrence Hayes,Joe Furi,Joe Allen,Loretta Smith,Steph Routh,Doug Clove
Jamie Dunphy,Candace Avalos,Steph Routh,,,
Jamie Dunphy,Candace Avalos,Steph Routh,Timur Ender,Noah Ernst,David Linn
Terrence Hayes,Loretta Smith,Steph Routh,Cayle Tern,Peggy Sue Owens,Timur Ender
Steph Routh,Candace Avalos,,,,
Terrence Hayes,Noah Ernst,Joe Furi,Loretta Smith,Doug Clove,Write-in-120
Candace Avalos,David Linn,Joe Allen,Doug Clove,Joe Furi,
Terrence Hayes,,,,,
Steph Routh,Jamie Dunphy,Candace Avalos,,,
Jamie Dunphy,Candace Avalos,Steph Routh,Timur Ender,,
Steph Routh,Jamie Dunphy,Loretta Smith,Candace Avalos,David Linn,Timur Ender
Candace Avalos,Timur Ender,Steph Routh,Jamie Dunphy,,
Timur Ender,Candace Avalos,Noah Ernst,Cayle Tern,Jamie Dunphy,
Deian Salazar,Loretta Smith,Jamie Dunphy,Peggy Sue Owens,Candace Avalos,Michael (Mike) Sands
Terrence Hayes,Noah Ernst,Joe Furi,Loretta Smith,Doug Clove,Write-in-120
Candace Avalos,Steph Routh,Jamie Dunphy,Timur Ender,Terrence Hayes,Cayle Tern
Loretta Smith,Terrence Hayes,Steph Routh,,,
Jamie Dunphy,,,,,
Jamie Dunphy,,,,,
Jamie Dunphy,Terrence Hayes,Steph Routh,Candace Avalos,Timur Ender,Michael (Mike) Sands
Terrence Hayes,Jamie Dunphy,Candace Avalos,Noah Ernst,Steph Routh,Peggy Sue Owens
Jamie Dunphy,Candace Avalos,Steph Routh,Noah Ernst,David Linn,Loretta Smith
Candace Avalos,Steph Routh,Jamie Dunphy,Timur Ender,Cayle Tern,David Linn
Timur Ender,,,,,
Joe Allen,,,,,
David Linn,Candace Avalos,Steph Routh,,,
Candace Avalos,Noah Ernst,Jamie Dunphy,Peggy Sue Owens,Timur Ender,Joe Allen
Michael (Mike) Sands,,,,,
Loretta Smith,Jamie Dunphy,Doug Clove,Noah Ernst,Peggy Sue Owens,Timur Ender
Candace Avalos,Cayle Tern,Timur Ender,,,
Candace Avalos,Steph Routh,Jamie Dunphy,Cayle Tern,David Linn,Timur Ender
Cayle Tern,Candace Avalos,Peggy Sue Owens,Michael (Mike) Sands,Deian Salazar,Joe Furi
Jamie Dunphy,David Linn,Candace Avalos,Steph Routh,Terrence Hayes,Timur Ender
Candace Avalos,Steph Routh,Jamie Dunphy,Timur Ender,,
Doug Clove,Joe Allen,,,,
Candace Avalos,Timur Ender,Steph Routh,Jamie Dunphy,Terrence Hayes,Cayle Tern
Deian Salazar,Candace Avalos,Noah Ernst,Terrence Hayes,Michael (Mike) Sands,Cayle Tern
Terrence Hayes,Loretta Smith,David Linn,Candace Avalos,Doug Clove,Jamie Dunphy
Steph Routh,Jamie Dunphy,Candace Avalos,,,
Jamie Dunphy,Steph Routh,Terrence Hayes,Timur Ender,Cayle Tern,
Terrence Hayes,Noah Ernst,Joe Furi,Loretta Smith,Doug Clove,
Steph Routh,Loretta Smith,Timur Ender,Jamie Dunphy,,
,,,,,
Timur Ender,Doug Clove,Loretta Smith,Steph Routh,,
Candace Avalos,Steph Routh,Timur Ender,,,
Terrence Hayes,Steph Routh,Joe Allen,,,
Terrence Hayes,Noah Ernst,Candace Avalos,,,
David Linn,Doug Clove,Thomas Shervey,,,
Doug Clove,Terrence Hayes,Steph Routh,Noah Ernst,Thomas Shervey,Candace Avalos
Michael (Mike) Sands,Candace Avalos,Joe Furi,Peggy Sue Owens,Deian Salazar,Jamie Dunphy
Doug Clove,David Linn,Deian Salazar,Terrence Hayes,Loretta Smith,Timur Ender
Peggy Sue Owens,Terrence Hayes,Steph Routh,Loretta Smith,,
Terrence Hayes,Loretta Smith,Michael (Mike) Sands,Noah Ernst,Jamie Dunphy,
Terrence Hayes,Noah Ernst,Doug Clove,,,
Steph Routh,Joe Allen,Jamie Dunphy,Joe Furi,Doug Clove,Peggy Sue Owens
,,,,,
Candace Avalos,,,,,
Jamie Dunphy,Steph Routh,Candace Avalos,Timur Ender,Deian Salazar,
Noah Ernst,Michael (Mike) Sands,,,,
Noah Ernst,Thomas Shervey,Terrence Hayes,Doug Clove,Joe Furi,
Terrence Hayes,Doug Clove,Candace Avalos,David Linn,Timur Ender,Noah Ernst
David Linn,Steph Routh,Loretta Smith,Timur Ender,,
David Linn,Candace Avalos,,,,
Jamie Dunphy,Candace Avalos,Terrence Hayes,Timur Ender,,
Jamie Dunphy,Candace Avalos,Noah Ernst,David Linn,Cayle Tern,Terrence Hayes
Doug Clove,Jamie Dunphy,Terrence Hayes,Steph Routh,Thomas Shervey,Loretta Smith
Noah Ernst,Joe Allen,Joe Furi,,,
Steph Routh,Timur Ender,Candace Avalos,Jamie Dunphy,Noah Ernst,Terrence Hayes
Peggy Sue Owens,David Linn,Doug Clove,,,
Candace Avalos,Terrence Hayes,Loretta Smith,Steph Routh,,
Loretta Smith,Timur Ender,Deian Salazar,Steph Routh,,
David Linn,Candace Avalos,,,,
Steph Routh,Loretta Smith,Doug Clove,Terrence Hayes,Thomas Shervey,
Candace Avalos,Steph Routh,Jamie Dunphy,Cayle Tern,Timur Ender,Loretta Smith
Loretta Smith,Deian Salazar,Candace Avalos,Peggy Sue Owens,,
Steph Routh,Jamie Dunphy,Candace Avalos,,,
Peggy Sue Owens,Loretta Smith,Timur Ender,Noah Ernst,Jamie Dunphy,Cayle Tern
Candace Avalos,Steph Routh,Timur Ender,Jamie Dunphy,,
Noah Ernst,Terrence Hayes,Loretta Smith,,,
Steph Routh,Jamie Dunphy,Candace Avalos,Noah Ernst,David Linn,
Doug Clove,Noah Ernst,Peggy Sue Owens,Steph Routh,David Linn,Cayle Tern
Steph Routh,Candace Avalos,Timur Ender,Cayle Tern,Jamie Dunphy,Joe Allen
Thomas Shervey,Peggy Sue Owens,Joe Allen,Jamie Dunphy,Joe Furi,Loretta Smith
Terrence Hayes,Jamie Dunphy,Steph Routh,Michael (Mike) Sands,Thomas Shervey,
,,,,,
Noah Ernst,Terrence Hayes,Joe Furi,Loretta Smith,Doug Clove,
Timur Ender,Steph Routh,Cayle Tern,David Linn,Candace Avalos,Jamie Dunphy
Candace Avalos,Cayle Tern,Timur Ender,,,
Deian Salazar,Noah Ernst,Loretta Smith,,,
Loretta Smith,Terrence Hayes,Deian Salazar,David Linn,Candace Avalos,Timur Ender
Jamie Dunphy,Candace Avalos,Joe Furi,Deian Salazar,Terrence Hayes,Steph Routh
Candace Avalos,David Linn,Cayle Tern,Steph Routh,Deian Salazar,Jamie Dunphy
Candace Avalos,Timur Ender,Steph Routh,Jamie Dunphy,,
Steph Routh,Peggy Sue Owens,Candace Avalos,,,
Candace Avalos,,,,,
Jamie Dunphy,Loretta Smith,Candace Avalos,Steph Routh,,
Steph Routh,Timur Ender,Jamie Dunphy,Cayle Tern,Loretta Smith,Candace Avalos
Noah Ernst,,,,,
Jamie Dunphy,Candace Avalos,Steph Routh,,,
Steph Routh,Jamie Dunphy,Candace Avalos,Loretta Smith,,
Candace Avalos,Loretta Smith,Joe Furi,,,
Candace Avalos,Timur Ender,Michael (Mike) Sands,,,
Jamie Dunphy,,,,,
Timur Ender,Jamie Dunphy,Candace Avalos,,,
Candace Avalos,Steph Routh,Cayle Tern,Noah Ernst,Terrence Hayes,Jamie Dunphy
Timur Ender,David Linn,Steph Routh,Loretta Smith,,
Terrence Hayes,Thomas Shervey,Noah Ernst,,,
Loretta Smith,Timur Ender,Steph Routh,Doug Clove,,
Noah Ernst,,,,,
Joe Allen,,,,,
Terrence Hayes,Noah Ernst,Steph Routh,,,
Jamie Dunphy,Cayle Tern,Candace Avalos,Timur Ender,David Linn,Steph Routh
Terrence Hayes,Loretta Smith,Candace Avalos,,,
Steph Routh,Jamie Dunphy,Candace Avalos,David Linn,Noah Ernst,Terrence Hayes
Joe Allen,Michael (Mike) Sands,,,,
Steph Routh,Timur Ender,,,,
Thomas Shervey,,,,,
Timur Ender,Noah Ernst,Terrence Hayes,Loretta Smith,Thomas Shervey,Steph Routh
Candace Avalos,Steph Routh,Terrence Hayes,Peggy Sue Owens,Michael (Mike) Sands,Cayle Tern
Terrence Hayes,Jamie Dunphy,Steph Routh,Cayle Tern,Timur Ender,Noah Ernst
Terrence Hayes,Candace Avalos,Timur Ender,Steph Routh,,
Noah Ernst,,,,,
Jamie Dunphy,Steph Routh,Candace Avalos,,,
Thomas Shervey,Doug Clove,Joe Furi,Candace Avalos,Jamie Dunphy,Cayle Tern
Noah Ernst,Joe Allen,David Linn,,,
David Linn,Terrence Hayes,Write-in-120,Deian Salazar,Timur Ender,Joe Furi
Noah Ernst,Doug Clove,Loretta Smith,Deian Salazar,Terrence Hayes,Thomas Shervey
Jamie Dunphy,,,,,
Noah Ernst,Joe Allen,David Linn,,,
Noah Ernst,Terrence Hayes,Joe Furi,David Linn,Jamie Dunphy,Michael (Mike) Sands
Timur Ender,Jamie Dunphy,Cayle Tern,Doug Clove,,
Peggy Sue Owens,Timur Ender,Noah Ernst,Candace Avalos,Joe Allen,David Linn
Steph Routh,,,,,
Noah Ernst,Doug Clove,Joe Furi,Peggy Sue Owens,Deian Salazar,Write-in-122
Terrence Hayes,Steph Routh,David Linn,Noah Ernst,Loretta Smith,Doug Clove
Doug Clove,Noah Ernst,Terrence Hayes,David Linn,Peggy Sue Owens,Thomas Shervey
Deian Salazar,Loretta Smith,Terrence Hayes,Doug Clove,Candace Avalos,Peggy Sue Owens
David Linn,Loretta Smith,Terrence Hayes,Michael (Mike) Sands,Joe Allen,Joe Furi
Noah Ernst,,,,,
Cayle Tern,Peggy Sue Owens,Loretta Smith,David Linn,Terrence Hayes,Noah Ernst
Thomas Shervey,Loretta Smith,Michael (Mike) Sands,Timur Ender,David Linn,Joe Allen
Timur Ender,David Linn,Candace Avalos,Michael (Mike) Sands,Loretta Smith,Terrence Hayes
Terrence Hayes,Steph Routh,Jamie Dunphy,Loretta Smith,,
Loretta Smith,Terrence Hayes,Steph Routh,Cayle Tern,Candace Avalos,Peggy Sue Owens
Jamie Dunphy,Cayle Tern,David Linn,Candace Avalos,Timur Ender,Steph Routh
Loretta Smith,Terrence Hayes,Peggy Sue Owens,Noah Ernst,Deian Salazar,Candace Avalos
Cayle Tern,Candace Avalos,Timur Ender,Steph Routh,Terrence Hayes,Loretta Smith
Timur Ender,Steph Routh,Candace Avalos,Cayle Tern,,
Candace Avalos,Loretta Smith,Terrence Hayes,Noah Ernst,Steph Routh,
Candace Avalos,Peggy Sue Owens,Loretta Smith,Deian Salazar,Steph Routh,Jamie Dunphy
Noah Ernst,,,,,
Loretta Smith,Peggy Sue Owens,Candace Avalos,Doug Clove,Steph Routh,Jamie Dunphy
Steph Routh,Candace Avalos,Terrence Hayes,,,
Jamie Dunphy,Steph Routh,Loretta Smith,,,
Terrence Hayes,Timur Ender,Loretta Smith,Jamie Dunphy,David Linn,Steph Routh
Steph Routh,Timur Ender,Jamie Dunphy,Candace Avalos,,
Terrence Hayes,Jamie Dunphy,Thomas Shervey,Deian Salazar,Cayle Tern,David Linn
Terrence Hayes,Noah Ernst,Candace Avalos,,,
Jamie Dunphy,Steph Routh,Candace Avalos,David Linn,Terrence Hayes,Noah Ernst
Steph Routh,Candace Avalos,Timur Ender,Terrence Hayes,Doug Clove,Jamie Dunphy
Candace Avalos,Steph Routh,Timur Ender,Thomas Shervey,Joe Allen,Cayle Tern
Noah Ernst,,,,,
Jamie Dunphy,,,,,
Loretta Smith,Terrence Hayes,Candace Avalos,Noah Ernst,Steph Routh,Peggy Sue Owens
Steph Routh,Timur Ender,Candace Avalos,Jamie Dunphy,Cayle Tern,Loretta Smith
Noah Ernst,,,,,
Timur Ender,Candace Avalos,David Linn,Terrence Hayes,Loretta Smith,Steph Routh
Loretta Smith,Terrence Hayes,Jamie Dunphy,Steph Routh,,
Joe Allen,,,,,
David Linn,Peggy Sue Owens,Loretta Smith,Candace Avalos,Jamie Dunphy,Michael (Mike) Sands
Timur Ender,Candace Avalos,David Linn,Joe Allen,Michael (Mike) Sands,Steph Routh
Terrence Hayes,Steph Routh,Noah Ernst,,,
Loretta Smith,Timur Ender,Candace Avalos,Terrence Hayes,Steph Routh,David Linn
Steph Routh,Terrence Hayes,Jamie Dunphy,Timur Ender,Noah Ernst,David Linn
Steph Routh,Jamie Dunphy,David Linn,,,
Doug Clove,,,,,
Noah Ernst,,,,,
Jamie Dunphy,Steph Routh,Candace Avalos,Loretta Smith,,
Deian Salazar,Steph Routh,Loretta Smith,,,
Terrence Hayes,Noah Ernst,Doug Clove,,,
Doug Clove,Noah Ernst,Deian Salazar,Loretta Smith,Terrence Hayes,
Candace Avalos,Steph Routh,Timur Ender,Jamie Dunphy,,
Timur Ender,Terrence Hayes,Noah Ernst,David Linn,Deian Salazar,Steph Routh
Loretta Smith,Timur Ender,Candace Avalos,Steph Routh,Thomas Shervey,Jamie Dunphy
Loretta Smith,Cayle Tern,Noah Ernst,Candace Avalos,Terrence Hayes,Jamie Dunphy
Joe Allen,Candace Avalos,Timur Ender,Deian Salazar,David Linn,Steph Routh
Jamie Dunphy,Candace Avalos,Steph Routh,Loretta Smith,David Linn,Terrence Hayes
Candace Avalos,Loretta Smith,Steph Routh,Noah Ernst,,
Jamie Dunphy,Timur Ender,Steph Routh,Candace Avalos,,
Candace Avalos,Timur Ender,Cayle Tern,,,
Cayle Tern,Candace Avalos,Peggy Sue Owens,Loretta Smith,Steph Routh,Jamie Dunphy
Candace Avalos,Write-in-120,Noah Ernst,,,
David Linn,,,,,
Peggy Sue Owens,Noah Ernst,Candace Avalos,Joe Allen,David Linn,
Candace Avalos,Timur Ender,Steph Routh,Cayle Tern,Jamie Dunphy,David Linn
Peggy Sue Owens,Candace Avalos,Steph Routh,Jamie Dunphy,,
Noah Ernst,,,,,
Loretta Smith,,,,,
Jamie Dunphy,Timur Ender,Doug Clove,Candace Avalos,Joe Allen,Cayle Tern
Loretta Smith,,,,,
Candace Avalos,,,,,
Jamie Dunphy,Candace Avalos,Timur Ender,David Linn,,
Candace Avalos,David Linn,Terrence Hayes,Write-in-120,Write-in-121,Write-in-122
Loretta Smith,Michael (Mike) Sands,Peggy Sue Owens,David Linn,Joe Furi,Joe Allen
Noah Ernst,,,,,
Peggy Sue Owens,Candace Avalos,Joe Furi,Deian Salazar,Jamie Dunphy,Cayle Tern
Steph Routh,Loretta Smith,Jamie Dunphy,,,
Timur Ender,Jamie Dunphy,Steph Routh,David Linn,Cayle Tern,Candace Avalos
Candace Avalos,Timur Ender,Steph Routh,Jamie Dunphy,Cayle Tern,David Linn
Loretta Smith,,,,,
Candace Avalos,Cayle Tern,Timur Ender,,,
Peggy Sue Owens,Joe Furi,Jamie Dunphy,Thomas Shervey,Joe Allen,Cayle Tern
Doug Clove,,,,,
Timur Ender,,,,,
Jamie Dunphy,Steph Routh,Candace Avalos,,,
Candace Avalos,Steph Routh,Jamie Dunphy,Cayle Tern,,
Candace Avalos,Timur Ender,Steph Routh,,,
Timur Ender,David Linn,Jamie Dunphy,Steph Routh,Loretta Smith,
Joe Furi,Timur Ender,Cayle Tern,Joe Allen,Noah Ernst,Steph Routh
Noah Ernst,Deian Salazar,,,,
Jamie Dunphy,Steph Routh,Terrence Hayes,Candace Avalos,Loretta Smith,Joe Furi
Candace Avalos,Jamie Dunphy,Steph Routh,Loretta Smith,David Linn,
David Linn,Candace Avalos,Terrence Hayes,Steph Routh,Jamie Dunphy,Timur Ender
Loretta Smith,Terrence Hayes,Noah Ernst,Jamie Dunphy,Candace Avalos,Timur Ender
Steph Routh,Candace Avalos,Jamie Dunphy,Timur Ender,,
Steph Routh,Timur Ender,Terrence Hayes,David Linn,,
,,,,,
Doug Clove,Noah Ernst,,,,
Candace Avalos,Jamie Dunphy,Cayle Tern,Terrence Hayes,Joe Furi,David Linn
Terrence Hayes,Noah Ernst,Joe Furi,Loretta Smith,Doug Clove,Write-in-120
Steph Routh,Candace Avalos,Loretta Smith,,,
Noah Ernst,Terrence Hayes,,,,
Jamie Dunphy,Candace Avalos,Steph Routh,,,
Candace Avalos,Cayle Tern,Timur Ender,,,
Jamie Dunphy,Candace Avalos,Steph Routh,Terrence Hayes,Loretta Smith,
David Linn,Michael (Mike) Sands,Jamie Dunphy,Joe Allen,Joe Furi,Noah Ernst
Joe Allen,Peggy Sue Owens,Doug Clove,Joe Furi,Loretta Smith,David Linn
Noah Ernst,Loretta Smith,Jamie Dunphy,,,
Jamie Dunphy,Candace Avalos,Steph Routh,Noah Ernst,David Linn,
Timur Ender,Terrence Hayes,Loretta Smith,Steph Routh,Michael (Mike) Sands,Candace Avalos
Loretta Smith,Terrence Hayes,Doug Clove,Candace Avalos,Timur Ender,
Terrence Hayes,Candace Avalos,Timur Ender,Loretta Smith,Jamie Dunphy,Deian Salazar
Deian Salazar,Cayle Tern,Loretta Smith,Jamie Dunphy,Candace Avalos,
David Linn,Loretta Smith,Candace Avalos,Jamie Dunphy,Cayle Tern,Terrence Hayes
Candace Avalos,Steph Routh,Loretta Smith,Terrence Hayes,Timur Ender,Cayle Tern
Jamie Dunphy,Steph Routh,Candace Avalos,Timur Ender,David Linn,Terrence Hayes
Timur Ender,Terrence Hayes,Doug Clove,,,
Terrence Hayes,Joe Allen,David Linn,,,
David Linn,Candace Avalos,Cayle Tern,,,
Noah Ernst,,,,,
Timur Ender,Candace Avalos,Loretta Smith,,,
Terrence Hayes,,,,,
Candace Avalos,Steph Routh,Michael (Mike) Sands,Terrence Hayes,,
Candace Avalos,Timur Ender,Steph Routh,Jamie Dunphy,Cayle Tern,Terrence Hayes
Candace Avalos,Cayle Tern,Timur Ender,,,
Candace Avalos,Steph Routh,Timur Ender,,,
Noah Ernst,Peggy Sue Owens,Cayle Tern,,,
Loretta Smith,Terrence Hayes,Doug Clove,Noah Ernst,,
Noah Ernst,Timur Ender,Jamie Dunphy,Terrence Hayes,Loretta Smith,
Jamie Dunphy,Steph Routh,Candace Avalos,Timur Ender,,
Steph Routh,Jamie Dunphy,Timur Ender,,,
Candace Avalos,Terrence Hayes,Timur Ender,Thomas Shervey,,
Candace Avalos,,,,,
Timur Ender,Cayle Tern,Terrence Hayes,Jamie Dunphy,Steph Routh,
Deian Salazar,Loretta Smith,Terrence Hayes,Jamie Dunphy,Steph Routh,Cayle Tern
Steph Routh,Candace Avalos,Jamie Dunphy,,,
Loretta Smith,Jamie Dunphy,Terrence Hayes,,,
Loretta Smith,Timur Ender,Candace Avalos,Steph Routh,David Linn,Jamie Dunphy
Candace Avalos,Timur Ender,Cayle Tern,,,
Candace Avalos,Steph Routh,Jamie Dunphy,,,
Candace Avalos,,,,,
Steph Routh,,,,,
Candace Avalos,Terrence Hayes,Steph Routh,,,
Loretta Smith,Timur Ender,Michael (Mike) Sands,Terrence Hayes,Steph Routh,
Steph Routh,Jamie Dunphy,Timur Ender,Candace Avalos,,
Candace Avalos,Steph Routh,Terrence Hayes,Timur Ender,,
Loretta Smith,Terrence Hayes,,,,
Candace Avalos,Steph Routh,Timur Ender,Jamie Dunphy,,
Candace Avalos,,,,,
Peggy Sue Owens,Loretta Smith,Cayle Tern,Terrence Hayes,Joe Furi,Candace Avalos
Steph Routh,Timur Ender,Jamie Dunphy,Candace Avalos,,
Cayle Tern,Candace Avalos,Loretta Smith,Jamie Dunphy,Deian Salazar,
Timur Ender,,,,,
Candace Avalos,Timur Ender,Jamie Dunphy,Steph Routh,Joe Allen,Michael (Mike) Sands
Candace Avalos,Joe Allen,David Linn,Cayle Tern,Doug Clove,Joe Furi
Timur Ender,Candace Avalos,Loretta Smith,Steph Routh,,
Candace Avalos,Jamie Dunphy,Loretta Smith,,,
Noah Ernst,,,,,
Timur Ender,,,,,
Jamie Dunphy,Candace Avalos,Steph Routh,Noah Ernst,David Linn,Loretta Smith
Loretta Smith,David Linn,Joe Furi,Joe Allen,Peggy Sue Owens,Michael (Mike) Sands
Steph Routh,Candace Avalos,Timur Ender,David Linn,Jamie Dunphy,Cayle Tern
Joe Allen,Doug Clove,Michael (Mike) Sands,Thomas Shervey,Joe Furi,Cayle Tern
Terrence Hayes,Loretta Smith,,,,
Candace Avalos,Steph Routh,Timur Ender,,,
Jamie Dunphy,Candace Avalos,Steph Routh,Loretta Smith,David Linn,
Loretta Smith,Thomas Shervey,Jamie Dunphy,Peggy Sue Owens,Candace Avalos,David Linn
Candace Avalos,Steph Routh,Terrence Hayes,Loretta Smith,Jamie Dunphy,Noah Ernst
Loretta Smith,Steph Routh,Timur Ender,Jamie Dunphy,Candace Avalos,Terrence Hayes
Deian Salazar,Loretta Smith,Jamie Dunphy,Peggy Sue Owens,Candace Avalos,Michael (Mike) Sands
Doug Clove,David Linn,Noah Ernst,,,
Steph Routh,Jamie Dunphy,Loretta Smith,Candace Avalos,Timur Ender,
Loretta Smith,Noah Ernst,David Linn,Candace Avalos,Timur Ender,Thomas Shervey
Terrence Hayes,,,,,
Candace Avalos,Terrence Hayes,David Linn,Joe Allen,,
Candace Avalos,Loretta Smith,Terrence Hayes,,,
Candace Avalos,Timur Ender,Jamie Dunphy,Cayle Tern,Steph Routh,David Linn
Loretta Smith,David Linn,Joe Allen,Noah Ernst,,
Terrence Hayes,Steph Routh,Loretta Smith,,,
Loretta Smith,Noah Ernst,Deian Salazar,,,
Terrence Hayes,,,,,
Terrence Hayes,Loretta Smith,Thomas Shervey,Steph Routh,Jamie Dunphy,Candace Avalos
Jamie Dunphy,Candace Avalos,Steph Routh,,,
Loretta Smith,Steph Routh,Candace Avalos,Peggy Sue Owens,,
Candace Avalos,Timur Ender,Steph Routh,Loretta Smith,Jamie Dunphy,
Steph Routh,Deian Salazar,Candace Avalos,Terrence Hayes,Thomas Shervey,Michael (Mike) Sands
Candace Avalos,Cayle Tern,Timur Ender,Steph Routh,Jamie Dunphy,David Linn
Write-in-122,,,,,
Candace Avalos,Steph Routh,Timur Ender,Jamie Dunphy,,
Timur Ender,Joe Allen,Steph Routh,,,
Jamie Dunphy,Steph Routh,Timur Ender,Candace Avalos,Noah Ernst,Loretta Smith
,,,,,
David Linn,,,,,
Steph Routh,Timur Ender,Candace Avalos,Jamie Dunphy,Loretta Smith,
Jamie Dunphy,,,,,
Jamie Dunphy,Candace Avalos,Steph Routh,Noah Ernst,,
Loretta Smith,,,,,
Doug Clove,Noah Ernst,Steph Routh,Joe Allen,,
Loretta Smith,Terrence Hayes,Deian Salazar,Candace Avalos,Peggy Sue Owens,Michael (Mike) Sands
Noah Ernst,Doug Clove,Loretta Smith,Joe Allen,Joe Furi,Deian Salazar
Jamie Dunphy,Terrence Hayes,Loretta Smith,Michael (Mike) Sands,Deian Salazar,
Timur Ender,Cayle Tern,Candace Avalos,Jamie Dunphy,David Linn,Deian Salazar
Candace Avalos,Steph Routh,Timur Ender,Loretta Smith,Jamie Dunphy,
Candace Avalos,Cayle Tern,Timur Ender,,,
Loretta Smith,Terrence Hayes,Timur Ender,Candace Avalos,Jamie Dunphy,Cayle Tern
Loretta Smith,Joe Furi,Candace Avalos,Timur Ender,Steph Routh,Jamie Dunphy
Loretta Smith,David Linn,Steph Routh,Terrence Hayes,Candace Avalos,
Steph Routh,Doug Clove,Terrence Hayes,Jamie Dunphy,Loretta Smith,Candace Avalos
Candace Avalos,Joe Allen,Doug Clove,Joe Furi,Michael (Mike) Sands,Thomas Shervey
Steph Routh,Loretta Smith,Terrence Hayes,Jamie Dunphy,Candace Avalos,Cayle Tern
Loretta Smith,Candace Avalos,Timur Ender,Steph Routh,,
Thomas Shervey,Timur Ender,Steph Routh,Terrence Hayes,Cayle Tern,
Jamie Dunphy,Candace Avalos,Steph Routh,David Linn,Noah Ernst,Loretta Smith
Loretta Smith,Timur Ender,Steph Routh,Candace Avalos,Cayle Tern,
Timur Ender,Terrence Hayes,Deian Salazar,Noah Ernst,Michael (Mike) Sands,Jamie Dunphy
David Linn,Jamie Dunphy,Candace Avalos,Doug Clove,Loretta Smith,Timur Ender
Loretta Smith,Peggy Sue Owens,Thomas Shervey,Steph Routh,Candace Avalos,Doug Clove
Candace Avalos,Jamie Dunphy,Timur Ender,Terrence Hayes,Steph Routh,Loretta Smith
Timur Ender,Loretta Smith,Candace Avalos,Terrence Hayes,Michael (Mike) Sands,Deian Salazar
Peggy Sue Owens,Noah Ernst,Loretta Smith,Joe Allen,Michael (Mike) Sands,Terrence Hayes
Timur Ender,Candace Avalos,Steph Routh,Jamie Dunphy,,
Jamie Dunphy,Candace Avalos,Terrence Hayes,David Linn,Steph Routh,Deian Salazar
Steph Routh,Timur Ender,Candace Avalos,David Linn,Cayle Tern,Jamie Dunphy
Joe Allen,David Linn,Noah Ernst,Thomas Shervey,Loretta Smith,Steph Routh
Loretta Smith,David Linn,Cayle Tern,Noah Ernst,Steph Routh,Terrence Hayes
Steph Routh,Loretta Smith,Noah Ernst,Thomas Shervey,,
Candace Avalos,Cayle Tern,Terrence Hayes,Loretta Smith,Deian Salazar,Steph Routh
Steph Routh,Jamie Dunphy,Candace Avalos,Loretta Smith,Timur Ender,Cayle Tern
Loretta Smith,,,,,
Loretta Smith,Deian Salazar,Terrence Hayes,Candace Avalos,Steph Routh,Michael (Mike) Sands
Noah Ernst,Jamie Dunphy,Candace Avalos,Loretta Smith,Steph Routh,
,,,,,
Loretta Smith,,,,,
David Linn,Peggy Sue Owens,Jamie Dunphy,Thomas Shervey,,
Timur Ender,Michael (Mike) Sands,Thomas Shervey,,,
Jamie Dunphy,Timur Ender,Joe Furi,,,
Timur Ender,Candace Avalos,Jamie Dunphy,Steph Routh,Joe Furi,
Deian Salazar,,,,,
Noah Ernst,Candace Avalos,Jamie Dunphy,Steph Routh,,
Doug Clove,,,,,
Loretta Smith,Peggy Sue Owens,Michael (Mike) Sands,Terrence Hayes,Doug Clove,Jamie Dunphy
David Linn,,,,,
Doug Clove,Noah Ernst,Candace Avalos,Michael (Mike) Sands,Deian Salazar,Joe Furi
Steph Routh,Candace Avalos,Loretta Smith,Jamie Dunphy,David Linn,Timur Ender
Steph Routh,Terrence Hayes,Loretta Smith,Candace Avalos,,
Jamie Dunphy,Timur Ender,Noah Ernst,David Linn,Michael (Mike) Sands,Loretta Smith
Noah Ernst,Doug Clove,Joe Allen,,,
Doug Clove,,,,,
Loretta Smith,Peggy Sue Owens,,,,
Candace Avalos,Timur Ender,Cayle Tern,Loretta Smith,Steph Routh,Terrence Hayes
Steph Routh,Loretta Smith,,,,
Loretta Smith,,,,,
Candace Avalos,Cayle Tern,Timur Ender,,,
Candace Avalos,Steph Routh,Timur Ender,Jamie Dunphy,,
Candace Avalos,Jamie Dunphy,Steph Routh,Timur Ender,Thomas Shervey,
Peggy Sue Owens,Jamie Dunphy,,,,
Noah Ernst,Candace Avalos,Cayle Tern,,,
Timur Ender,Steph Routh,,,,
Jamie Dunphy,Loretta Smith,Timur Ender,Steph Routh,Terrence Hayes,Noah Ernst
Loretta Smith,Jamie Dunphy,Steph Routh,Joe Allen,,
Candace Avalos,Loretta Smith,,,,
Michael (Mike) Sands,Loretta Smith,Candace Avalos,Steph Routh,David Linn,Jamie Dunphy
Steph Routh,Timur Ender,Candace Avalos,Jamie Dunphy,,
Cayle Tern,David Linn,Jamie Dunphy,Candace Avalos,Timur Ender,Steph Routh
Candace Avalos,Steph Routh,Jamie Dunphy,Thomas Shervey,,
Jamie Dunphy,Candace Avalos,Timur Ender,Terrence Hayes,Loretta Smith,
Loretta Smith,,,,,
Timur Ender,Cayle Tern,David Linn,Doug Clove,Deian Salazar,Terrence Hayes
Loretta Smith,Terrence Hayes,Cayle Tern,Deian Salazar,Candace Avalos,Timur Ender
Jamie Dunphy,Steph Routh,Timur Ender,,,
Steph Routh,Jamie Dunphy,Candace Avalos,Loretta Smith,Timur Ender,David Linn
Peggy Sue Owens,Loretta Smith,Jamie Dunphy,Cayle Tern,Candace Avalos,
Timur Ender,Candace Avalos,Steph Routh,Jamie Dunphy,Michael (Mike) Sands,
Candace Avalos,Timur Ender,Steph Routh,Cayle Tern,Jamie Dunphy,
Loretta Smith,,,,,
Loretta Smith,Terrence Hayes,Steph Routh,Jamie Dunphy,Timur Ender,Candace Avalos
Loretta Smith,Steph Routh,,,,
Steph Routh,Terrence Hayes,Thomas Shervey,Loretta Smith,Deian Salazar,Michael (Mike) Sands
Steph Routh,Michael (Mike) Sands,Terrence Hayes,Loretta Smith,Joe Furi,Candace Avalos
Jamie Dunphy,Noah Ernst,,,,
Timur Ender,Noah Ernst,Candace Avalos,Deian Salazar,Loretta Smith,Jamie Dunphy
Peggy Sue Owens,Joe Allen,David Linn,Doug Clove,Michael (Mike) Sands,Thomas Shervey
Candace Avalos,Cayle Tern,Timur Ender,Jamie Dunphy,Steph Routh,David Linn
Jamie Dunphy,Candace Avalos,Steph Routh,,,
Candace Avalos,Timur Ender,Steph Routh,Cayle Tern,Loretta Smith,David Linn
Jamie Dunphy,,,,,
Doug Clove,,,,,
Steph Routh,Timur Ender,Jamie Dunphy,Candace Avalos,Cayle Tern,Loretta Smith
Candace Avalos,Joe Furi,Deian Salazar,Steph Routh,Cayle Tern,Jamie Dunphy
Candace Avalos,Cayle Tern,Steph Routh,Jamie Dunphy,Timur Ender,
Loretta Smith,Candace Avalos,Terrence Hayes,Timur Ender,Jamie Dunphy,Steph Routh
Doug Clove,Deian Salazar,Terrence Hayes,Noah Ernst,Candace Avalos,David Linn
Jamie Dunphy,Candace Avalos,Steph Routh,Noah Ernst,,
Loretta Smith,Michael (Mike) Sands,David Linn,Noah Ernst,,
Peggy Sue Owens,Loretta Smith,,,,
Loretta Smith,Steph Routh,Noah Ernst,,,
David Linn,Loretta Smith,Steph Routh,Jamie Dunphy,Michael (Mike) Sands,Deian Salazar
Noah Ernst,Terrence Hayes,Joe Furi,Loretta Smith,Doug Clove,
Candace Avalos,Cayle Tern,David Linn,Steph Routh,Michael (Mike) Sands,Terrence Hayes
Timur Ender,Jamie Dunphy,Steph Routh,Candace Avalos,,
Steph Routh,Candace Avalos,Timur Ender,Jamie Dunphy,Noah Ernst,Loretta Smith
Terrence Hayes,Doug Clove,Michael (Mike) Sands,Loretta Smith,,
Candace Avalos,Cayle Tern,Timur Ender,,,
Steph Routh,Jamie Dunphy,Loretta Smith,Joe Furi,Cayle Tern,Candace Avalos
Timur Ender,Loretta Smith,,,,
Timur Ender,Terrence Hayes,Michael (Mike) Sands,,,
Candace Avalos,Timur Ender,Steph Routh,Jamie Dunphy,,
Terrence Hayes,Loretta Smith,Jamie Dunphy,Noah Ernst,Timur Ender,David Linn
Candace Avalos,Steph Routh,Cayle Tern,Timur Ender,,
Loretta Smith,Thomas Shervey,Terrence Hayes,Doug Clove,David Linn,Timur Ender
Doug Clove,,,,,
Jamie Dunphy,Timur Ender,Candace Avalos,Terrence Hayes,Cayle Tern,Thomas Shervey
Steph Routh,Timur Ender,Jamie Dunphy,Loretta Smith,Terrence Hayes,
Joe Allen,Michael (Mike) Sands,Doug Clove,,,
Peggy Sue Owens,Candace Avalos,Joe Allen,David Linn,,
,,,,,
Jamie Dunphy,Candace Avalos,Steph Routh,Noah Ernst,David Linn,Loretta Smith
Jamie Dunphy,Michael (Mike) Sands,Candace Avalos,Timur Ender,Steph Routh,Cayle Tern
Timur Ender,Jamie Dunphy,Candace Avalos,Joe Furi,Cayle Tern,
Candace Avalos,Terrence Hayes,Loretta Smith,Timur Ender,Cayle Tern,Steph Routh
Terrence Hayes,Noah Ernst,Joe Furi,Loretta Smith,Doug Clove,Write-in-120
Timur Ender,Michael (Mike) Sands,Terrence Hayes,Steph Routh,Candace Avalos,
Thomas Shervey,Jamie Dunphy,Michael (Mike) Sands,David Linn,Doug Clove,Noah Ernst
Thomas Shervey,Jamie Dunphy,,,,
Candace Avalos,Loretta Smith,Noah Ernst,Cayle Tern,Doug Clove,
Timur Ender,Candace Avalos,David Linn,Cayle Tern,Michael (Mike) Sands,Jamie Dunphy
Candace Avalos,Steph Routh,Noah Ernst,Jamie Dunphy,,
Loretta Smith,Terrence Hayes,Jamie Dunphy,Cayle Tern,Candace Avalos,Timur Ender
Steph Routh,Terrence Hayes,Thomas Shervey,Jamie Dunphy,Doug Clove,Michael (Mike) Sands
Noah Ernst,Loretta Smith,Joe Allen,Steph Routh,Jamie Dunphy,Joe Furi
Loretta Smith,Cayle Tern,Peggy Sue Owens,Terrence Hayes,Michael (Mike) Sands,Candace Avalos
Terrence Hayes,Noah Ernst,Candace Avalos,,,
Steph Routh,Timur Ender,Candace Avalos,Cayle Tern,Terrence Hayes,Jamie Dunphy
Timur Ender,,,,,
Joe Allen,Noah Ernst,Steph Routh,Loretta Smith,Cayle Tern,David Linn
Loretta Smith,Cayle Tern,Timur Ender,,,
Noah Ernst,Joe Allen,Loretta Smith,Michael (Mike) Sands,Steph Routh,David Linn
Loretta Smith,Terrence Hayes,Steph Routh,Jamie Dunphy,Deian Salazar,Candace Avalos
Timur Ender,,,,,
Loretta Smith,Terrence Hayes,Steph Routh,Jamie Dunphy,David Linn,Candace Avalos
Noah Ernst,,,,,
Timur Ender,Steph Routh,,,,
Candace Avalos,Peggy Sue Owens,Noah Ernst,Doug Clove,Michael (Mike) Sands,Steph Routh
Joe Allen,Cayle Tern,Michael (Mike) Sands,Terrence Hayes,Peggy Sue Owens,Candace Avalos
Candace Avalos,Michael (Mike) Sands,Deian Salazar,David Linn,Terrence Hayes,Peggy Sue Owens
Timur Ender,Candace Avalos,Doug Clove,Loretta Smith,Terrence Hayes,Steph Routh
Steph Routh,,,,,
Timur Ender,Candace Avalos,,,,
Joe Allen,Joe Furi,Loretta Smith,,,
Timur Ender,Loretta Smith,Steph Routh,Jamie Dunphy,,
Candace Avalos,Joe Allen,Noah Ernst,Cayle Tern,Loretta Smith,Deian Salazar
Michael (Mike) Sands,,,,,
Candace Avalos,Timur Ender,Steph Routh,Jamie Dunphy,Cayle Tern,David Linn
Noah Ernst,,,,,
Michael (Mike) Sands,David Linn,Doug Clove,Steph Routh,Noah Ernst,Thomas Shervey
Steph Routh,Candace Avalos,Cayle Tern,Jamie Dunphy,,
Steph Routh,Jamie Dunphy,Doug Clove,Noah Ernst,Joe Furi,Candace Avalos
Jamie Dunphy,Deian Salazar,David Linn,Noah Ernst,Timur Ender,Terrence Hayes
Jamie Dunphy,Candace Avalos,Steph Routh,,,
Jamie Dunphy,Michael (Mike) Sands,Peggy Sue Owens,David Linn,Doug Clove,Joe Allen
Steph Routh,,,,,
Steph Routh,Loretta Smith,Jamie Dunphy,,,
Doug Clove,Noah Ernst,Terrence Hayes,,,
,,,,,
Jamie Dunphy,Candace Avalos,Steph Routh,,,
Doug Clove,Jamie Dunphy,David Linn,,,
Jamie Dunphy,Candace Avalos,Steph Routh,,,
Loretta Smith,Terrence Hayes,,,,
Terrence Hayes,Noah Ernst,Jamie Dunphy,Doug Clove,David Linn,Michael (Mike) Sands
Steph Routh,Candace Avalos,Timur Ender,Jamie Dunphy,,
Jamie Dunphy,Candace Avalos,Steph Routh,,,
Timur Ender,Joe Allen,Peggy Sue Owens,Cayle Tern,Loretta Smith,Steph Routh
Loretta Smith,Jamie Dunphy,Terrence Hayes,,,
Candace Avalos,Michael (Mike) Sands,Jamie Dunphy,Steph Routh,Loretta Smith,Cayle Tern
Loretta Smith,Jamie Dunphy,Noah Ernst,Timur Ender,Terrence Hayes,
Jamie Dunphy,Candace Avalos,Steph Routh,Noah Ernst,David Linn,Loretta Smith
Steph Routh,,,,,
Terrence Hayes,Loretta Smith,Doug Clove,Deian Salazar,Candace Avalos,Cayle Tern
Loretta Smith,Noah Ernst,Steph Routh,,,
Noah Ernst,Doug Clove,Joe Allen,Thomas Shervey,Joe Furi,Terrence Hayes
Candace Avalos,Cayle Tern,Timur Ender,Jamie Dunphy,Steph Routh,David Linn
Candace Avalos,Timur Ender,Steph Routh,Cayle Tern,,
Terrence Hayes,Joe Allen,Doug Clove,,,
Loretta Smith,Steph Routh,Candace Avalos,,,
Candace Avalos,Timur Ender,Steph Routh,Cayle Tern,Jamie Dunphy,David Linn
Terrence Hayes,Jamie Dunphy,Loretta Smith,Steph Routh,Doug Clove,Noah Ernst
Steph Routh,Jamie Dunphy,,,,
,,,,,
Joe Allen,Peggy Sue Owens,Deian Salazar,Loretta Smith,Doug Clove,Timur Ender
Steph Routh,Loretta Smith,Candace Avalos,Timur Ender,David Linn,Terrence Hayes
Noah Ernst,Michael (Mike) Sands,Timur Ender,Cayle Tern,Deian Salazar,Terrence Hayes
Terrence Hayes,,,,,
Thomas Shervey,Terrence Hayes,Steph Routh,Jamie Dunphy,Candace Avalos,Michael (Mike) Sands
Candace Avalos,Steph Routh,Timur Ender,Cayle Tern,Loretta Smith,Jamie Dunphy
Candace Avalos,Cayle Tern,Timur Ender,Jamie Dunphy,Steph Routh,David Linn
Peggy Sue Owens,Timur Ender,Noah Ernst,,,
Candace Avalos,Jamie Dunphy,Steph Routh,Cayle Tern,Timur Ender,
David Linn,Terrence Hayes,Thomas Shervey,Michael (Mike) Sands,Joe Furi,Doug Clove
Loretta Smith,David Linn,Terrence Hayes,,,
Jamie Dunphy,Steph Routh,Candace Avalos,,,
Candace Avalos,Steph Routh,Loretta Smith,Deian Salazar,Joe Allen,Cayle Tern
,,,,,
Noah Ernst,Steph Routh,Loretta Smith,,,
Timur Ender,,,,,
Peggy Sue Owens,Candace Avalos,Joe Allen,David Linn,,
Noah Ernst,Steph Routh,Doug Clove,Thomas Shervey,Michael (Mike) Sands,Joe Allen
Jamie Dunphy,Candace Avalos,Steph Routh,,,
Candace Avalos,Loretta Smith,Terrence Hayes,Jamie Dunphy,Steph Routh,Cayle Tern
Peggy Sue Owens,Timur Ender,Noah Ernst,Candace Avalos,Joe Allen,David Linn
Jamie Dunphy,Timur Ender,David Linn,Terrence Hayes,Loretta Smith,Candace Avalos
Jamie Dunphy,,,,,
Steph Routh,Loretta Smith,Jamie Dunphy,,,
Candace Avalos,Timur Ender,Cayle Tern,David Linn,Jamie Dunphy,Steph Routh
Loretta Smith,Terrence Hayes,Noah Ernst,,,
Candace Avalos,Cayle Tern,Timur Ender,,,
Noah Ernst,David Linn,Candace Avalos,Doug Clove,Steph Routh,Deian Salazar
Noah Ernst,Terrence Hayes,Joe Furi,Loretta Smith,Doug Clove,
Candace Avalos,Terrence Hayes,Steph Routh,Timur Ender,Loretta Smith,Jamie Dunphy
Terrence Hayes,Noah Ernst,Deian Salazar,,,
Jamie Dunphy,Steph Routh,Timur Ender,Loretta Smith,Candace Avalos,Peggy Sue Owens
Cayle Tern,Michael (Mike) Sands,,,,
Candace Avalos,Steph Routh,Jamie Dunphy,,,
Deian Salazar,Candace Avalos,Peggy Sue Owens,Joe Furi,David Linn,Steph Routh
Jamie Dunphy,Timur Ender,Steph Routh,Candace Avalos,Deian Salazar,
Loretta Smith,Candace Avalos,,,,
Steph Routh,Candace Avalos,Terrence Hayes,Timur Ender,David Linn,
Terrence Hayes,Timur Ender,Candace Avalos,Steph Routh,,
Joe Allen,,,,,
Candace Avalos,Timur Ender,Steph Routh,Loretta Smith,Jamie Dunphy,Terrence Hayes
Candace Avalos,Steph Routh,Terrence Hayes,Loretta Smith,Noah Ernst,Timur Ender
Candace Avalos,Peggy Sue Owens,Doug Clove,Thomas Shervey,David Linn,Michael (Mike) Sands
Loretta Smith,Timur Ender,,,,
Doug Clove,Joe Furi,Loretta Smith,,,
Peggy Sue Owens,Jamie Dunphy,Deian Salazar,Cayle Tern,Loretta Smith,Candace Avalos
Peggy Sue Owens,Candace Avalos,Loretta Smith,,,
Jamie Dunphy,,,,,
Steph Routh,Terrence Hayes,Timur Ender,David Linn,Cayle Tern,Candace Avalos
Terrence Hayes,Loretta Smith,Noah Ernst,Timur Ender,,
Peggy Sue Owens,,,,,
Loretta Smith,Terrence Hayes,Michael (Mike) Sands,Joe Allen,Peggy Sue Owens,Candace Avalos
Steph Routh,Jamie Dunphy,Candace Avalos,,,
Jamie Dunphy,Steph Routh,Candace Avalos,,,
Steph Routh,Loretta Smith,Jamie Dunphy,Terrence Hayes,Michael (Mike) Sands,Doug Clove
Loretta Smith,,,,,
Loretta Smith,Terrence Hayes,Candace Avalos,Cayle Tern,Timur Ender,Thomas Shervey
Candace Avalos,Terrence Hayes,Steph Routh,Jamie Dunphy,Cayle Tern,Timur Ender
Loretta Smith,Steph Routh,Jamie Dunphy,Terrence Hayes,,
David Linn,Candace Avalos,Joe Furi,,,
Doug Clove,Noah Ernst,Joe Allen,Deian Salazar,,
Candace Avalos,Timur Ender,Steph Routh,,,
Joe Furi,Joe Allen,Noah Ernst,Peggy Sue Owens,Deian Salazar,Jamie Dunphy
Noah Ernst,,,,,
Candace Avalos,Timur Ender,Jamie Dunphy,Steph Routh,,
Peggy Sue Owens,,,,,
Loretta Smith,Jamie Dunphy,Terrence Hayes,Michael (Mike) Sands,Candace Avalos,Timur Ender
Candace Avalos,Steph Routh,Jamie Dunphy,,,
Loretta Smith,Joe Allen,Candace Avalos,Terrence Hayes,Noah Ernst,Steph Routh
Terrence Hayes,Noah Ernst,Joe Furi,Loretta Smith,Doug Clove,
David Linn,,,,,
Terrence Hayes,Steph Routh,Cayle Tern,Deian Salazar,Timur Ender,Jamie Dunphy
Peggy Sue Owens,Cayle Tern,Candace Avalos,Loretta Smith,Joe Furi,Michael (Mike) Sands
Noah Ernst,Timur Ender,Joe Furi,,,
Candace Avalos,Steph Routh,Timur Ender,Jamie Dunphy,,
Noah Ernst,Terrence Hayes,Joe Furi,Loretta Smith,Doug Clove,Michael (Mike) Sands
Loretta Smith,,,,,
Terrence Hayes,Noah Ernst,Timur Ender,Steph Routh,Doug Clove,Candace Avalos
Jamie Dunphy,Steph Routh,Candace Avalos,David Linn,Noah Ernst,Loretta Smith
Michael (Mike) Sands,Timur Ender,Noah Ernst,Loretta Smith,Steph Routh,Terrence Hayes
Doug Clove,,,,,
Candace Avalos,Steph Routh,Jamie Dunphy,Noah Ernst,Terrence Hayes,David Linn
Candace Avalos,Terrence Hayes,Steph Routh,Noah Ernst,,
Steph Routh,Jamie Dunphy,Timur Ender,Loretta Smith,Terrence Hayes,
Noah Ernst,,,,,
Steph Routh,Terrence Hayes,Jamie Dunphy,,,
Candace Avalos,Steph Routh,Timur Ender,Write-in-122,Write-in-121,Write-in-120
Candace Avalos,Timur Ender,Steph Routh,Cayle Tern,Loretta Smith,David Linn
Joe Allen,Thomas Shervey,Loretta Smith,Noah Ernst,David Linn,Doug Clove
Jamie Dunphy,Steph Routh,Candace Avalos,Terrence Hayes,Timur Ender,Doug Clove
Jamie Dunphy,Candace Avalos,Steph Routh,,,
Timur Ender,,,,,
Terrence Hayes,Candace Avalos,Deian Salazar,Jamie Dunphy,Loretta Smith,Noah Ernst
Jamie Dunphy,Steph Routh,Candace Avalos,,,
Candace Avalos,Loretta Smith,Jamie Dunphy,Steph Routh,David Linn,Cayle Tern
Steph Routh,Candace Avalos,Timur Ender,Cayle Tern,Jamie Dunphy,David Linn
Candace Avalos,Loretta Smith,Cayle Tern,Doug Clove,Deian Salazar,Michael (Mike) Sands
Candace Avalos,Steph Routh,Timur Ender,Jamie Dunphy,,
Noah Ernst,Joe Allen,Loretta Smith,Terrence Hayes,,
Michael (Mike) Sands,Timur Ender,Candace Avalos,Steph Routh,Loretta Smith,
Loretta Smith,Jamie Dunphy,Joe Allen,,,
Thomas Shervey,Michael (Mike) Sands,Joe Allen,,,
Jamie Dunphy,,,,,
Michael (Mike) Sands,Candace Avalos,Peggy Sue Owens,Terrence Hayes,Joe Furi,
Candace Avalos,Terrence Hayes,Cayle Tern,Timur Ender,Steph Routh,
Candace Avalos,Michael (Mike) Sands,Steph Routh,Loretta Smith,Timur Ender,Cayle Tern
Candace Avalos,Steph Routh,Jamie Dunphy,,,
Loretta Smith,Timur Ender,Jamie Dunphy,,,
Candace Avalos,Peggy Sue Owens,Deian Salazar,Cayle Tern,David Linn,Loretta Smith
Steph Routh,Candace Avalos,Timur Ender,Loretta Smith,,
Deian Salazar,,,,,
Candace Avalos,David Linn,Steph Routh,Terrence Hayes,Thomas Shervey,Loretta Smith
Jamie Dunphy,Timur Ender,Candace Avalos,Steph Routh,David Linn,Noah Ernst
Noah Ernst,,,,,
Timur Ender,Joe Allen,Doug Clove,,,
Noah Ernst,Michael (Mike) Sands,David Linn,Loretta Smith,Terrence Hayes,
Steph Routh,Timur Ender,Candace Avalos,Jamie Dunphy,,
Timur Ender,Candace Avalos,David Linn,Loretta Smith,Cayle Tern,Michael (Mike) Sands
Noah Ernst,Doug Clove,Terrence Hayes,,,
Jamie Dunphy,Steph Routh,Candace Avalos,,,
Joe Allen,Doug Clove,Deian Salazar,Jamie Dunphy,Terrence Hayes,David Linn
Joe Furi,Jamie Dunphy,Cayle Tern,Peggy Sue Owens,Candace Avalos,Michael (Mike) Sands
Peggy Sue Owens,Timur Ender,Candace Avalos,Doug Clove,,
Doug Clove,Noah Ernst,Terrence Hayes,Thomas Shervey,,
Jamie Dunphy,Candace Avalos,Steph Routh,David Linn,Loretta Smith,Noah Ernst
Joe Allen,Steph Routh,,,,
Doug Clove,Terrence Hayes,Candace Avalos,Loretta Smith,,
Jamie Dunphy,Candace Avalos,Steph Routh,Noah Ernst,David Linn,
Timur Ender,Candace Avalos,Steph Routh,,,
Noah Ernst,Timur Ender,Steph Routh,Loretta Smith,,
Steph Routh,Peggy Sue Owens,Candace Avalos,Loretta Smith,Cayle Tern,Jamie Dunphy
,,,,,
Joe Allen,Doug Clove,Peggy Sue Owens,Loretta Smith,Terrence Hayes,Steph Routh
Jamie Dunphy,Steph Routh,Candace Avalos,,,
Candace Avalos,Steph Routh,Timur Ender,Loretta Smith,Jamie Dunphy,
Steph Routh,,,,,
Candace Avalos,Doug Clove,,,,
Terrence Hayes,Thomas Shervey,Loretta Smith,Cayle Tern,Candace Avalos,Peggy Sue Owens
Noah Ernst,Terrence Hayes,Loretta Smith,,,
Deian Salazar,Terrence Hayes,Doug Clove,Noah Ernst,Michael (Mike) Sands,
Jamie Dunphy,Cayle Tern,David Linn,Candace Avalos,Timur Ender,Steph Routh
Steph Routh,Jamie Dunphy,Timur Ender,Michael (Mike) Sands,Doug Clove,Cayle Tern
Noah Ernst,Loretta Smith,,,,
Jamie Dunphy,Candace Avalos,Steph Routh,Noah Ernst,David Linn,Loretta Smith
Loretta Smith,Candace Avalos,Steph Routh,David Linn,Terrence Hayes,Timur Ender
Candace Avalos,Deian Salazar,David Linn,Thomas Shervey,Joe Furi,Steph Routh
Jamie Dunphy,Steph Routh,David Linn,,,
Terrence Hayes,Noah Ernst,Joe Furi,Loretta Smith,Doug Clove,Write-in-120
Candace Avalos,Loretta Smith,Steph Routh,Terrence Hayes,Deian Salazar,Cayle Tern
Jamie Dunphy,Candace Avalos,Timur Ender,Steph Routh,Cayle Tern,
Candace Avalos,Cayle Tern,Timur Ender,,,
,,,,,
Candace Avalos,Timur Ender,Steph Routh,Cayle Tern,Jamie Dunphy,
Terrence Hayes,Loretta Smith,Peggy Sue Owens,David Linn,Jamie Dunphy,Candace Avalos
Terrence Hayes,Noah Ernst,Joe Furi,Loretta Smith,Doug Clove,Write-in-120
Terrence Hayes,Candace Avalos,Timur Ender,Steph Routh,,
Jamie Dunphy,Timur Ender,Cayle Tern,Candace Avalos,David Linn,Terrence Hayes
Terrence Hayes,Steph Routh,Timur Ender,Loretta Smith,,
Steph Routh,,,,,
Joe Furi,Loretta Smith,Joe Allen,Deian Salazar,Timur Ender,Noah Ernst
Doug Clove,Deian Salazar,Joe Allen,Cayle Tern,Terrence Hayes,Loretta Smith
Candace Avalos,Cayle Tern,Timur Ender,Steph Routh,Jamie Dunphy,David Linn
Noah Ernst,Terrence Hayes,Loretta Smith,Doug Clove,David Linn,
Noah Ernst,,,,,
Loretta Smith,Terrence Hayes,Steph Routh,,,
Candace Avalos,Jamie Dunphy,Steph Routh,Timur Ender,,
Cayle Tern,,,,,
Timur Ender,David Linn,Loretta Smith,Candace Avalos,,
Noah Ernst,Doug Clove,Joe Furi,,,
,,,,,
Candace Avalos,Jamie Dunphy,Steph Routh,Timur Ender,David Linn,Cayle Tern
Timur Ender,David Linn,Terrence Hayes,Steph Routh,Doug Clove,Joe Allen
Noah Ernst,Doug Clove,Loretta Smith,Terrence Hayes,Joe Allen,David Linn
Noah Ernst,Jamie Dunphy,Michael (Mike) Sands,Doug Clove,Cayle Tern,Deian Salazar
Loretta Smith,,,,,
Jamie Dunphy,Deian Salazar,Timur Ender,,,
Candace Avalos,Michael (Mike) Sands,Loretta Smith,Terrence Hayes,Jamie Dunphy,Timur Ender
Loretta Smith,Cayle Tern,Timur Ender,Candace Avalos,,
Jamie Dunphy,Terrence Hayes,Timur Ender,David Linn,Candace Avalos,Loretta Smith
Loretta Smith,Timur Ender,Steph Routh,Terrence Hayes,Candace Avalos,
Candace Avalos,Steph Routh,Timur Ender,,,
Joe Allen,,,,,
Candace Avalos,Steph Routh,Jamie Dunphy,David Linn,Cayle Tern,Timur Ender
Timur Ender,Loretta Smith,Steph Routh,Terrence Hayes,Jamie Dunphy,
Steph Routh,,,,,
Steph Routh,Loretta Smith,Timur Ender,,,
Candace Avalos,Noah Ernst,,,,
Noah Ernst,,,,,
Terrence Hayes,Candace Avalos,Loretta Smith,Timur Ender,Doug Clove,Deian Salazar
Steph Routh,Jamie Dunphy,Loretta Smith,,,
Steph Routh,Candace Avalos,Timur Ender,Terrence Hayes,,
Candace Avalos,Steph Routh,Jamie Dunphy,Cayle Tern,,
Steph Routh,Timur Ender,Candace Avalos,Jamie Dunphy,,
Timur Ender,Candace Avalos,Cayle Tern,Joe Allen,,
Noah Ernst,David Linn,Joe Allen,Michael (Mike) Sands,Terrence Hayes,Joe Furi
Loretta Smith,Jamie Dunphy,Candace Avalos,,,
Terrence Hayes,Loretta Smith,Timur Ender,,,
Noah Ernst,Candace Avalos,Steph Routh,Terrence Hayes,Loretta Smith,Timur Ender
Doug Clove,Noah Ernst,Cayle Tern,,,
Terrence Hayes,Noah Ernst,Joe Furi,Loretta Smith,Doug Clove,Write-in-122
Noah Ernst,Terrence Hayes,,,,
Jamie Dunphy,Timur Ender,Noah Ernst,Cayle Tern,,
Deian Salazar,Terrence Hayes,Steph Routh,,,
Terrence Hayes,Timur Ender,Doug Clove,David Linn,Candace Avalos,Jamie Dunphy
David Linn,Candace Avalos,Cayle Tern,,,
Timur Ender,Noah Ernst,Deian Salazar,Steph Routh,Candace Avalos,
Joe Allen,David Linn,Doug Clove,Michael (Mike) Sands,Terrence Hayes,Steph Routh
Timur Ender,Steph Routh,Jamie Dunphy,Candace Avalos,Cayle Tern,Terrence Hayes
Peggy Sue Owens,Candace Avalos,Cayle Tern,Loretta Smith,Terrence Hayes,Steph Routh
Timur Ender,Candace Avalos,David Linn,Steph Routh,,
Timur Ender,David Linn,Noah Ernst,Steph Routh,Candace Avalos,Terrence Hayes
Loretta Smith,Steph Routh,Terrence Hayes,Candace Avalos,Jamie Dunphy,Cayle Tern
Loretta Smith,Steph Routh,Terrence Hayes,Thomas Shervey,Jamie Dunphy,Joe Allen
Joe Allen,Joe Furi,Doug Clove,,,
Doug Clove,,,,,
Timur Ender,Cayle Tern,Candace Avalos,,,
Write-in-120,Candace Avalos,Steph Routh,,,
Noah Ernst,Loretta Smith,Thomas Shervey,Candace Avalos,Deian Salazar,Steph Routh
Loretta Smith,Terrence Hayes,,,,
Loretta Smith,,,,,
Candace Avalos,Steph Routh,Jamie Dunphy,Timur Ender,Cayle Tern,David Linn
Steph Routh,Loretta Smith,Candace Avalos,,,
Timur Ender,David Linn,Doug Clove,Loretta Smith,Terrence Hayes,
Steph Routh,Jamie Dunphy,Candace Avalos,Cayle Tern,Terrence Hayes,Noah Ernst
Doug Clove,Terrence Hayes,Joe Allen,Joe Furi,Cayle Tern,Loretta Smith
Terrence Hayes,,,,,
Steph Routh,Jamie Dunphy,Noah Ernst,Candace Avalos,,
Noah Ernst,Candace Avalos,Steph Routh,Jamie Dunphy,Loretta Smith,
Terrence Hayes,David Linn,Thomas Shervey,Michael (Mike) Sands,Doug Clove,Joe Furi
Candace Avalos,Timur Ender,Steph Routh,Cayle Tern,,
Doug Clove,Terrence Hayes,Steph Routh,Loretta Smith,Candace Avalos,Noah Ernst
Peggy Sue Owens,Loretta Smith,,,,
Loretta Smith,Candace Avalos,Thomas Shervey,,,
Candace Avalos,Cayle Tern,Loretta Smith,,,
Cayle Tern,Steph Routh,Candace Avalos,David Linn,,
,,,,,
Steph Routh,Timur Ender,Candace Avalos,Loretta Smith,Jamie Dunphy,
Steph Routh,Timur Ender,Candace Avalos,Jamie Dunphy,Cayle Tern,
Deian Salazar,Doug Clove,Timur Ender,,,
Candace Avalos,Jamie Dunphy,Timur Ender,Steph Routh,Cayle Tern,Terrence Hayes
Peggy Sue Owens,Loretta Smith,David Linn,,,
Noah Ernst,Doug Clove,David Linn,,,
Jamie Dunphy,Candace Avalos,Cayle Tern,Timur Ender,,
Candace Avalos,Steph Routh,Timur Ender,Jamie Dunphy,David Linn,
Timur Ender,Loretta Smith,Doug Clove,Terrence Hayes,Jamie Dunphy,Steph Routh
Noah Ernst,Terrence Hayes,Doug Clove,Thomas Shervey,Loretta Smith,Joe Furi
Terrence Hayes,Noah Ernst,Jamie Dunphy,,,
Candace Avalos,Terrence Hayes,Noah Ernst,,,
Loretta Smith,Timur Ender,Terrence Hayes,Candace Avalos,Cayle Tern,Deian Salazar
Noah Ernst,,,,,
Candace Avalos,Loretta Smith,Jamie Dunphy,Steph Routh,David Linn,Deian Salazar
Thomas Shervey,Terrence Hayes,Noah Ernst,Candace Avalos,Cayle Tern,Deian Salazar
Loretta Smith,Steph Routh,Terrence Hayes,,,
Noah Ernst,Joe Allen,Doug Clove,Michael (Mike) Sands,Terrence Hayes,Jamie Dunphy
Candace Avalos,Timur Ender,Steph Routh,Cayle Tern,Jamie Dunphy,
Michael (Mike) Sands,Jamie Dunphy,Terrence Hayes,Loretta Smith,Steph Routh,David Linn
Loretta Smith,Steph Routh,Candace Avalos,Joe Allen,David Linn,Terrence Hayes
Jamie Dunphy,Candace Avalos,Steph Routh,Timur Ender,,
Joe Allen,Loretta Smith,Terrence Hayes,Cayle Tern,Steph Routh,Candace Avalos
Steph Routh,Candace Avalos,Jamie Dunphy,,,
Doug Clove,Terrence Hayes,Steph Routh,Timur Ender,Loretta Smith,Candace Avalos
Peggy Sue Owens,Timur Ender,Noah Ernst,Candace Avalos,Joe Allen,David Linn
Steph Routh,Jamie Dunphy,Candace Avalos,David Linn,,
Michael (Mike) Sands,,,,,
Terrence Hayes,Timur Ender,,,,
Write-in-120,Write-in-121,Write-in-122,,,
Steph Routh,Doug Clove,Thomas Shervey,,,
Loretta Smith,,,,,
Doug Clove,Deian Salazar,Joe Allen,Noah Ernst,Steph Routh,Joe Furi
Doug Clove,Candace Avalos,Joe Furi,Terrence Hayes,Steph Routh,Thomas Shervey
Candace Avalos,Steph Routh,Jamie Dunphy,Timur Ender,Cayle Tern,
Candace Avalos,Cayle Tern,Timur Ender,Jamie Dunphy,Steph Routh,David Linn
Terrence Hayes,Noah Ernst,Loretta Smith,Timur Ender,Candace Avalos,Jamie Dunphy
Loretta Smith,Candace Avalos,Terrence Hayes,Timur Ender,Jamie Dunphy,
David Linn,Jamie Dunphy,Terrence Hayes,,,
Candace Avalos,Timur Ender,Loretta Smith,Steph Routh,Deian Salazar,Terrence Hayes
Candace Avalos,Steph Routh,Jamie Dunphy,Timur Ender,Cayle Tern,
Jamie Dunphy,Steph Routh,Candace Avalos,Timur Ender,Terrence Hayes,Thomas Shervey
Terrence Hayes,Jamie Dunphy,,,,
Terrence Hayes,Jamie Dunphy,Loretta Smith,Joe Furi,Doug Clove,Candace Avalos
David Linn,,,,,
Noah Ernst,Cayle Tern,Candace Avalos,Thomas Shervey,Michael (Mike) Sands,Doug Clove
Noah Ernst,Steph Routh,,,,
Jamie Dunphy,Steph Routh,,,,
Candace Avalos,,,,,
Peggy Sue Owens,Candace Avalos,Cayle Tern,Deian Salazar,Jamie Dunphy,Michael (Mike) Sands
Terrence Hayes,Steph Routh,Candace Avalos,Jamie Dunphy,Timur Ender,
Timur Ender,Jamie Dunphy,Steph Routh,,,
Noah Ernst,Joe Allen,Timur Ender,,,
Peggy Sue Owens,,,,,
Terrence Hayes,Jamie Dunphy,Timur Ender,Candace Avalos,Loretta Smith,Thomas Shervey
Noah Ernst,Loretta Smith,Terrence Hayes,Joe Allen,,
Joe Allen,,,,,
Terrence Hayes,Doug Clove,Noah Ernst,,,
Doug Clove,,,,,
Terrence Hayes,,,,,
Loretta Smith,Candace Avalos,Joe Furi,Peggy Sue Owens,Terrence Hayes,Deian Salazar
,,,,,
Jamie Dunphy,Steph Routh,Timur Ender,Candace Avalos,Terrence Hayes,Cayle Tern
Terrence Hayes,Noah Ernst,Doug Clove,,,
Terrence Hayes,Steph Routh,Jamie Dunphy,Noah Ernst,Timur Ender,Loretta Smith
Timur Ender,Steph Routh,Candace Avalos,Loretta Smith,Jamie Dunphy,Terrence Hayes
Candace Avalos,Cayle Tern,Timur Ender,David Linn,Jamie Dunphy,Steph Routh
Steph Routh,Loretta Smith,Terrence Hayes,Timur Ender,Cayle Tern,
Loretta Smith,Timur Ender,,,,
Steph Routh,,,,,
Loretta Smith,Timur Ender,David Linn,Candace Avalos,,
Candace Avalos,Loretta Smith,Peggy Sue Owens,Cayle Tern,Jamie Dunphy,Steph Routh
Noah Ernst,Doug Clove,Deian Salazar,Loretta Smith,Terrence Hayes,
Deian Salazar,Cayle Tern,Michael (Mike) Sands,Joe Allen,Loretta Smith,Jamie Dunphy
Terrence Hayes,Thomas Shervey,Candace Avalos,Steph Routh,Loretta Smith,
Cayle Tern,,,,,
Candace Avalos,Terrence Hayes,Steph Routh,Timur Ender,Loretta Smith,
Terrence Hayes,Noah Ernst,Loretta Smith,,,
Loretta Smith,Terrence Hayes,,,,
Loretta Smith,Terrence Hayes,Steph Routh,,,
Timur Ender,Candace Avalos,Steph Routh,Jamie Dunphy,Terrence Hayes,Doug Clove
Candace Avalos,Michael (Mike) Sands,Deian Salazar,Terrence Hayes,David Linn,Loretta Smith
Candace Avalos,Jamie Dunphy,Steph Routh,,,
Terrence Hayes,Peggy Sue Owens,Candace Avalos,Joe Furi,Deian Salazar,Jamie Dunphy
Noah Ernst,,,,,
Steph Routh,,,,,
Timur Ender,Loretta Smith,Steph Routh,Terrence Hayes,Jamie Dunphy,
Candace Avalos,Joe Furi,Terrence Hayes,,,
Jamie Dunphy,Terrence Hayes,Candace Avalos,Loretta Smith,,
Timur Ender,,,,,
Candace Avalos,,,,,
Loretta Smith,Terrence Hayes,Joe Furi,Candace Avalos,Cayle Tern,Jamie Dunphy
Loretta Smith,Timur Ender,Terrence Hayes,Steph Routh,David Linn,Jamie Dunphy
Jamie Dunphy,Steph Routh,Thomas Shervey,Candace Avalos,David Linn,
Candace Avalos,Timur Ender,Terrence Hayes,Steph Routh,,
Candace Avalos,Timur Ender,Noah Ernst,,,
Doug Clove,Loretta Smith,Terrence Hayes,Deian Salazar,,
Loretta Smith,Jamie Dunphy,Candace Avalos,Deian Salazar,,
Loretta Smith,Steph Routh,Candace Avalos,Terrence Hayes,,
Loretta Smith,Terrence Hayes,Timur Ender,Steph Routh,Noah Ernst,Deian Salazar
Jamie Dunphy,Terrence Hayes,,,,
Terrence Hayes,Noah Ernst,Doug Clove,,,
Noah Ernst,,,,,
Loretta Smith,Terrence Hayes,Candace Avalos,Joe Allen,Cayle Tern,Peggy Sue Owens
Noah Ernst,Terrence Hayes,Joe Furi,Loretta Smith,Doug Clove,
Steph Routh,Timur Ender,Jamie Dunphy,,,
Candace Avalos,Cayle Tern,Timur Ender,,,
Terrence Hayes,Candace Avalos,Noah Ernst,,,
Doug Clove,Noah Ernst,Michael (Mike) Sands,Terrence Hayes,Steph Routh,Joe Furi
Deian Salazar,Candace Avalos,Timur Ender,Cayle Tern,Terrence Hayes,Steph Routh
Timur Ender,Candace Avalos,Cayle Tern,Deian Salazar,Terrence Hayes,Loretta Smith
Timur Ender,Jamie Dunphy,Loretta Smith,,,
Loretta Smith,Candace Avalos,Steph Routh,Timur Ender,Terrence Hayes,Jamie Dunphy
Candace Avalos,Jamie Dunphy,Steph Routh,Noah Ernst,David Linn,Loretta Smith
Steph Routh,Terrence Hayes,Jamie Dunphy,Candace Avalos,Timur Ender,Loretta Smith
Terrence Hayes,Noah Ernst,Candace Avalos,,,
Jamie Dunphy,Timur Ender,,,,
Joe Allen,,,,,
Loretta Smith,,,,,
Jamie Dunphy,Candace Avalos,Terrence Hayes,Peggy Sue Owens,Steph Routh,Deian Salazar
Doug Clove,Michael (Mike) Sands,Noah Ernst,Joe Allen,,
Loretta Smith,Candace Avalos,Deian Salazar,Peggy Sue Owens,Terrence Hayes,Jamie Dunphy
Candace Avalos,,,,,
Loretta Smith,Thomas Shervey,Jamie Dunphy,Steph Routh,Terrence Hayes,
Loretta Smith,Deian Salazar,Doug Clove,,,
Peggy Sue Owens,Timur Ender,Noah Ernst,Candace Avalos,Joe Allen,David Linn
Write-in-120,Candace Avalos,Steph Routh,Noah Ernst,David Linn,Loretta Smith
Candace Avalos,Jamie Dunphy,Timur Ender,Steph Routh,Loretta Smith,
Jamie Dunphy,Terrence Hayes,Loretta Smith,Michael (Mike) Sands,Deian Salazar,
David Linn,,,,,
Steph Routh,Candace Avalos,Cayle Tern,Jamie Dunphy,Timur Ender,Terrence Hayes
Jamie Dunphy,Steph Routh,Terrence Hayes,Loretta Smith,,
Terrence Hayes,Noah Ernst,Steph Routh,Doug Clove,Joe Allen,Thomas Shervey
Steph Routh,Timur Ender,Doug Clove,Noah Ernst,,
Candace Avalos,Peggy Sue Owens,Loretta Smith,Steph Routh,,
Terrence Hayes,,,,,
Noah Ernst,,,,,
Peggy Sue Owens,Loretta Smith,Candace Avalos,Jamie Dunphy,Steph Routh,Cayle Tern
Candace Avalos,Noah Ernst,Peggy Sue Owens,Deian Salazar,Loretta Smith,Steph Routh
Candace Avalos,Cayle Tern,Timur Ender,Steph Routh,Loretta Smith,Terrence Hayes
Jamie Dunphy,Steph Routh,Candace Avalos,Timur Ender,Loretta Smith,Deian Salazar
Steph Routh,,,,,
Peggy Sue Owens,Noah Ernst,Joe Allen,Loretta Smith,Doug Clove,Steph Routh
Joe Allen,,,,,
Timur Ender,Steph Routh,Jamie Dunphy,,,
,,,,,
Joe Furi,,,,,
Loretta Smith,Terrence Hayes,Steph Routh,Thomas Shervey,Candace Avalos,Jamie Dunphy
Joe Allen,,,,,
Timur Ender,Joe Allen,Doug Clove,Joe Furi,Thomas Shervey,Deian Salazar
Noah Ernst,Terrence Hayes,Loretta Smith,Doug Clove,David Linn,
Steph Routh,Jamie Dunphy,Candace Avalos,,,
Candace Avalos,Terrence Hayes,Loretta Smith,Steph Routh,Joe Allen,Michael (Mike) Sands
Loretta Smith,Candace Avalos,Jamie Dunphy,Steph Routh,Timur Ender,Cayle Tern
Timur Ender,Doug Clove,Jamie Dunphy,Terrence Hayes,Loretta Smith,Steph Routh
Noah Ernst,Peggy Sue Owens,Cayle Tern,,,
Jamie Dunphy,Candace Avalos,Cayle Tern,Loretta Smith,Steph Routh,Peggy Sue Owens
Candace Avalos,David Linn,Jamie Dunphy,Steph Routh,Noah Ernst,
Loretta Smith,,,,,
Peggy Sue Owens,,,,,
Timur Ender,Jamie Dunphy,Terrence Hayes,Steph Routh,Loretta Smith,
Candace Avalos,Terrence Hayes,Noah Ernst,,,
Loretta Smith,,,,,
Jamie Dunphy,Candace Avalos,Steph Routh,Noah Ernst,David Linn,Loretta Smith
Timur Ender,Candace Avalos,Steph Routh,Cayle Tern,David Linn,Jamie Dunphy
Peggy Sue Owens,Joe Allen,Write-in-122,Joe Furi,Terrence Hayes,
Candace Avalos,Cayle Tern,Timur Ender,,,
Terrence Hayes,Loretta Smith,Noah Ernst,,,
Loretta Smith,Terrence Hayes,,,,
Noah Ernst,,,,,
Timur Ender,Loretta Smith,Steph Routh,Terrence Hayes,Candace Avalos,Jamie Dunphy
Loretta Smith,,,,,
Jamie Dunphy,Steph Routh,Candace Avalos,Timur Ender,Cayle Tern,David Linn
Terrence Hayes,Noah Ernst,Joe Furi,Loretta Smith,Doug Clove,Write-in-120
Candace Avalos,Noah Ernst,Terrence Hayes,Loretta Smith,Timur Ender,Steph Routh
Terrence Hayes,,,,,
Peggy Sue Owens,,,,,
Loretta Smith,,,,,
Terrence Hayes,Loretta Smith,Cayle Tern,Candace Avalos,Jamie Dunphy,Deian Salazar
Jamie Dunphy,Candace Avalos,Steph Routh,David Linn,Timur Ender,Cayle Tern
Candace Avalos,Steph Routh,Terrence Hayes,Timur Ender,,
Candace Avalos,Timur Ender,,,,
Timur Ender,Steph Routh,Candace Avalos,,,
Candace Avalos,Steph Routh,Jamie Dunphy,,,
Noah Ernst,,,,,
Loretta Smith,,,,,
Candace Avalos,Timur Ender,David Linn,,,
David Linn,Write-in-120,Terrence Hayes,Joe Furi,,
Candace Avalos,Steph Routh,Loretta Smith,Timur Ender,Michael (Mike) Sands,Terrence Hayes
Terrence Hayes,Loretta Smith,,,,
Deian Salazar,Doug Clove,Timur Ender,,,
Candace Avalos,Cayle Tern,Timur Ender,Steph Routh,Jamie Dunphy,David Linn
Steph Routh,,,,,
Steph Routh,Candace Avalos,Jamie Dunphy,,,
Timur Ender,Loretta Smith,Candace Avalos,Jamie Dunphy,Steph Routh,David Linn
David Linn,Joe Allen,Thomas Shervey,Joe Furi,Noah Ernst,Jamie Dunphy
Candace Avalos,Steph Routh,Timur Ender,Deian Salazar,David Linn,Terrence Hayes
Loretta Smith,Terrence Hayes,Timur Ender,Steph Routh,,
Joe Furi,Joe Allen,David Linn,,,
Candace Avalos,Cayle Tern,Timur Ender,,,
Steph Routh,Joe Furi,Candace Avalos,,,
Loretta Smith,,,,,
Doug Clove,,,,,
Candace Avalos,Timur Ender,Steph Routh,David Linn,Cayle Tern,Jamie Dunphy
Terrence Hayes,Loretta Smith,Noah Ernst,,,
Timur Ender,Doug Clove,Jamie Dunphy,Noah Ernst,David Linn,
Noah Ernst,Terrence Hayes,Joe Furi,Loretta Smith,Doug Clove,
Cayle Tern,Doug Clove,Joe Furi,Michael (Mike) Sands,Deian Salazar,Loretta Smith
Timur Ender,Noah Ernst,Terrence Hayes,,,
Doug Clove,,,,,
Loretta Smith,,,,,
Candace Avalos,Timur Ender,Terrence Hayes,Steph Routh,Jamie Dunphy,
Jamie Dunphy,Peggy Sue Owens,Deian Salazar,,,
Loretta Smith,Peggy Sue Owens,Deian Salazar,Joe Furi,Cayle Tern,Candace Avalos
Timur Ender,Steph Routh,Candace Avalos,Loretta Smith,Terrence Hayes,Jamie Dunphy
Timur Ender,Noah Ernst,Doug Clove,Michael (Mike) Sands,Steph Routh,Jamie Dunphy
Loretta Smith,Terrence Hayes,Candace Avalos,Peggy Sue Owens,Cayle Tern,Jamie Dunphy
Loretta Smith,Candace Avalos,Steph Routh,,,
Thomas Shervey,,,,,
Candace Avalos,,,,,
Terrence Hayes,Noah Ernst,Joe Furi,Loretta Smith,Doug Clove,Write-in-120
Candace Avalos,Timur Ender,Cayle Tern,David Linn,Joe Furi,Terrence Hayes
Cayle Tern,Candace Avalos,Timur Ender,David Linn,Jamie Dunphy,Steph Routh
Jamie Dunphy,Loretta Smith,Doug Clove,Joe Allen,Cayle Tern,Noah Ernst
Jamie Dunphy,Steph Routh,David Linn,Loretta Smith,Candace Avalos,Timur Ender
Candace Avalos,Jamie Dunphy,Steph Routh,Cayle Tern,Timur Ender,
Timur Ender,Candace Avalos,Terrence Hayes,Steph Routh,Noah Ernst,Loretta Smith
Steph Routh,Timur Ender,Thomas Shervey,Doug Clove,Joe Allen,Jamie Dunphy
Loretta Smith,,,,,
Candace Avalos,Steph Routh,,,,
Loretta Smith,Terrence Hayes,Jamie Dunphy,Deian Salazar,Cayle Tern,Candace Avalos
Candace Avalos,Cayle Tern,Timur Ender,,,
Terrence Hayes,Steph Routh,Candace Avalos,Jamie Dunphy,Timur Ender,
Timur Ender,Candace Avalos,Terrence Hayes,Steph Routh,Noah Ernst,Loretta Smith
Joe Furi,Doug Clove,Terrence Hayes,,,
Doug Clove,Candace Avalos,Terrence Hayes,Timur Ender,Deian Salazar,Loretta Smith
Cayle Tern,Candace Avalos,Steph Routh,Joe Allen,Timur Ender,Michael (Mike) Sands
Noah Ernst,Jamie Dunphy,Deian Salazar,Peggy Sue Owens,,
Loretta Smith,Noah Ernst,Timur Ender,Terrence Hayes,,
Candace Avalos,Cayle Tern,Timur Ender,Steph Routh,Jamie Dunphy,David Linn
Steph Routh,Candace Avalos,Terrence Hayes,Jamie Dunphy,,
Noah Ernst,Candace Avalos,Joe Furi,Joe Allen,,
Steph Routh,,,,,
Cayle Tern,Candace Avalos,David Linn,,,
Terrence Hayes,,,,,
Noah Ernst,Loretta Smith,Terrence Hayes,,,
Joe Allen,Michael (Mike) Sands,Peggy Sue Owens,Loretta Smith,David Linn,
David Linn,Terrence Hayes,Steph Routh,Jamie Dunphy,Loretta Smith,Deian Salazar
Thomas Shervey,Candace Avalos,Steph Routh,Peggy Sue Owens,David Linn,Joe Furi
Loretta Smith,,,,,
Candace Avalos,Timur Ender,,,,
Candace Avalos,,,,,
Noah Ernst,Jamie Dunphy,Doug Clove,Peggy Sue Owens,Joe Furi,Timur Ender
Candace Avalos,Jamie Dunphy,Timur Ender,Terrence Hayes,Loretta Smith,
Loretta Smith,Terrence Hayes,Jamie Dunphy,,,
Steph Routh,Timur Ender,Jamie Dunphy,Candace Avalos,Terrence Hayes,Loretta Smith
Steph Routh,Timur Ender,Loretta Smith,David Linn,Cayle Tern,Terrence Hayes
Peggy Sue Owens,Deian Salazar,Terrence Hayes,Loretta Smith,Jamie Dunphy,Noah Ernst
Steph Routh,Jamie Dunphy,Noah Ernst,,,
Loretta Smith,Terrence Hayes,Candace Avalos,Jamie Dunphy,Steph Routh,Cayle Tern
Jamie Dunphy,,,,,
Loretta Smith,Terrence Hayes,Noah Ernst,Timur Ender,Jamie Dunphy,Steph Routh
Peggy Sue Owens,,,,,
Jamie Dunphy,Steph Routh,Candace Avalos,,,
Noah Ernst,,,,,
Loretta Smith,,,,,
Terrence Hayes,Candace Avalos,Noah Ernst,,,
Steph Routh,Michael (Mike) Sands,David Linn,,,
Terrence Hayes,Noah Ernst,Joe Furi,Loretta Smith,Doug Clove,Jamie Dunphy
Candace Avalos,Timur Ender,Steph Routh,Jamie Dunphy,Doug Clove,David Linn
Loretta Smith,,,,,
Loretta Smith,Candace Avalos,Peggy Sue Owens,Deian Salazar,Thomas Shervey,Jamie Dunphy
Doug Clove,Steph Routh,Loretta Smith,Joe Furi,David Linn,Cayle Tern
Noah Ernst,,,,,
Candace Avalos,,,,,
Candace Avalos,Steph Routh,Timur Ender,,,
Timur Ender,David Linn,Cayle Tern,Candace Avalos,Jamie Dunphy,Steph Routh
Doug Clove,Michael (Mike) Sands,Deian Salazar,Noah Ernst,Timur Ender,Terrence Hayes
Noah Ernst,,,,,
Jamie Dunphy,Timur Ender,Loretta Smith,Deian Salazar,Steph Routh,Michael (Mike) Sands
Noah Ernst,Terrence Hayes,Loretta Smith,Joe Furi,David Linn,Doug Clove
Loretta Smith,,,,,
David Linn,Noah Ernst,Thomas Shervey,Jamie Dunphy,Joe Furi,Timur Ender
Terrence Hayes,Loretta Smith,Noah Ernst,Candace Avalos,,
Loretta Smith,David Linn,Noah Ernst,Michael (Mike) Sands,Jamie Dunphy,Doug Clove
Steph Routh,Thomas Shervey,Cayle Tern,Noah Ernst,,
Loretta Smith,,,,,
Noah Ernst,,,,,
Steph Routh,Candace Avalos,Cayle Tern,Timur Ender,Joe Furi,
Jamie Dunphy,Steph Routh,Candace Avalos,,,
Candace Avalos,,,,,
Jamie Dunphy,Loretta Smith,Terrence Hayes,Steph Routh,Candace Avalos,
David Linn,,,,,
Terrence Hayes,Thomas Shervey,Noah Ernst,,,
Deian Salazar,Joe Allen,Steph Routh,,,
Candace Avalos,Steph Routh,Timur Ender,Jamie Dunphy,David Linn,Cayle Tern
Steph Routh,Candace Avalos,Loretta Smith,Jamie Dunphy,Timur Ender,Terrence Hayes
Jamie Dunphy,Steph Routh,Timur Ender,,,
Steph Routh,Jamie Dunphy,Candace Avalos,Loretta Smith,Terrence Hayes,
Loretta Smith,Steph Routh,Terrence Hayes,Candace Avalos,Timur Ender,Jamie Dunphy
Loretta Smith,Candace Avalos,Terrence Hayes,Steph Routh,Jamie Dunphy,David Linn
,,,,,
Steph Routh,Timur Ender,Loretta Smith,Noah Ernst,Candace Avalos,Michael (Mike) Sands
Candace Avalos,Cayle Tern,Timur Ender,,,
Terrence Hayes,,,,,
Steph Routh,Candace Avalos,Loretta Smith,Cayle Tern,Terrence Hayes,David Linn
Loretta Smith,Thomas Shervey,Joe Furi,Steph Routh,Jamie Dunphy,David Linn
Loretta Smith,,,,,
Jamie Dunphy,Candace Avalos,Loretta Smith,David Linn,Cayle Tern,
Peggy Sue Owens,Timur Ender,Noah Ernst,Candace Avalos,Joe Allen,
Jamie Dunphy,Candace Avalos,Steph Routh,Noah Ernst,David Linn,Loretta Smith
Terrence Hayes,Loretta Smith,,,,
Loretta Smith,Jamie Dunphy,,,,
Steph Routh,Candace Avalos,Timur Ender,Jamie Dunphy,Cayle Tern,David Linn
Peggy Sue Owens,Doug Clove,Candace Avalos,Loretta Smith,Steph Routh,Jamie Dunphy
David Linn,Jamie Dunphy,Steph Routh,Timur Ender,Candace Avalos,
Peggy Sue Owens,Joe Allen,Cayle Tern,Thomas Shervey,Terrence Hayes,Michael (Mike) Sands
Loretta Smith,Doug Clove,Joe Furi,Michael (Mike) Sands,Candace Avalos,Cayle Tern
Loretta Smith,Candace Avalos,Steph Routh,David Linn,Terrence Hayes,Timur Ender
David Linn,Joe Furi,Doug Clove,Loretta Smith,Jamie Dunphy,Noah Ernst
Terrence Hayes,,,,,
Jamie Dunphy,Candace Avalos,Steph Routh,Noah Ernst,David Linn,Terrence Hayes
Doug Clove,Noah Ernst,David Linn,Cayle Tern,,
Loretta Smith,Terrence Hayes,Noah Ernst,Thomas Shervey,Jamie Dunphy,
Terrence Hayes,Noah Ernst,Joe Furi,Loretta Smith,Doug Clove,Write-in-120
Michael (Mike) Sands,Candace Avalos,Peggy Sue Owens,Cayle Tern,Deian Salazar,Loretta Smith
Steph Routh,Loretta Smith,Terrence Hayes,Candace Avalos,Cayle Tern,Timur Ender
Candace Avalos,Steph Routh,Timur Ender,Jamie Dunphy,Cayle Tern,Michael (Mike) Sands
Loretta Smith,Terrence Hayes,Steph Routh,Jamie Dunphy,David Linn,Candace Avalos
Candace Avalos,Jamie Dunphy,Loretta Smith,,,
Steph Routh,Loretta Smith,Candace Avalos,Terrence Hayes,Timur Ender,Joe Furi
Terrence Hayes,Steph Routh,Jamie Dunphy,Candace Avalos,,
Doug Clove,Timur Ender,Candace Avalos,,,
Candace Avalos,Cayle Tern,Timur Ender,,,
Deian Salazar,Michael (Mike) Sands,Candace Avalos,Loretta Smith,Steph Routh,Terrence Hayes
David Linn,Timur Ender,Loretta Smith,Steph Routh,Jamie Dunphy,
Timur Ender,Joe Allen,Joe Furi,Jamie Dunphy,Steph Routh,Cayle Tern
Noah Ernst,Candace Avalos,,,,
Jamie Dunphy,Deian Salazar,Michael (Mike) Sands,,,
Loretta Smith,Jamie Dunphy,Peggy Sue Owens,Candace Avalos,Cayle Tern,Michael (Mike) Sands
Terrence Hayes,Jamie Dunphy,Steph Routh,Loretta Smith,Candace Avalos,David Linn
Terrence Hayes,Loretta Smith,Steph Routh,Timur Ender,Candace Avalos,Cayle Tern
Timur Ender,Cayle Tern,Candace Avalos,Steph Routh,,
Noah Ernst,Joe Furi,Doug Clove,Deian Salazar,,
Steph Routh,,,,,
Joe Furi,,,,,
Jamie Dunphy,Timur Ender,Candace Avalos,Cayle Tern,Terrence Hayes,Steph Routh
Joe Allen,Doug Clove,Deian Salazar,Jamie Dunphy,Terrence Hayes,David Linn
Timur Ender,Candace Avalos,Cayle Tern,Jamie Dunphy,Steph Routh,David Linn
Doug Clove,Cayle Tern,David Linn,Deian Salazar,,
Jamie Dunphy,,,,,
Loretta Smith,Terrence Hayes,Candace Avalos,Peggy Sue Owens,Cayle Tern,Deian Salazar
Candace Avalos,Steph Routh,Timur Ender,Jamie Dunphy,Loretta Smith,
Candace Avalos,Timur Ender,Steph Routh,Jamie Dunphy,Cayle Tern,David Linn
Loretta Smith,,,,,
Candace Avalos,Steph Routh,Timur Ender,,,
Jamie Dunphy,Terrence Hayes,Timur Ender,Steph Routh,Michael (Mike) Sands,
Terrence Hayes,Noah Ernst,Candace Avalos,,,
Candace Avalos,Cayle Tern,Steph Routh,Michael (Mike) Sands,Timur Ender,David Linn
Loretta Smith,Steph Routh,Jamie Dunphy,,,
Loretta Smith,,,,,
Candace Avalos,Timur Ender,Jamie Dunphy,Cayle Tern,Steph Routh,
Joe Allen,Candace Avalos,Deian Salazar,Peggy Sue Owens,Terrence Hayes,Joe Furi
Candace Avalos,Peggy Sue Owens,Noah Ernst,Deian Salazar,Loretta Smith,Jamie Dunphy
Steph Routh,Loretta Smith,Candace Avalos,Terrence Hayes,Timur Ender,Joe Furi
Jamie Dunphy,Steph Routh,Doug Clove,Joe Allen,Candace Avalos,Thomas Shervey
,,,,,
Steph Routh,Timur Ender,Candace Avalos,Joe Furi,Loretta Smith,
Timur Ender,,,,,
Joe Allen,Loretta Smith,Candace Avalos,Doug Clove,Deian Salazar,Noah Ernst
Steph Routh,Doug Clove,Timur Ender,David Linn,,
Joe Allen,,,,,
Timur Ender,,,,,
Jamie Dunphy,Loretta Smith,Candace Avalos,Steph Routh,,
Terrence Hayes,Michael (Mike) Sands,Doug Clove,,,
David Linn,Noah Ernst,Joe Furi,Loretta Smith,Terrence Hayes,Steph Routh
Terrence Hayes,Noah Ernst,,,,
Candace Avalos,Cayle Tern,Timur Ender,Terrence Hayes,Joe Allen,Michael (Mike) Sands
Jamie Dunphy,Candace Avalos,Steph Routh,,,
Jamie Dunphy,,,,,
Jamie Dunphy,Peggy Sue Owens,Noah Ernst,Terrence Hayes,Loretta Smith,Deian Salazar
Candace Avalos,Jamie Dunphy,Noah Ernst,,,
Loretta Smith,Timur Ender,David Linn,Deian Salazar,Terrence Hayes,Jamie Dunphy
Deian Salazar,Doug Clove,Noah Ernst,,,
Terrence Hayes,,,,,
Jamie Dunphy,Timur Ender,Steph Routh,Loretta Smith,Cayle Tern,Terrence Hayes
Jamie Dunphy,Steph Routh,,,,
Loretta Smith,Terrence Hayes,Michael (Mike) Sands,Doug Clove,David Linn,Noah Ernst
Timur Ender,Terrence Hayes,Jamie Dunphy,,,
Jamie Dunphy,,,,,
Steph Routh,Jamie Dunphy,Candace Avalos,Thomas Shervey,,
Deian Salazar,,,,,
Steph Routh,Candace Avalos,Joe Allen,Noah Ernst,Loretta Smith,Cayle Tern
Jamie Dunphy,Steph Routh,Candace Avalos,Timur Ender,Cayle Tern,Loretta Smith
Jamie Dunphy,,,,,
Steph Routh,Candace Avalos,Timur Ender,,,
Candace Avalos,Cayle Tern,Loretta Smith,,,
Doug Clove,Deian Salazar,Loretta Smith,,,
Loretta Smith,Terrence Hayes,,,,
Candace Avalos,Steph Routh,Jamie Dunphy,,,
Steph Routh,Candace Avalos,Write-in-120,Timur Ender,Loretta Smith,Noah Ernst
Candace Avalos,,,,,
Timur Ender,Steph Routh,Candace Avalos,Terrence Hayes,Cayle Tern,Jamie Dunphy
Terrence Hayes,Loretta Smith,,,,
Steph Routh,Candace Avalos,Jamie Dunphy,Timur Ender,Loretta Smith,
Joe Allen,Doug Clove,Michael (Mike) Sands,Terrence Hayes,Joe Furi,Thomas Shervey
Candace Avalos,Steph Routh,Jamie Dunphy,Cayle Tern,David Linn,Timur Ender
Loretta Smith,Terrence Hayes,Cayle Tern,David Linn,Joe Furi,Steph Routh
Steph Routh,Timur Ender,David Linn,Candace Avalos,Jamie Dunphy,
Loretta Smith,Noah Ernst,Terrence Hayes,,,
Candace Avalos,Timur Ender,Steph Routh,Jamie Dunphy,Cayle Tern,David Linn
Noah Ernst,Joe Allen,Loretta Smith,Michael (Mike) Sands,,
Candace Avalos,Steph Routh,Timur Ender,Jamie Dunphy,Loretta Smith,
Noah Ernst,,,,,
Timur Ender,Jamie Dunphy,Steph Routh,Candace Avalos,David Linn,Cayle Tern
Jamie Dunphy,Timur Ender,Terrence Hayes,Steph Routh,,
Jamie Dunphy,Timur Ender,Terrence Hayes,Steph Routh,Deian Salazar,Thomas Shervey
Loretta Smith,Terrence Hayes,,,,
Candace Avalos,Jamie Dunphy,,,,
Joe Allen,Cayle Tern,Michael (Mike) Sands,Terrence Hayes,Peggy Sue Owens,Candace Avalos
Candace Avalos,Terrence Hayes,Steph Routh,Cayle Tern,Timur Ender,Deian Salazar
Noah Ernst,Loretta Smith,Thomas Shervey,Candace Avalos,Deian Salazar,Steph Routh
Candace Avalos,,,,,
Peggy Sue Owens,Cayle Tern,Steph Routh,Michael (Mike) Sands,Candace Avalos,Loretta Smith
Jamie Dunphy,Cayle Tern,Candace Avalos,Terrence Hayes,Timur Ender,Noah Ernst
Loretta Smith,Candace Avalos,Terrence Hayes,Michael (Mike) Sands,,
Candace Avalos,Jamie Dunphy,Steph Routh,,,
Loretta Smith,Terrence Hayes,Doug Clove,Candace Avalos,David Linn,Deian Salazar
Peggy Sue Owens,Timur Ender,Joe Allen,David Linn,,
Steph Routh,,,,,
Jamie Dunphy,Steph Routh,Timur Ender,Candace Avalos,Loretta Smith,Cayle Tern
Timur Ender,Doug Clove,Loretta Smith,,,
Jamie Dunphy,Candace Avalos,Steph Routh,Timur Ender,Thomas Shervey,Loretta Smith
Peggy Sue Owens,David Linn,Doug Clove,Michael (Mike) Sands,Thomas Shervey,Joe Furi
Loretta Smith,,,,,
Steph Routh,Jamie Dunphy,,,,
Candace Avalos,Noah Ernst,Terrence Hayes,Jamie Dunphy,Steph Routh,David Linn
Joe Allen,Noah Ernst,,,,
Terrence Hayes,Loretta Smith,Joe Allen,Peggy Sue Owens,Michael (Mike) Sands,Deian Salazar
Terrence Hayes,Michael (Mike) Sands,Cayle Tern,David Linn,Peggy Sue Owens,Jamie Dunphy
Candace Avalos,Timur Ender,Cayle Tern,Jamie Dunphy,Steph Routh,David Linn
Deian Salazar,Joe Furi,Doug Clove,Joe Allen,Loretta Smith,Terrence Hayes
Steph Routh,Jamie Dunphy,Terrence Hayes,Candace Avalos,,
Jamie Dunphy,Steph Routh,Loretta Smith,David Linn,Joe Furi,Cayle Tern
Candace Avalos,Jamie Dunphy,Steph Routh,,,
Timur Ender,,,,,
Loretta Smith,Terrence Hayes,Jamie Dunphy,Candace Avalos,Timur Ender,Steph Routh
Timur Ender,Steph Routh,Loretta Smith,Terrence Hayes,Jamie Dunphy,
Candace Avalos,Timur Ender,Steph Routh,,,
Candace Avalos,Steph Routh,Timur Ender,,,
Cayle Tern,Timur Ender,Candace Avalos,Deian Salazar,,
Jamie Dunphy,Loretta Smith,,,,
Jamie Dunphy,Terrence Hayes,Loretta Smith,Deian Salazar,Steph Routh,Noah Ernst
Timur Ender,Loretta Smith,Doug Clove,Steph Routh,Candace Avalos,Joe Furi
Jamie Dunphy,Noah Ernst,,,,
Loretta Smith,Candace Avalos,Cayle Tern,Steph Routh,Jamie Dunphy,Terrence Hayes
Terrence Hayes,Noah Ernst,Doug Clove,,,
Candace Avalos,Steph Routh,Terrence Hayes,Thomas Shervey,David Linn,Jamie Dunphy
Loretta Smith,Candace Avalos,Peggy Sue Owens,,,
Steph Routh,Jamie Dunphy,,,,
Timur Ender,Terrence Hayes,,,,
Jamie Dunphy,Candace Avalos,David Linn,,,
Candace Avalos,Cayle Tern,Timur Ender,,,
Terrence Hayes,Loretta Smith,Noah Ernst,,,
Deian Salazar,Loretta Smith,Candace Avalos,Steph Routh,Peggy Sue Owens,Jamie Dunphy
Candace Avalos,Steph Routh,Timur Ender,Jamie Dunphy,David Linn,Joe Allen
Candace Avalos,,,,,
Noah Ernst,Joe Furi,Terrence Hayes,Doug Clove,,
Candace Avalos,Jamie Dunphy,Steph Routh,Timur Ender,,
Terrence Hayes,,,,,
Timur Ender,David Linn,Terrence Hayes,,,
Loretta Smith,Steph Routh,Terrence Hayes,,,
Timur Ender,,,,,
Steph Routh,Timur Ender,Candace Avalos,Loretta Smith,Jamie Dunphy,
Loretta Smith,,,,,
Deian Salazar,Joe Furi,Doug Clove,Candace Avalos,Terrence Hayes,Loretta Smith
Peggy Sue Owens,Candace Avalos,David Linn,Michael (Mike) Sands,Doug Clove,Steph Routh
Loretta Smith,,,,,
Jamie Dunphy,,,,,
Timur Ender,Noah Ernst,Joe Allen,Doug Clove,Joe Furi,Deian Salazar
Doug Clove,Jamie Dunphy,Terrence Hayes,Candace Avalos,Deian Salazar,Peggy Sue Owens
Michael (Mike) Sands,Terrence Hayes,Jamie Dunphy,Doug Clove,Joe Allen,Peggy Sue Owens
Candace Avalos,Steph Routh,Timur Ender,,,
Deian Salazar,Candace Avalos,Peggy Sue Owens,Joe Furi,David Linn,Steph Routh
Candace Avalos,Terrence Hayes,Steph Routh,Michael (Mike) Sands,Jamie Dunphy,Timur Ender
Candace Avalos,David Linn,Doug Clove,,,
Jamie Dunphy,Candace Avalos,Loretta Smith,Steph Routh,,
Candace Avalos,,,,,
Candace Avalos,Timur Ender,Steph Routh,,,
Terrence Hayes,Steph Routh,Loretta Smith,Jamie Dunphy,Candace Avalos,
Doug Clove,Peggy Sue Owens,Noah Ernst,Thomas Shervey,Terrence Hayes,
Jamie Dunphy,Candace Avalos,Steph Routh,Noah Ernst,David Linn,Loretta Smith
Loretta Smith,,,,,
Loretta Smith,,,,,
Candace Avalos,Jamie Dunphy,Cayle Tern,Timur Ender,Steph Routh,
Noah Ernst,Timur Ender,Loretta Smith,Joe Allen,Jamie Dunphy,Deian Salazar
David Linn,Loretta Smith,Steph Routh,Jamie Dunphy,Michael (Mike) Sands,Deian Salazar
Noah Ernst,Terrence Hayes,Loretta Smith,,,
Jamie Dunphy,Candace Avalos,Steph Routh,Noah Ernst,David Linn,Loretta Smith
Timur Ender,David Linn,,,,
David Linn,Joe Allen,Timur Ender,Deian Salazar,Loretta Smith,Steph Routh
Timur Ender,David Linn,Michael (Mike) Sands,Candace Avalos,Loretta Smith,Terrence Hayes
Peggy Sue Owens,Joe Allen,Michael (Mike) Sands,Loretta Smith,Doug Clove,David Linn
David Linn,Candace Avalos,Timur Ender,Cayle Tern,Loretta Smith,Terrence Hayes
Candace Avalos,Loretta Smith,David Linn,Joe Furi,Steph Routh,
Timur Ender,Noah Ernst,Deian Salazar,Loretta Smith,Terrence Hayes,
Jamie Dunphy,Loretta Smith,Terrence Hayes,Doug Clove,Steph Routh,Candace Avalos
Joe Furi,,,,,
Noah Ernst,Terrence Hayes,Joe Furi,Loretta Smith,Doug Clove,
Terrence Hayes,Candace Avalos,Noah Ernst,Steph Routh,Jamie Dunphy,Timur Ender
Candace Avalos,Steph Routh,Loretta Smith,,,
Jamie Dunphy,Candace Avalos,Steph Routh,Noah Ernst,David Linn,Loretta Smith
Timur Ender,Candace Avalos,,,,
Peggy Sue Owens,Timur Ender,Noah Ernst,Candace Avalos,Joe Allen,David Linn
Loretta Smith,,,,,
Terrence Hayes,,,,,
Timur Ender,Jamie Dunphy,Steph Routh,Terrence Hayes,,
Loretta Smith,,,,,
Candace Avalos,Timur Ender,Steph Routh,Cayle Tern,Terrence Hayes,Jamie Dunphy
Jamie Dunphy,Candace Avalos,Timur Ender,,,
Deian Salazar,Doug Clove,Jamie Dunphy,Steph Routh,,
Candace Avalos,,,,,
Doug Clove,,,,,
Candace Avalos,Steph Routh,Jamie Dunphy,Timur Ender,Loretta Smith,Cayle Tern
,,,,,
Loretta Smith,,,,,
Timur Ender,Jamie Dunphy,Candace Avalos,Steph Routh,,
Terrence Hayes,Steph Routh,Jamie Dunphy,Loretta Smith,Candace Avalos,Thomas Shervey
Timur Ender,Candace Avalos,Loretta Smith,Terrence Hayes,David Linn,Steph Routh
Loretta Smith,Timur Ender,Cayle Tern,Candace Avalos,Terrence Hayes,Jamie Dunphy
Loretta Smith,Terrence Hayes,Timur Ender,,,
Noah Ernst,Steph Routh,,,,
Noah Ernst,,,,,
Steph Routh,Terrence Hayes,Candace Avalos,Doug Clove,Loretta Smith,David Linn
Candace Avalos,Steph Routh,Terrence Hayes,Timur Ender,Jamie Dunphy,
Steph Routh,Jamie Dunphy,Terrence Hayes,Candace Avalos,David Linn,Timur Ender
Terrence Hayes,Noah Ernst,Doug Clove,,,
Candace Avalos,Steph Routh,Timur Ender,,,
Loretta Smith,Steph Routh,Timur Ender,Candace Avalos,Terrence Hayes,Cayle Tern
Doug Clove,Thomas Shervey,Noah Ernst,Timur Ender,Steph Routh,Terrence Hayes
Steph Routh,Candace Avalos,Jamie Dunphy,Timur Ender,,
David Linn,Candace Avalos,Cayle Tern,Steph Routh,Jamie Dunphy,Thomas Shervey
Jamie Dunphy,Candace Avalos,Steph Routh,,,
Noah Ernst,Jamie Dunphy,Deian Salazar,,,
Timur Ender,Loretta Smith,Terrence Hayes,,,
Candace Avalos,Noah Ernst,Loretta Smith,David Linn,Timur Ender,Jamie Dunphy
Noah Ernst,Terrence Hayes,Candace Avalos,,,
Loretta Smith,Noah Ernst,Terrence Hayes,Doug Clove,,
Jamie Dunphy,Timur Ender,Candace Avalos,Cayle Tern,Steph Routh,David Linn
Terrence Hayes,Loretta Smith,Noah Ernst,,,
Candace Avalos,Steph Routh,Timur Ender,,,
Loretta Smith,Terrence Hayes,,,,
Doug Clove,Joe Furi,Noah Ernst,Terrence Hayes,,
David Linn,Steph Routh,Terrence Hayes,Loretta Smith,Jamie Dunphy,Timur Ender
Noah Ernst,Doug Clove,Joe Allen,Deian Salazar,,
Terrence Hayes,Timur Ender,Candace Avalos,,,
Loretta Smith,,,,,
Loretta Smith,Candace Avalos,Doug Clove,Deian Salazar,Terrence Hayes,Jamie Dunphy
Deian Salazar,Steph Routh,,,,
Steph Routh,Peggy Sue Owens,Cayle Tern,,,
Michael (Mike) Sands,Loretta Smith,David Linn,Cayle Tern,Jamie Dunphy,Terrence Hayes
Jamie Dunphy,Steph Routh,Terrence Hayes,Thomas Shervey,Loretta Smith,Deian Salazar
Michael (Mike) Sands,Terrence Hayes,,,,
Peggy Sue Owens,Timur Ender,Noah Ernst,Candace Avalos,Joe Allen,David Linn
Joe Furi,Candace Avalos,Cayle Tern,David Linn,Deian Salazar,Thomas Shervey
Timur Ender,,,,,
Noah Ernst,David Linn,Terrence Hayes,Michael (Mike) Sands,Doug Clove,Candace Avalos
Candace Avalos,Cayle Tern,Timur Ender,Jamie Dunphy,Steph Routh,David Linn
Candace Avalos,Cayle Tern,Timur Ender,,,
Michael (Mike) Sands,Timur Ender,Steph Routh,,,
Peggy Sue Owens,Candace Avalos,Loretta Smith,Cayle Tern,Timur Ender,Write-in-120
Jamie Dunphy,Steph Routh,Candace Avalos,Timur Ender,Loretta Smith,Peggy Sue Owens
Noah Ernst,Timur Ender,Joe Allen,Doug Clove,Cayle Tern,David Linn
Timur Ender,Terrence Hayes,,,,
Noah Ernst,Terrence Hayes,Loretta Smith,Doug Clove,Joe Furi,
Candace Avalos,Cayle Tern,Timur Ender,,,
Candace Avalos,Steph Routh,Timur Ender,Jamie Dunphy,,
Joe Furi,,,,,
Terrence Hayes,Noah Ernst,Candace Avalos,,,
Cayle Tern,Candace Avalos,David Linn,Jamie Dunphy,Peggy Sue Owens,Noah Ernst
Candace Avalos,Timur Ender,Steph Routh,Jamie Dunphy,,
Timur Ender,Candace Avalos,Cayle Tern,Steph Routh,Jamie Dunphy,David Linn
Loretta Smith,,,,,
Doug Clove,Joe Allen,Candace Avalos,Loretta Smith,Jamie Dunphy,Terrence Hayes
Peggy Sue Owens,Candace Avalos,Loretta Smith,Steph Routh,Jamie Dunphy,Doug Clove
Joe Allen,Michael (Mike) Sands,Deian Salazar,Timur Ender,Steph Routh,Candace Avalos
Loretta Smith,Candace Avalos,Jamie Dunphy,Timur Ender,Thomas Shervey,
Noah Ernst,Terrence Hayes,Joe Furi,Loretta Smith,Doug Clove,
Timur Ender,Candace Avalos,Steph Routh,Jamie Dunphy,Cayle Tern,
Jamie Dunphy,Steph Routh,Candace Avalos,Noah Ernst,Terrence Hayes,Timur Ender
Jamie Dunphy,Candace Avalos,Steph Routh,Terrence Hayes,Cayle Tern,Timur Ender
Terrence Hayes,Jamie Dunphy,Deian Salazar,Noah Ernst,Loretta Smith,
Jamie Dunphy,Candace Avalos,Steph Routh,Noah Ernst,David Linn,Loretta Smith
Loretta Smith,Candace Avalos,Thomas Shervey,Steph Routh,Terrence Hayes,Jamie Dunphy
Terrence Hayes,Loretta Smith,Thomas Shervey,Steph Routh,David Linn,Cayle Tern
,,,,,
David Linn,Joe Furi,Doug Clove,Steph Routh,,
Candace Avalos,Timur Ender,Steph Routh,Jamie Dunphy,Terrence Hayes,Cayle Tern
Candace Avalos,,,,,
Terrence Hayes,Steph Routh,,,,
Terrence Hayes,Loretta Smith,Joe Allen,Doug Clove,Peggy Sue Owens,
Cayle Tern,Candace Avalos,Timur Ender,Steph Routh,,
Noah Ernst,,,,,
Doug Clove,Noah Ernst,David Linn,Terrence Hayes,Deian Salazar,Loretta Smith
Noah Ernst,Terrence Hayes,,,,
Loretta Smith,Peggy Sue Owens,Joe Furi,Terrence Hayes,Timur Ender,Deian Salazar
Candace Avalos,Cayle Tern,Timur Ender,Steph Routh,Jamie Dunphy,David Linn
Jamie Dunphy,Candace Avalos,Timur Ender,Steph Routh,Doug Clove,Michael (Mike) Sands
Joe Allen,Peggy Sue Owens,Doug Clove,Joe Furi,Loretta Smith,David Linn
Terrence Hayes,Jamie Dunphy,,,,
Thomas Shervey,,,,,
Terrence Hayes,Loretta Smith,Cayle Tern,Candace Avalos,Deian Salazar,Jamie Dunphy
Jamie Dunphy,Candace Avalos,Peggy Sue Owens,,,
Candace Avalos,Cayle Tern,Timur Ender,Jamie Dunphy,Steph Routh,David Linn
Loretta Smith,Steph Routh,Candace Avalos,Terrence Hayes,Jamie Dunphy,Peggy Sue Owens
Cayle Tern,Candace Avalos,Michael (Mike) Sands,Timur Ender,Joe Furi,Steph Routh
Noah Ernst,Terrence Hayes,,,,
Steph Routh,Terrence Hayes,Loretta Smith,Timur Ender,,
Deian Salazar,Doug Clove,David Linn,Noah Ernst,Jamie Dunphy,Candace Avalos
Deian Salazar,Joe Furi,Doug Clove,,,
Steph Routh,Loretta Smith,Terrence Hayes,Candace Avalos,Cayle Tern,Deian Salazar
Cayle Tern,Doug Clove,,,,
Steph Routh,Candace Avalos,Jamie Dunphy,Michael (Mike) Sands,Cayle Tern,Timur Ender
Loretta Smith,,,,,
Noah Ernst,Terrence Hayes,Joe Furi,Loretta Smith,Doug Clove,
Candace Avalos,Steph Routh,Timur Ender,Jamie Dunphy,,
Jamie Dunphy,Candace Avalos,Timur Ender,,,
Loretta Smith,Candace Avalos,Peggy Sue Owens,Terrence Hayes,Steph Routh,Jamie Dunphy
Deian Salazar,Jamie Dunphy,Candace Avalos,,,
Jamie Dunphy,Candace Avalos,Steph Routh,,,
Loretta Smith,Terrence Hayes,David Linn,Steph Routh,,
Thomas Shervey,Terrence Hayes,Michael (Mike) Sands,,,
Terrence Hayes,Noah Ernst,Joe Allen,Loretta Smith,,
Deian Salazar,Loretta Smith,,,,
Steph Routh,,,,,
Terrence Hayes,,,,,
Peggy Sue Owens,Candace Avalos,Cayle Tern,Deian Salazar,Loretta Smith,Jamie Dunphy
Noah Ernst,David Linn,Michael (Mike) Sands,Deian Salazar,,
Timur Ender,Steph Routh,Candace Avalos,Doug Clove,Jamie Dunphy,Loretta Smith
Loretta Smith,Candace Avalos,Joe Furi,Peggy Sue Owens,Terrence Hayes,Deian Salazar
Candace Avalos,Timur Ender,Steph Routh,Jamie Dunphy,David Linn,Cayle Tern
Candace Avalos,Timur Ender,Steph Routh,Cayle Tern,Michael (Mike) Sands,
Michael (Mike) Sands,,,,,
Candace Avalos,Timur Ender,Loretta Smith,Terrence Hayes,Jamie Dunphy,
Candace Avalos,Peggy Sue Owens,Cayle Tern,Jamie Dunphy,Terrence Hayes,Loretta Smith
Candace Avalos,Cayle Tern,Michael (Mike) Sands,David Linn,Loretta Smith,Timur Ender
Jamie Dunphy,,,,,
Candace Avalos,Loretta Smith,Cayle Tern,,,
Steph Routh,Timur Ender,Terrence Hayes,Loretta Smith,Jamie Dunphy,Deian Salazar
Candace Avalos,Timur Ender,,,,
Steph Routh,Peggy Sue Owens,Terrence Hayes,David Linn,Noah Ernst,Timur Ender
Candace Avalos,Loretta Smith,Steph Routh,Terrence Hayes,Michael (Mike) Sands,Timur Ender
Loretta Smith,Terrence Hayes,Candace Avalos,Jamie Dunphy,,
Loretta Smith,Terrence Hayes,Steph Routh,Joe Allen,Candace Avalos,Jamie Dunphy
Terrence Hayes,Noah Ernst,Doug Clove,,,
Steph Routh,Noah Ernst,,,,
Jamie Dunphy,,,,,
,,,,,
Jamie Dunphy,Candace Avalos,Steph Routh,David Linn,Timur Ender,Joe Furi
Michael (Mike) Sands,Loretta Smith,Steph Routh,,,
Candace Avalos,Terrence Hayes,,,,
Steph Routh,Candace Avalos,,,,
Doug Clove,Terrence Hayes,Jamie Dunphy,,,
,,,,,
Steph Routh,Thomas Shervey,Terrence Hayes,Doug Clove,Deian Salazar,Michael (Mike) Sands
David Linn,Doug Clove,Terrence Hayes,Loretta Smith,Jamie Dunphy,Peggy Sue Owens
Candace Avalos,Timur Ender,Steph Routh,Cayle Tern,,
Jamie Dunphy,Steph Routh,Noah Ernst,,,
Candace Avalos,Timur Ender,Jamie Dunphy,Steph Routh,,
Timur Ender,Candace Avalos,Loretta Smith,Terrence Hayes,,
Write-in-120,Write-in-121,Write-in-122,,,
Candace Avalos,Steph Routh,Timur Ender,,,
Timur Ender,Steph Routh,Jamie Dunphy,Candace Avalos,David Linn,Deian Salazar
Jamie Dunphy,Candace Avalos,Steph Routh,,,
Candace Avalos,Cayle Tern,Timur Ender,,,
Jamie Dunphy,Candace Avalos,Cayle Tern,Timur Ender,,
Joe Furi,Cayle Tern,Candace Avalos,,,
Steph Routh,Timur Ender,Candace Avalos,,,
Steph Routh,Candace Avalos,Loretta Smith,,,
Steph Routh,Cayle Tern,Candace Avalos,Timur Ender,Joe Furi,
Noah Ernst,Loretta Smith,Terrence Hayes,Candace Avalos,Jamie Dunphy,Timur Ender
Loretta Smith,Thomas Shervey,Steph Routh,Jamie Dunphy,Noah Ernst,Timur Ender
Terrence Hayes,Timur Ender,Noah Ernst,Cayle Tern,Loretta Smith,Jamie Dunphy
David Linn,Michael (Mike) Sands,Timur Ender,Thomas Shervey,Loretta Smith,Jamie Dunphy
Noah Ernst,Terrence Hayes,Joe Furi,Loretta Smith,Doug Clove,
Timur Ender,,,,,
Cayle Tern,Jamie Dunphy,David Linn,Candace Avalos,Steph Routh,Noah Ernst
Timur Ender,Candace Avalos,Loretta Smith,Cayle Tern,Steph Routh,Jamie Dunphy
Candace Avalos,Jamie Dunphy,Timur Ender,Loretta Smith,Steph Routh,Cayle Tern
Candace Avalos,Loretta Smith,Terrence Hayes,,,
Candace Avalos,Timur Ender,Terrence Hayes,Jamie Dunphy,Steph Routh,Loretta Smith
Candace Avalos,Steph Routh,Cayle Tern,Jamie Dunphy,David Linn,Timur Ender
Candace Avalos,Terrence Hayes,Jamie Dunphy,Loretta Smith,Steph Routh,Timur Ender
Candace Avalos,,,,,
Timur Ender,Jamie Dunphy,Steph Routh,Terrence Hayes,David Linn,Joe Allen
Noah Ernst,Doug Clove,Deian Salazar,,,
Loretta Smith,Steph Routh,Terrence Hayes,,,
,,,,,
Terrence Hayes,Candace Avalos,Loretta Smith,Steph Routh,Timur Ender,Noah Ernst
Loretta Smith,,,,,
Joe Allen,Loretta Smith,Doug Clove,Michael (Mike) Sands,Jamie Dunphy,Timur Ender
Doug Clove,Joe Furi,,,,
Noah Ernst,Timur Ender,David Linn,Joe Furi,Jamie Dunphy,Candace Avalos
Joe Furi,David Linn,Steph Routh,Loretta Smith,Noah Ernst,Peggy Sue Owens
Terrence Hayes,Noah Ernst,Doug Clove,,,
Candace Avalos,Steph Routh,Timur Ender,Loretta Smith,Terrence Hayes,Peggy Sue Owens
Candace Avalos,Jamie Dunphy,Terrence Hayes,Deian Salazar,Cayle Tern,David Linn
Michael (Mike) Sands,Deian Salazar,Steph Routh,,,
Timur Ender,Loretta Smith,Terrence Hayes,David Linn,,
Noah Ernst,,,,,
Peggy Sue Owens,,,,,
Peggy Sue Owens,Timur Ender,Noah Ernst,Candace Avalos,Joe Allen,
Terrence Hayes,Loretta Smith,Candace Avalos,Steph Routh,Jamie Dunphy,Thomas Shervey
Steph Routh,Timur Ender,Doug Clove,Loretta Smith,Terrence Hayes,Candace Avalos
Joe Furi,Joe Allen,Steph Routh,Loretta Smith,David Linn,
Peggy Sue Owens,Timur Ender,Noah Ernst,Candace Avalos,Joe Allen,David Linn
Timur Ender,Steph Routh,Candace Avalos,David Linn,Loretta Smith,Jamie Dunphy
Terrence Hayes,Noah Ernst,Timur Ender,,,
Loretta Smith,Terrence Hayes,Candace Avalos,David Linn,,
Steph Routh,Candace Avalos,Jamie Dunphy,Thomas Shervey,,
Noah Ernst,Joe Allen,Terrence Hayes,Joe Furi,,
Candace Avalos,Doug Clove,Joe Allen,Loretta Smith,,
Doug Clove,,,,,
Steph Routh,Candace Avalos,Joe Allen,,,
Timur Ender,Steph Routh,Terrence Hayes,Noah Ernst,Jamie Dunphy,Loretta Smith
Steph Routh,Jamie Dunphy,Loretta Smith,Candace Avalos,Noah Ernst,Peggy Sue Owens
Jamie Dunphy,,,,,
Terrence Hayes,Noah Ernst,Candace Avalos,Thomas Shervey,Steph Routh,David Linn
Jamie Dunphy,Candace Avalos,David Linn,Deian Salazar,Loretta Smith,Steph Routh
Terrence Hayes,Loretta Smith,Steph Routh,Cayle Tern,Jamie Dunphy,Deian Salazar
Timur Ender,Candace Avalos,Deian Salazar,Steph Routh,Loretta Smith,
Loretta Smith,Michael (Mike) Sands,Timur Ender,Joe Allen,Thomas Shervey,David Linn
Joe Allen,,,,,
Timur Ender,Candace Avalos,Joe Allen,David Linn,Cayle Tern,Jamie Dunphy
Terrence Hayes,Noah Ernst,Loretta Smith,,,
Steph Routh,Jamie Dunphy,Candace Avalos,,,
Doug Clove,,,,,
Steph Routh,Jamie Dunphy,Timur Ender,Loretta Smith,Write-in-120,
Deian Salazar,,,,,
Loretta Smith,,,,,
Loretta Smith,,,,,
Candace Avalos,,,,,
Candace Avalos,Loretta Smith,Steph Routh,Terrence Hayes,Cayle Tern,Timur Ender
Steph Routh,Candace Avalos,Jamie Dunphy,,,
Steph Routh,,,,,
Candace Avalos,Doug Clove,Cayle Tern,Terrence Hayes,Steph Routh,
Timur Ender,Candace Avalos,Cayle Tern,Jamie Dunphy,Steph Routh,Terrence Hayes
Candace Avalos,Steph Routh,Timur Ender,Jamie Dunphy,Cayle Tern,David Linn
,,,,,
Timur Ender,Candace Avalos,Cayle Tern,Jamie Dunphy,Steph Routh,Deian Salazar
Noah Ernst,,,,,
Jamie Dunphy,Terrence Hayes,Timur Ender,Candace Avalos,Cayle Tern,Michael (Mike) Sands
Candace Avalos,Cayle Tern,Timur Ender,Deian Salazar,Terrence Hayes,Jamie Dunphy
Noah Ernst,,,,,
Candace Avalos,Timur Ender,Steph Routh,Cayle Tern,Jamie Dunphy,Loretta Smith
Cayle Tern,Loretta Smith,Timur Ender,Candace Avalos,Steph Routh,
Candace Avalos,Jamie Dunphy,Timur Ender,Steph Routh,David Linn,
Timur Ender,Candace Avalos,Cayle Tern,,,
Noah Ernst,,,,,
Peggy Sue Owens,Timur Ender,Doug Clove,Loretta Smith,Candace Avalos,David Linn
Candace Avalos,Jamie Dunphy,,,,
Jamie Dunphy,Candace Avalos,,,,
Noah Ernst,Terrence Hayes,Loretta Smith,,,
Candace Avalos,Cayle Tern,Timur Ender,Jamie Dunphy,Steph Routh,David Linn
Cayle Tern,Jamie Dunphy,Timur Ender,Michael (Mike) Sands,Candace Avalos,Loretta Smith
Terrence Hayes,,,,,
Candace Avalos,Jamie Dunphy,Loretta Smith,Thomas Shervey,Steph Routh,Terrence Hayes
Timur Ender,Cayle Tern,Terrence Hayes,Deian Salazar,Doug Clove,Noah Ernst
Steph Routh,Jamie Dunphy,David Linn,Loretta Smith,Terrence Hayes,
Candace Avalos,Steph Routh,Timur Ender,Jamie Dunphy,Thomas Shervey,Michael (Mike) Sands
Michael (Mike) Sands,,,,,
Candace Avalos,Loretta Smith,,,,
Peggy Sue Owens,David Linn,Steph Routh,,,
Jamie Dunphy,Steph Routh,Noah Ernst,Timur Ender,Loretta Smith,Michael (Mike) Sands
Jamie Dunphy,Candace Avalos,Steph Routh,David Linn,Loretta Smith,Deian Salazar
Loretta Smith,Terrence Hayes,Timur Ender,Jamie Dunphy,Steph Routh,David Linn
Candace Avalos,Loretta Smith,Steph Routh,David Linn,Cayle Tern,Joe Allen
Noah Ernst,Joe Allen,Doug Clove,,,
Loretta Smith,Candace Avalos,Steph Routh,Terrence Hayes,Cayle Tern,Timur Ender
,,,,,
Timur Ender,Loretta Smith,Steph Routh,Jamie Dunphy,Cayle Tern,David Linn
David Linn,Michael (Mike) Sands,,,,
David Linn,Noah Ernst,Loretta Smith,,,
Loretta Smith,Terrence Hayes,Candace Avalos,Deian Salazar,Joe Allen,Timur Ender
Noah Ernst,David Linn,Joe Furi,Loretta Smith,Steph Routh,Jamie Dunphy
Steph Routh,Michael (Mike) Sands,,,,
Jamie Dunphy,Candace Avalos,,,,
Jamie Dunphy,Timur Ender,Candace Avalos,Loretta Smith,Steph Routh,David Linn
Candace Avalos,Timur Ender,Steph Routh,Jamie Dunphy,David Linn,Cayle Tern
Noah Ernst,Terrence Hayes,Joe Furi,Loretta Smith,Doug Clove,Steph Routh
Joe Allen,Deian Salazar,Thomas Shervey,Jamie Dunphy,Loretta Smith,Joe Furi
Loretta Smith,Noah Ernst,Jamie Dunphy,Terrence Hayes,Doug Clove,
Candace Avalos,Cayle Tern,Steph Routh,Timur Ender,Jamie Dunphy,Michael (Mike) Sands
Timur Ender,Candace Avalos,Terrence Hayes,Michael (Mike) Sands,Jamie Dunphy,Joe Allen
Candace Avalos,Steph Routh,Jamie Dunphy,Timur Ender,Loretta Smith,
Loretta Smith,,,,,
Joe Allen,Doug Clove,Thomas Shervey,Joe Furi,Michael (Mike) Sands,Jamie Dunphy
Doug Clove,,,,,
Timur Ender,Terrence Hayes,Loretta Smith,Steph Routh,Michael (Mike) Sands,
Jamie Dunphy,Candace Avalos,Steph Routh,,,
Steph Routh,Jamie Dunphy,Terrence Hayes,David Linn,Michael (Mike) Sands,Timur Ender
Loretta Smith,,,,,
Steph Routh,Jamie Dunphy,Candace Avalos,Noah Ernst,Loretta Smith,Timur Ender
Jamie Dunphy,Steph Routh,Candace Avalos,,,
Terrence Hayes,Loretta Smith,Jamie Dunphy,Steph Routh,Timur Ender,Cayle Tern
Candace Avalos,,,,,
Candace Avalos,Jamie Dunphy,Cayle Tern,,,
Jamie Dunphy,Candace Avalos,Steph Routh,,,
Loretta Smith,Terrence Hayes,Timur Ender,Steph Routh,,
Timur Ender,,,,,
Peggy Sue Owens,Joe Allen,Doug Clove,Loretta Smith,Jamie Dunphy,Michael (Mike) Sands
Timur Ender,David Linn,Steph Routh,Thomas Shervey,Cayle Tern,
Timur Ender,Cayle Tern,Candace Avalos,David Linn,Loretta Smith,Steph Routh
Loretta Smith,Terrence Hayes,,,,
Timur Ender,Michael (Mike) Sands,Joe Furi,Candace Avalos,Cayle Tern,Jamie Dunphy
Jamie Dunphy,Candace Avalos,Peggy Sue Owens,,,
Candace Avalos,Cayle Tern,Timur Ender,,,
Loretta Smith,Jamie Dunphy,Peggy Sue Owens,,,
Jamie Dunphy,Steph Routh,Candace Avalos,Timur Ender,Cayle Tern,Noah Ernst
Candace Avalos,Cayle Tern,Timur Ender,,,
Noah Ernst,,,,,
Peggy Sue Owens,Candace Avalos,Cayle Tern,Loretta Smith,Jamie Dunphy,Michael (Mike) Sands
Doug Clove,Michael (Mike) Sands,David Linn,Steph Routh,Joe Allen,Timur Ender
Noah Ernst,Terrence Hayes,Joe Furi,Loretta Smith,Doug Clove,
Noah Ernst,Terrence Hayes,Joe Furi,Loretta Smith,Doug Clove,
David Linn,,,,,
Noah Ernst,,,,,
Loretta Smith,David Linn,,,,
Deian Salazar,Noah Ernst,Steph Routh,Candace Avalos,Joe Allen,
Noah Ernst,Doug Clove,Terrence Hayes,Steph Routh,Jamie Dunphy,Thomas Shervey
Noah Ernst,Timur Ender,Deian Salazar,,,
Loretta Smith,Terrence Hayes,Noah Ernst,Michael (Mike) Sands,Joe Allen,Joe Furi
Noah Ernst,Loretta Smith,,,,
Candace Avalos,Timur Ender,Terrence Hayes,Steph Routh,Jamie Dunphy,
Doug Clove,Joe Furi,Noah Ernst,Terrence Hayes,,
Thomas Shervey,Candace Avalos,Timur Ender,Jamie Dunphy,David Linn,
Deian Salazar,Joe Furi,Steph Routh,,,
Steph Routh,Timur Ender,,,,
Noah Ernst,Candace Avalos,Steph Routh,Jamie Dunphy,Loretta Smith,
Noah Ernst,,,,,
Candace Avalos,Steph Routh,Jamie Dunphy,Timur Ender,Cayle Tern,David Linn
Joe Allen,Timur Ender,Candace Avalos,Cayle Tern,Joe Furi,Loretta Smith
Loretta Smith,Candace Avalos,Timur Ender,Cayle Tern,,
Timur Ender,Steph Routh,Noah Ernst,Loretta Smith,,
David Linn,Doug Clove,Steph Routh,,,
Steph Routh,Jamie Dunphy,Terrence Hayes,,,
Candace Avalos,Deian Salazar,Loretta Smith,Terrence Hayes,Steph Routh,Cayle Tern
Timur Ender,Joe Furi,Jamie Dunphy,,,
Candace Avalos,Steph Routh,Jamie Dunphy,Timur Ender,,
Noah Ernst,,,,,
Timur Ender,Jamie Dunphy,Joe Furi,Michael (Mike) Sands,Candace Avalos,Terrence Hayes
Steph Routh,Loretta Smith,,,,
Steph Routh,Noah Ernst,Terrence Hayes,Jamie Dunphy,Loretta Smith,Doug Clove
Deian Salazar,,,,,
Loretta Smith,Michael (Mike) Sands,Terrence Hayes,Steph Routh,Timur Ender,Jamie Dunphy
Jamie Dunphy,Steph Routh,Joe Furi,,,
Candace Avalos,Jamie Dunphy,Loretta Smith,Steph Routh,Terrence Hayes,Timur Ender
Noah Ernst,Terrence Hayes,Joe Furi,Loretta Smith,Doug Clove,
Peggy Sue Owens,Candace Avalos,Cayle Tern,Loretta Smith,Steph Routh,Jamie Dunphy
Candace Avalos,Cayle Tern,Timur Ender,,,
Cayle Tern,Jamie Dunphy,Peggy Sue Owens,,,
Jamie Dunphy,Steph Routh,Terrence Hayes,Timur Ender,Joe Allen,Candace Avalos
Steph Routh,Jamie Dunphy,Candace Avalos,Timur Ender,Cayle Tern,
Candace Avalos,Cayle Tern,Timur Ender,,,
Candace Avalos,Cayle Tern,Timur Ender,Jamie Dunphy,Steph Routh,David Linn
Terrence Hayes,Noah Ernst,Doug Clove,,,
Cayle Tern,Candace Avalos,,,,
Steph Routh,Terrence Hayes,Timur Ender,Loretta Smith,David Linn,Candace Avalos
Terrence Hayes,Loretta Smith,Deian Salazar,Candace Avalos,,
Candace Avalos,,,,,
Candace Avalos,Steph Routh,Timur Ender,Jamie Dunphy,Loretta Smith,Noah Ernst
Peggy Sue Owens,Loretta Smith,Steph Routh,Candace Avalos,,
Loretta Smith,,,,,
Jamie Dunphy,Steph Routh,,,,
Jamie Dunphy,Terrence Hayes,Timur Ender,Loretta Smith,Candace Avalos,Noah Ernst
Steph Routh,Candace Avalos,Timur Ender,Joe Allen,Michael (Mike) Sands,
Thomas Shervey,,,,,
Loretta Smith,Steph Routh,David Linn,Joe Allen,,
Loretta Smith,Terrence Hayes,Candace Avalos,Steph Routh,Doug Clove,Joe Furi
Cayle Tern,Candace Avalos,Timur Ender,Noah Ernst,Joe Allen,Steph Routh
Timur Ender,Cayle Tern,Candace Avalos,Noah Ernst,Deian Salazar,Michael (Mike) Sands
Joe Furi,,,,,
Jamie Dunphy,Candace Avalos,Steph Routh,Loretta Smith,,
Timur Ender,Doug Clove,Michael (Mike) Sands,Steph Routh,Jamie Dunphy,Thomas Shervey
Loretta Smith,,,,,
Doug Clove,Joe Furi,Loretta Smith,Michael (Mike) Sands,,
Timur Ender,,,,,
Timur Ender,Candace Avalos,Cayle Tern,Steph Routh,Jamie Dunphy,
Candace Avalos,Jamie Dunphy,Noah Ernst,Steph Routh,,
Candace Avalos,Steph Routh,,,,
Candace Avalos,Michael (Mike) Sands,David Linn,Loretta Smith,Jamie Dunphy,Terrence Hayes
Steph Routh,Candace Avalos,Jamie Dunphy,David Linn,Cayle Tern,Deian Salazar
Terrence Hayes,Jamie Dunphy,Candace Avalos,Noah Ernst,Steph Routh,Peggy Sue Owens
Loretta Smith,Steph Routh,,,,
Noah Ernst,Jamie Dunphy,Steph Routh,,,
Candace Avalos,,,,,
Candace Avalos,Jamie Dunphy,Steph Routh,,,
Michael (Mike) Sands,Timur Ender,,,,
Loretta Smith,Terrence Hayes,Cayle Tern,Candace Avalos,Joe Allen,David Linn
Noah Ernst,,,,,
Noah Ernst,Joe Allen,Michael (Mike) Sands,,,
Deian Salazar,Doug Clove,Candace Avalos,Joe Furi,Loretta Smith,Steph Routh
Noah Ernst,Terrence Hayes,Loretta Smith,,,
Steph Routh,Candace Avalos,Timur Ender,,,
Candace Avalos,David Linn,Jamie Dunphy,Terrence Hayes,Thomas Shervey,Joe Allen
Candace Avalos,Doug Clove,,,,
Candace Avalos,Steph Routh,Jamie Dunphy,,,
Terrence Hayes,Noah Ernst,Loretta Smith,Doug Clove,Deian Salazar,
Candace Avalos,Noah Ernst,Loretta Smith,Joe Furi,Steph Routh,Terrence Hayes
Doug Clove,,,,,
Jamie Dunphy,Thomas Shervey,Joe Allen,Noah Ernst,Doug Clove,Joe Furi
Candace Avalos,Timur Ender,Steph Routh,Jamie Dunphy,David Linn,Cayle Tern
Loretta Smith,Michael (Mike) Sands,Timur Ender,,,
Jamie Dunphy,,,,,
Cayle Tern,Loretta Smith,Candace Avalos,Noah Ernst,Steph Routh,Michael (Mike) Sands
Candace Avalos,Timur Ender,Doug Clove,Joe Furi,Steph Routh,Loretta Smith
Peggy Sue Owens,Steph Routh,Michael (Mike) Sands,,,
Terrence Hayes,Candace Avalos,,,,
Terrence Hayes,Candace Avalos,Steph Routh,Loretta Smith,Jamie Dunphy,
Jamie Dunphy,Timur Ender,Candace Avalos,,,
Noah Ernst,Jamie Dunphy,Joe Allen,Timur Ender,Doug Clove,Terrence Hayes
Cayle Tern,Deian Salazar,Michael (Mike) Sands,Terrence Hayes,Loretta Smith,Jamie Dunphy
Noah Ernst,Write-in-120,Doug Clove,Thomas Shervey,Timur Ender,Write-in-122
Candace Avalos,Noah Ernst,Jamie Dunphy,,,
Candace Avalos,Jamie Dunphy,Steph Routh,Timur Ender,,
Timur Ender,Jamie Dunphy,Loretta Smith,Candace Avalos,Cayle Tern,David Linn
Candace Avalos,Terrence Hayes,,,,
Candace Avalos,Steph Routh,Jamie Dunphy,,,
Timur Ender,Steph Routh,Candace Avalos,Jamie Dunphy,Doug Clove,Loretta Smith
David Linn,Noah Ernst,Joe Furi,Joe Allen,Loretta Smith,Cayle Tern
Steph Routh,Candace Avalos,Cayle Tern,Jamie Dunphy,David Linn,
Candace Avalos,Loretta Smith,Michael (Mike) Sands,Jamie Dunphy,Terrence Hayes,Steph Routh
Candace Avalos,Timur Ender,Steph Routh,Jamie Dunphy,,
Steph Routh,Loretta Smith,Timur Ender,Jamie Dunphy,Candace Avalos,Michael (Mike) Sands
Doug Clove,,,,,
Cayle Tern,,,,,
Jamie Dunphy,Steph Routh,,,,
Steph Routh,Candace Avalos,Timur Ender,,,
David Linn,,,,,
Loretta Smith,Michael (Mike) Sands,Cayle Tern,Timur Ender,Noah Ernst,Candace Avalos
Candace Avalos,Jamie Dunphy,,,,
Candace Avalos,Cayle Tern,Timur Ender,Jamie Dunphy,Steph Routh,David Linn
Loretta Smith,Terrence Hayes,,,,
Steph Routh,Doug Clove,Joe Allen,David Linn,,
Terrence Hayes,Noah Ernst,Joe Furi,Loretta Smith,Doug Clove,Write-in-120
Jamie Dunphy,Candace Avalos,Terrence Hayes,Cayle Tern,,
Candace Avalos,Cayle Tern,Jamie Dunphy,Deian Salazar,Steph Routh,Timur Ender
Steph Routh,Timur Ender,Deian Salazar,Terrence Hayes,Cayle Tern,Candace Avalos
Michael (Mike) Sands,,,,,
Noah Ernst,Joe Allen,Doug Clove,Terrence Hayes,,
Candace Avalos,Steph Routh,Loretta Smith,Cayle Tern,Timur Ender,Jamie Dunphy
Joe Furi,,,,,
Doug Clove,Thomas Shervey,Jamie Dunphy,Peggy Sue Owens,Joe Allen,David Linn
Terrence Hayes,Steph Routh,Jamie Dunphy,Candace Avalos,,
Candace Avalos,Steph Routh,Timur Ender,Jamie Dunphy,,
Candace Avalos,Terrence Hayes,Jamie Dunphy,Steph Routh,,
Timur Ender,Loretta Smith,Terrence Hayes,Jamie Dunphy,Doug Clove,Candace Avalos
Noah Ernst,Terrence Hayes,Joe Furi,Loretta Smith,Doug Clove,
Candace Avalos,Jamie Dunphy,Steph Routh,,,
Loretta Smith,Terrence Hayes,Jamie Dunphy,Candace Avalos,Steph Routh,
Candace Avalos,Jamie Dunphy,Steph Routh,Timur Ender,Cayle Tern,Loretta Smith
Loretta Smith,Terrence Hayes,Candace Avalos,,,
Candace Avalos,Doug Clove,Joe Allen,Loretta Smith,,
Steph Routh,Jamie Dunphy,Candace Avalos,Timur Ender,Michael (Mike) Sands,Loretta Smith
Loretta Smith,Candace Avalos,David Linn,Doug Clove,Terrence Hayes,Jamie Dunphy
Timur Ender,Terrence Hayes,Loretta Smith,Steph Routh,,
Loretta Smith,,,,,
Candace Avalos,Timur Ender,Steph Routh,,,
Candace Avalos,,,,,
Cayle Tern,,,,,
Loretta Smith,Noah Ernst,Joe Furi,,,
Terrence Hayes,Doug Clove,Timur Ender,Joe Furi,Joe Allen,Jamie Dunphy
Timur Ender,Steph Routh,Terrence Hayes,Deian Salazar,Loretta Smith,Jamie Dunphy
Noah Ernst,Doug Clove,Deian Salazar,Loretta Smith,Joe Allen,Terrence Hayes
Timur Ender,Loretta Smith,,,,
Candace Avalos,Cayle Tern,Timur Ender,,,
Noah Ernst,,,,,
Terrence Hayes,Noah Ernst,David Linn,,,
Terrence Hayes,,,,,
Doug Clove,,,,,
Candace Avalos,Timur Ender,Steph Routh,Jamie Dunphy,Cayle Tern,David Linn
Steph Routh,,,,,
Thomas Shervey,,,,,
Terrence Hayes,,,,,
Timur Ender,Steph Routh,Candace Avalos,Cayle Tern,Jamie Dunphy,Joe Allen
Noah Ernst,Terrence Hayes,Loretta Smith,,,
,,,,,
Timur Ender,Cayle Tern,Candace Avalos,,,
Loretta Smith,,,,,
Loretta Smith,Terrence Hayes,Michael (Mike) Sands,Candace Avalos,Noah Ernst,Peggy Sue Owens
Candace Avalos,Cayle Tern,Timur Ender,Jamie Dunphy,Steph Routh,David Linn
Loretta Smith,Timur Ender,Candace Avalos,Terrence Hayes,Steph Routh,Cayle Tern
Candace Avalos,Loretta Smith,Steph Routh,Jamie Dunphy,Timur Ender,
Candace Avalos,Cayle Tern,David Linn,Loretta Smith,Michael (Mike) Sands,
Deian Salazar,Timur Ender,Terrence Hayes,Loretta Smith,Jamie Dunphy,Candace Avalos
,,,,,
Terrence Hayes,Timur Ender,Candace Avalos,David Linn,Jamie Dunphy,Thomas Shervey
Noah Ernst,Doug Clove,Terrence Hayes,Steph Routh,Jamie Dunphy,Thomas Shervey
Steph Routh,Noah Ernst,Timur Ender,Cayle Tern,,
Timur Ender,,,,,
Cayle Tern,Candace Avalos,Terrence Hayes,Loretta Smith,Doug Clove,Joe Allen
Doug Clove,Loretta Smith,Jamie Dunphy,Steph Routh,Candace Avalos,Joe Furi
,,,,,
Noah Ernst,Deian Salazar,Loretta Smith,Terrence Hayes,Doug Clove,
Loretta Smith,Candace Avalos,,,,
Candace Avalos,Timur Ender,Steph Routh,Jamie Dunphy,Cayle Tern,David Linn
Timur Ender,David Linn,Doug Clove,Michael (Mike) Sands,Peggy Sue Owens,
Terrence Hayes,Noah Ernst,Doug Clove,,,
Deian Salazar,Steph Routh,Write-in-120,Joe Allen,Cayle Tern,Peggy Sue Owens
Deian Salazar,,,,,
Loretta Smith,Deian Salazar,Doug Clove,,,
Loretta Smith,Thomas Shervey,Noah Ernst,Timur Ender,,
Cayle Tern,Loretta Smith,Terrence Hayes,Candace Avalos,Doug Clove,Steph Routh
Candace Avalos,,,,,
Loretta Smith,Candace Avalos,Steph Routh,Jamie Dunphy,Timur Ender,
Peggy Sue Owens,,,,,
Jamie Dunphy,Cayle Tern,Loretta Smith,,,
Terrence Hayes,,,,,
Loretta Smith,,,,,
Loretta Smith,Candace Avalos,Cayle Tern,Jamie Dunphy,Peggy Sue Owens,
Jamie Dunphy,Steph Routh,Candace Avalos,,,
,,,,,
David Linn,Terrence Hayes,Thomas Shervey,Loretta Smith,Jamie Dunphy,Timur Ender
Loretta Smith,Terrence Hayes,Timur Ender,Steph Routh,,
Timur Ender,Loretta Smith,Terrence Hayes,Candace Avalos,Noah Ernst,Michael (Mike) Sands
Michael (Mike) Sands,David Linn,Noah Ernst,Terrence Hayes,Doug Clove,Timur Ender
Candace Avalos,Jamie Dunphy,Cayle Tern,Timur Ender,Steph Routh,
Candace Avalos,Loretta Smith,Noah Ernst,David Linn,Peggy Sue Owens,Jamie Dunphy
Doug Clove,Noah Ernst,David Linn,Timur Ender,,
Candace Avalos,Cayle Tern,Timur Ender,Steph Routh,Jamie Dunphy,David Linn
Candace Avalos,Loretta Smith,Thomas Shervey,Cayle Tern,Jamie Dunphy,Steph Routh
Jamie Dunphy,Candace Avalos,Steph Routh,,,
Loretta Smith,Candace Avalos,Jamie Dunphy,,,
Jamie Dunphy,Candace Avalos,Timur Ender,Steph Routh,,
Terrence Hayes,Noah Ernst,Candace Avalos,Deian Salazar,Michael (Mike) Sands,Loretta Smith
Candace Avalos,Timur Ender,Steph Routh,Jamie Dunphy,Cayle Tern,
Jamie Dunphy,Noah Ernst,Terrence Hayes,Candace Avalos,Steph Routh,
Steph Routh,Doug Clove,Candace Avalos,Timur Ender,Thomas Shervey,David Linn
Steph Routh,Timur Ender,Candace Avalos,Doug Clove,,
Jamie Dunphy,Candace Avalos,Steph Routh,,,
Timur Ender,Jamie Dunphy,Candace Avalos,Steph Routh,,
Candace Avalos,Doug Clove,Loretta Smith,Steph Routh,Jamie Dunphy,Deian Salazar
Steph Routh,Loretta Smith,Terrence Hayes,,,
Doug Clove,Noah Ernst,Joe Furi,,,
Timur Ender,Joe Allen,Doug Clove,,,
Candace Avalos,Cayle Tern,,,,
Noah Ernst,Terrence Hayes,Joe Furi,Loretta Smith,Doug Clove,
Candace Avalos,Steph Routh,Timur Ender,Jamie Dunphy,Cayle Tern,David Linn
Steph Routh,Candace Avalos,Deian Salazar,Loretta Smith,Jamie Dunphy,Peggy Sue Owens
Joe Allen,Joe Furi,Terrence Hayes,Loretta Smith,Jamie Dunphy,Steph Routh
Peggy Sue Owens,Loretta Smith,,,,
Loretta Smith,Terrence Hayes,Timur Ender,Jamie Dunphy,Steph Routh,Deian Salazar
Michael (Mike) Sands,Doug Clove,Jamie Dunphy,Steph Routh,,
Deian Salazar,Doug Clove,Michael (Mike) Sands,Terrence Hayes,Steph Routh,Joe Allen
Thomas Shervey,,,,,
Noah Ernst,David Linn,Doug Clove,Jamie Dunphy,Terrence Hayes,Loretta Smith
Timur Ender,Candace Avalos,Steph Routh,Cayle Tern,David Linn,Jamie Dunphy
Steph Routh,David Linn,Timur Ender,Candace Avalos,,
Doug Clove,Michael (Mike) Sands,Deian Salazar,Joe Furi,,
Steph Routh,,,,,
Doug Clove,Noah Ernst,Joe Furi,Thomas Shervey,Joe Allen,Steph Routh
Thomas Shervey,Jamie Dunphy,Joe Allen,,,
David Linn,Peggy Sue Owens,Michael (Mike) Sands,Loretta Smith,Terrence Hayes,Jamie Dunphy
Loretta Smith,,,,,
Candace Avalos,,,,,
Loretta Smith,Doug Clove,Terrence Hayes,,,
Terrence Hayes,,,,,
Steph Routh,Doug Clove,Terrence Hayes,,,
Doug Clove,Thomas Shervey,Joe Allen,Michael (Mike) Sands,Joe Furi,Candace Avalos
David Linn,Joe Furi,Noah Ernst,Candace Avalos,Write-in-121,Peggy Sue Owens
Loretta Smith,Steph Routh,,,,
Jamie Dunphy,Loretta Smith,Steph Routh,Terrence Hayes,Timur Ender,
Steph Routh,Candace Avalos,Terrence Hayes,Deian Salazar,Loretta Smith,Cayle Tern
Terrence Hayes,Timur Ender,Steph Routh,Jamie Dunphy,Candace Avalos,Noah Ernst
Noah Ernst,Deian Salazar,Joe Furi,,,
Loretta Smith,Jamie Dunphy,Candace Avalos,,,
Loretta Smith,Jamie Dunphy,,,,
Candace Avalos,Peggy Sue Owens,Loretta Smith,Jamie Dunphy,Joe Furi,Cayle Tern
Thomas Shervey,Timur Ender,Jamie Dunphy,Steph Routh,Joe Allen,Michael (Mike) Sands
Steph Routh,Michael (Mike) Sands,Jamie Dunphy,Timur Ender,Candace Avalos,
Candace Avalos,Jamie Dunphy,Cayle Tern,,,
Candace Avalos,Jamie Dunphy,Steph Routh,Cayle Tern,Timur Ender,
Candace Avalos,Steph Routh,Timur Ender,Cayle Tern,,
Jamie Dunphy,Steph Routh,Candace Avalos,Timur Ender,,
,,,,,
Loretta Smith,Terrence Hayes,Steph Routh,Noah Ernst,Jamie Dunphy,Candace Avalos
Michael (Mike) Sands,Steph Routh,Candace Avalos,Cayle Tern,Jamie Dunphy,
Joe Allen,Steph Routh,Jamie Dunphy,Timur Ender,Loretta Smith,Noah Ernst
Loretta Smith,Timur Ender,David Linn,,,
Loretta Smith,,,,,
Candace Avalos,Jamie Dunphy,Steph Routh,,,
Timur Ender,Joe Allen,Michael (Mike) Sands,Loretta Smith,Cayle Tern,Candace Avalos
Peggy Sue Owens,Timur Ender,Noah Ernst,Candace Avalos,Joe Allen,David Linn
Timur Ender,Candace Avalos,Jamie Dunphy,Steph Routh,Joe Allen,
Terrence Hayes,Candace Avalos,Noah Ernst,,,
Candace Avalos,Timur Ender,Steph Routh,Cayle Tern,David Linn,Jamie Dunphy
Candace Avalos,Steph Routh,Jamie Dunphy,,,
Terrence Hayes,Noah Ernst,Joe Furi,Loretta Smith,Doug Clove,
Loretta Smith,Noah Ernst,Candace Avalos,Terrence Hayes,,
Steph Routh,Noah Ernst,Jamie Dunphy,Loretta Smith,Candace Avalos,Terrence Hayes
Jamie Dunphy,Steph Routh,Candace Avalos,,,
Loretta Smith,Terrence Hayes,Joe Allen,Peggy Sue Owens,Jamie Dunphy,Timur Ender
Steph Routh,Terrence Hayes,Cayle Tern,Michael (Mike) Sands,,
Loretta Smith,Noah Ernst,Steph Routh,,,
Candace Avalos,Steph Routh,Timur Ender,,,
Steph Routh,Jamie Dunphy,Timur Ender,Candace Avalos,,
Loretta Smith,Steph Routh,Jamie Dunphy,Terrence Hayes,Thomas Shervey,Peggy Sue Owens
Steph Routh,Doug Clove,Jamie Dunphy,David Linn,Timur Ender,Loretta Smith
Steph Routh,Timur Ender,David Linn,,,
Timur Ender,Jamie Dunphy,Cayle Tern,Candace Avalos,Loretta Smith,
Jamie Dunphy,Terrence Hayes,David Linn,Doug Clove,Deian Salazar,Peggy Sue Owens
Loretta Smith,Candace Avalos,Terrence Hayes,,,
Michael (Mike) Sands,,,,,
Noah Ernst,Terrence Hayes,Loretta Smith,,,
Terrence Hayes,Noah Ernst,Loretta Smith,,,
Candace Avalos,Steph Routh,Jamie Dunphy,,,
Candace Avalos,Timur Ender,Jamie Dunphy,Steph Routh,Cayle Tern,Loretta Smith
Noah Ernst,Terrence Hayes,Joe Furi,Doug Clove,Cayle Tern,David Linn
Timur Ender,Joe Allen,Cayle Tern,Doug Clove,Terrence Hayes,Steph Routh
Steph Routh,,,,,
Jamie Dunphy,Timur Ender,David Linn,,,
Peggy Sue Owens,Timur Ender,Noah Ernst,Candace Avalos,Joe Allen,David Linn
Noah Ernst,,,,,
Loretta Smith,,,,,
Timur Ender,Steph Routh,Candace Avalos,,,
Loretta Smith,Terrence Hayes,Steph Routh,Jamie Dunphy,Candace Avalos,Cayle Tern
Terrence Hayes,Noah Ernst,Timur Ender,Loretta Smith,,
Candace Avalos,Steph Routh,Loretta Smith,,,
Loretta Smith,,,,,
Deian Salazar,,,,,
Terrence Hayes,Noah Ernst,Loretta Smith,,,
Jamie Dunphy,Candace Avalos,Steph Routh,Terrence Hayes,,
Joe Allen,David Linn,Michael (Mike) Sands,,,
Jamie Dunphy,Steph Routh,,,,
Noah Ernst,Joe Allen,Joe Furi,,,
Loretta Smith,Timur Ender,Steph Routh,Terrence Hayes,Jamie Dunphy,
Deian Salazar,Candace Avalos,Steph Routh,Jamie Dunphy,Timur Ender,Loretta Smith
Candace Avalos,Jamie Dunphy,Terrence Hayes,Noah Ernst,Steph Routh,Deian Salazar
Terrence Hayes,Noah Ernst,Timur Ender,David Linn,Peggy Sue Owens,Joe Furi
Cayle Tern,David Linn,Timur Ender,Terrence Hayes,Joe Allen,Noah Ernst
Candace Avalos,,,,,
Loretta Smith,Candace Avalos,Terrence Hayes,Timur Ender,Noah Ernst,
Candace Avalos,Jamie Dunphy,Timur Ender,Cayle Tern,Steph Routh,Joe Furi
Candace Avalos,Cayle Tern,Timur Ender,,,
Candace Avalos,Joe Furi,Deian Salazar,Peggy Sue Owens,Loretta Smith,Jamie Dunphy
Steph Routh,Candace Avalos,Cayle Tern,Timur Ender,Joe Furi,
Candace Avalos,Steph Routh,Jamie Dunphy,Timur Ender,Terrence Hayes,Loretta Smith
Loretta Smith,Terrence Hayes,Steph Routh,Timur Ender,David Linn,
Terrence Hayes,Noah Ernst,Joe Furi,Loretta Smith,Doug Clove,Write-in-120
Steph Routh,Loretta Smith,Noah Ernst,Jamie Dunphy,Candace Avalos,David Linn
Jamie Dunphy,Thomas Shervey,Michael (Mike) Sands,,,
Candace Avalos,Loretta Smith,Timur Ender,Cayle Tern,David Linn,
Steph Routh,Candace Avalos,Loretta Smith,Thomas Shervey,Terrence Hayes,
Timur Ender,Candace Avalos,Jamie Dunphy,Steph Routh,,
David Linn,Loretta Smith,Candace Avalos,Cayle Tern,Terrence Hayes,Steph Routh
Terrence Hayes,Loretta Smith,Timur Ender,Candace Avalos,Joe Furi,
Steph Routh,Timur Ender,Candace Avalos,Cayle Tern,,
Noah Ernst,,,,,
Timur Ender,Cayle Tern,Jamie Dunphy,Steph Routh,Deian Salazar,Loretta Smith
Timur Ender,Steph Routh,Candace Avalos,David Linn,Loretta Smith,
Noah Ernst,Loretta Smith,Terrence Hayes,,,
Candace Avalos,Timur Ender,Michael (Mike) Sands,,,
Timur Ender,Michael (Mike) Sands,Candace Avalos,Steph Routh,Jamie Dunphy,Cayle Tern
Terrence Hayes,,,,,
Loretta Smith,Timur Ender,Terrence Hayes,Candace Avalos,Cayle Tern,Deian Salazar
Terrence Hayes,Timur Ender,Loretta Smith,Steph Routh,,
Noah Ernst,Steph Routh,Deian Salazar,Joe Allen,Doug Clove,David Linn
Candace Avalos,Steph Routh,Terrence Hayes,David Linn,,
Jamie Dunphy,Terrence Hayes,Candace Avalos,,,
Candace Avalos,Loretta Smith,Steph Routh,Terrence Hayes,Jamie Dunphy,Timur Ender
Loretta Smith,,,,,
Candace Avalos,,,,,
Terrence Hayes,Candace Avalos,Jamie Dunphy,Timur Ender,Steph Routh,Loretta Smith
Doug Clove,,,,,
Candace Avalos,Steph Routh,Jamie Dunphy,Timur Ender,,
Loretta Smith,Terrence Hayes,Noah Ernst,Candace Avalos,,
Terrence Hayes,Noah Ernst,Loretta Smith,,,
Noah Ernst,Loretta Smith,Terrence Hayes,,,
Steph Routh,Jamie Dunphy,,,,
Steph Routh,Jamie Dunphy,Thomas Shervey,Loretta Smith,Joe Furi,Deian Salazar
Loretta Smith,,,,,
Candace Avalos,,,,,
Candace Avalos,Loretta Smith,Cayle Tern,Doug Clove,Deian Salazar,Michael (Mike) Sands
Steph Routh,Jamie Dunphy,Michael (Mike) Sands,Joe Allen,David Linn,Timur Ender
Timur Ender,Candace Avalos,Thomas Shervey,Joe Allen,Terrence Hayes,Jamie Dunphy
Loretta Smith,Joe Furi,Timur Ender,Peggy Sue Owens,David Linn,Jamie Dunphy
Jamie Dunphy,Noah Ernst,Joe Furi,Terrence Hayes,Doug Clove,Peggy Sue Owens
Peggy Sue Owens,Loretta Smith,David Linn,,,
Thomas Shervey,Jamie Dunphy,David Linn,Joe Allen,,
Jamie Dunphy,Candace Avalos,Steph Routh,Noah Ernst,David Linn,Loretta Smith
Michael (Mike) Sands,,,,,
Candace Avalos,Loretta Smith,Terrence Hayes,Steph Routh,,
Jamie Dunphy,Steph Routh,Timur Ender,David Linn,Loretta Smith,Doug Clove
Candace Avalos,Loretta Smith,Jamie Dunphy,Terrence Hayes,,
Candace Avalos,Timur Ender,Deian Salazar,Jamie Dunphy,Terrence Hayes,Steph Routh
Loretta Smith,Terrence Hayes,Steph Routh,Timur Ender,Joe Furi,
Loretta Smith,Candace Avalos,Timur Ender,Steph Routh,Jamie Dunphy,Terrence Hayes
Terrence Hayes,Steph Routh,Loretta Smith,Deian Salazar,Candace Avalos,Cayle Tern
Jamie Dunphy,Candace Avalos,Steph Routh,Noah Ernst,David Linn,Loretta Smith
Loretta Smith,,,,,
Candace Avalos,Terrence Hayes,Steph Routh,Jamie Dunphy,Loretta Smith,
Candace Avalos,Steph Routh,Timur Ender,Jamie Dunphy,,
Jamie Dunphy,Candace Avalos,Steph Routh,Noah Ernst,David Linn,Loretta Smith
Noah Ernst,Terrence Hayes,Loretta Smith,,,
Timur Ender,Terrence Hayes,Steph Routh,Jamie Dunphy,Deian Salazar,Noah Ernst
Steph Routh,Jamie Dunphy,Loretta Smith,,,
Jamie Dunphy,David Linn,Terrence Hayes,Noah Ernst,Joe Allen,Candace Avalos
Noah Ernst,Doug Clove,Michael (Mike) Sands,Jamie Dunphy,Joe Furi,Terrence Hayes
Candace Avalos,Timur Ender,,,,
Steph Routh,Timur Ender,Jamie Dunphy,Candace Avalos,Terrence Hayes,Loretta Smith
Peggy Sue Owens,,,,,
Candace Avalos,Steph Routh,Terrence Hayes,Timur Ender,,
Joe Furi,Doug Clove,,,,
Joe Furi,,,,,
Candace Avalos,Steph Routh,Timur Ender,Jamie Dunphy,,
Doug Clove,Noah Ernst,Michael (Mike) Sands,Terrence Hayes,Steph Routh,Joe Furi
Doug Clove,,,,,
Loretta Smith,Terrence Hayes,Noah Ernst,David Linn,Deian Salazar,Joe Furi
Timur Ender,Jamie Dunphy,David Linn,Michael (Mike) Sands,Loretta Smith,Doug Clove
Joe Allen,,,,,
Cayle Tern,Candace Avalos,Terrence Hayes,Timur Ender,,
Doug Clove,Noah Ernst,David Linn,Candace Avalos,Terrence Hayes,Thomas Shervey
Doug Clove,Terrence Hayes,Steph Routh,Jamie Dunphy,Noah Ernst,Peggy Sue Owens
David Linn,Steph Routh,Candace Avalos,Thomas Shervey,Timur Ender,Jamie Dunphy
Steph Routh,Timur Ender,Candace Avalos,Cayle Tern,,
Candace Avalos,Timur Ender,Steph Routh,Jamie Dunphy,Cayle Tern,David Linn
Noah Ernst,Terrence Hayes,Joe Furi,Loretta Smith,Doug Clove,
Jamie Dunphy,Steph Routh,Terrence Hayes,Loretta Smith,Candace Avalos,Noah Ernst
Timur Ender,Noah Ernst,David Linn,Terrence Hayes,Doug Clove,
Loretta Smith,Timur Ender,Candace Avalos,Cayle Tern,Deian Salazar,Steph Routh
Loretta Smith,Candace Avalos,Deian Salazar,Steph Routh,Jamie Dunphy,Timur Ender
Jamie Dunphy,Timur Ender,Candace Avalos,Steph Routh,Loretta Smith,Terrence Hayes
Candace Avalos,Timur Ender,Steph Routh,David Linn,Jamie Dunphy,
Terrence Hayes,Timur Ender,Candace Avalos,Steph Routh,,
Doug Clove,David Linn,Joe Allen,,,
Jamie Dunphy,,,,,
Candace Avalos,Jamie Dunphy,Loretta Smith,Cayle Tern,Timur Ender,
Loretta Smith,Terrence Hayes,,,,
Terrence Hayes,Loretta Smith,Jamie Dunphy,Steph Routh,Timur Ender,Thomas Shervey
Deian Salazar,Candace Avalos,Cayle Tern,,,
Loretta Smith,Terrence Hayes,Jamie Dunphy,Steph Routh,David Linn,Cayle Tern
Candace Avalos,Cayle Tern,David Linn,Steph Routh,Jamie Dunphy,
Steph Routh,Timur Ender,Terrence Hayes,Loretta Smith,Jamie Dunphy,Deian Salazar
Terrence Hayes,Loretta Smith,Candace Avalos,,,
Candace Avalos,Cayle Tern,Timur Ender,,,
Steph Routh,,,,,
David Linn,Candace Avalos,Loretta Smith,Timur Ender,Steph Routh,Joe Allen
Loretta Smith,Terrence Hayes,,,,
Loretta Smith,Candace Avalos,Timur Ender,,,
Loretta Smith,Steph Routh,Cayle Tern,David Linn,Candace Avalos,Jamie Dunphy
,,,,,
Jamie Dunphy,Terrence Hayes,Steph Routh,Deian Salazar,Candace Avalos,
Doug Clove,Joe Furi,Timur Ender,,,
Candace Avalos,Cayle Tern,Joe Furi,Jamie Dunphy,Timur Ender,
Candace Avalos,Steph Routh,Timur Ender,Jamie Dunphy,,
Noah Ernst,Peggy Sue Owens,,,,
Joe Allen,Joe Furi,Thomas Shervey,,,
Jamie Dunphy,Candace Avalos,Steph Routh,Cayle Tern,Timur Ender,Terrence Hayes
Loretta Smith,Steph Routh,Timur Ender,Candace Avalos,Michael (Mike) Sands,
Loretta Smith,Steph Routh,Deian Salazar,Peggy Sue Owens,David Linn,Cayle Tern
Doug Clove,Noah Ernst,,,,
Candace Avalos,Cayle Tern,,,,
Loretta Smith,Terrence Hayes,Steph Routh,Candace Avalos,Timur Ender,David Linn
Steph Routh,Loretta Smith,Jamie Dunphy,Terrence Hayes,Michael (Mike) Sands,Candace Avalos
Terrence Hayes,Candace Avalos,Steph Routh,,,
Candace Avalos,Deian Salazar,Steph Routh,Loretta Smith,Jamie Dunphy,Terrence Hayes
Steph Routh,Jamie Dunphy,Candace Avalos,Terrence Hayes,Loretta Smith,Timur Ender
Terrence Hayes,Noah Ernst,Joe Furi,Loretta Smith,Doug Clove,Write-in-122
David Linn,Timur Ender,Cayle Tern,Loretta Smith,Noah Ernst,Deian Salazar
Noah Ernst,Doug Clove,Joe Allen,Thomas Shervey,Michael (Mike) Sands,Timur Ender
Loretta Smith,Timur Ender,Noah Ernst,Cayle Tern,Doug Clove,Steph Routh
Doug Clove,,,,,
Candace Avalos,Timur Ender,Terrence Hayes,David Linn,Steph Routh,Jamie Dunphy
Terrence Hayes,Noah Ernst,Joe Furi,Loretta Smith,Doug Clove,
Terrence Hayes,Noah Ernst,Doug Clove,,,
Noah Ernst,Candace Avalos,Cayle Tern,Jamie Dunphy,,
Steph Routh,Terrence Hayes,Loretta Smith,,,
,,,,,
Noah Ernst,Candace Avalos,Timur Ender,Cayle Tern,Steph Routh,
Timur Ender,Michael (Mike) Sands,Loretta Smith,Terrence Hayes,Steph Routh,
Loretta Smith,Terrence Hayes,David Linn,Michael (Mike) Sands,Timur Ender,Jamie Dunphy
Loretta Smith,Thomas Shervey,Deian Salazar,Joe Allen,David Linn,Steph Routh
Candace Avalos,Cayle Tern,Michael (Mike) Sands,Steph Routh,,
Candace Avalos,Cayle Tern,Joe Furi,Steph Routh,Jamie Dunphy,
Terrence Hayes,Loretta Smith,Michael (Mike) Sands,Joe Allen,Candace Avalos,Peggy Sue Owens
Loretta Smith,,,,,
Terrence Hayes,Steph Routh,Timur Ender,Noah Ernst,Loretta Smith,Doug Clove
Thomas Shervey,Timur Ender,Candace Avalos,Cayle Tern,Joe Allen,Joe Furi
Steph Routh,Doug Clove,Terrence Hayes,,,
Steph Routh,Michael (Mike) Sands,Jamie Dunphy,Timur Ender,Candace Avalos,
Jamie Dunphy,Steph Routh,Noah Ernst,,,
Candace Avalos,Steph Routh,Jamie Dunphy,Loretta Smith,Terrence Hayes,David Linn
Candace Avalos,Jamie Dunphy,Steph Routh,Thomas Shervey,Cayle Tern,Michael (Mike) Sands
Jamie Dunphy,Candace Avalos,Steph Routh,Loretta Smith,David Linn,Noah Ernst
Steph Routh,Jamie Dunphy,Timur Ender,Candace Avalos,,
Terrence Hayes,Noah Ernst,Joe Furi,Loretta Smith,Doug Clove,
Steph Routh,Noah Ernst,Jamie Dunphy,Loretta Smith,Candace Avalos,Cayle Tern
Steph Routh,Jamie Dunphy,David Linn,,,
Loretta Smith,Joe Furi,,,,
Steph Routh,Candace Avalos,Jamie Dunphy,Timur Ender,Cayle Tern,
Candace Avalos,,,,,
Loretta Smith,Terrence Hayes,Noah Ernst,,,
Terrence Hayes,Doug Clove,Joe Allen,Michael (Mike) Sands,Thomas Shervey,Loretta Smith
Michael (Mike) Sands,,,,,
Noah Ernst,Terrence Hayes,Steph Routh,Loretta Smith,Timur Ender,Candace Avalos
Steph Routh,Jamie Dunphy,Candace Avalos,Terrence Hayes,Timur Ender,Joe Furi
Loretta Smith,Steph Routh,Candace Avalos,Terrence Hayes,Jamie Dunphy,Timur Ender
Noah Ernst,Jamie Dunphy,Candace Avalos,,,
Loretta Smith,Timur Ender,Cayle Tern,Jamie Dunphy,Steph Routh,Candace Avalos
Terrence Hayes,Jamie Dunphy,Loretta Smith,David Linn,Noah Ernst,Joe Furi
Thomas Shervey,Michael (Mike) Sands,,,,
Joe Furi,Cayle Tern,Jamie Dunphy,,,
Candace Avalos,Steph Routh,Timur Ender,Jamie Dunphy,,
Timur Ender,Candace Avalos,Jamie Dunphy,,,
Peggy Sue Owens,Timur Ender,Noah Ernst,Candace Avalos,Joe Allen,David Linn
Jamie Dunphy,Steph Routh,Candace Avalos,Terrence Hayes,Peggy Sue Owens,
Terrence Hayes,Noah Ernst,Steph Routh,,,
Jamie Dunphy,Steph Routh,Thomas Shervey,Michael (Mike) Sands,Deian Salazar,Doug Clove
Loretta Smith,,,,,
Loretta Smith,David Linn,Peggy Sue Owens,Jamie Dunphy,Candace Avalos,Steph Routh
Steph Routh,Doug Clove,Michael (Mike) Sands,David Linn,Joe Allen,Noah Ernst
Steph Routh,Loretta Smith,Candace Avalos,Terrence Hayes,Cayle Tern,Timur Ender
Jamie Dunphy,,,,,
Loretta Smith,,,,,
,,,,,
Loretta Smith,,,,,
Jamie Dunphy,Candace Avalos,Steph Routh,,,
Timur Ender,Noah Ernst,David Linn,Joe Allen,Jamie Dunphy,Joe Furi
Jamie Dunphy,Timur Ender,,,,
Timur Ender,Terrence Hayes,Loretta Smith,,,
Noah Ernst,Timur Ender,Doug Clove,Steph Routh,Terrence Hayes,Jamie Dunphy
Candace Avalos,Jamie Dunphy,Steph Routh,Timur Ender,,
Terrence Hayes,Joe Furi,Joe Allen,David Linn,Cayle Tern,Loretta Smith
Timur Ender,,,,,
Loretta Smith,Terrence Hayes,Cayle Tern,David Linn,Timur Ender,
Michael (Mike) Sands,,,,,
Noah Ernst,Timur Ender,Terrence Hayes,Steph Routh,,
Noah Ernst,Joe Furi,Loretta Smith,Deian Salazar,Cayle Tern,Candace Avalos
Candace Avalos,Terrence Hayes,Loretta Smith,Steph Routh,Noah Ernst,
Doug Clove,Candace Avalos,,,,
Candace Avalos,Steph Routh,Timur Ender,,,
Noah Ernst,Loretta Smith,,,,
Candace Avalos,Steph Routh,Terrence Hayes,Joe Furi,Doug Clove,Loretta Smith
Jamie Dunphy,Candace Avalos,Steph Routh,Noah Ernst,David Linn,
Peggy Sue Owens,Candace Avalos,Joe Allen,David Linn,Cayle Tern,Jamie Dunphy
Jamie Dunphy,Timur Ender,Steph Routh,Noah Ernst,David Linn,Loretta Smith
Candace Avalos,Timur Ender,Cayle Tern,Steph Routh,Jamie Dunphy,
Jamie Dunphy,Steph Routh,Candace Avalos,,,
Doug Clove,Joe Allen,Joe Furi,,,
Joe Allen,Loretta Smith,Noah Ernst,David Linn,Terrence Hayes,
Timur Ender,Candace Avalos,Loretta Smith,Terrence Hayes,Steph Routh,Jamie Dunphy
Michael (Mike) Sands,Doug Clove,Loretta Smith,,,
Terrence Hayes,Doug Clove,Noah Ernst,,,
Loretta Smith,Terrence Hayes,Doug Clove,Joe Allen,,
Steph Routh,,,,,
Candace Avalos,Cayle Tern,Timur Ender,,,
Candace Avalos,Terrence Hayes,Noah Ernst,,,
Candace Avalos,Cayle Tern,Jamie Dunphy,Timur Ender,Steph Routh,
Terrence Hayes,,,,,
Jamie Dunphy,Candace Avalos,Steph Routh,Terrence Hayes,Timur Ender,Loretta Smith
Candace Avalos,Doug Clove,Peggy Sue Owens,Loretta Smith,Michael (Mike) Sands,David Linn
Jamie Dunphy,Timur Ender,,,,
Doug Clove,Joe Furi,Timur Ender,,,
Candace Avalos,Steph Routh,Timur Ender,Jamie Dunphy,,
Noah Ernst,Doug Clove,David Linn,Terrence Hayes,Jamie Dunphy,Steph Routh
Steph Routh,Jamie Dunphy,Joe Furi,David Linn,Noah Ernst,Timur Ender
Joe Allen,Noah Ernst,Doug Clove,,,
Noah Ernst,Joe Furi,Doug Clove,,,
Cayle Tern,Deian Salazar,Michael (Mike) Sands,Terrence Hayes,Loretta Smith,Jamie Dunphy
Terrence Hayes,Loretta Smith,Timur Ender,,,
Terrence Hayes,Peggy Sue Owens,Jamie Dunphy,Cayle Tern,Candace Avalos,Timur Ender
David Linn,Noah Ernst,Timur Ender,Joe Allen,,
Candace Avalos,Steph Routh,Jamie Dunphy,Timur Ender,,
David Linn,Loretta Smith,Joe Allen,,,
Candace Avalos,Timur Ender,David Linn,Terrence Hayes,Thomas Shervey,Michael (Mike) Sands
Jamie Dunphy,Terrence Hayes,Candace Avalos,Steph Routh,David Linn,Cayle Tern
Cayle Tern,Candace Avalos,Timur Ender,Loretta Smith,Terrence Hayes,Steph Routh
Timur Ender,Loretta Smith,Steph Routh,,,
Steph Routh,Jamie Dunphy,David Linn,Cayle Tern,,
Jamie Dunphy,Candace Avalos,Steph Routh,,,
Steph Routh,Timur Ender,Noah Ernst,Candace Avalos,Terrence Hayes,Deian Salazar
Candace Avalos,Timur Ender,Steph Routh,Jamie Dunphy,Cayle Tern,David Linn
Noah Ernst,Doug Clove,Candace Avalos,Terrence Hayes,Loretta Smith,Deian Salazar
Jamie Dunphy,Candace Avalos,Steph Routh,,,
Loretta Smith,Terrence Hayes,Noah Ernst,,,
Loretta Smith,Terrence Hayes,Noah Ernst,,,
Loretta Smith,,,,,
Noah Ernst,Doug Clove,Terrence Hayes,Jamie Dunphy,Michael (Mike) Sands,Cayle Tern
Terrence Hayes,Noah Ernst,Candace Avalos,Michael (Mike) Sands,Loretta Smith,Jamie Dunphy
Candace Avalos,Loretta Smith,Steph Routh,Terrence Hayes,Write-in-120,David Linn
Terrence Hayes,Steph Routh,Michael (Mike) Sands,Timur Ender,Loretta Smith,Candace Avalos
Noah Ernst,Deian Salazar,Joe Furi,Loretta Smith,Terrence Hayes,
Timur Ender,Terrence Hayes,Loretta Smith,Candace Avalos,Doug Clove,Noah Ernst
Terrence Hayes,Loretta Smith,Deian Salazar,,,
Candace Avalos,Deian Salazar,Loretta Smith,Peggy Sue Owens,Terrence Hayes,David Linn
Terrence Hayes,Noah Ernst,David Linn,Doug Clove,,
Terrence Hayes,Joe Allen,Noah Ernst,Steph Routh,Deian Salazar,Doug Clove
Timur Ender,Joe Allen,Cayle Tern,Deian Salazar,Loretta Smith,Steph Routh
Loretta Smith,Candace Avalos,David Linn,Steph Routh,Terrence Hayes,Timur Ender
Candace Avalos,Timur Ender,Cayle Tern,Jamie Dunphy,Michael (Mike) Sands,Loretta Smith
Terrence Hayes,,,,,
Terrence Hayes,Steph Routh,Loretta Smith,Jamie Dunphy,,
Candace Avalos,Doug Clove,Cayle Tern,Terrence Hayes,Steph Routh,
Candace Avalos,Timur Ender,Loretta Smith,Cayle Tern,Terrence Hayes,Steph Routh
Steph Routh,Timur Ender,Candace Avalos,Loretta Smith,Noah Ernst,David Linn
Terrence Hayes,Noah Ernst,Joe Furi,Loretta Smith,Doug Clove,
Thomas Shervey,,,,,
Jamie Dunphy,Candace Avalos,Steph Routh,Timur Ender,Cayle Tern,Terrence Hayes
Loretta Smith,Candace Avalos,Timur Ender,,,
Loretta Smith,Terrence Hayes,Steph Routh,,,
Jamie Dunphy,Doug Clove,Michael (Mike) Sands,,,
Loretta Smith,Steph Routh,Terrence Hayes,Deian Salazar,Jamie Dunphy,Candace Avalos
Steph Routh,Candace Avalos,Timur Ender,Cayle Tern,Jamie Dunphy,
Loretta Smith,Terrence Hayes,Steph Routh,Timur Ender,Michael (Mike) Sands,Candace Avalos
Loretta Smith,Steph Routh,Terrence Hayes,Thomas Shervey,Jamie Dunphy,Joe Allen
Candace Avalos,Steph Routh,,,,
Joe Allen,Noah Ernst,Michael (Mike) Sands,Cayle Tern,Steph Routh,Write-in-121
Jamie Dunphy,Candace Avalos,Steph Routh,Noah Ernst,David Linn,Loretta Smith
Loretta Smith,,,,,
Steph Routh,Timur Ender,Jamie Dunphy,David Linn,Candace Avalos,Cayle Tern
Terrence Hayes,Timur Ender,Candace Avalos,Deian Salazar,Loretta Smith,Steph Routh
Terrence Hayes,Steph Routh,Candace Avalos,Jamie Dunphy,,
Loretta Smith,,,,,
Jamie Dunphy,Steph Routh,Candace Avalos,Loretta Smith,,
Jamie Dunphy,Steph Routh,Cayle Tern,Timur Ender,Loretta Smith,David Linn
Jamie Dunphy,Candace Avalos,,,,
Jamie Dunphy,Candace Avalos,Steph Routh,,,
Michael (Mike) Sands,,,,,
Noah Ernst,Jamie Dunphy,David Linn,,,
Jamie Dunphy,Loretta Smith,Peggy Sue Owens,,,
Candace Avalos,,,,,
Jamie Dunphy,,,,,
Candace Avalos,Timur Ender,Steph Routh,,,
Candace Avalos,Terrence Hayes,Steph Routh,Timur Ender,,
Loretta Smith,Terrence Hayes,Steph Routh,Cayle Tern,Michael (Mike) Sands,Peggy Sue Owens
Michael (Mike) Sands,Jamie Dunphy,Steph Routh,,,
Timur Ender,Candace Avalos,Cayle Tern,,,
Candace Avalos,Terrence Hayes,Timur Ender,Cayle Tern,Jamie Dunphy,
Cayle Tern,Jamie Dunphy,David Linn,Steph Routh,Joe Furi,Doug Clove
Steph Routh,Timur Ender,Jamie Dunphy,Candace Avalos,Loretta Smith,Terrence Hayes
Steph Routh,Timur Ender,Jamie Dunphy,Candace Avalos,Terrence Hayes,Loretta Smith
Steph Routh,Candace Avalos,Noah Ernst,Terrence Hayes,Deian Salazar,Jamie Dunphy
Steph Routh,Peggy Sue Owens,Thomas Shervey,Doug Clove,Loretta Smith,Joe Furi
Candace Avalos,Steph Routh,Jamie Dunphy,Noah Ernst,David Linn,Loretta Smith
Michael (Mike) Sands,,,,,
Doug Clove,Noah Ernst,David Linn,Terrence Hayes,Timur Ender,Jamie Dunphy
Timur Ender,Loretta Smith,Candace Avalos,Terrence Hayes,Joe Allen,
Jamie Dunphy,Loretta Smith,Candace Avalos,,,
Steph Routh,,,,,
Jamie Dunphy,Steph Routh,Candace Avalos,Timur Ender,,
Doug Clove,Noah Ernst,,,,
Terrence Hayes,Loretta Smith,Noah Ernst,,,
Jamie Dunphy,,,,,
Timur Ender,Steph Routh,Terrence Hayes,David Linn,Joe Furi,Cayle Tern
Candace Avalos,Terrence Hayes,,,,
Loretta Smith,Doug Clove,Candace Avalos,Peggy Sue Owens,Jamie Dunphy,Joe Furi
Jamie Dunphy,Loretta Smith,Candace Avalos,Steph Routh,Noah Ernst,David Linn
Terrence Hayes,Loretta Smith,Jamie Dunphy,,,
Noah Ernst,,,,,
Candace Avalos,Steph Routh,Timur Ender,Jamie Dunphy,,
Michael (Mike) Sands,Loretta Smith,Doug Clove,Steph Routh,Jamie Dunphy,Terrence Hayes
Loretta Smith,Steph Routh,Jamie Dunphy,Terrence Hayes,Timur Ender,Candace Avalos
Loretta Smith,,,,,
Candace Avalos,Loretta Smith,Michael (Mike) Sands,Timur Ender,Jamie Dunphy,Terrence Hayes
Peggy Sue Owens,Candace Avalos,Cayle Tern,Loretta Smith,Steph Routh,Jamie Dunphy
Joe Furi,David Linn,Michael (Mike) Sands,Steph Routh,Write-in-120,
,,,,,
Loretta Smith,Candace Avalos,Cayle Tern,Jamie Dunphy,Peggy Sue Owens,
Doug Clove,Joe Furi,David Linn,,,
Jamie Dunphy,Doug Clove,Steph Routh,Terrence Hayes,Thomas Shervey,
Steph Routh,Jamie Dunphy,Timur Ender,Terrence Hayes,Candace Avalos,Peggy Sue Owens
Terrence Hayes,Noah Ernst,,,,
Loretta Smith,Timur Ender,Terrence Hayes,,,
Candace Avalos,Steph Routh,Jamie Dunphy,Timur Ender,Cayle Tern,
Jamie Dunphy,Candace Avalos,Steph Routh,Noah Ernst,David Linn,Loretta Smith
Steph Routh,Cayle Tern,Timur Ender,,,
Terrence Hayes,Joe Furi,Noah Ernst,Peggy Sue Owens,,
Steph Routh,Candace Avalos,Jamie Dunphy,Terrence Hayes,David Linn,
Steph Routh,Jamie Dunphy,Candace Avalos,Timur Ender,,
Timur Ender,Steph Routh,Jamie Dunphy,Candace Avalos,David Linn,Cayle Tern
Steph Routh,Candace Avalos,Timur Ender,Jamie Dunphy,,
Candace Avalos,Loretta Smith,Timur Ender,,,
Doug Clove,Loretta Smith,Steph Routh,Joe Furi,Jamie Dunphy,Thomas Shervey
Noah Ernst,,,,,
Candace Avalos,Timur Ender,Loretta Smith,Deian Salazar,Cayle Tern,Steph Routh
Terrence Hayes,Steph Routh,Jamie Dunphy,,,
Candace Avalos,Jamie Dunphy,Steph Routh,Thomas Shervey,Deian Salazar,Noah Ernst
Loretta Smith,Terrence Hayes,Candace Avalos,,,
Noah Ernst,,,,,
Terrence Hayes,Steph Routh,Michael (Mike) Sands,Timur Ender,Loretta Smith,Candace Avalos
Terrence Hayes,,,,,
Terrence Hayes,Candace Avalos,Noah Ernst,Steph Routh,Jamie Dunphy,Timur Ender
Candace Avalos,Jamie Dunphy,Steph Routh,Timur Ender,,
Loretta Smith,,,,,
,,,,,
Cayle Tern,Candace Avalos,Terrence Hayes,Deian Salazar,Michael (Mike) Sands,Steph Routh
Michael (Mike) Sands,,,,,
Deian Salazar,Candace Avalos,Michael (Mike) Sands,Steph Routh,Jamie Dunphy,Peggy Sue Owens
Terrence Hayes,Joe Allen,Peggy Sue Owens,Doug Clove,Michael (Mike) Sands,Jamie Dunphy
Candace Avalos,Timur Ender,Steph Routh,Jamie Dunphy,Cayle Tern,David Linn
Loretta Smith,Terrence Hayes,Noah Ernst,,,
Jamie Dunphy,Candace Avalos,Steph Routh,,,
Jamie Dunphy,Candace Avalos,Steph Routh,,,
Loretta Smith,Timur Ender,Steph Routh,Candace Avalos,Cayle Tern,
Timur Ender,Steph Routh,Candace Avalos,Jamie Dunphy,Cayle Tern,
Peggy Sue Owens,,,,,
Terrence Hayes,Doug Clove,Candace Avalos,Joe Allen,Noah Ernst,Timur Ender
Jamie Dunphy,Steph Routh,Candace Avalos,Timur Ender,,
Timur Ender,,,,,
Timur Ender,Candace Avalos,David Linn,Deian Salazar,,
Timur Ender,Steph Routh,Candace Avalos,Jamie Dunphy,Peggy Sue Owens,Joe Furi
Terrence Hayes,,,,,
Doug Clove,Joe Furi,Steph Routh,Noah Ernst,Joe Allen,Candace Avalos
Cayle Tern,Peggy Sue Owens,Doug Clove,Jamie Dunphy,Thomas Shervey,Noah Ernst
Candace Avalos,Steph Routh,Timur Ender,Jamie Dunphy,,
Loretta Smith,Terrence Hayes,Candace Avalos,Timur Ender,Steph Routh,Michael (Mike) Sands
Candace Avalos,Steph Routh,Jamie Dunphy,Timur Ender,Cayle Tern,
Steph Routh,Timur Ender,Jamie Dunphy,Loretta Smith,Terrence Hayes,Michael (Mike) Sands
Steph Routh,Terrence Hayes,Loretta Smith,Jamie Dunphy,Doug Clove,Candace Avalos
Doug Clove,Joe Allen,Michael (Mike) Sands,Deian Salazar,Terrence Hayes,Loretta Smith
Candace Avalos,Steph Routh,Timur Ender,Jamie Dunphy,David Linn,Loretta Smith
Steph Routh,,,,,
Steph Routh,Timur Ender,Candace Avalos,Jamie Dunphy,Noah Ernst,
Loretta Smith,Candace Avalos,Steph Routh,Terrence Hayes,Joe Furi,Deian Salazar
Noah Ernst,Doug Clove,Joe Furi,Peggy Sue Owens,Deian Salazar,Write-in-120
Steph Routh,Candace Avalos,Loretta Smith,,,
Jamie Dunphy,Candace Avalos,,,,
Noah Ernst,Doug Clove,,,,
Candace Avalos,Jamie Dunphy,Timur Ender,Cayle Tern,Steph Routh,David Linn
Noah Ernst,Terrence Hayes,Joe Furi,Loretta Smith,Doug Clove,
Candace Avalos,Steph Routh,Timur Ender,David Linn,Jamie Dunphy,Cayle Tern
Jamie Dunphy,,,,,
Loretta Smith,Peggy Sue Owens,Candace Avalos,Steph Routh,Michael (Mike) Sands,David Linn
Noah Ernst,Doug Clove,Terrence Hayes,Joe Furi,,
Jamie Dunphy,Candace Avalos,Timur Ender,Steph Routh,David Linn,
Steph Routh,David Linn,Terrence Hayes,Loretta Smith,,
Michael (Mike) Sands,,,,,
Steph Routh,Loretta Smith,Candace Avalos,,,
Jamie Dunphy,Timur Ender,Loretta Smith,,,
Loretta Smith,Timur Ender,Michael (Mike) Sands,Candace Avalos,Cayle Tern,Jamie Dunphy
Noah Ernst,David Linn,Doug Clove,Michael (Mike) Sands,Jamie Dunphy,Thomas Shervey
Michael (Mike) Sands,Doug Clove,Cayle Tern,David Linn,Joe Allen,
Loretta Smith,Terrence Hayes,Noah Ernst,Candace Avalos,Jamie Dunphy,Steph Routh
Joe Allen,David Linn,Terrence Hayes,Jamie Dunphy,Thomas Shervey,Candace Avalos
Steph Routh,Loretta Smith,Timur Ender,,,
Terrence Hayes,,,,,
Candace Avalos,Timur Ender,Steph Routh,Joe Furi,Jamie Dunphy,Loretta Smith
Doug Clove,Michael (Mike) Sands,,,,
Jamie Dunphy,Candace Avalos,Timur Ender,Steph Routh,Cayle Tern,
Loretta Smith,Steph Routh,Jamie Dunphy,,,
Candace Avalos,Timur Ender,Cayle Tern,Loretta Smith,,
David Linn,Timur Ender,Steph Routh,,,
Loretta Smith,Candace Avalos,Thomas Shervey,,,
Candace Avalos,Steph Routh,Timur Ender,Jamie Dunphy,,
David Linn,Loretta Smith,Steph Routh,Terrence Hayes,Candace Avalos,
Steph Routh,Jamie Dunphy,Candace Avalos,Loretta Smith,,
Michael (Mike) Sands,Thomas Shervey,Joe Allen,Candace Avalos,David Linn,Loretta Smith
Loretta Smith,Steph Routh,,,,
Steph Routh,Terrence Hayes,Loretta Smith,David Linn,Peggy Sue Owens,Candace Avalos
Terrence Hayes,Timur Ender,Loretta Smith,Peggy Sue Owens,Noah Ernst,Candace Avalos
Candace Avalos,Timur Ender,Loretta Smith,Terrence Hayes,Steph Routh,Jamie Dunphy
Timur Ender,Loretta Smith,Steph Routh,,,
Noah Ernst,,,,,
Noah Ernst,Timur Ender,Candace Avalos,Loretta Smith,,
Peggy Sue Owens,,,,,
Doug Clove,Terrence Hayes,Steph Routh,Timur Ender,Loretta Smith,Candace Avalos
Loretta Smith,Terrence Hayes,Candace Avalos,Peggy Sue Owens,Cayle Tern,Jamie Dunphy
Jamie Dunphy,,,,,
Terrence Hayes,David Linn,Timur Ender,,,
Noah Ernst,,,,,
Peggy Sue Owens,Candace Avalos,Loretta Smith,Cayle Tern,Timur Ender,Jamie Dunphy
Terrence Hayes,Loretta Smith,,,,
Timur Ender,Deian Salazar,Loretta Smith,,,
Noah Ernst,Doug Clove,Jamie Dunphy,,,
Peggy Sue Owens,Jamie Dunphy,Doug Clove,Joe Allen,Joe Furi,Terrence Hayes
Steph Routh,Jamie Dunphy,Loretta Smith,Michael (Mike) Sands,David Linn,
Michael (Mike) Sands,Loretta Smith,Candace Avalos,Peggy Sue Owens,Joe Allen,Thomas Shervey
Loretta Smith,,,,,
Michael (Mike) Sands,Noah Ernst,David Linn,,,
Deian Salazar,,,,,
Steph Routh,Terrence Hayes,Noah Ernst,,,
Cayle Tern,,,,,
Peggy Sue Owens,Candace Avalos,Cayle Tern,Loretta Smith,Steph Routh,Jamie Dunphy
Timur Ender,Noah Ernst,David Linn,Loretta Smith,Candace Avalos,Steph Routh
Doug Clove,Noah Ernst,,,,
Terrence Hayes,,,,,
Deian Salazar,Jamie Dunphy,Joe Furi,Joe Allen,,
Timur Ender,Steph Routh,Candace Avalos,Jamie Dunphy,Loretta Smith,Terrence Hayes
Doug Clove,Timur Ender,Candace Avalos,,,
Candace Avalos,Steph Routh,Jamie Dunphy,Timur Ender,,
Timur Ender,Michael (Mike) Sands,,,,
Candace Avalos,Jamie Dunphy,Noah Ernst,Cayle Tern,David Linn,Steph Routh
David Linn,Deian Salazar,,,,
Michael (Mike) Sands,David Linn,,,,
Steph Routh,Thomas Shervey,Loretta Smith,Michael (Mike) Sands,Timur Ender,Joe Furi
Terrence Hayes,Candace Avalos,Timur Ender,Joe Allen,Jamie Dunphy,Steph Routh
Terrence Hayes,,,,,
Timur Ender,Joe Furi,Loretta Smith,Jamie Dunphy,Doug Clove,Deian Salazar
Jamie Dunphy,Steph Routh,Candace Avalos,,,
Timur Ender,Joe Allen,Jamie Dunphy,,,
Timur Ender,Candace Avalos,Cayle Tern,Steph Routh,Loretta Smith,Terrence Hayes
Peggy Sue Owens,Candace Avalos,Cayle Tern,Loretta Smith,,
Doug Clove,Noah Ernst,Loretta Smith,Deian Salazar,,
Noah Ernst,Steph Routh,,,,
Noah Ernst,David Linn,Timur Ender,Michael (Mike) Sands,Candace Avalos,Joe Allen
Candace Avalos,Steph Routh,Timur Ender,Jamie Dunphy,Loretta Smith,
Loretta Smith,,,,,
Candace Avalos,Steph Routh,Timur Ender,Loretta Smith,Terrence Hayes,Jamie Dunphy
Candace Avalos,Loretta Smith,,,,
Candace Avalos,Loretta Smith,,,,
Candace Avalos,Timur Ender,,,,
Jamie Dunphy,Timur Ender,Steph Routh,,,
Candace Avalos,Terrence Hayes,Doug Clove,Steph Routh,Cayle Tern,Timur Ender
Loretta Smith,Terrence Hayes,Steph Routh,,,
Candace Avalos,Joe Allen,David Linn,Noah Ernst,Timur Ender,Peggy Sue Owens
Terrence Hayes,Noah Ernst,Candace Avalos,,,
Loretta Smith,Steph Routh,Candace Avalos,Timur Ender,Terrence Hayes,Jamie Dunphy
Timur Ender,Candace Avalos,Cayle Tern,Joe Allen,Thomas Shervey,Michael (Mike) Sands
Candace Avalos,Steph Routh,Timur Ender,Jamie Dunphy,,
Steph Routh,Noah Ernst,Candace Avalos,Michael (Mike) Sands,Loretta Smith,Jamie Dunphy
Terrence Hayes,Timur Ender,Loretta Smith,Cayle Tern,,
Candace Avalos,Cayle Tern,Timur Ender,,,
David Linn,Doug Clove,Thomas Shervey,Terrence Hayes,Steph Routh,Jamie Dunphy
Noah Ernst,Candace Avalos,Terrence Hayes,,,
Loretta Smith,David Linn,Cayle Tern,Timur Ender,Michael (Mike) Sands,Candace Avalos
Loretta Smith,Candace Avalos,David Linn,Peggy Sue Owens,Doug Clove,Steph Routh
Terrence Hayes,,,,,
Terrence Hayes,Candace Avalos,Jamie Dunphy,Doug Clove,Michael (Mike) Sands,Noah Ernst
Jamie Dunphy,,,,,
Candace Avalos,Peggy Sue Owens,Loretta Smith,Jamie Dunphy,David Linn,Noah Ernst
Timur Ender,Jamie Dunphy,Loretta Smith,Candace Avalos,Terrence Hayes,Steph Routh
Loretta Smith,Steph Routh,Terrence Hayes,Candace Avalos,,
Joe Allen,Doug Clove,,,,
David Linn,Peggy Sue Owens,Timur Ender,Cayle Tern,Michael (Mike) Sands,Thomas Shervey
Doug Clove,,,,,
Steph Routh,Timur Ender,Jamie Dunphy,Cayle Tern,Candace Avalos,
Noah Ernst,Doug Clove,Loretta Smith,,,
Candace Avalos,Doug Clove,Deian Salazar,,,
Deian Salazar,Steph Routh,,,,
Candace Avalos,Steph Routh,Jamie Dunphy,,,
Jamie Dunphy,Cayle Tern,David Linn,Candace Avalos,Timur Ender,Steph Routh
Candace Avalos,Jamie Dunphy,Timur Ender,Terrence Hayes,,
Candace Avalos,Steph Routh,Jamie Dunphy,Timur Ender,Loretta Smith,Terrence Hayes
Timur Ender,Candace Avalos,Michael (Mike) Sands,Loretta Smith,Terrence Hayes,Write-in-120
Candace Avalos,Terrence Hayes,Steph Routh,,,
Doug Clove,Jamie Dunphy,Noah Ernst,David Linn,Joe Furi,Timur Ender
Terrence Hayes,Loretta Smith,Candace Avalos,Deian Salazar,Steph Routh,Cayle Tern
Noah Ernst,David Linn,Loretta Smith,,,
Michael (Mike) Sands,Timur Ender,Candace Avalos,Steph Routh,Loretta Smith,
Terrence Hayes,Noah Ernst,Loretta Smith,,,
Doug Clove,,,,,
Jamie Dunphy,Loretta Smith,Thomas Shervey,David Linn,Joe Allen,Timur Ender
Timur Ender,Deian Salazar,Terrence Hayes,Joe Furi,Candace Avalos,Cayle Tern
Doug Clove,,,,,
Candace Avalos,Terrence Hayes,Loretta Smith,Jamie Dunphy,Steph Routh,Michael (Mike) Sands
Timur Ender,Michael (Mike) Sands,Thomas Shervey,,,
Jamie Dunphy,Loretta Smith,,,,
Timur Ender,Steph Routh,Terrence Hayes,Loretta Smith,David Linn,Candace Avalos
Candace Avalos,Timur Ender,David Linn,Jamie Dunphy,,
Michael (Mike) Sands,David Linn,Loretta Smith,Deian Salazar,Peggy Sue Owens,Cayle Tern
Peggy Sue Owens,Doug Clove,Loretta Smith,Jamie Dunphy,Noah Ernst,Joe Allen
Loretta Smith,Terrence Hayes,Noah Ernst,,,
Candace Avalos,Timur Ender,Cayle Tern,,,
Noah Ernst,Doug Clove,Timur Ender,David Linn,,
Loretta Smith,Timur Ender,David Linn,Candace Avalos,,
,,,,,
Noah Ernst,,,,,
Candace Avalos,Timur Ender,Steph Routh,Jamie Dunphy,Cayle Tern,
Noah Ernst,Terrence Hayes,Joe Furi,Loretta Smith,Doug Clove,
Candace Avalos,Timur Ender,Steph Routh,,,
Peggy Sue Owens,Timur Ender,Noah Ernst,Joe Allen,David Linn,
Loretta Smith,,,,,
Noah Ernst,Thomas Shervey,Terrence Hayes,,,
Joe Allen,,,,,
Thomas Shervey,Jamie Dunphy,Peggy Sue Owens,Deian Salazar,Noah Ernst,Joe Furi
Loretta Smith,,,,,
Loretta Smith,Terrence Hayes,Noah Ernst,David Linn,Deian Salazar,Steph Routh
Candace Avalos,Steph Routh,Loretta Smith,,,
Jamie Dunphy,Candace Avalos,Steph Routh,Noah Ernst,David Linn,Loretta Smith
Doug Clove,Joe Furi,Terrence Hayes,Noah Ernst,Cayle Tern,Michael (Mike) Sands
Terrence Hayes,Loretta Smith,Candace Avalos,Noah Ernst,Timur Ender,Steph Routh
Candace Avalos,Steph Routh,Timur Ender,Loretta Smith,Terrence Hayes,Jamie Dunphy
Noah Ernst,Terrence Hayes,Joe Furi,Loretta Smith,Doug Clove,
Joe Allen,Doug Clove,Timur Ender,,,
Timur Ender,Jamie Dunphy,Noah Ernst,Terrence Hayes,Steph Routh,
Candace Avalos,Jamie Dunphy,Steph Routh,Deian Salazar,David Linn,
Noah Ernst,Timur Ender,Joe Allen,Cayle Tern,Doug Clove,Loretta Smith
Steph Routh,Thomas Shervey,Deian Salazar,Joe Allen,,
Deian Salazar,Loretta Smith,Terrence Hayes,Doug Clove,Noah Ernst,Joe Allen
Noah Ernst,Doug Clove,,,,
Candace Avalos,Cayle Tern,Steph Routh,Timur Ender,Jamie Dunphy,Loretta Smith
Terrence Hayes,Loretta Smith,,,,
Noah Ernst,Terrence Hayes,Loretta Smith,Deian Salazar,,
Candace Avalos,Terrence Hayes,David Linn,Steph Routh,,
Candace Avalos,Loretta Smith,Steph Routh,Jamie Dunphy,,
Terrence Hayes,Noah Ernst,Doug Clove,,,
Doug Clove,,,,,
Loretta Smith,Timur Ender,Joe Allen,Cayle Tern,Terrence Hayes,Jamie Dunphy
Noah Ernst,Doug Clove,Steph Routh,Terrence Hayes,,
Steph Routh,Timur Ender,Candace Avalos,Jamie Dunphy,Noah Ernst,Terrence Hayes
Joe Allen,Noah Ernst,Steph Routh,Loretta Smith,Cayle Tern,David Linn
Candace Avalos,Timur Ender,Deian Salazar,Cayle Tern,Loretta Smith,Terrence Hayes
Terrence Hayes,Steph Routh,Noah Ernst,David Linn,Jamie Dunphy,
Candace Avalos,Steph Routh,Jamie Dunphy,Noah Ernst,David Linn,Timur Ender
Jamie Dunphy,Terrence Hayes,Loretta Smith,Candace Avalos,Timur Ender,Steph Routh
Timur Ender,Steph Routh,Doug Clove,Jamie Dunphy,,
Loretta Smith,Doug Clove,Candace Avalos,Peggy Sue Owens,Steph Routh,Jamie Dunphy
Candace Avalos,Doug Clove,Jamie Dunphy,Terrence Hayes,Steph Routh,
Terrence Hayes,Jamie Dunphy,Doug Clove,Joe Furi,Candace Avalos,Timur Ender
Candace Avalos,Steph Routh,Timur Ender,Jamie Dunphy,,
Jamie Dunphy,,,,,
Cayle Tern,Jamie Dunphy,Candace Avalos,Steph Routh,,
Candace Avalos,Jamie Dunphy,Steph Routh,Doug Clove,,
Jamie Dunphy,Loretta Smith,Steph Routh,,,
Candace Avalos,Cayle Tern,Timur Ender,Noah Ernst,,
Loretta Smith,,,,,
Candace Avalos,Joe Furi,Terrence Hayes,Deian Salazar,Joe Allen,Michael (Mike) Sands
Cayle Tern,,,,,
Steph Routh,Candace Avalos,Jamie Dunphy,Timur Ender,Noah Ernst,Loretta Smith
Steph Routh,Timur Ender,Candace Avalos,Terrence Hayes,Loretta Smith,Jamie Dunphy
Peggy Sue Owens,Jamie Dunphy,,,,
Deian Salazar,Timur Ender,Jamie Dunphy,Loretta Smith,Noah Ernst,Terrence Hayes
Steph Routh,Jamie Dunphy,Timur Ender,Terrence Hayes,,
Loretta Smith,Steph Routh,Timur Ender,Terrence Hayes,Jamie Dunphy,Candace Avalos
Terrence Hayes,Loretta Smith,Deian Salazar,,,
Steph Routh,Jamie Dunphy,Timur Ender,Terrence Hayes,Noah Ernst,Candace Avalos
Noah Ernst,Terrence Hayes,Joe Furi,Loretta Smith,Doug Clove,
Deian Salazar,,,,,
Candace Avalos,Steph Routh,Noah Ernst,,,
Loretta Smith,Terrence Hayes,Candace Avalos,Deian Salazar,Noah Ernst,Doug Clove
Jamie Dunphy,Candace Avalos,Steph Routh,,,
Candace Avalos,David Linn,Jamie Dunphy,Joe Furi,Steph Routh,
David Linn,Cayle Tern,Jamie Dunphy,,,
Noah Ernst,Michael (Mike) Sands,Doug Clove,,,
Joe Allen,David Linn,Doug Clove,Noah Ernst,Peggy Sue Owens,Timur Ender
Noah Ernst,,,,,
Noah Ernst,Loretta Smith,Terrence Hayes,Steph Routh,Deian Salazar,Doug Clove
Timur Ender,Candace Avalos,Joe Allen,Cayle Tern,Doug Clove,Deian Salazar
Loretta Smith,Cayle Tern,Jamie Dunphy,Candace Avalos,Terrence Hayes,Noah Ernst
Jamie Dunphy,Candace Avalos,Timur Ender,Steph Routh,,
Steph Routh,Terrence Hayes,Candace Avalos,,,
Cayle Tern,Doug Clove,Noah Ernst,Michael (Mike) Sands,Deian Salazar,Joe Allen
Loretta Smith,Candace Avalos,Deian Salazar,Peggy Sue Owens,Terrence Hayes,Jamie Dunphy
Noah Ernst,Joe Allen,Doug Clove,Terrence Hayes,Deian Salazar,Joe Furi
Joe Allen,Michael (Mike) Sands,Doug Clove,,,
Candace Avalos,Timur Ender,Cayle Tern,Steph Routh,Joe Furi,Loretta Smith
Candace Avalos,Noah Ernst,Terrence Hayes,Jamie Dunphy,,
Joe Allen,Thomas Shervey,Terrence Hayes,Jamie Dunphy,Doug Clove,Candace Avalos
Steph Routh,Loretta Smith,Candace Avalos,Peggy Sue Owens,,
Deian Salazar,Doug Clove,Joe Furi,,,
Jamie Dunphy,Candace Avalos,Steph Routh,Loretta Smith,David Linn,
Noah Ernst,David Linn,Peggy Sue Owens,Deian Salazar,Doug Clove,Terrence Hayes
Jamie Dunphy,Candace Avalos,Steph Routh,,,
Deian Salazar,Candace Avalos,Loretta Smith,Jamie Dunphy,Michael (Mike) Sands,
Candace Avalos,,,,,
Doug Clove,Deian Salazar,Steph Routh,David Linn,Candace Avalos,Noah Ernst
Candace Avalos,Steph Routh,Michael (Mike) Sands,Jamie Dunphy,Cayle Tern,Peggy Sue Owens
Timur Ender,David Linn,Candace Avalos,Steph Routh,Jamie Dunphy,Doug Clove
Candace Avalos,Terrence Hayes,Timur Ender,Steph Routh,,
Noah Ernst,Terrence Hayes,,,,
Joe Furi,,,,,
Noah Ernst,Terrence Hayes,Joe Furi,Loretta Smith,Doug Clove,
Candace Avalos,Steph Routh,Jamie Dunphy,,,
Candace Avalos,Jamie Dunphy,Steph Routh,,,
Jamie Dunphy,Terrence Hayes,Noah Ernst,Loretta Smith,Thomas Shervey,
Jamie Dunphy,,,,,
Loretta Smith,Steph Routh,Timur Ender,,,
,,,,,
Timur Ender,Candace Avalos,David Linn,Cayle Tern,Doug Clove,Loretta Smith
Loretta Smith,Terrence Hayes,Timur Ender,Steph Routh,,
David Linn,Peggy Sue Owens,Loretta Smith,Jamie Dunphy,,
Loretta Smith,,,,,
Steph Routh,David Linn,Jamie Dunphy,,,
Michael (Mike) Sands,Loretta Smith,David Linn,Noah Ernst,Thomas Shervey,Deian Salazar
David Linn,,,,,
Loretta Smith,Steph Routh,Candace Avalos,Peggy Sue Owens,Terrence Hayes,Jamie Dunphy
Michael (Mike) Sands,Doug Clove,Peggy Sue Owens,Cayle Tern,,
Steph Routh,Candace Avalos,Timur Ender,Jamie Dunphy,Loretta Smith,
Cayle Tern,Noah Ernst,Timur Ender,David Linn,Jamie Dunphy,Loretta Smith
Candace Avalos,Jamie Dunphy,Loretta Smith,Terrence Hayes,Michael (Mike) Sands,Deian Salazar
Joe Furi,Joe Allen,Jamie Dunphy,David Linn,Noah Ernst,Peggy Sue Owens
Candace Avalos,Jamie Dunphy,Steph Routh,Timur Ender,Cayle Tern,David Linn
Jamie Dunphy,Candace Avalos,Steph Routh,Timur Ender,David Linn,Loretta Smith
Jamie Dunphy,Candace Avalos,Steph Routh,,,
Loretta Smith,Jamie Dunphy,,,,
Terrence Hayes,Noah Ernst,Joe Furi,,,
Candace Avalos,Cayle Tern,Timur Ender,Michael (Mike) Sands,Deian Salazar,
Noah Ernst,Joe Allen,Michael (Mike) Sands,Thomas Shervey,Loretta Smith,Jamie Dunphy
Steph Routh,Deian Salazar,Doug Clove,David Linn,Timur Ender,Cayle Tern
Doug Clove,Joe Furi,Timur Ender,,,
David Linn,Thomas Shervey,Cayle Tern,Jamie Dunphy,Loretta Smith,Candace Avalos
Candace Avalos,Cayle Tern,Timur Ender,Jamie Dunphy,Steph Routh,David Linn
Peggy Sue Owens,Joe Allen,Noah Ernst,,,
Noah Ernst,Cayle Tern,Deian Salazar,Doug Clove,Jamie Dunphy,
Loretta Smith,Steph Routh,Timur Ender,Jamie Dunphy,,
Steph Routh,Candace Avalos,Jamie Dunphy,,,
Terrence Hayes,Noah Ernst,Joe Furi,Loretta Smith,Doug Clove,
Steph Routh,Terrence Hayes,Thomas Shervey,Loretta Smith,Deian Salazar,Michael (Mike) Sands
Michael (Mike) Sands,,,,,
Doug Clove,,,,,
Steph Routh,Joe Furi,Terrence Hayes,Deian Salazar,Noah Ernst,Jamie Dunphy
Loretta Smith,Candace Avalos,Peggy Sue Owens,David Linn,,
Timur Ender,David Linn,Cayle Tern,Jamie Dunphy,Steph Routh,Loretta Smith
Noah Ernst,David Linn,Doug Clove,Timur Ender,,
Peggy Sue Owens,Loretta Smith,Jamie Dunphy,,,
Candace Avalos,Steph Routh,Jamie Dunphy,,,
Terrence Hayes,Deian Salazar,,,,
Jamie Dunphy,Candace Avalos,Steph Routh,,,
Candace Avalos,,,,,
Jamie Dunphy,Steph Routh,Candace Avalos,,,
Timur Ender,Candace Avalos,David Linn,Michael (Mike) Sands,,
Steph Routh,Loretta Smith,Candace Avalos,Terrence Hayes,Timur Ender,
Candace Avalos,Jamie Dunphy,Terrence Hayes,Cayle Tern,,
Jamie Dunphy,Terrence Hayes,Candace Avalos,Noah Ernst,,
Timur Ender,Jamie Dunphy,Candace Avalos,Steph Routh,Peggy Sue Owens,Noah Ernst
Candace Avalos,Loretta Smith,Cayle Tern,Steph Routh,Deian Salazar,Timur Ender
Timur Ender,,,,,
Jamie Dunphy,Candace Avalos,Steph Routh,,,
Candace Avalos,Deian Salazar,Terrence Hayes,David Linn,Loretta Smith,Noah Ernst
Noah Ernst,,,,,
Doug Clove,,,,,
Candace Avalos,Steph Routh,Thomas Shervey,Cayle Tern,David Linn,
Candace Avalos,Noah Ernst,Loretta Smith,Joe Furi,Deian Salazar,Doug Clove
Timur Ender,Candace Avalos,Jamie Dunphy,David Linn,Loretta Smith,
Noah Ernst,Candace Avalos,Cayle Tern,,,
Timur Ender,Candace Avalos,Steph Routh,Cayle Tern,,
Steph Routh,Terrence Hayes,Loretta Smith,Candace Avalos,,
Candace Avalos,Steph Routh,Timur Ender,Jamie Dunphy,,
David Linn,Michael (Mike) Sands,,,,
David Linn,,,,,
Loretta Smith,Timur Ender,Peggy Sue Owens,,,
Peggy Sue Owens,,,,,
Noah Ernst,Terrence Hayes,Loretta Smith,,,
Candace Avalos,Timur Ender,Steph Routh,,,
Steph Routh,Terrence Hayes,Candace Avalos,Timur Ender,Loretta Smith,
Doug Clove,,,,,
Loretta Smith,,,,,
Peggy Sue Owens,Michael (Mike) Sands,Cayle Tern,,,
Candace Avalos,Steph Routh,Timur Ender,,,
Candace Avalos,Loretta Smith,Terrence Hayes,David Linn,Cayle Tern,Jamie Dunphy
Peggy Sue Owens,Candace Avalos,Noah Ernst,,,
Terrence Hayes,Doug Clove,Loretta Smith,,,
Steph Routh,Jamie Dunphy,Terrence Hayes,,,
Candace Avalos,Loretta Smith,Jamie Dunphy,,,
Loretta Smith,Noah Ernst,Terrence Hayes,Steph Routh,Jamie Dunphy,Timur Ender
Thomas Shervey,Candace Avalos,Joe Allen,Write-in-120,Joe Furi,
Noah Ernst,Terrence Hayes,,,,
Loretta Smith,,,,,
,,,,,
David Linn,Candace Avalos,Loretta Smith,Timur Ender,Steph Routh,Terrence Hayes
Steph Routh,Candace Avalos,Timur Ender,Loretta Smith,,
Peggy Sue Owens,Loretta Smith,,,,
Jamie Dunphy,Doug Clove,Timur Ender,,,
Noah Ernst,Terrence Hayes,Deian Salazar,Loretta Smith,,
Candace Avalos,Terrence Hayes,,,,
Timur Ender,Steph Routh,Jamie Dunphy,Terrence Hayes,Candace Avalos,Loretta Smith
Noah Ernst,Joe Furi,David Linn,Joe Allen,Thomas Shervey,Jamie Dunphy
Loretta Smith,Jamie Dunphy,Candace Avalos,Steph Routh,Timur Ender,Doug Clove
Loretta Smith,Candace Avalos,Steph Routh,,,
Noah Ernst,David Linn,Loretta Smith,Terrence Hayes,Michael (Mike) Sands,Steph Routh
Candace Avalos,,,,,
Candace Avalos,Cayle Tern,Timur Ender,,,
Timur Ender,,,,,
Timur Ender,Candace Avalos,Steph Routh,,,
Candace Avalos,Jamie Dunphy,Cayle Tern,Timur Ender,,
Loretta Smith,Terrence Hayes,Steph Routh,Jamie Dunphy,Candace Avalos,David Linn
Candace Avalos,Timur Ender,Steph Routh,Jamie Dunphy,Cayle Tern,David Linn
Loretta Smith,Peggy Sue Owens,Joe Furi,Candace Avalos,Noah Ernst,Terrence Hayes
Steph Routh,Candace Avalos,Jamie Dunphy,,,
Candace Avalos,Steph Routh,Timur Ender,,,
Jamie Dunphy,Steph Routh,Candace Avalos,,,
Steph Routh,Candace Avalos,,,,
David Linn,Terrence Hayes,Deian Salazar,Steph Routh,Jamie Dunphy,Peggy Sue Owens
Candace Avalos,Timur Ender,Steph Routh,Jamie Dunphy,Cayle Tern,
Jamie Dunphy,Candace Avalos,Steph Routh,,,
Noah Ernst,,,,,
Deian Salazar,,,,,
Steph Routh,Candace Avalos,Timur Ender,,,
Jamie Dunphy,Candace Avalos,Steph Routh,Terrence Hayes,,
Candace Avalos,Peggy Sue Owens,Noah Ernst,Joe Furi,,
Terrence Hayes,Noah Ernst,Candace Avalos,,,
Noah Ernst,Terrence Hayes,Loretta Smith,Doug Clove,David Linn,
Loretta Smith,Terrence Hayes,Jamie Dunphy,,,
Timur Ender,Noah Ernst,Doug Clove,Michael (Mike) Sands,Joe Allen,
Candace Avalos,Timur Ender,David Linn,Thomas Shervey,Cayle Tern,Loretta Smith
Steph Routh,Candace Avalos,Noah Ernst,Jamie Dunphy,Thomas Shervey,David Linn
David Linn,Michael (Mike) Sands,Loretta Smith,Joe Allen,Thomas Shervey,
Loretta Smith,Timur Ender,Candace Avalos,Jamie Dunphy,Steph Routh,
,,,,,
David Linn,Terrence Hayes,Steph Routh,Jamie Dunphy,,
David Linn,,,,,
Loretta Smith,Noah Ernst,Deian Salazar,,,
Michael (Mike) Sands,Joe Allen,Steph Routh,,,
Jamie Dunphy,Terrence Hayes,Loretta Smith,Steph Routh,,
Timur Ender,,,,,
Noah Ernst,Terrence Hayes,Steph Routh,Timur Ender,,
David Linn,Michael (Mike) Sands,Timur Ender,Deian Salazar,Doug Clove,Noah Ernst
Terrence Hayes,Jamie Dunphy,,,,
Candace Avalos,Terrence Hayes,Steph Routh,Loretta Smith,Joe Furi,Timur Ender
Noah Ernst,Deian Salazar,Doug Clove,Terrence Hayes,Loretta Smith,Joe Allen
Candace Avalos,Terrence Hayes,Loretta Smith,Steph Routh,Noah Ernst,
Candace Avalos,Timur Ender,Cayle Tern,Jamie Dunphy,Steph Routh,David Linn
Loretta Smith,,,,,
Terrence Hayes,Loretta Smith,Candace Avalos,Steph Routh,,
Loretta Smith,Terrence Hayes,Jamie Dunphy,Michael (Mike) Sands,Timur Ender,Steph Routh
Candace Avalos,Cayle Tern,Timur Ender,Loretta Smith,Peggy Sue Owens,
Loretta Smith,Noah Ernst,Terrence Hayes,,,
Loretta Smith,Joe Furi,Candace Avalos,,,
Steph Routh,Terrence Hayes,Deian Salazar,Timur Ender,Noah Ernst,
Timur Ender,,,,,
Candace Avalos,Jamie Dunphy,Joe Furi,Doug Clove,Michael (Mike) Sands,Deian Salazar
Jamie Dunphy,Steph Routh,Candace Avalos,Loretta Smith,David Linn,
Candace Avalos,Timur Ender,Jamie Dunphy,Steph Routh,Loretta Smith,Noah Ernst
Noah Ernst,Timur Ender,Doug Clove,Joe Furi,Loretta Smith,
Thomas Shervey,Steph Routh,Candace Avalos,Doug Clove,Peggy Sue Owens,Timur Ender
Noah Ernst,Jamie Dunphy,Steph Routh,Joe Furi,Deian Salazar,Doug Clove
Jamie Dunphy,Candace Avalos,Steph Routh,Loretta Smith,David Linn,Terrence Hayes
Timur Ender,Steph Routh,Terrence Hayes,Candace Avalos,David Linn,Jamie Dunphy
Steph Routh,Jamie Dunphy,,,,
Loretta Smith,Terrence Hayes,Steph Routh,Jamie Dunphy,Candace Avalos,Cayle Tern
Noah Ernst,Loretta Smith,Deian Salazar,,,
Noah Ernst,Terrence Hayes,Doug Clove,Joe Allen,,
Candace Avalos,Jamie Dunphy,Steph Routh,Timur Ender,,
David Linn,Deian Salazar,Doug Clove,Joe Allen,Candace Avalos,Steph Routh
Candace Avalos,Timur Ender,Steph Routh,Jamie Dunphy,,
Steph Routh,Jamie Dunphy,Candace Avalos,Timur Ender,,
Joe Furi,Candace Avalos,Thomas Shervey,,,
Steph Routh,Loretta Smith,,,,
Candace Avalos,Cayle Tern,Timur Ender,,,
Terrence Hayes,Jamie Dunphy,Steph Routh,Deian Salazar,,
Loretta Smith,Terrence Hayes,Timur Ender,Cayle Tern,Candace Avalos,Steph Routh
Jamie Dunphy,Candace Avalos,Steph Routh,David Linn,Terrence Hayes,Noah Ernst
Candace Avalos,Timur Ender,Steph Routh,Jamie Dunphy,Cayle Tern,David Linn
Timur Ender,Cayle Tern,Joe Allen,David Linn,Steph Routh,Write-in-120
Candace Avalos,Jamie Dunphy,Noah Ernst,Loretta Smith,Peggy Sue Owens,Deian Salazar
Noah Ernst,Terrence Hayes,,,,
Noah Ernst,Terrence Hayes,David Linn,,,
Terrence Hayes,,,,,
Loretta Smith,Terrence Hayes,Deian Salazar,David Linn,Peggy Sue Owens,Joe Furi
Loretta Smith,Terrence Hayes,Noah Ernst,Candace Avalos,,
Candace Avalos,Loretta Smith,Cayle Tern,Doug Clove,Deian Salazar,Michael (Mike) Sands
Loretta Smith,Steph Routh,Candace Avalos,,,
Steph Routh,Candace Avalos,Timur Ender,Jamie Dunphy,,
Loretta Smith,,,,,
Candace Avalos,Jamie Dunphy,Michael (Mike) Sands,Cayle Tern,Terrence Hayes,Steph Routh
Peggy Sue Owens,Timur Ender,Noah Ernst,,,
Candace Avalos,Timur Ender,Steph Routh,Jamie Dunphy,Cayle Tern,David Linn
Noah Ernst,Terrence Hayes,Doug Clove,,,
Candace Avalos,Steph Routh,Jamie Dunphy,Loretta Smith,Timur Ender,
Jamie Dunphy,Candace Avalos,Steph Routh,Noah Ernst,David Linn,Loretta Smith
Candace Avalos,Jamie Dunphy,Timur Ender,Steph Routh,Doug Clove,
Timur Ender,Deian Salazar,,,,
Candace Avalos,Steph Routh,Timur Ender,Jamie Dunphy,Thomas Shervey,Loretta Smith
Loretta Smith,Candace Avalos,,,,
Terrence Hayes,,,,,
Loretta Smith,,,,,
Loretta Smith,,,,,
David Linn,Candace Avalos,Joe Furi,Jamie Dunphy,Cayle Tern,Timur Ender
Jamie Dunphy,David Linn,Steph Routh,Candace Avalos,Loretta Smith,Noah Ernst
Timur Ender,Candace Avalos,Cayle Tern,David Linn,Steph Routh,Jamie Dunphy
Steph Routh,Timur Ender,Candace Avalos,Michael (Mike) Sands,Terrence Hayes,Deian Salazar
Candace Avalos,Cayle Tern,Timur Ender,Steph Routh,,
Candace Avalos,Cayle Tern,Timur Ender,,,
Timur Ender,Candace Avalos,Thomas Shervey,Cayle Tern,Loretta Smith,
Loretta Smith,Candace Avalos,Timur Ender,Cayle Tern,Joe Furi,Terrence Hayes
Candace Avalos,Loretta Smith,Timur Ender,Jamie Dunphy,Joe Allen,Steph Routh
Candace Avalos,Cayle Tern,Timur Ender,,,
Candace Avalos,Cayle Tern,Joe Furi,Jamie Dunphy,Timur Ender,
Peggy Sue Owens,David Linn,Joe Allen,Timur Ender,Doug Clove,Joe Furi
Candace Avalos,Jamie Dunphy,Thomas Shervey,,,
Loretta Smith,,,,,
Joe Allen,David Linn,Deian Salazar,Peggy Sue Owens,Steph Routh,Thomas Shervey
Timur Ender,Noah Ernst,Steph Routh,,,
Michael (Mike) Sands,Timur Ender,Candace Avalos,David Linn,Cayle Tern,
Candace Avalos,Cayle Tern,Loretta Smith,Steph Routh,Terrence Hayes,Jamie Dunphy
Candace Avalos,Cayle Tern,Steph Routh,Jamie Dunphy,Timur Ender,
Cayle Tern,Candace Avalos,Timur Ender,David Linn,Jamie Dunphy,Steph Routh
Timur Ender,Steph Routh,Jamie Dunphy,David Linn,Loretta Smith,Terrence Hayes
Steph Routh,Loretta Smith,Candace Avalos,Terrence Hayes,Cayle Tern,
Loretta Smith,Jamie Dunphy,,,,
Candace Avalos,Timur Ender,Steph Routh,Jamie Dunphy,Cayle Tern,David Linn
Terrence Hayes,Loretta Smith,Deian Salazar,Noah Ernst,Doug Clove,
Steph Routh,Terrence Hayes,Doug Clove,Candace Avalos,Timur Ender,
Noah Ernst,Deian Salazar,Loretta Smith,,,
Doug Clove,Thomas Shervey,,,,
Jamie Dunphy,Candace Avalos,Steph Routh,Noah Ernst,David Linn,Loretta Smith
Timur Ender,Steph Routh,Jamie Dunphy,Candace Avalos,,
Terrence Hayes,Candace Avalos,Steph Routh,David Linn,,
Steph Routh,Timur Ender,Loretta Smith,Jamie Dunphy,Candace Avalos,
David Linn,Jamie Dunphy,Noah Ernst,Doug Clove,,
Loretta Smith,Jamie Dunphy,Candace Avalos,,,
Michael (Mike) Sands,Jamie Dunphy,Joe Allen,Candace Avalos,Deian Salazar,Doug Clove
Terrence Hayes,Steph Routh,Candace Avalos,Timur Ender,Deian Salazar,Cayle Tern
Timur Ender,,,,,
Jamie Dunphy,Steph Routh,Candace Avalos,,,
Noah Ernst,Jamie Dunphy,,,,
Terrence Hayes,Joe Allen,Steph Routh,Noah Ernst,Candace Avalos,Doug Clove
Noah Ernst,Doug Clove,Timur Ender,Jamie Dunphy,Terrence Hayes,Loretta Smith
Peggy Sue Owens,Timur Ender,Noah Ernst,Cayle Tern,,
Joe Allen,Jamie Dunphy,Terrence Hayes,,,
Terrence Hayes,Doug Clove,Loretta Smith,,,
Steph Routh,Timur Ender,Candace Avalos,Cayle Tern,Joe Furi,Michael (Mike) Sands
Steph Routh,Loretta Smith,Candace Avalos,Timur Ender,Jamie Dunphy,Terrence Hayes
Loretta Smith,,,,,
Timur Ender,,,,,
Steph Routh,Jamie Dunphy,Timur Ender,Candace Avalos,,
Steph Routh,Candace Avalos,Jamie Dunphy,Terrence Hayes,Doug Clove,Michael (Mike) Sands
,,,,,
David Linn,Noah Ernst,Joe Furi,,,
Timur Ender,Candace Avalos,Steph Routh,Jamie Dunphy,Terrence Hayes,Loretta Smith
Jamie Dunphy,,,,,
Loretta Smith,Joe Allen,Thomas Shervey,Peggy Sue Owens,,
Jamie Dunphy,Candace Avalos,Steph Routh,,,
Jamie Dunphy,Candace Avalos,Steph Routh,Loretta Smith,Timur Ender,Terrence Hayes
Noah Ernst,David Linn,Doug Clove,,,
Noah Ernst,,,,,
Jamie Dunphy,Loretta Smith,Terrence Hayes,Timur Ender,Steph Routh,David Linn
Loretta Smith,Terrence Hayes,Steph Routh,Jamie Dunphy,Doug Clove,Candace Avalos
Steph Routh,Doug Clove,David Linn,Loretta Smith,Timur Ender,Thomas Shervey
Candace Avalos,Joe Allen,,,,
Jamie Dunphy,Candace Avalos,Steph Routh,,,
Loretta Smith,Candace Avalos,Terrence Hayes,Steph Routh,Jamie Dunphy,Deian Salazar
Noah Ernst,Loretta Smith,Candace Avalos,Peggy Sue Owens,Terrence Hayes,Doug Clove
Noah Ernst,Doug Clove,Loretta Smith,Terrence Hayes,Joe Allen,Joe Furi
Candace Avalos,Doug Clove,Jamie Dunphy,Steph Routh,Loretta Smith,
Loretta Smith,,,,,
Jamie Dunphy,Steph Routh,Candace Avalos,,,
Terrence Hayes,Candace Avalos,Timur Ender,,,
Candace Avalos,Timur Ender,Steph Routh,Jamie Dunphy,,
Jamie Dunphy,Cayle Tern,Loretta Smith,Timur Ender,Terrence Hayes,David Linn
Terrence Hayes,Noah Ernst,Loretta Smith,,,
Jamie Dunphy,Steph Routh,Candace Avalos,Timur Ender,Loretta Smith,Doug Clove
David Linn,Noah Ernst,,,,
Timur Ender,Steph Routh,Jamie Dunphy,Candace Avalos,David Linn,Doug Clove
Terrence Hayes,Loretta Smith,Joe Allen,,,
Cayle Tern,,,,,
Jamie Dunphy,Steph Routh,Loretta Smith,Noah Ernst,Timur Ender,Candace Avalos
Jamie Dunphy,Steph Routh,Candace Avalos,Loretta Smith,,
Jamie Dunphy,David Linn,Steph Routh,,,
Jamie Dunphy,David Linn,Deian Salazar,Noah Ernst,Joe Furi,Loretta Smith
Noah Ernst,Terrence Hayes,Joe Furi,Loretta Smith,Doug Clove,Michael (Mike) Sands
Loretta Smith,Candace Avalos,Peggy Sue Owens,Deian Salazar,Steph Routh,Jamie Dunphy
Candace Avalos,David Linn,Jamie Dunphy,Thomas Shervey,,
Noah Ernst,,,,,
Candace Avalos,Timur Ender,Loretta Smith,Steph Routh,David Linn,Jamie Dunphy
Noah Ernst,Terrence Hayes,Joe Furi,Loretta Smith,Doug Clove,
Noah Ernst,Terrence Hayes,Timur Ender,Doug Clove,Candace Avalos,Steph Routh
Jamie Dunphy,Candace Avalos,Steph Routh,,,
Peggy Sue Owens,Loretta Smith,Steph Routh,Candace Avalos,Jamie Dunphy,Timur Ender
Steph Routh,Candace Avalos,Jamie Dunphy,,,
Noah Ernst,Jamie Dunphy,Terrence Hayes,,,
Timur Ender,Joe Allen,Michael (Mike) Sands,,,
Loretta Smith,,,,,
Noah Ernst,Doug Clove,Joe Furi,Terrence Hayes,Loretta Smith,
Timur Ender,Noah Ernst,Candace Avalos,Doug Clove,Loretta Smith,
Loretta Smith,Peggy Sue Owens,Joe Furi,Terrence Hayes,Timur Ender,Deian Salazar
Doug Clove,Michael (Mike) Sands,Thomas Shervey,,,
Michael (Mike) Sands,Loretta Smith,Deian Salazar,Doug Clove,Candace Avalos,Write-in-120
Joe Allen,Joe Furi,Thomas Shervey,,,
Loretta Smith,Cayle Tern,Terrence Hayes,Steph Routh,,
Steph Routh,Candace Avalos,Jamie Dunphy,Timur Ender,,
Loretta Smith,,,,,
Candace Avalos,Timur Ender,Steph Routh,Jamie Dunphy,,
Noah Ernst,Loretta Smith,Timur Ender,Terrence Hayes,Steph Routh,Deian Salazar
Loretta Smith,Noah Ernst,,,,
Joe Furi,Deian Salazar,Loretta Smith,Noah Ernst,Doug Clove,Candace Avalos
Loretta Smith,Timur Ender,Candace Avalos,David Linn,Cayle Tern,Michael (Mike) Sands
Loretta Smith,,,,,
Joe Allen,Joe Furi,Thomas Shervey,,,
Candace Avalos,Steph Routh,Timur Ender,Jamie Dunphy,,
Loretta Smith,Steph Routh,Timur Ender,Jamie Dunphy,,
Candace Avalos,Steph Routh,Joe Furi,Timur Ender,,
Steph Routh,Candace Avalos,Loretta Smith,Jamie Dunphy,Timur Ender,Terrence Hayes
Cayle Tern,Jamie Dunphy,Loretta Smith,Timur Ender,Peggy Sue Owens,Joe Furi
Loretta Smith,David Linn,Joe Furi,Joe Allen,Peggy Sue Owens,Michael (Mike) Sands
David Linn,,,,,
Noah Ernst,Loretta Smith,Terrence Hayes,,,
Noah Ernst,Terrence Hayes,Joe Furi,Loretta Smith,Doug Clove,
Candace Avalos,Cayle Tern,Timur Ender,,,
Candace Avalos,Steph Routh,Jamie Dunphy,Timur Ender,David Linn,Loretta Smith
Steph Routh,Doug Clove,Terrence Hayes,,,
Terrence Hayes,Noah Ernst,Timur Ender,David Linn,Peggy Sue Owens,Joe Furi
Loretta Smith,Jamie Dunphy,Noah Ernst,Terrence Hayes,Candace Avalos,Steph Routh
Loretta Smith,,,,,
Timur Ender,Candace Avalos,Loretta Smith,Terrence Hayes,,
Timur Ender,Joe Allen,Steph Routh,,,
David Linn,Joe Allen,Michael (Mike) Sands,Thomas Shervey,Jamie Dunphy,Steph Routh
Joe Allen,,,,,
Steph Routh,Candace Avalos,Jamie Dunphy,,,
Joe Allen,Noah Ernst,Joe Furi,Cayle Tern,Peggy Sue Owens,Thomas Shervey
Loretta Smith,,,,,
Candace Avalos,Steph Routh,Jamie Dunphy,Timur Ender,Michael (Mike) Sands,David Linn
David Linn,Terrence Hayes,Steph Routh,Timur Ender,,
Noah Ernst,Joe Allen,Jamie Dunphy,Thomas Shervey,Deian Salazar,Cayle Tern
Candace Avalos,Loretta Smith,David Linn,Cayle Tern,Timur Ender,Michael (Mike) Sands
Loretta Smith,,,,,
Noah Ernst,Timur Ender,Deian Salazar,Doug Clove,Steph Routh,Cayle Tern
Candace Avalos,Cayle Tern,Timur Ender,Jamie Dunphy,Steph Routh,David Linn
Loretta Smith,Timur Ender,Jamie Dunphy,Steph Routh,Terrence Hayes,Doug Clove
Steph Routh,Loretta Smith,Peggy Sue Owens,Deian Salazar,Cayle Tern,Michael (Mike) Sands
Loretta Smith,Noah Ernst,Joe Allen,,,
Timur Ender,Candace Avalos,Jamie Dunphy,Steph Routh,Cayle Tern,Terrence Hayes
Loretta Smith,,,,,
David Linn,Noah Ernst,Joe Furi,Thomas Shervey,Joe Allen,Jamie Dunphy
Joe Allen,Candace Avalos,Cayle Tern,Joe Furi,Jamie Dunphy,
Jamie Dunphy,Candace Avalos,Loretta Smith,Timur Ender,Michael (Mike) Sands,Noah Ernst
Timur Ender,Candace Avalos,Steph Routh,Jamie Dunphy,Cayle Tern,David Linn
Peggy Sue Owens,Timur Ender,Joe Allen,Michael (Mike) Sands,Jamie Dunphy,Loretta Smith
Candace Avalos,Cayle Tern,Loretta Smith,David Linn,Terrence Hayes,Deian Salazar
Timur Ender,Candace Avalos,Deian Salazar,Steph Routh,Terrence Hayes,Loretta Smith
Loretta Smith,Terrence Hayes,Steph Routh,Jamie Dunphy,David Linn,
Steph Routh,Timur Ender,Candace Avalos,Jamie Dunphy,Loretta Smith,Terrence Hayes
Candace Avalos,Timur Ender,Cayle Tern,,,
Noah Ernst,Doug Clove,Steph Routh,Thomas Shervey,Deian Salazar,Joe Allen
Thomas Shervey,,,,,
Timur Ender,Peggy Sue Owens,Michael (Mike) Sands,,,
Loretta Smith,Noah Ernst,Steph Routh,,,
Jamie Dunphy,,,,,
Deian Salazar,Loretta Smith,Terrence Hayes,David Linn,Joe Allen,Timur Ender
Michael (Mike) Sands,,,,,
Loretta Smith,Terrence Hayes,David Linn,,,
Michael (Mike) Sands,Loretta Smith,Thomas Shervey,Cayle Tern,David Linn,Joe Furi
Noah Ernst,Timur Ender,,,,
Jamie Dunphy,Timur Ender,Candace Avalos,Steph Routh,,
Noah Ernst,Terrence Hayes,Loretta Smith,,,
Loretta Smith,Steph Routh,,,,
Michael (Mike) Sands,,,,,
Candace Avalos,Timur Ender,Steph Routh,Jamie Dunphy,,
Candace Avalos,Timur Ender,Steph Routh,Jamie Dunphy,Cayle Tern,David Linn
Cayle Tern,Loretta Smith,Doug Clove,Deian Salazar,Terrence Hayes,
Jamie Dunphy,Candace Avalos,Steph Routh,Noah Ernst,David Linn,Loretta Smith
Terrence Hayes,Loretta Smith,,,,
David Linn,,,,,
Noah Ernst,Timur Ender,Peggy Sue Owens,Candace Avalos,Joe Allen,David Linn
Jamie Dunphy,,,,,
Jamie Dunphy,Candace Avalos,Steph Routh,Thomas Shervey,Timur Ender,
Jamie Dunphy,Candace Avalos,Steph Routh,David Linn,,
Terrence Hayes,Joe Furi,Steph Routh,Cayle Tern,Timur Ender,Write-in-120
Loretta Smith,,,,,
Thomas Shervey,,,,,
Candace Avalos,Timur Ender,Steph Routh,Jamie Dunphy,Cayle Tern,David Linn
,,,,,
Steph Routh,Jamie Dunphy,Terrence Hayes,,,
Jamie Dunphy,Candace Avalos,Steph Routh,,,
Steph Routh,Candace Avalos,Timur Ender,Terrence Hayes,Loretta Smith,Noah Ernst
Candace Avalos,Cayle Tern,Timur Ender,,,
Jamie Dunphy,Candace Avalos,Loretta Smith,Terrence Hayes,Steph Routh,Timur Ender
Candace Avalos,Cayle Tern,Timur Ender,Steph Routh,,
Loretta Smith,,,,,
Terrence Hayes,,,,,
Candace Avalos,Peggy Sue Owens,Loretta Smith,Steph Routh,Deian Salazar,Jamie Dunphy
Michael (Mike) Sands,,,,,
Jamie Dunphy,Steph Routh,,,,
Candace Avalos,,,,,
Loretta Smith,Timur Ender,David Linn,Candace Avalos,,
Jamie Dunphy,,,,,
Candace Avalos,,,,,
Terrence Hayes,Loretta Smith,Steph Routh,,,
Michael (Mike) Sands,Steph Routh,Timur Ender,Joe Furi,Noah Ernst,Deian Salazar
Terrence Hayes,Loretta Smith,Jamie Dunphy,,,
Steph Routh,Loretta Smith,David Linn,Jamie Dunphy,Terrence Hayes,Doug Clove
Jamie Dunphy,Timur Ender,Candace Avalos,Loretta Smith,Steph Routh,Terrence Hayes
Jamie Dunphy,Steph Routh,Timur Ender,David Linn,Candace Avalos,Terrence Hayes
Candace Avalos,Michael (Mike) Sands,Joe Furi,Doug Clove,Deian Salazar,Loretta Smith
Steph Routh,Loretta Smith,Candace Avalos,Timur Ender,,
Candace Avalos,Jamie Dunphy,Terrence Hayes,David Linn,,
Terrence Hayes,Noah Ernst,Joe Furi,Loretta Smith,Doug Clove,
David Linn,Michael (Mike) Sands,Doug Clove,,,
Loretta Smith,Steph Routh,Jamie Dunphy,Terrence Hayes,Timur Ender,Candace Avalos
Michael (Mike) Sands,Doug Clove,Joe Allen,Noah Ernst,Terrence Hayes,David Linn
Steph Routh,,,,,
Steph Routh,Jamie Dunphy,Deian Salazar,Terrence Hayes,Peggy Sue Owens,Candace Avalos
Jamie Dunphy,Deian Salazar,Michael (Mike) Sands,,,
Terrence Hayes,Noah Ernst,Joe Furi,Loretta Smith,Doug Clove,Write-in-120
Steph Routh,Jamie Dunphy,,,,
Terrence Hayes,Noah Ernst,Joe Furi,Loretta Smith,Doug Clove,Write-in-120
Steph Routh,Candace Avalos,Jamie Dunphy,,,
Loretta Smith,Steph Routh,Jamie Dunphy,,,
Doug Clove,Terrence Hayes,Steph Routh,Timur Ender,Loretta Smith,Candace Avalos
Noah Ernst,Doug Clove,Joe Allen,Deian Salazar,,
Timur Ender,Deian Salazar,Thomas Shervey,Terrence Hayes,Steph Routh,Joe Allen
Noah Ernst,Candace Avalos,Steph Routh,David Linn,,
Terrence Hayes,Loretta Smith,,,,
Steph Routh,Timur Ender,Candace Avalos,,,
Noah Ernst,Terrence Hayes,Peggy Sue Owens,David Linn,Thomas Shervey,Michael (Mike) Sands
Loretta Smith,Timur Ender,Candace Avalos,Terrence Hayes,Jamie Dunphy,
Candace Avalos,Timur Ender,Joe Allen,Loretta Smith,Terrence Hayes,Jamie Dunphy
Jamie Dunphy,Steph Routh,Candace Avalos,,,
Jamie Dunphy,Candace Avalos,,,,
Steph Routh,Noah Ernst,Loretta Smith,Timur Ender,David Linn,Candace Avalos
Joe Allen,Timur Ender,Cayle Tern,Thomas Shervey,,
Jamie Dunphy,Candace Avalos,Steph Routh,Loretta Smith,,
Steph Routh,Candace Avalos,Jamie Dunphy,Cayle Tern,Terrence Hayes,Timur Ender
Peggy Sue Owens,Joe Allen,,,,
Doug Clove,Loretta Smith,Timur Ender,Jamie Dunphy,,
Terrence Hayes,Loretta Smith,,,,
Candace Avalos,Cayle Tern,Timur Ender,,,
Candace Avalos,Jamie Dunphy,Steph Routh,,,
Terrence Hayes,Noah Ernst,Steph Routh,Loretta Smith,Candace Avalos,David Linn
David Linn,Deian Salazar,,,,
Noah Ernst,Doug Clove,Candace Avalos,Deian Salazar,Cayle Tern,Loretta Smith
Candace Avalos,Loretta Smith,Terrence Hayes,Steph Routh,Thomas Shervey,David Linn
Jamie Dunphy,Candace Avalos,Steph Routh,Noah Ernst,,
Terrence Hayes,Timur Ender,Steph Routh,David Linn,Thomas Shervey,Noah Ernst
Jamie Dunphy,Candace Avalos,Steph Routh,,,
Peggy Sue Owens,Michael (Mike) Sands,Terrence Hayes,Jamie Dunphy,Doug Clove,David Linn
Michael (Mike) Sands,,,,,
Noah Ernst,Cayle Tern,Deian Salazar,Timur Ender,David Linn,Michael (Mike) Sands
Steph Routh,Candace Avalos,Jamie Dunphy,,,
Cayle Tern,Loretta Smith,Timur Ender,Joe Allen,Candace Avalos,Steph Routh
Noah Ernst,Joe Allen,Loretta Smith,Michael (Mike) Sands,,
Terrence Hayes,Candace Avalos,Loretta Smith,Jamie Dunphy,Cayle Tern,Timur Ender
David Linn,,,,,
Peggy Sue Owens,Noah Ernst,Joe Allen,Doug Clove,Loretta Smith,Jamie Dunphy
Candace Avalos,Steph Routh,Jamie Dunphy,Timur Ender,Loretta Smith,David Linn
Noah Ernst,Cayle Tern,Jamie Dunphy,Thomas Shervey,,
Candace Avalos,Timur Ender,Steph Routh,Cayle Tern,Deian Salazar,Joe Furi
Jamie Dunphy,,,,,
Deian Salazar,David Linn,Doug Clove,Joe Furi,Cayle Tern,Terrence Hayes
Jamie Dunphy,Steph Routh,Timur Ender,,,
David Linn,Candace Avalos,Cayle Tern,,,
Timur Ender,Joe Furi,Terrence Hayes,Steph Routh,,
Terrence Hayes,Jamie Dunphy,,,,
Candace Avalos,Steph Routh,Jamie Dunphy,Timur Ender,Cayle Tern,David Linn
Noah Ernst,Terrence Hayes,Joe Furi,Loretta Smith,Doug Clove,
Terrence Hayes,Noah Ernst,Candace Avalos,Deian Salazar,Steph Routh,Timur Ender
Candace Avalos,Steph Routh,Timur Ender,Cayle Tern,,
Jamie Dunphy,Candace Avalos,Steph Routh,,,
Noah Ernst,Terrence Hayes,Loretta Smith,Doug Clove,David Linn,Deian Salazar
Jamie Dunphy,Candace Avalos,Steph Routh,,,
Timur Ender,Candace Avalos,David Linn,Doug Clove,Michael (Mike) Sands,Jamie Dunphy
Candace Avalos,Loretta Smith,,,,
Loretta Smith,Jamie Dunphy,Candace Avalos,Timur Ender,Cayle Tern,Doug Clove
Noah Ernst,Loretta Smith,Terrence Hayes,,,
Jamie Dunphy,,,,,
Jamie Dunphy,Candace Avalos,Terrence Hayes,,,
Noah Ernst,Deian Salazar,Terrence Hayes,,,
Noah Ernst,,,,,
Doug Clove,David Linn,,,,
Noah Ernst,,,,,
Terrence Hayes,Candace Avalos,Noah Ernst,Loretta Smith,,
Loretta Smith,Terrence Hayes,Timur Ender,,,
David Linn,Jamie Dunphy,Candace Avalos,Doug Clove,Loretta Smith,Timur Ender
Jamie Dunphy,Candace Avalos,Steph Routh,,,
Noah Ernst,Deian Salazar,,,,
Doug Clove,Joe Allen,Joe Furi,Candace Avalos,,
Terrence Hayes,Noah Ernst,Cayle Tern,David Linn,Jamie Dunphy,
Timur Ender,Loretta Smith,Steph Routh,Jamie Dunphy,Cayle Tern,David Linn
Terrence Hayes,Deian Salazar,David Linn,Noah Ernst,Loretta Smith,
Peggy Sue Owens,Joe Allen,Joe Furi,Terrence Hayes,Loretta Smith,Jamie Dunphy
Jamie Dunphy,,,,,
Loretta Smith,,,,,
Candace Avalos,Timur Ender,Steph Routh,Jamie Dunphy,Cayle Tern,
Candace Avalos,Timur Ender,Jamie Dunphy,Michael (Mike) Sands,,
Joe Furi,Loretta Smith,Doug Clove,Deian Salazar,Noah Ernst,Terrence Hayes
Cayle Tern,Peggy Sue Owens,Noah Ernst,Joe Allen,Loretta Smith,Steph Routh
Joe Allen,Noah Ernst,Peggy Sue Owens,Deian Salazar,Doug Clove,Timur Ender
Cayle Tern,,,,,
Thomas Shervey,Loretta Smith,Jamie Dunphy,,,
Steph Routh,Candace Avalos,,,,
Deian Salazar,Joe Furi,Michael (Mike) Sands,Candace Avalos,Timur Ender,Joe Allen
Timur Ender,Cayle Tern,Thomas Shervey,Terrence Hayes,Loretta Smith,Deian Salazar
Candace Avalos,Timur Ender,Loretta Smith,Terrence Hayes,Cayle Tern,Steph Routh
Joe Allen,Terrence Hayes,Timur Ender,,,
Timur Ender,Jamie Dunphy,Steph Routh,,,
Peggy Sue Owens,Candace Avalos,Joe Allen,Noah Ernst,Steph Routh,Terrence Hayes
David Linn,Steph Routh,Candace Avalos,Timur Ender,Jamie Dunphy,Loretta Smith
Doug Clove,Deian Salazar,Terrence Hayes,Write-in-120,Noah Ernst,
Candace Avalos,Joe Allen,Loretta Smith,Joe Furi,Steph Routh,Jamie Dunphy
Deian Salazar,Jamie Dunphy,Candace Avalos,,,
Candace Avalos,Cayle Tern,Timur Ender,,,
Jamie Dunphy,Terrence Hayes,Steph Routh,,,
Jamie Dunphy,Noah Ernst,Steph Routh,Loretta Smith,Candace Avalos,David Linn
Terrence Hayes,,,,,
Jamie Dunphy,Candace Avalos,Steph Routh,,,
Noah Ernst,David Linn,Doug Clove,Michael (Mike) Sands,Thomas Shervey,Jamie Dunphy
Steph Routh,Jamie Dunphy,,,,
Terrence Hayes,Loretta Smith,Steph Routh,David Linn,Noah Ernst,Timur Ender
,,,,,
Terrence Hayes,Steph Routh,Jamie Dunphy,David Linn,Michael (Mike) Sands,Joe Allen
Noah Ernst,Cayle Tern,Jamie Dunphy,Thomas Shervey,,
Timur Ender,,,,,
Jamie Dunphy,Candace Avalos,Steph Routh,,,
Peggy Sue Owens,Candace Avalos,Loretta Smith,Cayle Tern,Joe Furi,Deian Salazar
Peggy Sue Owens,Noah Ernst,Joe Furi,Thomas Shervey,Joe Allen,Steph Routh
Noah Ernst,Doug Clove,Deian Salazar,Joe Allen,David Linn,Timur Ender
Michael (Mike) Sands,Loretta Smith,Doug Clove,Steph Routh,Jamie Dunphy,Terrence Hayes
Candace Avalos,Jamie Dunphy,Terrence Hayes,Steph Routh,Cayle Tern,Thomas Shervey
Doug Clove,Terrence Hayes,Thomas Shervey,Joe Allen,,
Cayle Tern,Timur Ender,Michael (Mike) Sands,Joe Furi,Candace Avalos,Terrence Hayes
Noah Ernst,Terrence Hayes,Doug Clove,,,
Cayle Tern,Loretta Smith,Steph Routh,Michael (Mike) Sands,Doug Clove,Candace Avalos
Joe Allen,Doug Clove,Joe Furi,Deian Salazar,Terrence Hayes,Candace Avalos
Loretta Smith,Thomas Shervey,Noah Ernst,Terrence Hayes,Jamie Dunphy,Steph Routh
Peggy Sue Owens,Loretta Smith,Terrence Hayes,Joe Allen,Candace Avalos,Michael (Mike) Sands
Jamie Dunphy,,,,,
Cayle Tern,Noah Ernst,Joe Allen,Joe Furi,Steph Routh,Jamie Dunphy
Noah Ernst,,,,,
Doug Clove,David Linn,Timur Ender,Terrence Hayes,Loretta Smith,Jamie Dunphy
Peggy Sue Owens,,,,,
Noah Ernst,,,,,
Timur Ender,Loretta Smith,,,,
Candace Avalos,David Linn,Timur Ender,,,
Loretta Smith,Terrence Hayes,Timur Ender,Candace Avalos,Noah Ernst,Steph Routh
Steph Routh,Loretta Smith,Noah Ernst,Candace Avalos,Terrence Hayes,Timur Ender
Loretta Smith,,,,,
Jamie Dunphy,Loretta Smith,Steph Routh,Candace Avalos,Peggy Sue Owens,Deian Salazar
Steph Routh,,,,,
Candace Avalos,Loretta Smith,,,,
Candace Avalos,Steph Routh,Timur Ender,Jamie Dunphy,,
Candace Avalos,Timur Ender,Noah Ernst,Cayle Tern,Terrence Hayes,Jamie Dunphy
Jamie Dunphy,Noah Ernst,Doug Clove,Joe Furi,Timur Ender,Joe Allen
Jamie Dunphy,Terrence Hayes,Deian Salazar,Joe Allen,Candace Avalos,Timur Ender
Loretta Smith,David Linn,Steph Routh,Jamie Dunphy,Michael (Mike) Sands,
,,,,,
Timur Ender,Candace Avalos,Cayle Tern,David Linn,Steph Routh,Jamie Dunphy
Jamie Dunphy,Candace Avalos,Steph Routh,,,
Steph Routh,Michael (Mike) Sands,Jamie Dunphy,Candace Avalos,Timur Ender,Loretta Smith
Candace Avalos,Steph Routh,Timur Ender,Cayle Tern,David Linn,Jamie Dunphy
Loretta Smith,Deian Salazar,Candace Avalos,,,
Timur Ender,Candace Avalos,,,,
Loretta Smith,Terrence Hayes,Deian Salazar,Candace Avalos,,
Timur Ender,Jamie Dunphy,Terrence Hayes,Steph Routh,Doug Clove,David Linn
Steph Routh,Candace Avalos,Terrence Hayes,Loretta Smith,Timur Ender,Jamie Dunphy
Candace Avalos,Cayle Tern,Timur Ender,Jamie Dunphy,,
Noah Ernst,Steph Routh,Cayle Tern,Michael (Mike) Sands,Timur Ender,Deian Salazar
Jamie Dunphy,Timur Ender,Candace Avalos,Steph Routh,David Linn,Michael (Mike) Sands
Candace Avalos,Steph Routh,Timur Ender,Jamie Dunphy,,
Jamie Dunphy,David Linn,Candace Avalos,Noah Ernst,,
Candace Avalos,,,,,
Jamie Dunphy,Candace Avalos,Steph Routh,Noah Ernst,David Linn,Loretta Smith
Candace Avalos,,,,,
Timur Ender,Candace Avalos,David Linn,Steph Routh,Jamie Dunphy,Cayle Tern
Jamie Dunphy,Candace Avalos,Timur Ender,Steph Routh,,
Candace Avalos,Timur Ender,Steph Routh,Jamie Dunphy,,
Candace Avalos,Loretta Smith,Steph Routh,Timur Ender,Terrence Hayes,David Linn
Michael (Mike) Sands,Doug Clove,,,,
Candace Avalos,Cayle Tern,Timur Ender,,,
Deian Salazar,Doug Clove,Candace Avalos,Joe Furi,Loretta Smith,Steph Routh
Terrence Hayes,David Linn,Noah Ernst,Deian Salazar,Candace Avalos,Joe Furi
Jamie Dunphy,Peggy Sue Owens,Michael (Mike) Sands,,,
David Linn,Timur Ender,Terrence Hayes,Michael (Mike) Sands,Thomas Shervey,Candace Avalos
Loretta Smith,Candace Avalos,Steph Routh,Cayle Tern,Timur Ender,
Timur Ender,Candace Avalos,Deian Salazar,Loretta Smith,,
Loretta Smith,Timur Ender,Peggy Sue Owens,Candace Avalos,Cayle Tern,Jamie Dunphy
Candace Avalos,Loretta Smith,Terrence Hayes,,,
Candace Avalos,Loretta Smith,,,,
Steph Routh,Candace Avalos,Timur Ender,Jamie Dunphy,,
Terrence Hayes,Candace Avalos,Timur Ender,Joe Allen,Jamie Dunphy,Steph Routh
Noah Ernst,Doug Clove,Terrence Hayes,,,
Loretta Smith,Noah Ernst,Candace Avalos,Terrence Hayes,Steph Routh,Timur Ender
Jamie Dunphy,Timur Ender,Loretta Smith,Steph Routh,Terrence Hayes,Cayle Tern
Terrence Hayes,Loretta Smith,Steph Routh,,,
David Linn,Michael (Mike) Sands,Steph Routh,,,
Timur Ender,Steph Routh,Michael (Mike) Sands,Cayle Tern,Terrence Hayes,Candace Avalos
Deian Salazar,Loretta Smith,Terrence Hayes,Steph Routh,Timur Ender,David Linn
Noah Ernst,,,,,
Steph Routh,Candace Avalos,Loretta Smith,Jamie Dunphy,Timur Ender,Noah Ernst
Terrence Hayes,Steph Routh,,,,
Timur Ender,Loretta Smith,Doug Clove,Steph Routh,Candace Avalos,Joe Furi
Candace Avalos,Deian Salazar,Peggy Sue Owens,,,
Steph Routh,Candace Avalos,Jamie Dunphy,Timur Ender,,
Candace Avalos,,,,,
Loretta Smith,Deian Salazar,Steph Routh,,,
Terrence Hayes,Loretta Smith,Steph Routh,Jamie Dunphy,Candace Avalos,Peggy Sue Owens
Timur Ender,David Linn,Candace Avalos,Joe Allen,Joe Furi,Cayle Tern
Candace Avalos,Deian Salazar,Loretta Smith,,,
Peggy Sue Owens,Timur Ender,Noah Ernst,Candace Avalos,Joe Allen,Joe Furi
Noah Ernst,,,,,
Doug Clove,,,,,
Jamie Dunphy,Candace Avalos,Timur Ender,Steph Routh,,
Candace Avalos,Timur Ender,Noah Ernst,,,
Candace Avalos,Cayle Tern,Timur Ender,,,
,,,,,
Candace Avalos,Jamie Dunphy,,,,
Loretta Smith,Candace Avalos,Steph Routh,,,
,,,,,
Steph Routh,Candace Avalos,Timur Ender,Jamie Dunphy,Cayle Tern,David Linn
Terrence Hayes,Loretta Smith,Steph Routh,,,
Jamie Dunphy,Doug Clove,David Linn,Timur Ender,Terrence Hayes,Loretta Smith
Candace Avalos,Jamie Dunphy,Timur Ender,Doug Clove,Cayle Tern,Steph Routh
Doug Clove,Joe Furi,,,,
David Linn,Thomas Shervey,Doug Clove,Noah Ernst,Loretta Smith,Joe Furi
Terrence Hayes,,,,,
Timur Ender,Steph Routh,Jamie Dunphy,Candace Avalos,Terrence Hayes,David Linn
Deian Salazar,Terrence Hayes,Joe Furi,,,
Candace Avalos,Loretta Smith,Terrence Hayes,,,
Doug Clove,Noah Ernst,Steph Routh,Joe Allen,,
Peggy Sue Owens,Noah Ernst,Cayle Tern,Loretta Smith,Thomas Shervey,Joe Furi
Loretta Smith,Steph Routh,Jamie Dunphy,Thomas Shervey,David Linn,Cayle Tern
Steph Routh,Candace Avalos,Jamie Dunphy,Timur Ender,,
Jamie Dunphy,Terrence Hayes,Noah Ernst,Loretta Smith,Thomas Shervey,
Terrence Hayes,Loretta Smith,Jamie Dunphy,,,
Steph Routh,Candace Avalos,Jamie Dunphy,Joe Furi,David Linn,Cayle Tern
Jamie Dunphy,Candace Avalos,Steph Routh,Noah Ernst,Loretta Smith,Terrence Hayes
Deian Salazar,Candace Avalos,Joe Furi,Loretta Smith,Terrence Hayes,Doug Clove
Candace Avalos,Loretta Smith,Jamie Dunphy,Terrence Hayes,Deian Salazar,Cayle Tern
Doug Clove,Deian Salazar,Steph Routh,,,
Steph Routh,Terrence Hayes,,,,
Timur Ender,Loretta Smith,Candace Avalos,Joe Furi,Terrence Hayes,Steph Routh
Thomas Shervey,Steph Routh,Jamie Dunphy,,,
Loretta Smith,Candace Avalos,Steph Routh,Timur Ender,Deian Salazar,Jamie Dunphy
Jamie Dunphy,Candace Avalos,Steph Routh,Terrence Hayes,,
Cayle Tern,Candace Avalos,Loretta Smith,Jamie Dunphy,Deian Salazar,
Noah Ernst,Thomas Shervey,David Linn,Michael (Mike) Sands,Steph Routh,Terrence Hayes
David Linn,Loretta Smith,Jamie Dunphy,Doug Clove,Timur Ender,
Candace Avalos,Cayle Tern,Timur Ender,Jamie Dunphy,Steph Routh,
Candace Avalos,Terrence Hayes,Loretta Smith,Steph Routh,Thomas Shervey,Michael (Mike) Sands
Steph Routh,Doug Clove,Loretta Smith,Terrence Hayes,Peggy Sue Owens,Timur Ender
Steph Routh,Candace Avalos,Jamie Dunphy,Deian Salazar,Peggy Sue Owens,Loretta Smith
Noah Ernst,Steph Routh,Cayle Tern,Michael (Mike) Sands,Timur Ender,Deian Salazar
Jamie Dunphy,Steph Routh,Terrence Hayes,Candace Avalos,Loretta Smith,
Terrence Hayes,Loretta Smith,Candace Avalos,Deian Salazar,Noah Ernst,Steph Routh
Cayle Tern,Terrence Hayes,Timur Ender,David Linn,Candace Avalos,Jamie Dunphy
Candace Avalos,David Linn,Jamie Dunphy,Cayle Tern,Timur Ender,Steph Routh
Jamie Dunphy,Cayle Tern,Candace Avalos,Timur Ender,Deian Salazar,Terrence Hayes
Loretta Smith,Joe Allen,Doug Clove,Steph Routh,Noah Ernst,
Terrence Hayes,Candace Avalos,Jamie Dunphy,Timur Ender,,
Candace Avalos,Cayle Tern,Steph Routh,Timur Ender,Jamie Dunphy,
Timur Ender,Candace Avalos,Terrence Hayes,Steph Routh,Michael (Mike) Sands,Loretta Smith
Terrence Hayes,,,,,
Terrence Hayes,Thomas Shervey,David Linn,Michael (Mike) Sands,,
Terrence Hayes,Steph Routh,Jamie Dunphy,Candace Avalos,,
Loretta Smith,Steph Routh,Jamie Dunphy,Cayle Tern,Candace Avalos,Timur Ender
Doug Clove,Peggy Sue Owens,Noah Ernst,David Linn,Joe Allen,Jamie Dunphy
Terrence Hayes,Timur Ender,Steph Routh,David Linn,Thomas Shervey,Noah Ernst
Candace Avalos,Cayle Tern,Timur Ender,,,
Michael (Mike) Sands,David Linn,,,,
Candace Avalos,Timur Ender,Steph Routh,Jamie Dunphy,Cayle Tern,
David Linn,,,,,
,,,,,
Loretta Smith,,,,,
Candace Avalos,Jamie Dunphy,Cayle Tern,,,
Timur Ender,Jamie Dunphy,Steph Routh,,,
Steph Routh,Noah Ernst,Doug Clove,Joe Furi,Deian Salazar,
Candace Avalos,Steph Routh,Jamie Dunphy,Loretta Smith,Terrence Hayes,Cayle Tern
David Linn,Cayle Tern,Doug Clove,Candace Avalos,Noah Ernst,Deian Salazar
Candace Avalos,Terrence Hayes,Timur Ender,Doug Clove,,
Candace Avalos,Timur Ender,Steph Routh,Cayle Tern,David Linn,
Steph Routh,Timur Ender,Jamie Dunphy,Loretta Smith,Terrence Hayes,Michael (Mike) Sands
Michael (Mike) Sands,Thomas Shervey,Noah Ernst,Terrence Hayes,Doug Clove,Joe Allen
Candace Avalos,Noah Ernst,Timur Ender,Cayle Tern,Loretta Smith,Steph Routh
David Linn,Peggy Sue Owens,Doug Clove,Terrence Hayes,Jamie Dunphy,Steph Routh
Loretta Smith,Steph Routh,Candace Avalos,Timur Ender,Terrence Hayes,Jamie Dunphy
Steph Routh,Candace Avalos,Timur Ender,Cayle Tern,Jamie Dunphy,
,,,,,
Noah Ernst,,,,,
Steph Routh,,,,,
Doug Clove,Noah Ernst,Loretta Smith,,,
Noah Ernst,Jamie Dunphy,Loretta Smith,Steph Routh,Candace Avalos,Terrence Hayes
Candace Avalos,Terrence Hayes,Thomas Shervey,Loretta Smith,Steph Routh,Doug Clove
Loretta Smith,Steph Routh,Michael (Mike) Sands,Terrence Hayes,Noah Ernst,Peggy Sue Owens
Terrence Hayes,Loretta Smith,Timur Ender,Candace Avalos,Joe Furi,
Loretta Smith,Doug Clove,Terrence Hayes,,,
Jamie Dunphy,,,,,
Noah Ernst,Jamie Dunphy,Candace Avalos,Steph Routh,,
Candace Avalos,Timur Ender,Steph Routh,Jamie Dunphy,Cayle Tern,David Linn
Jamie Dunphy,Candace Avalos,Steph Routh,Noah Ernst,David Linn,Loretta Smith
Noah Ernst,Cayle Tern,Michael (Mike) Sands,Terrence Hayes,Candace Avalos,Deian Salazar
Candace Avalos,Steph Routh,Timur Ender,Loretta Smith,Terrence Hayes,Jamie Dunphy
Steph Routh,Timur Ender,Candace Avalos,,,
Peggy Sue Owens,Candace Avalos,Timur Ender,Cayle Tern,Joe Furi,Deian Salazar
Jamie Dunphy,Candace Avalos,Steph Routh,,,
Candace Avalos,Timur Ender,Steph Routh,,,
Timur Ender,Terrence Hayes,Noah Ernst,,,
Timur Ender,Loretta Smith,Candace Avalos,Steph Routh,Michael (Mike) Sands,David Linn
Steph Routh,Candace Avalos,Timur Ender,Jamie Dunphy,,
David Linn,Deian Salazar,Thomas Shervey,Joe Allen,Jamie Dunphy,Joe Furi
Candace Avalos,Timur Ender,Cayle Tern,Jamie Dunphy,,
Loretta Smith,Doug Clove,,,,
Noah Ernst,,,,,
Candace Avalos,Timur Ender,Loretta Smith,Steph Routh,Terrence Hayes,Michael (Mike) Sands
Terrence Hayes,,,,,
Loretta Smith,Candace Avalos,Terrence Hayes,Deian Salazar,Timur Ender,Cayle Tern
Noah Ernst,Candace Avalos,Timur Ender,,,
Loretta Smith,Peggy Sue Owens,,,,
Steph Routh,Jamie Dunphy,Peggy Sue Owens,Doug Clove,Joe Furi,Joe Allen
Terrence Hayes,Noah Ernst,Steph Routh,,,
Candace Avalos,Steph Routh,Joe Furi,Timur Ender,,
Jamie Dunphy,Steph Routh,Timur Ender,Candace Avalos,,
Timur Ender,David Linn,,,,
Timur Ender,Joe Allen,Doug Clove,Noah Ernst,David Linn,Joe Furi
Loretta Smith,Candace Avalos,Jamie Dunphy,Peggy Sue Owens,Cayle Tern,Michael (Mike) Sands
Loretta Smith,David Linn,Cayle Tern,Joe Allen,Timur Ender,Noah Ernst
Jamie Dunphy,,,,,
Candace Avalos,Cayle Tern,Timur Ender,,,
Joe Furi,Thomas Shervey,Jamie Dunphy,Timur Ender,Joe Allen,Cayle Tern
Doug Clove,Joe Furi,Deian Salazar,Loretta Smith,Thomas Shervey,Terrence Hayes
Steph Routh,Candace Avalos,Timur Ender,Cayle Tern,Jamie Dunphy,David Linn
Terrence Hayes,Noah Ernst,Doug Clove,,,
Terrence Hayes,Cayle Tern,Candace Avalos,Timur Ender,Steph Routh,Jamie Dunphy
David Linn,,,,,
Candace Avalos,Steph Routh,Cayle Tern,Timur Ender,,
,,,,,
Peggy Sue Owens,,,,,
Loretta Smith,Steph Routh,Jamie Dunphy,David Linn,Candace Avalos,Deian Salazar
Candace Avalos,Steph Routh,Cayle Tern,David Linn,Loretta Smith,Terrence Hayes
Steph Routh,Candace Avalos,Timur Ender,Jamie Dunphy,Loretta Smith,Noah Ernst
Candace Avalos,Steph Routh,Timur Ender,Jamie Dunphy,Loretta Smith,
Terrence Hayes,Steph Routh,Jamie Dunphy,,,
David Linn,Loretta Smith,Terrence Hayes,Timur Ender,Candace Avalos,Jamie Dunphy
Peggy Sue Owens,,,,,
Noah Ernst,Loretta Smith,,,,
Candace Avalos,Cayle Tern,Timur Ender,,,
Candace Avalos,Terrence Hayes,Steph Routh,,,
Noah Ernst,,,,,
Noah Ernst,Terrence Hayes,,,,
Candace Avalos,Cayle Tern,Timur Ender,Jamie Dunphy,Steph Routh,Loretta Smith
Timur Ender,Candace Avalos,Cayle Tern,,,
Candace Avalos,Terrence Hayes,,,,
Loretta Smith,Terrence Hayes,Steph Routh,Candace Avalos,Jamie Dunphy,
Loretta Smith,Jamie Dunphy,Candace Avalos,,,
Timur Ender,Noah Ernst,Candace Avalos,Doug Clove,Loretta Smith,
Noah Ernst,Terrence Hayes,,,,
Candace Avalos,,,,,
Timur Ender,Candace Avalos,Jamie Dunphy,Steph Routh,Cayle Tern,Noah Ernst
Michael (Mike) Sands,Loretta Smith,Doug Clove,Steph Routh,Jamie Dunphy,Terrence Hayes
Timur Ender,,,,,
Candace Avalos,Terrence Hayes,Steph Routh,Loretta Smith,Jamie Dunphy,David Linn
Joe Furi,Candace Avalos,Loretta Smith,Peggy Sue Owens,Steph Routh,Jamie Dunphy
Jamie Dunphy,Timur Ender,Steph Routh,Candace Avalos,Cayle Tern,Thomas Shervey
Candace Avalos,Steph Routh,Timur Ender,Jamie Dunphy,Loretta Smith,
Jamie Dunphy,Steph Routh,David Linn,Timur Ender,,
Candace Avalos,Steph Routh,Timur Ender,Jamie Dunphy,,
,,,,,
Timur Ender,Noah Ernst,Loretta Smith,Steph Routh,,
Loretta Smith,Terrence Hayes,Candace Avalos,Noah Ernst,,
Jamie Dunphy,Candace Avalos,Steph Routh,,,
Steph Routh,,,,,
Steph Routh,Candace Avalos,David Linn,,,
Jamie Dunphy,Steph Routh,Terrence Hayes,Cayle Tern,,
Peggy Sue Owens,David Linn,Michael (Mike) Sands,Noah Ernst,Timur Ender,Loretta Smith
Steph Routh,Loretta Smith,David Linn,Cayle Tern,,
Noah Ernst,Terrence Hayes,Doug Clove,Steph Routh,,
Timur Ender,Terrence Hayes,Loretta Smith,Candace Avalos,Cayle Tern,Deian Salazar
Steph Routh,,,,,
Joe Furi,Noah Ernst,,,,
Candace Avalos,Timur Ender,Terrence Hayes,Thomas Shervey,Steph Routh,Cayle Tern
Jamie Dunphy,Steph Routh,Candace Avalos,Loretta Smith,Terrence Hayes,
Doug Clove,Michael (Mike) Sands,Loretta Smith,Steph Routh,,
Steph Routh,Loretta Smith,Noah Ernst,,,
Steph Routh,Michael (Mike) Sands,David Linn,,,
Peggy Sue Owens,,,,,
Noah Ernst,Doug Clove,,,,
Michael (Mike) Sands,Candace Avalos,,,,
Noah Ernst,,,,,
Noah Ernst,Doug Clove,,,,
Joe Allen,Timur Ender,Doug Clove,Joe Furi,Deian Salazar,Jamie Dunphy
Candace Avalos,,,,,
Loretta Smith,,,,,
Cayle Tern,Doug Clove,Noah Ernst,Michael (Mike) Sands,Deian Salazar,Joe Allen
Cayle Tern,Candace Avalos,Timur Ender,Noah Ernst,Joe Allen,Steph Routh
Candace Avalos,Jamie Dunphy,Steph Routh,,,
Deian Salazar,Steph Routh,,,,
Peggy Sue Owens,Loretta Smith,,,,
Jamie Dunphy,Peggy Sue Owens,Timur Ender,,,
Candace Avalos,Timur Ender,Cayle Tern,Joe Allen,Terrence Hayes,Steph Routh
Jamie Dunphy,Steph Routh,Timur Ender,Candace Avalos,Noah Ernst,Loretta Smith
Doug Clove,Noah Ernst,Loretta Smith,Deian Salazar,,
Terrence Hayes,Jamie Dunphy,Steph Routh,,,
Terrence Hayes,Noah Ernst,Loretta Smith,,,
David Linn,Cayle Tern,Jamie Dunphy,Loretta Smith,Candace Avalos,
Jamie Dunphy,Candace Avalos,Steph Routh,Noah Ernst,,
Peggy Sue Owens,Loretta Smith,Candace Avalos,Steph Routh,Noah Ernst,Timur Ender
Doug Clove,Jamie Dunphy,David Linn,,,
Candace Avalos,Jamie Dunphy,Steph Routh,,,
Steph Routh,Jamie Dunphy,Timur Ender,Candace Avalos,,
Doug Clove,,,,,
Candace Avalos,Timur Ender,Steph Routh,Jamie Dunphy,Cayle Tern,David Linn
Candace Avalos,Loretta Smith,Timur Ender,Jamie Dunphy,Joe Allen,Steph Routh
Steph Routh,Candace Avalos,Joe Allen,Timur Ender,Cayle Tern,David Linn
Timur Ender,Candace Avalos,Steph Routh,,,
Noah Ernst,Jamie Dunphy,Steph Routh,,,
Jamie Dunphy,Candace Avalos,Steph Routh,Timur Ender,David Linn,Loretta Smith
Jamie Dunphy,Steph Routh,,,,
Candace Avalos,Timur Ender,Steph Routh,Jamie Dunphy,Terrence Hayes,
Candace Avalos,Jamie Dunphy,Timur Ender,Steph Routh,Michael (Mike) Sands,Cayle Tern
Terrence Hayes,Jamie Dunphy,Noah Ernst,,,
Jamie Dunphy,Timur Ender,Noah Ernst,,,
Timur Ender,Cayle Tern,Loretta Smith,Doug Clove,Thomas Shervey,Jamie Dunphy
Steph Routh,Jamie Dunphy,Doug Clove,Candace Avalos,Timur Ender,Joe Allen
Peggy Sue Owens,Timur Ender,Candace Avalos,Doug Clove,,
Loretta Smith,Terrence Hayes,Timur Ender,Steph Routh,,
Michael (Mike) Sands,Loretta Smith,Noah Ernst,Candace Avalos,Joe Allen,
Steph Routh,Terrence Hayes,Thomas Shervey,Loretta Smith,Deian Salazar,Michael (Mike) Sands
Noah Ernst,Timur Ender,Joe Furi,,,
David Linn,Noah Ernst,Steph Routh,Peggy Sue Owens,Joe Furi,Loretta Smith
Candace Avalos,Steph Routh,Jamie Dunphy,Loretta Smith,Terrence Hayes,Cayle Tern
Noah Ernst,Doug Clove,Jamie Dunphy,Terrence Hayes,,
Timur Ender,Candace Avalos,Joe Furi,Deian Salazar,Michael (Mike) Sands,Steph Routh
Candace Avalos,Timur Ender,Steph Routh,Cayle Tern,Jamie Dunphy,Noah Ernst
Jamie Dunphy,Candace Avalos,,,,
Terrence Hayes,,,,,
Candace Avalos,David Linn,Michael (Mike) Sands,Steph Routh,Loretta Smith,Terrence Hayes
Jamie Dunphy,Steph Routh,Terrence Hayes,Doug Clove,Joe Furi,Thomas Shervey
Peggy Sue Owens,,,,,
Candace Avalos,,,,,
Timur Ender,,,,,
Candace Avalos,Loretta Smith,Steph Routh,Terrence Hayes,Jamie Dunphy,
Cayle Tern,Michael (Mike) Sands,Timur Ender,Joe Allen,David Linn,Candace Avalos
Loretta Smith,,,,,
Candace Avalos,,,,,
Michael (Mike) Sands,,,,,
Peggy Sue Owens,Jamie Dunphy,Michael (Mike) Sands,Candace Avalos,Loretta Smith,Doug Clove
Noah Ernst,Loretta Smith,Candace Avalos,,,
Steph Routh,Terrence Hayes,,,,
Candace Avalos,Steph Routh,Timur Ender,Jamie Dunphy,Cayle Tern,David Linn
,,,,,
Jamie Dunphy,Candace Avalos,Terrence Hayes,Loretta Smith,Steph Routh,David Linn
Steph Routh,Candace Avalos,Timur Ender,Terrence Hayes,,
,,,,,
Jamie Dunphy,Candace Avalos,Steph Routh,Noah Ernst,David Linn,Loretta Smith
Joe Allen,Deian Salazar,Loretta Smith,Terrence Hayes,Steph Routh,Jamie Dunphy
Steph Routh,Cayle Tern,Candace Avalos,David Linn,Timur Ender,
Jamie Dunphy,Steph Routh,Noah Ernst,Loretta Smith,,
Noah Ernst,Michael (Mike) Sands,David Linn,Loretta Smith,Terrence Hayes,
Timur Ender,Candace Avalos,Michael (Mike) Sands,Thomas Shervey,Terrence Hayes,Steph Routh
Timur Ender,Candace Avalos,Jamie Dunphy,David Linn,Loretta Smith,
Timur Ender,,,,,
,,,,,
Loretta Smith,,,,,
Jamie Dunphy,Candace Avalos,Cayle Tern,Joe Allen,Thomas Shervey,Steph Routh
Terrence Hayes,David Linn,Doug Clove,,,
Candace Avalos,Jamie Dunphy,Cayle Tern,David Linn,Steph Routh,Loretta Smith
Timur Ender,Jamie Dunphy,Candace Avalos,Steph Routh,Cayle Tern,David Linn
Terrence Hayes,Noah Ernst,Joe Furi,Loretta Smith,Doug Clove,Write-in-120
Candace Avalos,Jamie Dunphy,Steph Routh,Timur Ender,,
Jamie Dunphy,Steph Routh,Timur Ender,Candace Avalos,Loretta Smith,David Linn
Steph Routh,Deian Salazar,,,,
Doug Clove,Jamie Dunphy,Steph Routh,Terrence Hayes,David Linn,Thomas Shervey
Terrence Hayes,,,,,
Steph Routh,Terrence Hayes,Jamie Dunphy,Thomas Shervey,Loretta Smith,Michael (Mike) Sands
Terrence Hayes,Noah Ernst,Joe Furi,Loretta Smith,Doug Clove,Write-in-120
Jamie Dunphy,Candace Avalos,Steph Routh,Noah Ernst,David Linn,
Loretta Smith,Terrence Hayes,Candace Avalos,Steph Routh,,
Terrence Hayes,Candace Avalos,Timur Ender,Noah Ernst,,
Loretta Smith,,,,,
Michael (Mike) Sands,,,,,
Joe Allen,,,,,
Cayle Tern,Terrence Hayes,Candace Avalos,Timur Ender,David Linn,Steph Routh
David Linn,Jamie Dunphy,Terrence Hayes,,,
Candace Avalos,Cayle Tern,Doug Clove,Loretta Smith,Terrence Hayes,Jamie Dunphy
Steph Routh,Candace Avalos,Jamie Dunphy,Noah Ernst,David Linn,
Jamie Dunphy,Steph Routh,Timur Ender,Candace Avalos,,
Candace Avalos,Steph Routh,Terrence Hayes,Timur Ender,Jamie Dunphy,
Jamie Dunphy,Candace Avalos,Steph Routh,,,
Doug Clove,,,,,
Timur Ender,Loretta Smith,,,,
Noah Ernst,,,,,
Timur Ender,Doug Clove,Michael (Mike) Sands,Loretta Smith,Thomas Shervey,
Steph Routh,Jamie Dunphy,Terrence Hayes,Loretta Smith,Candace Avalos,Cayle Tern
Timur Ender,Jamie Dunphy,Steph Routh,Terrence Hayes,,
Steph Routh,Candace Avalos,Loretta Smith,Cayle Tern,Jamie Dunphy,Timur Ender
Loretta Smith,Terrence Hayes,Cayle Tern,David Linn,Timur Ender,Candace Avalos
Noah Ernst,Doug Clove,Joe Furi,,,
Timur Ender,Doug Clove,Loretta Smith,Peggy Sue Owens,Noah Ernst,Candace Avalos
Deian Salazar,David Linn,Noah Ernst,Timur Ender,Steph Routh,Jamie Dunphy
Loretta Smith,Candace Avalos,Terrence Hayes,Michael (Mike) Sands,,
Jamie Dunphy,Terrence Hayes,,,,
Noah Ernst,Terrence Hayes,Doug Clove,Jamie Dunphy,Candace Avalos,Deian Salazar
Candace Avalos,,,,,
Noah Ernst,Doug Clove,Thomas Shervey,Joe Allen,Terrence Hayes,Joe Furi
Michael (Mike) Sands,Loretta Smith,Steph Routh,,,
Terrence Hayes,Deian Salazar,Loretta Smith,David Linn,Peggy Sue Owens,Noah Ernst
Loretta Smith,Steph Routh,Timur Ender,,,
,,,,,
Steph Routh,Jamie Dunphy,Candace Avalos,David Linn,,
Loretta Smith,,,,,
Candace Avalos,Timur Ender,Steph Routh,Jamie Dunphy,Cayle Tern,David Linn
Candace Avalos,David Linn,Loretta Smith,Steph Routh,Jamie Dunphy,Cayle Tern
Deian Salazar,,,,,
Terrence Hayes,Thomas Shervey,Joe Allen,Doug Clove,Joe Furi,Michael (Mike) Sands
Terrence Hayes,Loretta Smith,Candace Avalos,Timur Ender,,
Candace Avalos,Steph Routh,Noah Ernst,Timur Ender,Cayle Tern,Terrence Hayes
Loretta Smith,Thomas Shervey,,,,
Terrence Hayes,Noah Ernst,Loretta Smith,,,
Steph Routh,Loretta Smith,Jamie Dunphy,Candace Avalos,,
Candace Avalos,Timur Ender,Cayle Tern,Jamie Dunphy,Steph Routh,David Linn
Candace Avalos,Jamie Dunphy,Timur Ender,David Linn,Thomas Shervey,Terrence Hayes
Steph Routh,Jamie Dunphy,Candace Avalos,Noah Ernst,Terrence Hayes,Loretta Smith
Candace Avalos,Steph Routh,Timur Ender,Jamie Dunphy,Terrence Hayes,
Timur Ender,Steph Routh,Terrence Hayes,Noah Ernst,Jamie Dunphy,Candace Avalos
Timur Ender,,,,,
Terrence Hayes,Jamie Dunphy,Timur Ender,Thomas Shervey,Noah Ernst,Steph Routh
Candace Avalos,Timur Ender,Steph Routh,,,
Noah Ernst,Terrence Hayes,Loretta Smith,,,
Candace Avalos,Steph Routh,Timur Ender,Jamie Dunphy,David Linn,Cayle Tern
Jamie Dunphy,Thomas Shervey,Joe Allen,Noah Ernst,Doug Clove,Joe Furi
Noah Ernst,Terrence Hayes,,,,
Timur Ender,Candace Avalos,Cayle Tern,Jamie Dunphy,Steph Routh,David Linn
Steph Routh,Jamie Dunphy,Timur Ender,Michael (Mike) Sands,Doug Clove,Cayle Tern
Doug Clove,David Linn,Timur Ender,Michael (Mike) Sands,Deian Salazar,Terrence Hayes
Candace Avalos,Timur Ender,Steph Routh,Jamie Dunphy,Cayle Tern,David Linn
Candace Avalos,Loretta Smith,Timur Ender,Steph Routh,Jamie Dunphy,Cayle Tern
Noah Ernst,,,,,
Loretta Smith,Terrence Hayes,Joe Allen,Jamie Dunphy,David Linn,Peggy Sue Owens
Noah Ernst,Terrence Hayes,,,,
Peggy Sue Owens,Candace Avalos,Noah Ernst,Timur Ender,Deian Salazar,Terrence Hayes
Candace Avalos,Jamie Dunphy,Steph Routh,,,
Noah Ernst,Joe Allen,Thomas Shervey,Michael (Mike) Sands,Deian Salazar,Candace Avalos
Joe Allen,Loretta Smith,Doug Clove,Noah Ernst,,
David Linn,Noah Ernst,Thomas Shervey,Doug Clove,Jamie Dunphy,Michael (Mike) Sands
Michael (Mike) Sands,Doug Clove,Peggy Sue Owens,Joe Allen,Steph Routh,Jamie Dunphy
Loretta Smith,David Linn,Timur Ender,Steph Routh,Michael (Mike) Sands,
Doug Clove,Terrence Hayes,,,,
David Linn,,,,,
Loretta Smith,Steph Routh,Jamie Dunphy,Timur Ender,Candace Avalos,
Noah Ernst,Terrence Hayes,Loretta Smith,,,
Steph Routh,Candace Avalos,Cayle Tern,Terrence Hayes,Loretta Smith,Jamie Dunphy
Steph Routh,Candace Avalos,Timur Ender,Cayle Tern,Jamie Dunphy,David Linn
Noah Ernst,,,,,
Timur Ender,Terrence Hayes,,,,
Michael (Mike) Sands,Peggy Sue Owens,Noah Ernst,Thomas Shervey,Terrence Hayes,Joe Allen
Loretta Smith,Terrence Hayes,Timur Ender,Steph Routh,Candace Avalos,Jamie Dunphy
Candace Avalos,Timur Ender,Steph Routh,Jamie Dunphy,,
Terrence Hayes,,,,,
Candace Avalos,Deian Salazar,Loretta Smith,Steph Routh,Cayle Tern,
Noah Ernst,Terrence Hayes,Loretta Smith,Doug Clove,Michael (Mike) Sands,Thomas Shervey
Jamie Dunphy,Steph Routh,Candace Avalos,Timur Ender,Loretta Smith,Doug Clove
Steph Routh,Candace Avalos,Timur Ender,,,
Loretta Smith,Doug Clove,Noah Ernst,Candace Avalos,,
Jamie Dunphy,Candace Avalos,Steph Routh,Noah Ernst,David Linn,Loretta Smith
Steph Routh,Candace Avalos,Cayle Tern,,,
Loretta Smith,Candace Avalos,Noah Ernst,Doug Clove,Joe Furi,Jamie Dunphy
Candace Avalos,,,,,
Noah Ernst,,,,,
Timur Ender,Jamie Dunphy,Candace Avalos,,,
Peggy Sue Owens,Timur Ender,Noah Ernst,Candace Avalos,Joe Allen,David Linn
Loretta Smith,Steph Routh,Candace Avalos,Peggy Sue Owens,Noah Ernst,Joe Allen
Timur Ender,Candace Avalos,Steph Routh,Jamie Dunphy,Joe Furi,
Terrence Hayes,,,,,
Timur Ender,Candace Avalos,Steph Routh,Jamie Dunphy,Michael (Mike) Sands,
Loretta Smith,,,,,
Candace Avalos,Steph Routh,Doug Clove,Timur Ender,,
Candace Avalos,Michael (Mike) Sands,Timur Ender,Doug Clove,Steph Routh,
Candace Avalos,Cayle Tern,Steph Routh,,,
Noah Ernst,Doug Clove,Joe Allen,Cayle Tern,Deian Salazar,Terrence Hayes
Jamie Dunphy,Candace Avalos,Noah Ernst,Joe Allen,Loretta Smith,
Loretta Smith,Deian Salazar,Cayle Tern,David Linn,Jamie Dunphy,
Thomas Shervey,Noah Ernst,Jamie Dunphy,,,
Loretta Smith,Terrence Hayes,Steph Routh,Jamie Dunphy,Joe Allen,
Timur Ender,Steph Routh,Jamie Dunphy,Candace Avalos,Cayle Tern,
Terrence Hayes,Noah Ernst,Candace Avalos,Loretta Smith,Steph Routh,Peggy Sue Owens
Michael (Mike) Sands,Loretta Smith,,,,
Steph Routh,Noah Ernst,Jamie Dunphy,Terrence Hayes,David Linn,
Joe Allen,Timur Ender,,,,
Steph Routh,Terrence Hayes,Doug Clove,,,
Joe Allen,Joe Furi,Thomas Shervey,Deian Salazar,Jamie Dunphy,Cayle Tern
Deian Salazar,Jamie Dunphy,Joe Furi,Joe Allen,,
Cayle Tern,,,,,
Jamie Dunphy,Steph Routh,Candace Avalos,,,
Steph Routh,Doug Clove,Jamie Dunphy,David Linn,Timur Ender,Loretta Smith
Candace Avalos,Steph Routh,Cayle Tern,Jamie Dunphy,Timur Ender,Loretta Smith
Loretta Smith,,,,,
Joe Allen,Cayle Tern,Steph Routh,Candace Avalos,Doug Clove,Deian Salazar
Loretta Smith,,,,,
Noah Ernst,Doug Clove,David Linn,Terrence Hayes,Steph Routh,Candace Avalos
Candace Avalos,Timur Ender,Steph Routh,Terrence Hayes,Jamie Dunphy,
Timur Ender,Steph Routh,,,,
Candace Avalos,Steph Routh,Timur Ender,Jamie Dunphy,Thomas Shervey,Loretta Smith
Candace Avalos,Loretta Smith,Steph Routh,Jamie Dunphy,Timur Ender,
Steph Routh,Jamie Dunphy,Terrence Hayes,Candace Avalos,Thomas Shervey,David Linn
Jamie Dunphy,Thomas Shervey,Steph Routh,Candace Avalos,Cayle Tern,David Linn
Loretta Smith,Deian Salazar,Candace Avalos,Terrence Hayes,Noah Ernst,
Timur Ender,Jamie Dunphy,Candace Avalos,Loretta Smith,David Linn,Steph Routh
Loretta Smith,Joe Allen,Doug Clove,David Linn,Cayle Tern,Terrence Hayes
Jamie Dunphy,Steph Routh,Candace Avalos,Cayle Tern,,
Noah Ernst,Terrence Hayes,Joe Furi,Loretta Smith,Doug Clove,
Noah Ernst,Terrence Hayes,Timur Ender,,,
Steph Routh,David Linn,Loretta Smith,Timur Ender,Candace Avalos,Cayle Tern
Candace Avalos,Timur Ender,Steph Routh,Jamie Dunphy,,
Doug Clove,Michael (Mike) Sands,Candace Avalos,Deian Salazar,Joe Furi,Steph Routh
Candace Avalos,Joe Furi,Loretta Smith,Terrence Hayes,,
Terrence Hayes,Loretta Smith,Steph Routh,Michael (Mike) Sands,Joe Furi,David Linn
Doug Clove,Noah Ernst,Timur Ender,Deian Salazar,Loretta Smith,
Loretta Smith,,,,,
Loretta Smith,Candace Avalos,Cayle Tern,Peggy Sue Owens,Steph Routh,Jamie Dunphy
Steph Routh,Candace Avalos,Jamie Dunphy,Timur Ender,Loretta Smith,Terrence Hayes
Terrence Hayes,Loretta Smith,Jamie Dunphy,,,
Peggy Sue Owens,Doug Clove,Jamie Dunphy,Deian Salazar,,
Loretta Smith,Candace Avalos,Timur Ender,Steph Routh,David Linn,Michael (Mike) Sands
Loretta Smith,Jamie Dunphy,Steph Routh,Candace Avalos,Cayle Tern,David Linn
Candace Avalos,Steph Routh,Terrence Hayes,,,
Jamie Dunphy,,,,,
Timur Ender,Candace Avalos,Loretta Smith,,,
Noah Ernst,Doug Clove,Deian Salazar,Terrence Hayes,Loretta Smith,Timur Ender
Loretta Smith,,,,,
Steph Routh,Timur Ender,Candace Avalos,David Linn,Terrence Hayes,Jamie Dunphy
Doug Clove,Noah Ernst,Terrence Hayes,,,
Steph Routh,Candace Avalos,Cayle Tern,Jamie Dunphy,,
Candace Avalos,Cayle Tern,Loretta Smith,Terrence Hayes,Deian Salazar,
Deian Salazar,Terrence Hayes,Steph Routh,Cayle Tern,Michael (Mike) Sands,David Linn
Loretta Smith,Jamie Dunphy,Peggy Sue Owens,Joe Allen,Cayle Tern,Michael (Mike) Sands
Thomas Shervey,Timur Ender,Michael (Mike) Sands,,,
Jamie Dunphy,Steph Routh,David Linn,Timur Ender,Loretta Smith,Candace Avalos
Jamie Dunphy,Steph Routh,Candace Avalos,Noah Ernst,David Linn,Loretta Smith
Timur Ender,Candace Avalos,Jamie Dunphy,Steph Routh,Joe Furi,
Terrence Hayes,Cayle Tern,Candace Avalos,,,
Terrence Hayes,Noah Ernst,Deian Salazar,,,
Steph Routh,Terrence Hayes,Noah Ernst,Timur Ender,Jamie Dunphy,Joe Furi
Noah Ernst,Candace Avalos,Peggy Sue Owens,,,
Jamie Dunphy,Noah Ernst,Steph Routh,Thomas Shervey,Cayle Tern,
Steph Routh,Jamie Dunphy,Candace Avalos,David Linn,Thomas Shervey,Terrence Hayes
Steph Routh,Candace Avalos,Timur Ender,,,
Noah Ernst,Peggy Sue Owens,Joe Allen,David Linn,Joe Furi,Loretta Smith
Terrence Hayes,Jamie Dunphy,Loretta Smith,,,
Candace Avalos,Steph Routh,Timur Ender,Jamie Dunphy,,
Noah Ernst,Doug Clove,Joe Furi,Steph Routh,Terrence Hayes,Loretta Smith
Jamie Dunphy,Steph Routh,Candace Avalos,,,
Jamie Dunphy,Steph Routh,Candace Avalos,,,
Timur Ender,,,,,
Steph Routh,Candace Avalos,Deian Salazar,Terrence Hayes,,
Timur Ender,Terrence Hayes,Steph Routh,Michael (Mike) Sands,Loretta Smith,Jamie Dunphy
Loretta Smith,,,,,
Loretta Smith,Steph Routh,Terrence Hayes,,,
Thomas Shervey,Peggy Sue Owens,David Linn,Candace Avalos,Jamie Dunphy,Doug Clove
Steph Routh,Michael (Mike) Sands,Timur Ender,,,
Candace Avalos,Steph Routh,Timur Ender,Cayle Tern,Terrence Hayes,Jamie Dunphy
Candace Avalos,Timur Ender,Jamie Dunphy,Cayle Tern,,
Timur Ender,Candace Avalos,Steph Routh,Jamie Dunphy,,
Terrence Hayes,Noah Ernst,Jamie Dunphy,Loretta Smith,,
Candace Avalos,David Linn,Cayle Tern,Loretta Smith,Steph Routh,Jamie Dunphy
Noah Ernst,Terrence Hayes,Loretta Smith,Michael (Mike) Sands,Thomas Shervey,Deian Salazar
Write-in-122,Write-in-121,Write-in-120,,,
Loretta Smith,Noah Ernst,David Linn,Steph Routh,,
Noah Ernst,Thomas Shervey,Jamie Dunphy,Deian Salazar,Doug Clove,Cayle Tern
Timur Ender,Candace Avalos,Doug Clove,Loretta Smith,Jamie Dunphy,Terrence Hayes
Jamie Dunphy,Steph Routh,Noah Ernst,,,
Thomas Shervey,Jamie Dunphy,Timur Ender,Noah Ernst,Michael (Mike) Sands,Deian Salazar
Timur Ender,Jamie Dunphy,Steph Routh,Candace Avalos,,
Jamie Dunphy,Timur Ender,Steph Routh,Terrence Hayes,Michael (Mike) Sands,Noah Ernst
Jamie Dunphy,Candace Avalos,Loretta Smith,Noah Ernst,Timur Ender,David Linn
Candace Avalos,Jamie Dunphy,Terrence Hayes,Cayle Tern,Timur Ender,Michael (Mike) Sands
Jamie Dunphy,,,,,
Candace Avalos,Steph Routh,Jamie Dunphy,Timur Ender,,
Timur Ender,Noah Ernst,Peggy Sue Owens,Joe Allen,Doug Clove,David Linn
Loretta Smith,,,,,
Noah Ernst,Candace Avalos,,,,
Terrence Hayes,Jamie Dunphy,Loretta Smith,,,
Candace Avalos,Terrence Hayes,Steph Routh,,,
Loretta Smith,Joe Furi,Joe Allen,Peggy Sue Owens,Doug Clove,Jamie Dunphy
Loretta Smith,,,,,
Deian Salazar,Candace Avalos,,,,
Michael (Mike) Sands,Noah Ernst,David Linn,,,
Terrence Hayes,Noah Ernst,Joe Allen,Loretta Smith,,
Loretta Smith,Candace Avalos,Terrence Hayes,Joe Allen,Cayle Tern,Jamie Dunphy
Terrence Hayes,,,,,
Steph Routh,Terrence Hayes,Cayle Tern,Candace Avalos,Timur Ender,
Loretta Smith,Terrence Hayes,,,,
Steph Routh,Loretta Smith,Timur Ender,Jamie Dunphy,Candace Avalos,
Noah Ernst,Doug Clove,,,,
Candace Avalos,Steph Routh,Michael (Mike) Sands,,,
Loretta Smith,Steph Routh,Terrence Hayes,Candace Avalos,Timur Ender,Doug Clove
Jamie Dunphy,Candace Avalos,Steph Routh,Loretta Smith,,
David Linn,,,,,
Loretta Smith,Terrence Hayes,Deian Salazar,David Linn,Candace Avalos,Thomas Shervey
Jamie Dunphy,Loretta Smith,Terrence Hayes,Timur Ender,Joe Allen,Michael (Mike) Sands
Joe Allen,,,,,
Terrence Hayes,,,,,
Noah Ernst,,,,,
Candace Avalos,Jamie Dunphy,Timur Ender,Steph Routh,,
Deian Salazar,Loretta Smith,Peggy Sue Owens,Jamie Dunphy,Michael (Mike) Sands,Doug Clove
Steph Routh,Jamie Dunphy,Cayle Tern,Loretta Smith,David Linn,Candace Avalos
Candace Avalos,Cayle Tern,Timur Ender,,,
Steph Routh,Candace Avalos,Timur Ender,Jamie Dunphy,David Linn,
Candace Avalos,Timur Ender,Steph Routh,Jamie Dunphy,Terrence Hayes,Cayle Tern
Loretta Smith,Doug Clove,Jamie Dunphy,Timur Ender,Steph Routh,Deian Salazar
Noah Ernst,Doug Clove,Deian Salazar,,,
Doug Clove,Candace Avalos,Terrence Hayes,Timur Ender,Deian Salazar,Loretta Smith
Cayle Tern,Timur Ender,,,,
Loretta Smith,,,,,
Candace Avalos,Loretta Smith,Steph Routh,Cayle Tern,Peggy Sue Owens,Terrence Hayes
Doug Clove,,,,,
Steph Routh,Candace Avalos,Noah Ernst,Terrence Hayes,Deian Salazar,Jamie Dunphy
Noah Ernst,,,,,
Steph Routh,Loretta Smith,,,,
Steph Routh,Timur Ender,Joe Allen,Terrence Hayes,Cayle Tern,Candace Avalos
Steph Routh,Candace Avalos,Timur Ender,,,
Terrence Hayes,Jamie Dunphy,Steph Routh,Timur Ender,Cayle Tern,Noah Ernst
Candace Avalos,Timur Ender,Steph Routh,Jamie Dunphy,Cayle Tern,David Linn
Doug Clove,Deian Salazar,Steph Routh,David Linn,Candace Avalos,Noah Ernst
Deian Salazar,Doug Clove,Noah Ernst,Joe Furi,,
Doug Clove,,,,,
Jamie Dunphy,Steph Routh,Candace Avalos,Timur Ender,Thomas Shervey,Joe Allen
Terrence Hayes,Noah Ernst,Loretta Smith,,,
Steph Routh,Candace Avalos,Jamie Dunphy,,,
Loretta Smith,Candace Avalos,Cayle Tern,Terrence Hayes,Timur Ender,David Linn
Terrence Hayes,Noah Ernst,Joe Furi,Loretta Smith,Doug Clove,
Candace Avalos,Timur Ender,Deian Salazar,Terrence Hayes,Michael (Mike) Sands,
Timur Ender,Jamie Dunphy,Steph Routh,David Linn,Joe Allen,Noah Ernst
Steph Routh,Jamie Dunphy,Timur Ender,Cayle Tern,Candace Avalos,Loretta Smith
Candace Avalos,Steph Routh,Timur Ender,,,
Jamie Dunphy,Steph Routh,Candace Avalos,Thomas Shervey,Timur Ender,
Loretta Smith,Steph Routh,Timur Ender,Noah Ernst,Terrence Hayes,Doug Clove
Candace Avalos,Timur Ender,Jamie Dunphy,Steph Routh,Cayle Tern,Terrence Hayes
Steph Routh,Candace Avalos,Jamie Dunphy,Timur Ender,,
Michael (Mike) Sands,Jamie Dunphy,Terrence Hayes,Steph Routh,Loretta Smith,Cayle Tern
Candace Avalos,,,,,
Steph Routh,Loretta Smith,Noah Ernst,,,
Noah Ernst,,,,,
Loretta Smith,Noah Ernst,Terrence Hayes,,,
Joe Furi,Michael (Mike) Sands,David Linn,Loretta Smith,Steph Routh,
Loretta Smith,Candace Avalos,Noah Ernst,Thomas Shervey,Cayle Tern,Peggy Sue Owens
Loretta Smith,,,,,
Doug Clove,Joe Allen,Michael (Mike) Sands,Joe Furi,Thomas Shervey,Noah Ernst
Terrence Hayes,Candace Avalos,,,,
Jamie Dunphy,Candace Avalos,Steph Routh,Noah Ernst,David Linn,Loretta Smith
Candace Avalos,Doug Clove,Jamie Dunphy,Steph Routh,,
Terrence Hayes,Loretta Smith,Steph Routh,Timur Ender,Jamie Dunphy,
Jamie Dunphy,Noah Ernst,Joe Allen,Thomas Shervey,Terrence Hayes,Timur Ender
Loretta Smith,Timur Ender,Steph Routh,Candace Avalos,Terrence Hayes,Noah Ernst
Loretta Smith,Terrence Hayes,,,,
Deian Salazar,Terrence Hayes,David Linn,,,
Terrence Hayes,Noah Ernst,Doug Clove,,,
Candace Avalos,Terrence Hayes,Michael (Mike) Sands,Noah Ernst,David Linn,Steph Routh
Noah Ernst,Steph Routh,Joe Allen,Thomas Shervey,Loretta Smith,Doug Clove
Michael (Mike) Sands,Loretta Smith,,,,
Timur Ender,Candace Avalos,Cayle Tern,,,
Deian Salazar,Doug Clove,Noah Ernst,,,
Doug Clove,Joe Allen,Joe Furi,Candace Avalos,,
Noah Ernst,Loretta Smith,Terrence Hayes,,,
Timur Ender,Steph Routh,Candace Avalos,,,
Loretta Smith,Timur Ender,Terrence Hayes,Steph Routh,Jamie Dunphy,
Noah Ernst,Michael (Mike) Sands,Terrence Hayes,Thomas Shervey,Deian Salazar,Joe Allen
David Linn,Timur Ender,,,,
Noah Ernst,David Linn,Michael (Mike) Sands,Terrence Hayes,Thomas Shervey,Jamie Dunphy
Loretta Smith,Terrence Hayes,,,,
Terrence Hayes,Steph Routh,Loretta Smith,Timur Ender,Cayle Tern,Jamie Dunphy
Timur Ender,Joe Furi,Loretta Smith,Jamie Dunphy,Thomas Shervey,Terrence Hayes
Loretta Smith,Peggy Sue Owens,Joe Allen,Noah Ernst,Terrence Hayes,Michael (Mike) Sands
Candace Avalos,Loretta Smith,Terrence Hayes,Steph Routh,Joe Furi,Joe Allen
Jamie Dunphy,Candace Avalos,Steph Routh,Noah Ernst,David Linn,Loretta Smith
Terrence Hayes,Steph Routh,,,,
Jamie Dunphy,Steph Routh,Terrence Hayes,Thomas Shervey,Loretta Smith,Deian Salazar
Jamie Dunphy,Joe Allen,Candace Avalos,Joe Furi,Loretta Smith,Cayle Tern
Loretta Smith,Jamie Dunphy,Candace Avalos,,,
Cayle Tern,,,,,
Candace Avalos,Steph Routh,Jamie Dunphy,Noah Ernst,David Linn,Loretta Smith
Noah Ernst,Joe Allen,Thomas Shervey,,,
Terrence Hayes,Noah Ernst,Loretta Smith,,,
,,,,,
Steph Routh,Joe Furi,Jamie Dunphy,,,
Candace Avalos,Cayle Tern,Timur Ender,,,
Noah Ernst,Doug Clove,Steph Routh,Jamie Dunphy,Loretta Smith,Michael (Mike) Sands
Thomas Shervey,Candace Avalos,Cayle Tern,Peggy Sue Owens,Michael (Mike) Sands,
Timur Ender,Joe Allen,Candace Avalos,Noah Ernst,David Linn,Terrence Hayes
Candace Avalos,Jamie Dunphy,Steph Routh,Loretta Smith,Cayle Tern,Terrence Hayes
,,,,,
Noah Ernst,David Linn,,,,
Candace Avalos,Timur Ender,Jamie Dunphy,Steph Routh,Joe Furi,
Jamie Dunphy,Candace Avalos,Steph Routh,David Linn,Noah Ernst,Loretta Smith
Jamie Dunphy,Candace Avalos,Steph Routh,,,
David Linn,,,,,
Noah Ernst,Joe Allen,David Linn,,,
Timur Ender,Noah Ernst,Peggy Sue Owens,Joe Allen,Doug Clove,David Linn
Timur Ender,Candace Avalos,Steph Routh,Jamie Dunphy,Cayle Tern,
Candace Avalos,Cayle Tern,Timur Ender,Steph Routh,David Linn,Jamie Dunphy
Terrence Hayes,Loretta Smith,Candace Avalos,David Linn,Timur Ender,
David Linn,,,,,
Peggy Sue Owens,Noah Ernst,Joe Furi,Deian Salazar,Loretta Smith,Steph Routh
Jamie Dunphy,Candace Avalos,Steph Routh,Noah Ernst,David Linn,Loretta Smith
Loretta Smith,Steph Routh,Terrence Hayes,,,
,,,,,
Noah Ernst,Terrence Hayes,Deian Salazar,,,
Steph Routh,Loretta Smith,Candace Avalos,Peggy Sue Owens,Jamie Dunphy,Noah Ernst
Joe Allen,Doug Clove,Timur Ender,,,
Candace Avalos,Doug Clove,Loretta Smith,Steph Routh,Jamie Dunphy,Terrence Hayes
Candace Avalos,Steph Routh,Timur Ender,Jamie Dunphy,,
Steph Routh,Jamie Dunphy,Timur Ender,,,
Candace Avalos,Timur Ender,Loretta Smith,Terrence Hayes,Steph Routh,David Linn
Jamie Dunphy,,,,,
Terrence Hayes,Loretta Smith,Doug Clove,Noah Ernst,,
Jamie Dunphy,Candace Avalos,Noah Ernst,Steph Routh,,
Loretta Smith,Noah Ernst,Peggy Sue Owens,David Linn,Thomas Shervey,Jamie Dunphy
Doug Clove,Michael (Mike) Sands,David Linn,Steph Routh,Joe Allen,Timur Ender
Candace Avalos,Timur Ender,Steph Routh,,,
Candace Avalos,Noah Ernst,Jamie Dunphy,Steph Routh,Terrence Hayes,
Terrence Hayes,Loretta Smith,Candace Avalos,Cayle Tern,Steph Routh,Joe Allen
Loretta Smith,Peggy Sue Owens,Candace Avalos,Michael (Mike) Sands,Steph Routh,Joe Furi
Noah Ernst,Terrence Hayes,Loretta Smith,,,
Steph Routh,Jamie Dunphy,,,,
Jamie Dunphy,Candace Avalos,David Linn,Loretta Smith,Terrence Hayes,Steph Routh
Noah Ernst,Doug Clove,Cayle Tern,Candace Avalos,Jamie Dunphy,Peggy Sue Owens
Candace Avalos,Steph Routh,Jamie Dunphy,Timur Ender,Loretta Smith,Cayle Tern
Jamie Dunphy,Candace Avalos,Timur Ender,David Linn,,
Jamie Dunphy,Candace Avalos,Steph Routh,David Linn,Loretta Smith,Terrence Hayes
Loretta Smith,Candace Avalos,Joe Allen,Joe Furi,Deian Salazar,Jamie Dunphy
Timur Ender,,,,,
Candace Avalos,David Linn,Joe Furi,Thomas Shervey,Jamie Dunphy,Peggy Sue Owens
Terrence Hayes,,,,,
Steph Routh,Deian Salazar,Timur Ender,Terrence Hayes,Noah Ernst,Peggy Sue Owens
Jamie Dunphy,Candace Avalos,Steph Routh,Noah Ernst,David Linn,Loretta Smith
Candace Avalos,Timur Ender,Cayle Tern,Terrence Hayes,,
Cayle Tern,Deian Salazar,Terrence Hayes,Doug Clove,Noah Ernst,Timur Ender
Loretta Smith,Jamie Dunphy,Steph Routh,,,
Candace Avalos,Steph Routh,Timur Ender,,,
Loretta Smith,Peggy Sue Owens,Noah Ernst,David Linn,Steph Routh,Jamie Dunphy
,,,,,
Terrence Hayes,Joe Allen,Loretta Smith,Michael (Mike) Sands,Timur Ender,David Linn
Terrence Hayes,Joe Furi,Michael (Mike) Sands,Jamie Dunphy,Thomas Shervey,Steph Routh
Joe Allen,Jamie Dunphy,Michael (Mike) Sands,Loretta Smith,Noah Ernst,Steph Routh
Steph Routh,Terrence Hayes,Cayle Tern,,,
Candace Avalos,Steph Routh,Jamie Dunphy,,,
Candace Avalos,,,,,
Candace Avalos,Timur Ender,Jamie Dunphy,,,
Doug Clove,David Linn,Noah Ernst,Michael (Mike) Sands,,
Doug Clove,Deian Salazar,Steph Routh,,,
Steph Routh,Jamie Dunphy,Candace Avalos,Timur Ender,Cayle Tern,
Noah Ernst,,,,,
Loretta Smith,Candace Avalos,Terrence Hayes,Steph Routh,,
Loretta Smith,Terrence Hayes,Michael (Mike) Sands,David Linn,,
Timur Ender,Candace Avalos,Terrence Hayes,Doug Clove,Michael (Mike) Sands,David Linn
Jamie Dunphy,David Linn,Noah Ernst,Timur Ender,Cayle Tern,Doug Clove
Terrence Hayes,,,,,
Steph Routh,Loretta Smith,Candace Avalos,Michael (Mike) Sands,Cayle Tern,Terrence Hayes
Candace Avalos,Timur Ender,Steph Routh,Terrence Hayes,David Linn,Jamie Dunphy
Candace Avalos,Terrence Hayes,,,,
Steph Routh,Jamie Dunphy,Terrence Hayes,,,
Jamie Dunphy,Steph Routh,Candace Avalos,Timur Ender,Loretta Smith,Terrence Hayes
Candace Avalos,Timur Ender,Terrence Hayes,,,
Jamie Dunphy,Steph Routh,Joe Furi,,,
Peggy Sue Owens,Candace Avalos,Loretta Smith,Thomas Shervey,Terrence Hayes,Jamie Dunphy
Loretta Smith,Timur Ender,Peggy Sue Owens,,,
Doug Clove,Joe Furi,,,,
Steph Routh,Jamie Dunphy,Candace Avalos,David Linn,Timur Ender,Cayle Tern
Cayle Tern,Noah Ernst,Deian Salazar,Timur Ender,Steph Routh,
Terrence Hayes,Timur Ender,Candace Avalos,Joe Allen,Cayle Tern,David Linn
Candace Avalos,Loretta Smith,Steph Routh,Terrence Hayes,Cayle Tern,
Candace Avalos,Joe Furi,David Linn,Timur Ender,Deian Salazar,Loretta Smith
Jamie Dunphy,Steph Routh,,,,
Noah Ernst,Doug Clove,Candace Avalos,Terrence Hayes,Loretta Smith,Deian Salazar
Noah Ernst,Joe Allen,Doug Clove,Terrence Hayes,David Linn,Steph Routh
Loretta Smith,Steph Routh,Jamie Dunphy,Doug Clove,David Linn,Terrence Hayes
Candace Avalos,Peggy Sue Owens,Cayle Tern,Deian Salazar,Jamie Dunphy,Loretta Smith
Loretta Smith,,,,,
Doug Clove,Candace Avalos,Steph Routh,Jamie Dunphy,Peggy Sue Owens,Terrence Hayes
Loretta Smith,Candace Avalos,Michael (Mike) Sands,Jamie Dunphy,Cayle Tern,Noah Ernst
Timur Ender,David Linn,Cayle Tern,Joe Furi,Deian Salazar,Jamie Dunphy
Jamie Dunphy,Terrence Hayes,David Linn,Deian Salazar,,
Peggy Sue Owens,Timur Ender,,,,
Timur Ender,Loretta Smith,,,,
Timur Ender,Candace Avalos,Terrence Hayes,Thomas Shervey,Loretta Smith,Steph Routh
Loretta Smith,Terrence Hayes,Jamie Dunphy,Steph Routh,Joe Allen,Candace Avalos
Steph Routh,Timur Ender,Thomas Shervey,Jamie Dunphy,Joe Furi,Deian Salazar
Cayle Tern,,,,,
,,,,,
Cayle Tern,Jamie Dunphy,Steph Routh,Timur Ender,Michael (Mike) Sands,Candace Avalos
Terrence Hayes,Noah Ernst,Candace Avalos,Loretta Smith,Steph Routh,Timur Ender
Jamie Dunphy,,,,,
Terrence Hayes,Noah Ernst,Doug Clove,,,
Candace Avalos,Steph Routh,Timur Ender,,,
Cayle Tern,Candace Avalos,Terrence Hayes,,,
Steph Routh,Jamie Dunphy,Loretta Smith,David Linn,Cayle Tern,Terrence Hayes
Steph Routh,Timur Ender,Terrence Hayes,Candace Avalos,Cayle Tern,Loretta Smith
Thomas Shervey,Doug Clove,Joe Furi,Candace Avalos,Jamie Dunphy,Cayle Tern
Steph Routh,Michael (Mike) Sands,David Linn,Jamie Dunphy,Loretta Smith,Terrence Hayes
Doug Clove,Joe Furi,Loretta Smith,,,
Steph Routh,Terrence Hayes,Loretta Smith,Michael (Mike) Sands,Joe Furi,Cayle Tern
Timur Ender,Candace Avalos,Steph Routh,Jamie Dunphy,,
Candace Avalos,Steph Routh,Cayle Tern,Timur Ender,Jamie Dunphy,Loretta Smith
Michael (Mike) Sands,Joe Allen,Peggy Sue Owens,Doug Clove,Steph Routh,Noah Ernst
Jamie Dunphy,Candace Avalos,Steph Routh,Noah Ernst,David Linn,Loretta Smith
Steph Routh,,,,,
Jamie Dunphy,Joe Allen,Steph Routh,Candace Avalos,Terrence Hayes,Loretta Smith
Jamie Dunphy,Candace Avalos,Steph Routh,,,
Candace Avalos,Timur Ender,Steph Routh,Jamie Dunphy,David Linn,Cayle Tern
Candace Avalos,Peggy Sue Owens,David Linn,Cayle Tern,Doug Clove,Joe Furi
Terrence Hayes,Loretta Smith,,,,
Steph Routh,Loretta Smith,Candace Avalos,Timur Ender,Jamie Dunphy,Terrence Hayes
Candace Avalos,Timur Ender,Steph Routh,Cayle Tern,,
Timur Ender,Steph Routh,Terrence Hayes,Candace Avalos,Loretta Smith,Deian Salazar
Candace Avalos,Michael (Mike) Sands,Steph Routh,Loretta Smith,,
Loretta Smith,Terrence Hayes,Noah Ernst,Doug Clove,,
Steph Routh,Candace Avalos,Timur Ender,Jamie Dunphy,Cayle Tern,Write-in-120
Jamie Dunphy,Steph Routh,Candace Avalos,Terrence Hayes,Loretta Smith,Joe Allen
Noah Ernst,Thomas Shervey,Cayle Tern,David Linn,Terrence Hayes,
Steph Routh,Timur Ender,Jamie Dunphy,Candace Avalos,Cayle Tern,
Steph Routh,Jamie Dunphy,Loretta Smith,Noah Ernst,,
Jamie Dunphy,,,,,
Loretta Smith,,,,,
David Linn,Michael (Mike) Sands,Loretta Smith,Thomas Shervey,Joe Allen,Noah Ernst
Noah Ernst,Thomas Shervey,Michael (Mike) Sands,Jamie Dunphy,Cayle Tern,Joe Allen
Candace Avalos,Timur Ender,Steph Routh,Jamie Dunphy,,
Candace Avalos,Timur Ender,Steph Routh,Jamie Dunphy,Loretta Smith,David Linn
Cayle Tern,Terrence Hayes,Timur Ender,Noah Ernst,Joe Furi,Jamie Dunphy
Noah Ernst,Terrence Hayes,Steph Routh,Jamie Dunphy,Timur Ender,Loretta Smith
Joe Allen,,,,,
Steph Routh,Candace Avalos,Timur Ender,,,
Candace Avalos,Thomas Shervey,Steph Routh,Jamie Dunphy,Timur Ender,Cayle Tern
Timur Ender,Jamie Dunphy,Steph Routh,Noah Ernst,Terrence Hayes,Deian Salazar
Terrence Hayes,Noah Ernst,Joe Allen,,,
Noah Ernst,,,,,
Jamie Dunphy,Steph Routh,Candace Avalos,Terrence Hayes,Timur Ender,
Terrence Hayes,Noah Ernst,Steph Routh,Jamie Dunphy,Candace Avalos,Loretta Smith
Terrence Hayes,Steph Routh,Noah Ernst,,,
Terrence Hayes,Jamie Dunphy,Timur Ender,Candace Avalos,Loretta Smith,Thomas Shervey
Timur Ender,Steph Routh,Jamie Dunphy,Candace Avalos,Terrence Hayes,Deian Salazar
,,,,,
Noah Ernst,Doug Clove,Michael (Mike) Sands,David Linn,Joe Allen,
Noah Ernst,Terrence Hayes,Loretta Smith,Doug Clove,David Linn,
Candace Avalos,Timur Ender,Jamie Dunphy,Cayle Tern,Steph Routh,
Doug Clove,Noah Ernst,Deian Salazar,Terrence Hayes,David Linn,Thomas Shervey
Noah Ernst,Doug Clove,Terrence Hayes,Timur Ender,,
David Linn,Steph Routh,Doug Clove,Joe Allen,Noah Ernst,Joe Furi
Jamie Dunphy,Candace Avalos,Steph Routh,,,
Timur Ender,Loretta Smith,Cayle Tern,David Linn,Terrence Hayes,Candace Avalos
Loretta Smith,,,,,
Noah Ernst,,,,,
Doug Clove,Terrence Hayes,Timur Ender,Joe Furi,Noah Ernst,Joe Allen
Timur Ender,Candace Avalos,Steph Routh,Loretta Smith,Jamie Dunphy,
Loretta Smith,,,,,
Loretta Smith,Peggy Sue Owens,Deian Salazar,Cayle Tern,Jamie Dunphy,Candace Avalos
Noah Ernst,Terrence Hayes,Loretta Smith,,,
Jamie Dunphy,Candace Avalos,Steph Routh,,,
Steph Routh,Candace Avalos,Timur Ender,,,
Noah Ernst,Terrence Hayes,Deian Salazar,,,
Joe Allen,Joe Furi,Loretta Smith,Terrence Hayes,Doug Clove,Michael (Mike) Sands
Steph Routh,Candace Avalos,Jamie Dunphy,Timur Ender,Cayle Tern,Thomas Shervey
Terrence Hayes,Noah Ernst,Michael (Mike) Sands,Steph Routh,Jamie Dunphy,
Terrence Hayes,Loretta Smith,Doug Clove,Peggy Sue Owens,Candace Avalos,Michael (Mike) Sands
Deian Salazar,Noah Ernst,,,,
Timur Ender,Jamie Dunphy,Steph Routh,Terrence Hayes,Loretta Smith,Candace Avalos
Steph Routh,Jamie Dunphy,Terrence Hayes,Candace Avalos,Thomas Shervey,David Linn
Loretta Smith,,,,,
Noah Ernst,,,,,
Candace Avalos,Steph Routh,Timur Ender,,,
Jamie Dunphy,Candace Avalos,Steph Routh,Noah Ernst,David Linn,Loretta Smith
Jamie Dunphy,Candace Avalos,Steph Routh,Loretta Smith,,
Terrence Hayes,Loretta Smith,Steph Routh,,,
Candace Avalos,Steph Routh,Jamie Dunphy,Timur Ender,,
Timur Ender,Steph Routh,Candace Avalos,Doug Clove,Jamie Dunphy,Loretta Smith
,,,,,
Loretta Smith,,,,,
Candace Avalos,Cayle Tern,Timur Ender,,,
Candace Avalos,Timur Ender,Cayle Tern,Joe Allen,David Linn,Steph Routh
Steph Routh,Timur Ender,Candace Avalos,Jamie Dunphy,Loretta Smith,Noah Ernst
Timur Ender,David Linn,Candace Avalos,Deian Salazar,Terrence Hayes,Joe Furi
Loretta Smith,,,,,
Timur Ender,Noah Ernst,Candace Avalos,David Linn,Deian Salazar,Loretta Smith
Peggy Sue Owens,Timur Ender,Noah Ernst,Candace Avalos,Joe Allen,David Linn
Candace Avalos,Terrence Hayes,Cayle Tern,Jamie Dunphy,David Linn,Steph Routh
Loretta Smith,Terrence Hayes,Timur Ender,Candace Avalos,Steph Routh,Jamie Dunphy
Terrence Hayes,,,,,
Peggy Sue Owens,Timur Ender,Joe Allen,Doug Clove,Michael (Mike) Sands,Loretta Smith
Terrence Hayes,Noah Ernst,Candace Avalos,,,
Doug Clove,,,,,
Loretta Smith,Terrence Hayes,,,,
Loretta Smith,Cayle Tern,Noah Ernst,Candace Avalos,Terrence Hayes,Jamie Dunphy
Candace Avalos,Steph Routh,Timur Ender,Jamie Dunphy,,
Peggy Sue Owens,Loretta Smith,,,,
Timur Ender,,,,,
Candace Avalos,,,,,
Candace Avalos,,,,,
Loretta Smith,Timur Ender,Noah Ernst,Cayle Tern,Doug Clove,Steph Routh
Jamie Dunphy,Steph Routh,Loretta Smith,,,
Noah Ernst,David Linn,Joe Furi,Loretta Smith,Peggy Sue Owens,Steph Routh
Candace Avalos,Cayle Tern,Timur Ender,,,
Timur Ender,Steph Routh,Candace Avalos,Cayle Tern,Jamie Dunphy,David Linn
Timur Ender,Loretta Smith,,,,
Steph Routh,Timur Ender,Candace Avalos,Loretta Smith,Noah Ernst,David Linn
Candace Avalos,,,,,
Steph Routh,Loretta Smith,Candace Avalos,Terrence Hayes,David Linn,Cayle Tern
Loretta Smith,Terrence Hayes,Jamie Dunphy,Michael (Mike) Sands,Candace Avalos,Steph Routh
Noah Ernst,Peggy Sue Owens,Doug Clove,,,
Terrence Hayes,Noah Ernst,Doug Clove,,,
Timur Ender,Doug Clove,David Linn,Terrence Hayes,Jamie Dunphy,Candace Avalos
Thomas Shervey,Timur Ender,Michael (Mike) Sands,Joe Allen,Loretta Smith,Steph Routh
Jamie Dunphy,Deian Salazar,Loretta Smith,Steph Routh,Terrence Hayes,
Loretta Smith,,,,,
Noah Ernst,Terrence Hayes,Loretta Smith,Steph Routh,,
Steph Routh,Candace Avalos,Loretta Smith,Terrence Hayes,Peggy Sue Owens,Jamie Dunphy
Joe Allen,,,,,
Candace Avalos,Timur Ender,Deian Salazar,Loretta Smith,Steph Routh,Terrence Hayes
Loretta Smith,Noah Ernst,,,,
Timur Ender,Steph Routh,Candace Avalos,Cayle Tern,Jamie Dunphy,David Linn
Jamie Dunphy,Steph Routh,Terrence Hayes,,,
Doug Clove,Loretta Smith,,,,
Steph Routh,Terrence Hayes,Loretta Smith,Timur Ender,Candace Avalos,
,,,,,
Jamie Dunphy,Candace Avalos,Steph Routh,,,
Candace Avalos,Steph Routh,Timur Ender,Jamie Dunphy,Loretta Smith,
Loretta Smith,Terrence Hayes,Steph Routh,Deian Salazar,,
Candace Avalos,Steph Routh,Loretta Smith,Terrence Hayes,Deian Salazar,Timur Ender
Timur Ender,Steph Routh,Doug Clove,Joe Furi,David Linn,Noah Ernst
Terrence Hayes,Joe Furi,Noah Ernst,Loretta Smith,Doug Clove,Write-in-120
Doug Clove,Noah Ernst,Terrence Hayes,,,
Candace Avalos,Steph Routh,Timur Ender,Jamie Dunphy,Cayle Tern,Noah Ernst
Doug Clove,,,,,
Noah Ernst,Doug Clove,Joe Allen,,,
Timur Ender,Candace Avalos,Terrence Hayes,Jamie Dunphy,Steph Routh,Cayle Tern
Steph Routh,Jamie Dunphy,Candace Avalos,,,
Noah Ernst,Loretta Smith,Joe Allen,Candace Avalos,Doug Clove,Joe Furi
Jamie Dunphy,David Linn,,,,
Timur Ender,Loretta Smith,Joe Furi,David Linn,,
Candace Avalos,Cayle Tern,Noah Ernst,Timur Ender,,
Candace Avalos,Steph Routh,Thomas Shervey,Cayle Tern,,
Loretta Smith,,,,,
Candace Avalos,Loretta Smith,Jamie Dunphy,Timur Ender,Steph Routh,
Jamie Dunphy,Steph Routh,Timur Ender,,,
Terrence Hayes,Thomas Shervey,Loretta Smith,Deian Salazar,Michael (Mike) Sands,Joe Furi
Deian Salazar,Timur Ender,,,,
Terrence Hayes,Loretta Smith,Noah Ernst,,,
Peggy Sue Owens,Timur Ender,Noah Ernst,Candace Avalos,Joe Allen,David Linn
Noah Ernst,Loretta Smith,Terrence Hayes,Jamie Dunphy,Timur Ender,
Timur Ender,Jamie Dunphy,Terrence Hayes,Loretta Smith,Steph Routh,Joe Allen
Jamie Dunphy,Candace Avalos,Steph Routh,,,
Jamie Dunphy,Loretta Smith,Terrence Hayes,Timur Ender,Candace Avalos,Steph Routh
Michael (Mike) Sands,,,,,
Michael (Mike) Sands,Joe Allen,Loretta Smith,Jamie Dunphy,Steph Routh,Joe Furi
Jamie Dunphy,,,,,
Jamie Dunphy,Candace Avalos,Steph Routh,,,
Timur Ender,Noah Ernst,Candace Avalos,Cayle Tern,David Linn,Loretta Smith
Loretta Smith,Steph Routh,,,,
Steph Routh,Cayle Tern,Jamie Dunphy,Candace Avalos,Timur Ender,
Candace Avalos,Timur Ender,Steph Routh,Cayle Tern,David Linn,
Candace Avalos,Timur Ender,Cayle Tern,David Linn,,
Terrence Hayes,Joe Allen,Timur Ender,Joe Furi,Steph Routh,Deian Salazar
Cayle Tern,David Linn,Candace Avalos,Timur Ender,Loretta Smith,Terrence Hayes
Candace Avalos,Timur Ender,Steph Routh,Jamie Dunphy,Cayle Tern,David Linn
Jamie Dunphy,Candace Avalos,Steph Routh,,,
Jamie Dunphy,Candace Avalos,Steph Routh,,,
,,,,,
Noah Ernst,Joe Allen,Cayle Tern,Doug Clove,Deian Salazar,Steph Routh
Loretta Smith,Candace Avalos,Terrence Hayes,,,
Michael (Mike) Sands,,,,,
Candace Avalos,Cayle Tern,Timur Ender,,,
Jamie Dunphy,Candace Avalos,Steph Routh,,,
Candace Avalos,Jamie Dunphy,Timur Ender,,,
Joe Furi,,,,,
David Linn,Timur Ender,Candace Avalos,,,
Candace Avalos,Steph Routh,Timur Ender,,,
Doug Clove,Timur Ender,Noah Ernst,David Linn,Cayle Tern,Michael (Mike) Sands
Loretta Smith,Terrence Hayes,,,,
Loretta Smith,Candace Avalos,Terrence Hayes,,,
Jamie Dunphy,Loretta Smith,Candace Avalos,Steph Routh,David Linn,
Steph Routh,,,,,
Steph Routh,Candace Avalos,Loretta Smith,Jamie Dunphy,Timur Ender,Noah Ernst
Terrence Hayes,Cayle Tern,Steph Routh,,,
Timur Ender,Terrence Hayes,Doug Clove,,,
Loretta Smith,Jamie Dunphy,Steph Routh,Michael (Mike) Sands,Candace Avalos,Timur Ender
Noah Ernst,,,,,
Loretta Smith,Steph Routh,Terrence Hayes,Candace Avalos,Peggy Sue Owens,David Linn
Jamie Dunphy,Candace Avalos,Timur Ender,Steph Routh,Cayle Tern,David Linn
Candace Avalos,Steph Routh,Jamie Dunphy,Loretta Smith,Timur Ender,Cayle Tern
Peggy Sue Owens,Candace Avalos,Loretta Smith,Jamie Dunphy,David Linn,Noah Ernst
Steph Routh,Loretta Smith,Candace Avalos,Terrence Hayes,Michael (Mike) Sands,
Peggy Sue Owens,,,,,
Candace Avalos,Jamie Dunphy,Terrence Hayes,Steph Routh,Loretta Smith,
Candace Avalos,Loretta Smith,Terrence Hayes,Joe Furi,Timur Ender,Peggy Sue Owens
Jamie Dunphy,Steph Routh,Candace Avalos,,,
Jamie Dunphy,Candace Avalos,David Linn,Loretta Smith,,
Doug Clove,Loretta Smith,,,,
Joe Furi,Joe Allen,Noah Ernst,Peggy Sue Owens,Deian Salazar,Jamie Dunphy
Joe Allen,Timur Ender,Doug Clove,,,
Terrence Hayes,Loretta Smith,Candace Avalos,Noah Ernst,Joe Allen,Michael (Mike) Sands
Jamie Dunphy,Michael (Mike) Sands,Joe Furi,Steph Routh,Doug Clove,Thomas Shervey
Michael (Mike) Sands,Candace Avalos,David Linn,Joe Furi,Terrence Hayes,Joe Allen
Timur Ender,Joe Allen,Cayle Tern,Steph Routh,Loretta Smith,Terrence Hayes
Jamie Dunphy,Candace Avalos,Steph Routh,Noah Ernst,Joe Allen,Loretta Smith
Candace Avalos,Jamie Dunphy,Timur Ender,Loretta Smith,Steph Routh,Terrence Hayes
Jamie Dunphy,Candace Avalos,Steph Routh,,,
Write-in-120,,,,,
Jamie Dunphy,Steph Routh,Timur Ender,Candace Avalos,Loretta Smith,Joe Allen
Loretta Smith,Steph Routh,Timur Ender,Jamie Dunphy,,
Peggy Sue Owens,Candace Avalos,Loretta Smith,,,
Timur Ender,Noah Ernst,David Linn,Joe Furi,Doug Clove,Steph Routh
Loretta Smith,Terrence Hayes,Steph Routh,,,
Candace Avalos,Cayle Tern,Deian Salazar,Loretta Smith,Jamie Dunphy,Peggy Sue Owens
Candace Avalos,Joe Allen,Steph Routh,David Linn,Noah Ernst,Timur Ender
Candace Avalos,Cayle Tern,Timur Ender,Jamie Dunphy,Steph Routh,David Linn
Steph Routh,Candace Avalos,Timur Ender,Jamie Dunphy,,
Peggy Sue Owens,Noah Ernst,David Linn,Joe Allen,Michael (Mike) Sands,Thomas Shervey
Loretta Smith,Doug Clove,Noah Ernst,Candace Avalos,Terrence Hayes,Steph Routh
Joe Allen,Michael (Mike) Sands,Thomas Shervey,Noah Ernst,David Linn,
Loretta Smith,,,,,
Candace Avalos,Steph Routh,Timur Ender,Jamie Dunphy,,
Jamie Dunphy,Terrence Hayes,Noah Ernst,Candace Avalos,,
Loretta Smith,Steph Routh,,,,
Jamie Dunphy,Candace Avalos,Steph Routh,,,
Loretta Smith,,,,,
Noah Ernst,,,,,
Candace Avalos,Jamie Dunphy,Steph Routh,,,
Terrence Hayes,,,,,
Steph Routh,Candace Avalos,Timur Ender,Joe Allen,Michael (Mike) Sands,
Peggy Sue Owens,Doug Clove,Candace Avalos,Jamie Dunphy,Michael (Mike) Sands,Joe Allen
Steph Routh,Candace Avalos,Jamie Dunphy,Loretta Smith,Timur Ender,Terrence Hayes
Joe Allen,Noah Ernst,David Linn,Cayle Tern,,
Steph Routh,Candace Avalos,David Linn,Timur Ender,Jamie Dunphy,Cayle Tern
Steph Routh,,,,,
Candace Avalos,Jamie Dunphy,Steph Routh,Timur Ender,,
Noah Ernst,Terrence Hayes,Joe Furi,Loretta Smith,Doug Clove,
Candace Avalos,Timur Ender,Steph Routh,Jamie Dunphy,Cayle Tern,David Linn
Terrence Hayes,Noah Ernst,Joe Furi,Loretta Smith,Doug Clove,Write-in-120
Steph Routh,Candace Avalos,Terrence Hayes,Jamie Dunphy,David Linn,Cayle Tern
Loretta Smith,Noah Ernst,Deian Salazar,Michael (Mike) Sands,Terrence Hayes,Doug Clove
Candace Avalos,Timur Ender,Joe Furi,Steph Routh,Cayle Tern,David Linn
Loretta Smith,,,,,
Loretta Smith,Candace Avalos,Cayle Tern,Terrence Hayes,Timur Ender,Steph Routh
Steph Routh,Candace Avalos,Timur Ender,Jamie Dunphy,,
Timur Ender,Doug Clove,Thomas Shervey,Candace Avalos,,
,,,,,
Loretta Smith,,,,,
Candace Avalos,Cayle Tern,Timur Ender,,,
Loretta Smith,Jamie Dunphy,Peggy Sue Owens,Doug Clove,Noah Ernst,Thomas Shervey
Terrence Hayes,Loretta Smith,Doug Clove,Cayle Tern,Joe Allen,Candace Avalos
Peggy Sue Owens,Joe Allen,Michael (Mike) Sands,Loretta Smith,Joe Furi,Doug Clove
Terrence Hayes,Noah Ernst,Timur Ender,Joe Furi,David Linn,Loretta Smith
Steph Routh,Timur Ender,Candace Avalos,Loretta Smith,Jamie Dunphy,
Terrence Hayes,Noah Ernst,Loretta Smith,,,
Loretta Smith,,,,,
Timur Ender,Candace Avalos,Cayle Tern,Steph Routh,Terrence Hayes,Loretta Smith
Peggy Sue Owens,Joe Allen,Loretta Smith,,,
Steph Routh,Candace Avalos,Noah Ernst,Jamie Dunphy,,
Noah Ernst,Joe Furi,,,,
Jamie Dunphy,Candace Avalos,Steph Routh,,,
Steph Routh,Jamie Dunphy,,,,
Peggy Sue Owens,Cayle Tern,Noah Ernst,Terrence Hayes,Loretta Smith,Doug Clove
Terrence Hayes,Timur Ender,Steph Routh,Cayle Tern,Thomas Shervey,Noah Ernst
Terrence Hayes,Loretta Smith,Candace Avalos,Timur Ender,Deian Salazar,Steph Routh
Write-in-120,Candace Avalos,Steph Routh,Noah Ernst,David Linn,Loretta Smith
Candace Avalos,Cayle Tern,Timur Ender,,,
Jamie Dunphy,Candace Avalos,Steph Routh,Loretta Smith,,
Timur Ender,Candace Avalos,Cayle Tern,David Linn,Loretta Smith,Terrence Hayes
Write-in-120,Write-in-121,Write-in-122,,,
Timur Ender,Michael (Mike) Sands,Terrence Hayes,Doug Clove,Noah Ernst,Candace Avalos
Deian Salazar,Cayle Tern,Jamie Dunphy,Thomas Shervey,Candace Avalos,Terrence Hayes
Loretta Smith,Steph Routh,Terrence Hayes,Michael (Mike) Sands,Joe Furi,Peggy Sue Owens
Jamie Dunphy,,,,,
Candace Avalos,Steph Routh,Jamie Dunphy,,,
Jamie Dunphy,Candace Avalos,Steph Routh,,,
Joe Furi,Cayle Tern,Terrence Hayes,Joe Allen,Loretta Smith,Jamie Dunphy
Jamie Dunphy,Candace Avalos,Steph Routh,Noah Ernst,David Linn,Loretta Smith
Jamie Dunphy,Steph Routh,Thomas Shervey,,,
Jamie Dunphy,Candace Avalos,Steph Routh,Noah Ernst,David Linn,Loretta Smith
Terrence Hayes,Steph Routh,Jamie Dunphy,Candace Avalos,,
Doug Clove,Terrence Hayes,Noah Ernst,,,
Jamie Dunphy,Candace Avalos,Steph Routh,Noah Ernst,David Linn,Loretta Smith
Terrence Hayes,Loretta Smith,Doug Clove,Noah Ernst,Thomas Shervey,David Linn
Loretta Smith,Terrence Hayes,,,,
Candace Avalos,Steph Routh,Terrence Hayes,Loretta Smith,Noah Ernst,Timur Ender
Doug Clove,Deian Salazar,Timur Ender,,,
Timur Ender,David Linn,Candace Avalos,Jamie Dunphy,Joe Allen,Cayle Tern
Candace Avalos,Loretta Smith,Steph Routh,Peggy Sue Owens,Cayle Tern,Thomas Shervey
Terrence Hayes,Doug Clove,Loretta Smith,Steph Routh,Candace Avalos,Deian Salazar
Jamie Dunphy,Candace Avalos,Steph Routh,Cayle Tern,,
Doug Clove,,,,,
Peggy Sue Owens,,,,,
Loretta Smith,Steph Routh,,,,
Loretta Smith,Candace Avalos,Timur Ender,Noah Ernst,Cayle Tern,Doug Clove
Joe Allen,,,,,
Terrence Hayes,Thomas Shervey,Peggy Sue Owens,Jamie Dunphy,Deian Salazar,Michael (Mike) Sands
Joe Allen,David Linn,Michael (Mike) Sands,,,
Candace Avalos,Steph Routh,Terrence Hayes,,,
Noah Ernst,Peggy Sue Owens,Terrence Hayes,Steph Routh,Timur Ender,David Linn
Doug Clove,Noah Ernst,David Linn,Loretta Smith,Timur Ender,Michael (Mike) Sands
Candace Avalos,Steph Routh,Timur Ender,Jamie Dunphy,Cayle Tern,Loretta Smith
Loretta Smith,Terrence Hayes,David Linn,Steph Routh,Timur Ender,Michael (Mike) Sands
Joe Furi,Joe Allen,Steph Routh,Noah Ernst,Michael (Mike) Sands,Jamie Dunphy
Noah Ernst,Michael (Mike) Sands,David Linn,Loretta Smith,Terrence Hayes,
David Linn,Joe Allen,Thomas Shervey,Joe Furi,Noah Ernst,Jamie Dunphy
Timur Ender,Steph Routh,Candace Avalos,Jamie Dunphy,Cayle Tern,
Noah Ernst,Steph Routh,Terrence Hayes,Candace Avalos,Jamie Dunphy,Cayle Tern
Loretta Smith,Terrence Hayes,,,,
Terrence Hayes,Noah Ernst,Candace Avalos,David Linn,,
Steph Routh,Candace Avalos,Timur Ender,Noah Ernst,Terrence Hayes,Loretta Smith
Terrence Hayes,Steph Routh,Cayle Tern,Candace Avalos,Timur Ender,Loretta Smith
Terrence Hayes,Loretta Smith,Joe Allen,,,
Doug Clove,Timur Ender,Joe Furi,Michael (Mike) Sands,Loretta Smith,Thomas Shervey
Terrence Hayes,Noah Ernst,Candace Avalos,Loretta Smith,Steph Routh,
Terrence Hayes,Noah Ernst,Doug Clove,,,
Jamie Dunphy,Steph Routh,Timur Ender,Candace Avalos,,
Terrence Hayes,Loretta Smith,Steph Routh,Candace Avalos,Jamie Dunphy,Deian Salazar
,,,,,
Noah Ernst,Doug Clove,Deian Salazar,,,
Jamie Dunphy,Steph Routh,Candace Avalos,,,
Candace Avalos,Steph Routh,Timur Ender,Jamie Dunphy,,
Timur Ender,Joe Allen,Doug Clove,Steph Routh,,
Loretta Smith,Thomas Shervey,,,,
Terrence Hayes,Loretta Smith,Noah Ernst,Peggy Sue Owens,Candace Avalos,Steph Routh
Jamie Dunphy,Cayle Tern,Terrence Hayes,Candace Avalos,,
Noah Ernst,Thomas Shervey,Steph Routh,Joe Furi,David Linn,Joe Allen
Jamie Dunphy,Candace Avalos,Steph Routh,,,
Candace Avalos,Jamie Dunphy,Cayle Tern,Loretta Smith,Joe Furi,Timur Ender
Timur Ender,Candace Avalos,Cayle Tern,Thomas Shervey,Steph Routh,
Candace Avalos,Loretta Smith,Timur Ender,Steph Routh,Terrence Hayes,
Thomas Shervey,,,,,
Doug Clove,Deian Salazar,Joe Furi,,,
Jamie Dunphy,Steph Routh,Doug Clove,Joe Allen,David Linn,Peggy Sue Owens
Loretta Smith,Terrence Hayes,Timur Ender,Steph Routh,,
Steph Routh,Candace Avalos,Jamie Dunphy,,,
Terrence Hayes,Jamie Dunphy,Peggy Sue Owens,Candace Avalos,Cayle Tern,Loretta Smith
Jamie Dunphy,Noah Ernst,Steph Routh,Candace Avalos,David Linn,Loretta Smith
Joe Allen,Terrence Hayes,,,,
David Linn,Terrence Hayes,,,,
,,,,,
Jamie Dunphy,Candace Avalos,Steph Routh,Noah Ernst,David Linn,Loretta Smith
Terrence Hayes,Candace Avalos,Doug Clove,Thomas Shervey,Deian Salazar,Cayle Tern
Candace Avalos,Cayle Tern,Steph Routh,Timur Ender,Jamie Dunphy,Terrence Hayes
Loretta Smith,Terrence Hayes,Steph Routh,Timur Ender,Jamie Dunphy,Candace Avalos
,,,,,
Candace Avalos,,,,,
Jamie Dunphy,Steph Routh,Candace Avalos,Timur Ender,Loretta Smith,
Candace Avalos,Steph Routh,Jamie Dunphy,David Linn,Cayle Tern,Loretta Smith
Doug Clove,,,,,
Deian Salazar,Doug Clove,Timur Ender,,,
Terrence Hayes,Jamie Dunphy,Candace Avalos,Noah Ernst,Loretta Smith,Cayle Tern
Doug Clove,Joe Furi,,,,
Terrence Hayes,Thomas Shervey,Loretta Smith,,,
Thomas Shervey,Loretta Smith,Candace Avalos,Jamie Dunphy,Joe Allen,David Linn
Candace Avalos,Jamie Dunphy,Timur Ender,David Linn,Cayle Tern,
Jamie Dunphy,Loretta Smith,Terrence Hayes,Steph Routh,,
Noah Ernst,Doug Clove,Thomas Shervey,Terrence Hayes,,
Noah Ernst,,,,,
Candace Avalos,Loretta Smith,Steph Routh,Terrence Hayes,Deian Salazar,Cayle Tern
Loretta Smith,Terrence Hayes,Candace Avalos,,,
Terrence Hayes,Jamie Dunphy,,,,
Jamie Dunphy,Candace Avalos,Steph Routh,Timur Ender,David Linn,Cayle Tern
Terrence Hayes,,,,,
Loretta Smith,,,,,
Jamie Dunphy,Steph Routh,Candace Avalos,,,
Candace Avalos,Loretta Smith,Terrence Hayes,,,
Candace Avalos,Jamie Dunphy,Noah Ernst,Timur Ender,,
Timur Ender,Candace Avalos,David Linn,Steph Routh,Jamie Dunphy,Joe Furi
Deian Salazar,Candace Avalos,Joe Allen,Loretta Smith,Thomas Shervey,Doug Clove
Steph Routh,David Linn,Terrence Hayes,,,
Terrence Hayes,Noah Ernst,Doug Clove,,,
Candace Avalos,Terrence Hayes,Timur Ender,Steph Routh,David Linn,Cayle Tern
Candace Avalos,Steph Routh,Timur Ender,Jamie Dunphy,Loretta Smith,Cayle Tern
Steph Routh,Loretta Smith,Cayle Tern,,,
Noah Ernst,Timur Ender,Doug Clove,Thomas Shervey,Cayle Tern,Terrence Hayes
Loretta Smith,,,,,
Loretta Smith,Deian Salazar,Terrence Hayes,Candace Avalos,Cayle Tern,David Linn
Jamie Dunphy,Steph Routh,Joe Allen,Timur Ender,Cayle Tern,
Peggy Sue Owens,,,,,
Steph Routh,Terrence Hayes,,,,
,,,,,
Jamie Dunphy,Steph Routh,Timur Ender,,,
Noah Ernst,Jamie Dunphy,Terrence Hayes,Michael (Mike) Sands,Doug Clove,Joe Allen
Candace Avalos,Cayle Tern,Joe Furi,Jamie Dunphy,Loretta Smith,Terrence Hayes
Candace Avalos,Deian Salazar,Terrence Hayes,David Linn,Timur Ender,Peggy Sue Owens
David Linn,Deian Salazar,Steph Routh,Loretta Smith,Thomas Shervey,Doug Clove
Peggy Sue Owens,Timur Ender,Noah Ernst,Candace Avalos,Joe Allen,David Linn
Deian Salazar,Doug Clove,Terrence Hayes,,,
Timur Ender,Candace Avalos,Peggy Sue Owens,Joe Furi,,
Candace Avalos,Jamie Dunphy,Terrence Hayes,Deian Salazar,Timur Ender,
Steph Routh,Jamie Dunphy,Terrence Hayes,,,
Michael (Mike) Sands,,,,,
Jamie Dunphy,,,,,
Terrence Hayes,Joe Furi,Doug Clove,Deian Salazar,,
Timur Ender,,,,,
Noah Ernst,Doug Clove,Terrence Hayes,Loretta Smith,Deian Salazar,Joe Allen
Candace Avalos,Timur Ender,Loretta Smith,Terrence Hayes,Cayle Tern,Deian Salazar
Terrence Hayes,Loretta Smith,Candace Avalos,Noah Ernst,Timur Ender,Steph Routh
Jamie Dunphy,Doug Clove,Peggy Sue Owens,Terrence Hayes,Michael (Mike) Sands,Joe Allen
Doug Clove,Michael (Mike) Sands,Noah Ernst,,,
Candace Avalos,Steph Routh,Jamie Dunphy,,,
Terrence Hayes,Steph Routh,Jamie Dunphy,Loretta Smith,,
Noah Ernst,Loretta Smith,Doug Clove,,,
Terrence Hayes,Timur Ender,Steph Routh,Candace Avalos,Cayle Tern,Loretta Smith
Terrence Hayes,Candace Avalos,Cayle Tern,Deian Salazar,Timur Ender,Steph Routh
Timur Ender,David Linn,Candace Avalos,Deian Salazar,Terrence Hayes,Joe Furi
Timur Ender,Jamie Dunphy,Joe Allen,,,
Terrence Hayes,Candace Avalos,Steph Routh,Cayle Tern,Noah Ernst,Timur Ender
Timur Ender,David Linn,Steph Routh,Joe Allen,,
Candace Avalos,Terrence Hayes,Steph Routh,Loretta Smith,Jamie Dunphy,Michael (Mike) Sands
Terrence Hayes,Candace Avalos,Timur Ender,Steph Routh,Jamie Dunphy,Loretta Smith
Steph Routh,Terrence Hayes,Loretta Smith,,,
Candace Avalos,Steph Routh,Timur Ender,Jamie Dunphy,,
Candace Avalos,Loretta Smith,Steph Routh,Terrence Hayes,Cayle Tern,Timur Ender
Jamie Dunphy,,,,,
David Linn,Loretta Smith,Terrence Hayes,,,
Steph Routh,Terrence Hayes,Candace Avalos,,,
Candace Avalos,,,,,
Jamie Dunphy,Steph Routh,Candace Avalos,,,
Candace Avalos,Steph Routh,,,,
Candace Avalos,Timur Ender,Loretta Smith,Jamie Dunphy,Terrence Hayes,Steph Routh
Terrence Hayes,,,,,
Loretta Smith,Jamie Dunphy,David Linn,,,
Candace Avalos,Cayle Tern,Timur Ender,,,
Candace Avalos,Cayle Tern,Timur Ender,Steph Routh,Jamie Dunphy,
Terrence Hayes,,,,,
Loretta Smith,Terrence Hayes,,,,
Candace Avalos,Jamie Dunphy,Cayle Tern,Timur Ender,Steph Routh,
Noah Ernst,Candace Avalos,Terrence Hayes,Loretta Smith,Timur Ender,Michael (Mike) Sands
Loretta Smith,Michael (Mike) Sands,Joe Allen,Thomas Shervey,Steph Routh,Peggy Sue Owens
Terrence Hayes,,,,,
Steph Routh,Timur Ender,Candace Avalos,Loretta Smith,Jamie Dunphy,
Jamie Dunphy,Steph Routh,Terrence Hayes,Loretta Smith,Timur Ender,David Linn
Terrence Hayes,Loretta Smith,Jamie Dunphy,,,
Terrence Hayes,Noah Ernst,Joe Furi,Loretta Smith,Doug Clove,
Loretta Smith,Steph Routh,Jamie Dunphy,Timur Ender,Terrence Hayes,
Noah Ernst,Peggy Sue Owens,David Linn,,,
Loretta Smith,Timur Ender,David Linn,Steph Routh,Jamie Dunphy,Noah Ernst
Loretta Smith,,,,,
Loretta Smith,Steph Routh,Jamie Dunphy,Deian Salazar,Joe Allen,Doug Clove
Candace Avalos,Thomas Shervey,Timur Ender,Michael (Mike) Sands,Jamie Dunphy,Steph Routh
Candace Avalos,Timur Ender,Steph Routh,,,
Candace Avalos,Cayle Tern,Timur Ender,,,
Michael (Mike) Sands,,,,,
Candace Avalos,Cayle Tern,Michael (Mike) Sands,Timur Ender,Peggy Sue Owens,Terrence Hayes
Terrence Hayes,Steph Routh,Loretta Smith,Candace Avalos,Jamie Dunphy,Cayle Tern
Doug Clove,Joe Allen,Joe Furi,Candace Avalos,,
Timur Ender,Steph Routh,Jamie Dunphy,Deian Salazar,,
Steph Routh,Terrence Hayes,Loretta Smith,,,
Peggy Sue Owens,Michael (Mike) Sands,Loretta Smith,,,
Noah Ernst,Terrence Hayes,Joe Furi,Loretta Smith,Doug Clove,
Loretta Smith,,,,,
Cayle Tern,Steph Routh,Loretta Smith,Candace Avalos,Timur Ender,Joe Furi
Loretta Smith,David Linn,Cayle Tern,Timur Ender,Michael (Mike) Sands,Candace Avalos
Timur Ender,Terrence Hayes,Steph Routh,Doug Clove,Candace Avalos,Michael (Mike) Sands
Steph Routh,Loretta Smith,,,,
Cayle Tern,Loretta Smith,Candace Avalos,Terrence Hayes,Steph Routh,Timur Ender
Peggy Sue Owens,Timur Ender,Noah Ernst,Candace Avalos,Joe Allen,David Linn
Candace Avalos,Timur Ender,Steph Routh,Jamie Dunphy,,
Steph Routh,Timur Ender,Jamie Dunphy,Candace Avalos,,
Candace Avalos,Steph Routh,Jamie Dunphy,Timur Ender,,
Timur Ender,Michael (Mike) Sands,,,,
Candace Avalos,Jamie Dunphy,Loretta Smith,Steph Routh,,
Cayle Tern,Noah Ernst,Doug Clove,Loretta Smith,Thomas Shervey,Timur Ender
Jamie Dunphy,,,,,
Candace Avalos,Timur Ender,David Linn,Cayle Tern,Terrence Hayes,Steph Routh
Loretta Smith,Terrence Hayes,,,,
Jamie Dunphy,Timur Ender,Joe Allen,Deian Salazar,Terrence Hayes,Loretta Smith
Timur Ender,Cayle Tern,Peggy Sue Owens,Deian Salazar,Terrence Hayes,David Linn
Noah Ernst,Terrence Hayes,Joe Furi,Loretta Smith,Doug Clove,Write-in-120
Joe Allen,Loretta Smith,Jamie Dunphy,Thomas Shervey,Doug Clove,Steph Routh
Cayle Tern,Candace Avalos,Timur Ender,Steph Routh,Jamie Dunphy,Thomas Shervey
Jamie Dunphy,Candace Avalos,Steph Routh,Noah Ernst,David Linn,Loretta Smith
Terrence Hayes,Jamie Dunphy,Loretta Smith,Steph Routh,Noah Ernst,
Loretta Smith,Candace Avalos,Steph Routh,,,
Peggy Sue Owens,Steph Routh,Loretta Smith,Candace Avalos,Timur Ender,Cayle Tern
Candace Avalos,Timur Ender,Steph Routh,Jamie Dunphy,Cayle Tern,Terrence Hayes
Loretta Smith,,,,,
Steph Routh,Jamie Dunphy,Terrence Hayes,Timur Ender,David Linn,Candace Avalos
Candace Avalos,Steph Routh,Loretta Smith,,,
Noah Ernst,Candace Avalos,David Linn,Terrence Hayes,,
Peggy Sue Owens,Cayle Tern,Candace Avalos,Steph Routh,Loretta Smith,Doug Clove
Candace Avalos,Loretta Smith,Terrence Hayes,Steph Routh,Timur Ender,Jamie Dunphy
Loretta Smith,Steph Routh,Candace Avalos,Jamie Dunphy,David Linn,Timur Ender
Candace Avalos,Steph Routh,Jamie Dunphy,Timur Ender,David Linn,Doug Clove
Candace Avalos,Jamie Dunphy,Loretta Smith,,,
Steph Routh,Candace Avalos,Timur Ender,,,
Jamie Dunphy,Steph Routh,David Linn,Candace Avalos,Loretta Smith,Timur Ender
Jamie Dunphy,Candace Avalos,Steph Routh,Noah Ernst,David Linn,Loretta Smith
Noah Ernst,Terrence Hayes,Doug Clove,,,
Jamie Dunphy,Thomas Shervey,Terrence Hayes,Doug Clove,Joe Allen,Loretta Smith
Loretta Smith,Terrence Hayes,Steph Routh,Candace Avalos,Jamie Dunphy,Doug Clove
Noah Ernst,Doug Clove,Loretta Smith,Terrence Hayes,Joe Allen,David Linn
Loretta Smith,Terrence Hayes,Noah Ernst,Michael (Mike) Sands,,
Loretta Smith,Timur Ender,Michael (Mike) Sands,Steph Routh,Terrence Hayes,Candace Avalos
Terrence Hayes,Loretta Smith,Steph Routh,,,
Steph Routh,,,,,
Loretta Smith,Timur Ender,Jamie Dunphy,,,
Terrence Hayes,Noah Ernst,Doug Clove,,,
Joe Furi,Noah Ernst,Doug Clove,Deian Salazar,Terrence Hayes,
Loretta Smith,,,,,
Candace Avalos,Steph Routh,Jamie Dunphy,Timur Ender,Cayle Tern,
Loretta Smith,,,,,
Steph Routh,Candace Avalos,David Linn,Loretta Smith,Terrence Hayes,Jamie Dunphy
Loretta Smith,Terrence Hayes,,,,
Terrence Hayes,Noah Ernst,,,,
Candace Avalos,Cayle Tern,Loretta Smith,Thomas Shervey,Steph Routh,Terrence Hayes
Steph Routh,Candace Avalos,Cayle Tern,Terrence Hayes,David Linn,Loretta Smith
David Linn,,,,,
Candace Avalos,Peggy Sue Owens,,,,
Timur Ender,Candace Avalos,Jamie Dunphy,,,
Timur Ender,Steph Routh,Candace Avalos,Doug Clove,Jamie Dunphy,Loretta Smith
Write-in-120,,,,,
Loretta Smith,Terrence Hayes,Steph Routh,Candace Avalos,Cayle Tern,Deian Salazar
Deian Salazar,Joe Allen,,,,
Joe Furi,,,,,
Noah Ernst,Loretta Smith,Joe Allen,,,
Terrence Hayes,Loretta Smith,Jamie Dunphy,Steph Routh,,
Loretta Smith,,,,,
Thomas Shervey,Steph Routh,Candace Avalos,Cayle Tern,Joe Furi,Jamie Dunphy
Thomas Shervey,Steph Routh,Cayle Tern,Jamie Dunphy,,
Candace Avalos,Steph Routh,Loretta Smith,Doug Clove,Peggy Sue Owens,Terrence Hayes
Joe Furi,Doug Clove,Noah Ernst,,,
Steph Routh,Candace Avalos,Jamie Dunphy,Timur Ender,,
Doug Clove,Jamie Dunphy,Thomas Shervey,David Linn,Steph Routh,Cayle Tern
Candace Avalos,Timur Ender,Steph Routh,Jamie Dunphy,Cayle Tern,David Linn
Jamie Dunphy,Steph Routh,Candace Avalos,,,
Timur Ender,Deian Salazar,David Linn,Candace Avalos,Thomas Shervey,Terrence Hayes
Terrence Hayes,Loretta Smith,Candace Avalos,,,
Terrence Hayes,Jamie Dunphy,,,,
Loretta Smith,Michael (Mike) Sands,Timur Ender,,,
Jamie Dunphy,Timur Ender,Noah Ernst,Terrence Hayes,Michael (Mike) Sands,Loretta Smith
Loretta Smith,Steph Routh,David Linn,,,
Noah Ernst,Jamie Dunphy,Candace Avalos,David Linn,Terrence Hayes,
Peggy Sue Owens,Loretta Smith,Jamie Dunphy,Cayle Tern,Candace Avalos,
Peggy Sue Owens,Timur Ender,Noah Ernst,Joe Allen,David Linn,
Cayle Tern,Terrence Hayes,,,,
Joe Allen,Doug Clove,Noah Ernst,Steph Routh,Loretta Smith,Cayle Tern
Terrence Hayes,Jamie Dunphy,,,,
Candace Avalos,Cayle Tern,,,,
Candace Avalos,Jamie Dunphy,Timur Ender,Steph Routh,Cayle Tern,Thomas Shervey
Loretta Smith,Jamie Dunphy,Candace Avalos,Terrence Hayes,Timur Ender,Steph Routh
Cayle Tern,Jamie Dunphy,,,,
Jamie Dunphy,Candace Avalos,Steph Routh,Noah Ernst,David Linn,Cayle Tern
,,,,,
Loretta Smith,Terrence Hayes,Jamie Dunphy,Noah Ernst,Doug Clove,Michael (Mike) Sands
Peggy Sue Owens,Jamie Dunphy,Michael (Mike) Sands,,,
Candace Avalos,Jamie Dunphy,Steph Routh,Timur Ender,,
Michael (Mike) Sands,Loretta Smith,Noah Ernst,Steph Routh,Jamie Dunphy,David Linn
Candace Avalos,Steph Routh,Timur Ender,Jamie Dunphy,,
Steph Routh,,,,,
Steph Routh,Candace Avalos,Jamie Dunphy,,,
Doug Clove,Noah Ernst,,,,
Candace Avalos,,,,,
Noah Ernst,David Linn,Loretta Smith,Terrence Hayes,,
Candace Avalos,,,,,
Noah Ernst,Candace Avalos,,,,
Candace Avalos,Loretta Smith,Terrence Hayes,Doug Clove,,
Candace Avalos,Jamie Dunphy,Steph Routh,,,
Loretta Smith,,,,,
Candace Avalos,Cayle Tern,Timur Ender,Jamie Dunphy,Steph Routh,David Linn
Terrence Hayes,,,,,
Deian Salazar,Doug Clove,Michael (Mike) Sands,Loretta Smith,Jamie Dunphy,Terrence Hayes
Candace Avalos,Terrence Hayes,Steph Routh,Timur Ender,Loretta Smith,Cayle Tern
Loretta Smith,Deian Salazar,,,,
Timur Ender,Deian Salazar,Jamie Dunphy,Terrence Hayes,Michael (Mike) Sands,Doug Clove
,,,,,
Michael (Mike) Sands,Jamie Dunphy,Timur Ender,Terrence Hayes,Cayle Tern,Loretta Smith
Steph Routh,Doug Clove,Noah Ernst,David Linn,Michael (Mike) Sands,Joe Furi
Joe Allen,Cayle Tern,Thomas Shervey,Terrence Hayes,Loretta Smith,Joe Furi
Jamie Dunphy,Candace Avalos,Steph Routh,Terrence Hayes,,
Loretta Smith,Doug Clove,David Linn,Noah Ernst,Terrence Hayes,Joe Furi
Loretta Smith,Terrence Hayes,Candace Avalos,,,
Terrence Hayes,Michael (Mike) Sands,Loretta Smith,David Linn,Jamie Dunphy,Timur Ender
Cayle Tern,Timur Ender,Deian Salazar,Jamie Dunphy,Loretta Smith,Candace Avalos
,,,,,
Jamie Dunphy,Loretta Smith,Peggy Sue Owens,,,
Loretta Smith,Thomas Shervey,,,,
Loretta Smith,Timur Ender,Steph Routh,Doug Clove,,
Loretta Smith,Steph Routh,Timur Ender,David Linn,Candace Avalos,
Noah Ernst,,,,,
Loretta Smith,Cayle Tern,Candace Avalos,Steph Routh,Jamie Dunphy,Terrence Hayes
Noah Ernst,Timur Ender,Candace Avalos,Loretta Smith,Jamie Dunphy,Terrence Hayes
Doug Clove,Timur Ender,Candace Avalos,,,
Noah Ernst,Cayle Tern,Jamie Dunphy,Peggy Sue Owens,Deian Salazar,Terrence Hayes
Jamie Dunphy,Steph Routh,Noah Ernst,,,
Loretta Smith,,,,,
Terrence Hayes,Candace Avalos,Timur Ender,Noah Ernst,,
Loretta Smith,Candace Avalos,Terrence Hayes,,,
Jamie Dunphy,Steph Routh,Candace Avalos,Doug Clove,Timur Ender,
Loretta Smith,,,,,
Doug Clove,,,,,
Terrence Hayes,Cayle Tern,Jamie Dunphy,Timur Ender,Michael (Mike) Sands,
Loretta Smith,Timur Ender,Candace Avalos,,,
Loretta Smith,,,,,
Candace Avalos,Cayle Tern,Noah Ernst,,,
Jamie Dunphy,Terrence Hayes,Timur Ender,Candace Avalos,Cayle Tern,Michael (Mike) Sands
Candace Avalos,Jamie Dunphy,Loretta Smith,Steph Routh,Timur Ender,Noah Ernst
Candace Avalos,Loretta Smith,Timur Ender,Steph Routh,Jamie Dunphy,Noah Ernst
Peggy Sue Owens,,,,,
Noah Ernst,Terrence Hayes,Loretta Smith,,,
Loretta Smith,Jamie Dunphy,Candace Avalos,Cayle Tern,Timur Ender,David Linn
Jamie Dunphy,Steph Routh,Candace Avalos,Timur Ender,Loretta Smith,Thomas Shervey
Peggy Sue Owens,,,,,
Loretta Smith,Candace Avalos,Timur Ender,Noah Ernst,,
Joe Allen,Timur Ender,,,,
Jamie Dunphy,Steph Routh,Candace Avalos,,,
Noah Ernst,Timur Ender,,,,
Loretta Smith,Jamie Dunphy,Terrence Hayes,Timur Ender,Cayle Tern,Candace Avalos
Deian Salazar,Doug Clove,Joe Allen,Noah Ernst,Loretta Smith,Terrence Hayes
Loretta Smith,Steph Routh,Timur Ender,Michael (Mike) Sands,Terrence Hayes,Jamie Dunphy
Terrence Hayes,Candace Avalos,,,,
Timur Ender,Jamie Dunphy,Doug Clove,,,
Steph Routh,Timur Ender,Candace Avalos,Jamie Dunphy,Terrence Hayes,
Jamie Dunphy,Candace Avalos,Steph Routh,,,
Peggy Sue Owens,Candace Avalos,Deian Salazar,Joe Furi,Cayle Tern,Jamie Dunphy
Timur Ender,Cayle Tern,Michael (Mike) Sands,Jamie Dunphy,Candace Avalos,Steph Routh
Candace Avalos,Cayle Tern,Timur Ender,,,
Doug Clove,Michael (Mike) Sands,David Linn,Steph Routh,Joe Allen,Timur Ender
Peggy Sue Owens,Candace Avalos,Loretta Smith,Steph Routh,Cayle Tern,Timur Ender
Timur Ender,Noah Ernst,Loretta Smith,Terrence Hayes,Jamie Dunphy,Steph Routh
Candace Avalos,Thomas Shervey,David Linn,Timur Ender,Steph Routh,Jamie Dunphy
Candace Avalos,Jamie Dunphy,Steph Routh,Timur Ender,David Linn,Deian Salazar
Jamie Dunphy,Candace Avalos,Steph Routh,Noah Ernst,David Linn,Loretta Smith
Noah Ernst,Terrence Hayes,Doug Clove,,,
Steph Routh,Timur Ender,Candace Avalos,Jamie Dunphy,David Linn,Loretta Smith
Terrence Hayes,Steph Routh,Cayle Tern,Loretta Smith,,
Noah Ernst,Doug Clove,Joe Furi,Terrence Hayes,Deian Salazar,
Terrence Hayes,Jamie Dunphy,,,,
Peggy Sue Owens,Cayle Tern,Noah Ernst,Terrence Hayes,Loretta Smith,Doug Clove
Thomas Shervey,Candace Avalos,Terrence Hayes,,,
Terrence Hayes,Noah Ernst,,,,
Terrence Hayes,Candace Avalos,,,,
Candace Avalos,Steph Routh,Timur Ender,Jamie Dunphy,,
Steph Routh,Jamie Dunphy,Candace Avalos,Timur Ender,David Linn,
Loretta Smith,,,,,
Loretta Smith,Candace Avalos,Terrence Hayes,Steph Routh,,
Loretta Smith,,,,,
Steph Routh,Candace Avalos,Timur Ender,Joe Allen,Michael (Mike) Sands,
Jamie Dunphy,Timur Ender,Noah Ernst,,,
Jamie Dunphy,Steph Routh,Timur Ender,,,
Michael (Mike) Sands,Candace Avalos,Peggy Sue Owens,Terrence Hayes,Joe Furi,
Timur Ender,Candace Avalos,Terrence Hayes,,,
Candace Avalos,Cayle Tern,Deian Salazar,Terrence Hayes,Loretta Smith,Jamie Dunphy
Loretta Smith,,,,,
Peggy Sue Owens,Joe Allen,Loretta Smith,David Linn,Michael (Mike) Sands,
Joe Allen,Candace Avalos,David Linn,Noah Ernst,Cayle Tern,Timur Ender
Loretta Smith,Timur Ender,Terrence Hayes,Steph Routh,Cayle Tern,Candace Avalos
Loretta Smith,Doug Clove,Terrence Hayes,,,
Michael (Mike) Sands,David Linn,Terrence Hayes,Loretta Smith,Candace Avalos,
Steph Routh,Terrence Hayes,Candace Avalos,Timur Ender,Jamie Dunphy,
Peggy Sue Owens,Timur Ender,Noah Ernst,Candace Avalos,Joe Allen,David Linn
,,,,,
Jamie Dunphy,Candace Avalos,Timur Ender,Steph Routh,,
Timur Ender,Joe Allen,Deian Salazar,,,
Noah Ernst,Loretta Smith,Terrence Hayes,Steph Routh,Doug Clove,Jamie Dunphy
Candace Avalos,Jamie Dunphy,Steph Routh,Timur Ender,Loretta Smith,Terrence Hayes
Terrence Hayes,Loretta Smith,Candace Avalos,Timur Ender,Cayle Tern,Thomas Shervey
Timur Ender,,,,,
Steph Routh,Loretta Smith,Candace Avalos,Terrence Hayes,Timur Ender,Jamie Dunphy
Peggy Sue Owens,Loretta Smith,Steph Routh,David Linn,Joe Allen,Michael (Mike) Sands
Candace Avalos,Peggy Sue Owens,Loretta Smith,Steph Routh,Deian Salazar,Jamie Dunphy
Jamie Dunphy,Candace Avalos,Steph Routh,,,
Steph Routh,Jamie Dunphy,,,,
Peggy Sue Owens,Timur Ender,Noah Ernst,Candace Avalos,Joe Allen,David Linn
Joe Furi,,,,,
Loretta Smith,,,,,
Doug Clove,Jamie Dunphy,Candace Avalos,,,
Joe Allen,David Linn,Michael (Mike) Sands,Deian Salazar,,
Steph Routh,Candace Avalos,Timur Ender,Jamie Dunphy,Loretta Smith,Noah Ernst
Jamie Dunphy,Steph Routh,Candace Avalos,Timur Ender,,
Steph Routh,Deian Salazar,Timur Ender,Terrence Hayes,Noah Ernst,Peggy Sue Owens
Loretta Smith,Timur Ender,Terrence Hayes,,,
Michael (Mike) Sands,,,,,
Candace Avalos,David Linn,Cayle Tern,Jamie Dunphy,Terrence Hayes,Steph Routh
Noah Ernst,Doug Clove,Deian Salazar,Terrence Hayes,Thomas Shervey,Steph Routh
Write-in-122,,,,,
Candace Avalos,Jamie Dunphy,Terrence Hayes,Steph Routh,Loretta Smith,Noah Ernst
Candace Avalos,Steph Routh,Timur Ender,Loretta Smith,Jamie Dunphy,Terrence Hayes
Jamie Dunphy,Timur Ender,Write-in-120,,,
Jamie Dunphy,Steph Routh,Cayle Tern,Candace Avalos,Timur Ender,
Candace Avalos,Timur Ender,Steph Routh,Jamie Dunphy,Cayle Tern,David Linn
Candace Avalos,Jamie Dunphy,Steph Routh,,,
Candace Avalos,Terrence Hayes,David Linn,Thomas Shervey,Cayle Tern,Joe Allen
Terrence Hayes,,,,,
Jamie Dunphy,Candace Avalos,Steph Routh,Noah Ernst,David Linn,Loretta Smith
Jamie Dunphy,,,,,
Jamie Dunphy,Terrence Hayes,Loretta Smith,Steph Routh,,
Noah Ernst,Terrence Hayes,Loretta Smith,Jamie Dunphy,Deian Salazar,
,,,,,
Jamie Dunphy,Loretta Smith,Noah Ernst,,,
Loretta Smith,Terrence Hayes,Cayle Tern,Candace Avalos,Peggy Sue Owens,Joe Allen
Terrence Hayes,Candace Avalos,Steph Routh,Jamie Dunphy,David Linn,Timur Ender
Candace Avalos,Timur Ender,Steph Routh,,,
Terrence Hayes,Noah Ernst,Doug Clove,,,
Michael (Mike) Sands,,,,,
Loretta Smith,Cayle Tern,Candace Avalos,Peggy Sue Owens,Steph Routh,Timur Ender
Loretta Smith,Terrence Hayes,Noah Ernst,,,
Loretta Smith,Jamie Dunphy,Candace Avalos,,,
Candace Avalos,Steph Routh,Timur Ender,Jamie Dunphy,,
Steph Routh,Candace Avalos,Noah Ernst,Timur Ender,Joe Allen,Terrence Hayes
Loretta Smith,Terrence Hayes,Noah Ernst,Deian Salazar,Peggy Sue Owens,Steph Routh
Joe Allen,Loretta Smith,Doug Clove,,,
Timur Ender,Joe Allen,Loretta Smith,Terrence Hayes,,
Candace Avalos,,,,,
Candace Avalos,Timur Ender,Steph Routh,Jamie Dunphy,Loretta Smith,Cayle Tern
Steph Routh,Terrence Hayes,Joe Furi,David Linn,Candace Avalos,Timur Ender
Loretta Smith,Candace Avalos,Cayle Tern,Steph Routh,,
Jamie Dunphy,Candace Avalos,Steph Routh,Noah Ernst,Loretta Smith,Terrence Hayes
Noah Ernst,Terrence Hayes,Doug Clove,Loretta Smith,Joe Allen,Deian Salazar
Jamie Dunphy,Steph Routh,Candace Avalos,Timur Ender,Loretta Smith,
Timur Ender,Jamie Dunphy,Candace Avalos,Terrence Hayes,,
Candace Avalos,Cayle Tern,Timur Ender,Steph Routh,David Linn,Jamie Dunphy
Steph Routh,Terrence Hayes,Candace Avalos,Doug Clove,Loretta Smith,David Linn
Steph Routh,Candace Avalos,Jamie Dunphy,Timur Ender,Cayle Tern,Thomas Shervey
Thomas Shervey,Candace Avalos,Cayle Tern,Jamie Dunphy,Noah Ernst,Terrence Hayes
Doug Clove,Steph Routh,Timur Ender,,,
Candace Avalos,Loretta Smith,Timur Ender,,,
Candace Avalos,Timur Ender,Terrence Hayes,Deian Salazar,Jamie Dunphy,Cayle Tern
Loretta Smith,,,,,
Candace Avalos,Joe Furi,Peggy Sue Owens,Thomas Shervey,Michael (Mike) Sands,Write-in-121
Candace Avalos,Timur Ender,Cayle Tern,,,
Candace Avalos,Cayle Tern,Joe Allen,Doug Clove,Deian Salazar,Peggy Sue Owens
Deian Salazar,,,,,
Steph Routh,Candace Avalos,Timur Ender,Jamie Dunphy,Loretta Smith,
Jamie Dunphy,Timur Ender,Steph Routh,Loretta Smith,Cayle Tern,Terrence Hayes
Terrence Hayes,Loretta Smith,Steph Routh,Jamie Dunphy,Candace Avalos,Deian Salazar
Loretta Smith,,,,,
Candace Avalos,David Linn,Peggy Sue Owens,Michael (Mike) Sands,Noah Ernst,Terrence Hayes
Loretta Smith,Michael (Mike) Sands,Doug Clove,Timur Ender,Joe Allen,Peggy Sue Owens
Steph Routh,Candace Avalos,Jamie Dunphy,Timur Ender,Cayle Tern,
Terrence Hayes,,,,,
Steph Routh,Jamie Dunphy,,,,
Noah Ernst,Joe Allen,Thomas Shervey,,,
Loretta Smith,Noah Ernst,Terrence Hayes,,,
Timur Ender,David Linn,Loretta Smith,,,
,,,,,
Timur Ender,Terrence Hayes,Steph Routh,Candace Avalos,Jamie Dunphy,David Linn
Noah Ernst,Doug Clove,Joe Allen,,,
Jamie Dunphy,Candace Avalos,Terrence Hayes,,,
Steph Routh,Candace Avalos,Jamie Dunphy,,,
Candace Avalos,Terrence Hayes,Steph Routh,Loretta Smith,Timur Ender,Deian Salazar
Terrence Hayes,Noah Ernst,Loretta Smith,,,
Candace Avalos,Timur Ender,Steph Routh,Jamie Dunphy,Cayle Tern,David Linn
Noah Ernst,Steph Routh,,,,
Jamie Dunphy,Timur Ender,Deian Salazar,Cayle Tern,Steph Routh,David Linn
Candace Avalos,Timur Ender,Steph Routh,Jamie Dunphy,,
David Linn,Thomas Shervey,,,,
Candace Avalos,,,,,
Candace Avalos,,,,,
Steph Routh,Candace Avalos,Jamie Dunphy,Timur Ender,,
Jamie Dunphy,Candace Avalos,Steph Routh,Noah Ernst,David Linn,Loretta Smith
Doug Clove,,,,,
Steph Routh,Jamie Dunphy,,,,
Terrence Hayes,Noah Ernst,Joe Allen,Cayle Tern,Loretta Smith,Steph Routh
Candace Avalos,Steph Routh,Timur Ender,Jamie Dunphy,,
Jamie Dunphy,Steph Routh,Timur Ender,Loretta Smith,Candace Avalos,Peggy Sue Owens
Michael (Mike) Sands,Joe Allen,Noah Ernst,Timur Ender,Steph Routh,Jamie Dunphy
Jamie Dunphy,Steph Routh,Loretta Smith,Terrence Hayes,David Linn,Peggy Sue Owens
Candace Avalos,Loretta Smith,Noah Ernst,David Linn,Peggy Sue Owens,Jamie Dunphy
Steph Routh,Noah Ernst,Timur Ender,Joe Allen,David Linn,Doug Clove
Timur Ender,Joe Allen,Cayle Tern,David Linn,Doug Clove,
Candace Avalos,Loretta Smith,Jamie Dunphy,Terrence Hayes,Michael (Mike) Sands,
Candace Avalos,,,,,
Joe Allen,Loretta Smith,Peggy Sue Owens,,,
Loretta Smith,Candace Avalos,Steph Routh,Cayle Tern,Timur Ender,
Loretta Smith,Joe Allen,,,,
Doug Clove,Timur Ender,Loretta Smith,Joe Allen,Jamie Dunphy,Cayle Tern
Peggy Sue Owens,Candace Avalos,Joe Allen,David Linn,,
Timur Ender,Cayle Tern,,,,
Timur Ender,Candace Avalos,Terrence Hayes,Michael (Mike) Sands,Jamie Dunphy,Joe Allen
,,,,,
Steph Routh,Candace Avalos,Jamie Dunphy,Noah Ernst,David Linn,
Terrence Hayes,Loretta Smith,Deian Salazar,Cayle Tern,Timur Ender,Doug Clove
Loretta Smith,Terrence Hayes,Jamie Dunphy,Michael (Mike) Sands,Timur Ender,Steph Routh
Jamie Dunphy,Candace Avalos,Noah Ernst,,,
Loretta Smith,Terrence Hayes,Timur Ender,Steph Routh,Noah Ernst,Candace Avalos
Noah Ernst,Terrence Hayes,Joe Furi,Loretta Smith,Doug Clove,
Loretta Smith,Jamie Dunphy,Terrence Hayes,Steph Routh,Timur Ender,
Steph Routh,Timur Ender,David Linn,Candace Avalos,Cayle Tern,Jamie Dunphy
Jamie Dunphy,Candace Avalos,Steph Routh,Timur Ender,,
Michael (Mike) Sands,Joe Allen,Steph Routh,,,
Loretta Smith,,,,,
Jamie Dunphy,Timur Ender,Candace Avalos,Steph Routh,,
Loretta Smith,,,,,
Deian Salazar,Jamie Dunphy,Candace Avalos,Timur Ender,Loretta Smith,Terrence Hayes
Steph Routh,Candace Avalos,,,,
Steph Routh,David Linn,Timur Ender,Candace Avalos,Cayle Tern,Jamie Dunphy
Terrence Hayes,Candace Avalos,Steph Routh,,,
Jamie Dunphy,Timur Ender,Candace Avalos,Steph Routh,,
Noah Ernst,Doug Clove,Deian Salazar,,,
Candace Avalos,,,,,
Doug Clove,Noah Ernst,Joe Allen,Deian Salazar,Loretta Smith,Jamie Dunphy
Steph Routh,Candace Avalos,Jamie Dunphy,Timur Ender,Terrence Hayes,David Linn
Timur Ender,Candace Avalos,Loretta Smith,Steph Routh,Jamie Dunphy,Terrence Hayes
Peggy Sue Owens,Candace Avalos,Noah Ernst,,,
Timur Ender,Noah Ernst,,,,
Steph Routh,Jamie Dunphy,Timur Ender,Candace Avalos,Peggy Sue Owens,
Loretta Smith,,,,,
Jamie Dunphy,,,,,
Loretta Smith,,,,,
Steph Routh,Timur Ender,Loretta Smith,David Linn,,
Noah Ernst,Peggy Sue Owens,,,,
Cayle Tern,Steph Routh,Terrence Hayes,Michael (Mike) Sands,,
Timur Ender,Joe Allen,Cayle Tern,David Linn,Doug Clove,
Steph Routh,Loretta Smith,Noah Ernst,Deian Salazar,Jamie Dunphy,David Linn
Jamie Dunphy,David Linn,Peggy Sue Owens,Doug Clove,Candace Avalos,Loretta Smith
Loretta Smith,Terrence Hayes,Steph Routh,Jamie Dunphy,Deian Salazar,Candace Avalos
Timur Ender,Thomas Shervey,Doug Clove,David Linn,Candace Avalos,Cayle Tern
Loretta Smith,Terrence Hayes,Candace Avalos,Cayle Tern,Noah Ernst,Joe Furi
Loretta Smith,Steph Routh,,,,
Terrence Hayes,Peggy Sue Owens,Deian Salazar,Loretta Smith,Noah Ernst,Jamie Dunphy
Timur Ender,Noah Ernst,Candace Avalos,,,
Thomas Shervey,Doug Clove,Jamie Dunphy,Steph Routh,,
Jamie Dunphy,Candace Avalos,Steph Routh,,,
Jamie Dunphy,Steph Routh,Candace Avalos,David Linn,,
Candace Avalos,Cayle Tern,Timur Ender,Steph Routh,Jamie Dunphy,David Linn
Steph Routh,Timur Ender,Thomas Shervey,Jamie Dunphy,Joe Furi,Deian Salazar
Candace Avalos,,,,,
Candace Avalos,Timur Ender,Steph Routh,,,
Jamie Dunphy,Loretta Smith,Candace Avalos,,,
Timur Ender,Jamie Dunphy,David Linn,Doug Clove,Steph Routh,
Jamie Dunphy,,,,,
Noah Ernst,,,,,
Candace Avalos,Loretta Smith,Terrence Hayes,,,
Loretta Smith,Terrence Hayes,Candace Avalos,Steph Routh,Michael (Mike) Sands,Timur Ender
Candace Avalos,Jamie Dunphy,Steph Routh,David Linn,Noah Ernst,Cayle Tern
Steph Routh,Jamie Dunphy,Candace Avalos,,,
Loretta Smith,Timur Ender,Terrence Hayes,Steph Routh,David Linn,Jamie Dunphy
Candace Avalos,Jamie Dunphy,,,,
Steph Routh,Cayle Tern,Loretta Smith,Candace Avalos,Jamie Dunphy,Terrence Hayes
Noah Ernst,Terrence Hayes,Joe Furi,Loretta Smith,Doug Clove,
Noah Ernst,Doug Clove,Terrence Hayes,Steph Routh,Jamie Dunphy,Thomas Shervey
Jamie Dunphy,Candace Avalos,Loretta Smith,,,
Steph Routh,Jamie Dunphy,Candace Avalos,Timur Ender,,
Jamie Dunphy,Timur Ender,Cayle Tern,,,
Timur Ender,,,,,
Steph Routh,Terrence Hayes,Joe Allen,,,
Loretta Smith,,,,,
Joe Allen,Jamie Dunphy,Steph Routh,Timur Ender,Candace Avalos,Cayle Tern
Timur Ender,Candace Avalos,,,,
Steph Routh,Candace Avalos,Cayle Tern,Jamie Dunphy,Loretta Smith,Joe Allen
Steph Routh,Terrence Hayes,Noah Ernst,Doug Clove,Deian Salazar,Thomas Shervey
Timur Ender,Candace Avalos,Steph Routh,Loretta Smith,Jamie Dunphy,
Loretta Smith,Steph Routh,Joe Allen,Peggy Sue Owens,Candace Avalos,Jamie Dunphy
Loretta Smith,Jamie Dunphy,David Linn,Candace Avalos,Noah Ernst,Doug Clove
David Linn,Loretta Smith,Cayle Tern,Deian Salazar,Terrence Hayes,
Terrence Hayes,Loretta Smith,Timur Ender,,,
Jamie Dunphy,Candace Avalos,Loretta Smith,Terrence Hayes,David Linn,Deian Salazar
Terrence Hayes,Candace Avalos,Jamie Dunphy,David Linn,,
Candace Avalos,,,,,
,,,,,
Peggy Sue Owens,Loretta Smith,Candace Avalos,,,
Terrence Hayes,Candace Avalos,Cayle Tern,Timur Ender,Steph Routh,Noah Ernst
Timur Ender,Steph Routh,Jamie Dunphy,Michael (Mike) Sands,Deian Salazar,David Linn
Candace Avalos,Timur Ender,Steph Routh,Cayle Tern,Jamie Dunphy,David Linn
Steph Routh,Jamie Dunphy,Terrence Hayes,Candace Avalos,Timur Ender,Loretta Smith
Terrence Hayes,Noah Ernst,Joe Allen,Loretta Smith,Doug Clove,Write-in-120
Steph Routh,Loretta Smith,Jamie Dunphy,,,
Jamie Dunphy,Candace Avalos,Steph Routh,Noah Ernst,David Linn,Loretta Smith
Noah Ernst,Joe Allen,Doug Clove,Thomas Shervey,Michael (Mike) Sands,Deian Salazar
Steph Routh,Loretta Smith,Timur Ender,,,
Jamie Dunphy,Candace Avalos,Steph Routh,Noah Ernst,David Linn,Loretta Smith
Loretta Smith,Jamie Dunphy,Terrence Hayes,Candace Avalos,Steph Routh,Timur Ender
Candace Avalos,Steph Routh,,,,
Joe Allen,Candace Avalos,Doug Clove,,,
Steph Routh,Candace Avalos,Terrence Hayes,Jamie Dunphy,David Linn,Cayle Tern
Peggy Sue Owens,Loretta Smith,Jamie Dunphy,Joe Allen,Joe Furi,Deian Salazar
Noah Ernst,Loretta Smith,Terrence Hayes,Steph Routh,Joe Allen,David Linn
Candace Avalos,Jamie Dunphy,Cayle Tern,Timur Ender,Steph Routh,Loretta Smith
Noah Ernst,Steph Routh,Loretta Smith,Terrence Hayes,,
,,,,,
Loretta Smith,Timur Ender,Candace Avalos,,,
Jamie Dunphy,Candace Avalos,Steph Routh,,,
Loretta Smith,,,,,
Candace Avalos,Steph Routh,Jamie Dunphy,Cayle Tern,Timur Ender,
Noah Ernst,,,,,
Jamie Dunphy,,,,,
Timur Ender,Candace Avalos,Cayle Tern,,,
Jamie Dunphy,Loretta Smith,Timur Ender,Steph Routh,Terrence Hayes,Noah Ernst
Terrence Hayes,Steph Routh,,,,
Candace Avalos,Timur Ender,Loretta Smith,,,
Michael (Mike) Sands,Doug Clove,David Linn,Joe Allen,Deian Salazar,Steph Routh
Terrence Hayes,Steph Routh,Candace Avalos,Timur Ender,,
Terrence Hayes,,,,,
David Linn,Terrence Hayes,Write-in-120,Deian Salazar,Timur Ender,Joe Furi
Jamie Dunphy,Candace Avalos,Joe Allen,,,
Timur Ender,Candace Avalos,Steph Routh,Cayle Tern,Jamie Dunphy,
,,,,,
Candace Avalos,Steph Routh,Loretta Smith,Timur Ender,Jamie Dunphy,Terrence Hayes
Jamie Dunphy,Steph Routh,Terrence Hayes,,,
Candace Avalos,Michael (Mike) Sands,Timur Ender,Steph Routh,Jamie Dunphy,David Linn
Loretta Smith,Terrence Hayes,,,,
Cayle Tern,Michael (Mike) Sands,Jamie Dunphy,Terrence Hayes,Timur Ender,Peggy Sue Owens
Loretta Smith,,,,,
Candace Avalos,Cayle Tern,Terrence Hayes,,,
Steph Routh,Joe Furi,Candace Avalos,,,
,,,,,
Noah Ernst,Terrence Hayes,,,,
Deian Salazar,Timur Ender,Michael (Mike) Sands,Noah Ernst,Terrence Hayes,Steph Routh
Jamie Dunphy,Loretta Smith,Steph Routh,Candace Avalos,Peggy Sue Owens,Deian Salazar
Michael (Mike) Sands,Jamie Dunphy,Joe Allen,,,
Noah Ernst,Peggy Sue Owens,Loretta Smith,,,
Loretta Smith,,,,,
Doug Clove,,,,,
Candace Avalos,Timur Ender,Cayle Tern,Jamie Dunphy,Steph Routh,
Timur Ender,Joe Allen,Terrence Hayes,Loretta Smith,,
Timur Ender,Candace Avalos,Cayle Tern,Terrence Hayes,David Linn,
Loretta Smith,,,,,
Candace Avalos,Timur Ender,Steph Routh,Jamie Dunphy,David Linn,Cayle Tern
Steph Routh,Terrence Hayes,Loretta Smith,Michael (Mike) Sands,Deian Salazar,David Linn
Noah Ernst,,,,,
Terrence Hayes,Candace Avalos,Steph Routh,Jamie Dunphy,David Linn,
Jamie Dunphy,Thomas Shervey,Candace Avalos,,,
Candace Avalos,Loretta Smith,Jamie Dunphy,,,
Michael (Mike) Sands,Loretta Smith,Joe Allen,Noah Ernst,David Linn,Joe Furi
Jamie Dunphy,Steph Routh,Noah Ernst,Timur Ender,Terrence Hayes,
Steph Routh,Candace Avalos,Jamie Dunphy,Timur Ender,,
Noah Ernst,,,,,
Jamie Dunphy,Noah Ernst,Terrence Hayes,,,
Terrence Hayes,Steph Routh,Timur Ender,Candace Avalos,Deian Salazar,Jamie Dunphy
Candace Avalos,Steph Routh,Terrence Hayes,Timur Ender,,
Jamie Dunphy,Candace Avalos,Steph Routh,,,
Joe Allen,,,,,
Loretta Smith,Peggy Sue Owens,Candace Avalos,David Linn,Thomas Shervey,Michael (Mike) Sands
Timur Ender,Steph Routh,Jamie Dunphy,Candace Avalos,Terrence Hayes,Loretta Smith
Loretta Smith,Thomas Shervey,Steph Routh,Jamie Dunphy,Noah Ernst,Timur Ender
Joe Allen,Candace Avalos,David Linn,Doug Clove,Peggy Sue Owens,Michael (Mike) Sands
Steph Routh,Jamie Dunphy,Candace Avalos,David Linn,Joe Allen,Loretta Smith
Noah Ernst,Timur Ender,David Linn,Joe Allen,,
Steph Routh,Candace Avalos,Timur Ender,Terrence Hayes,,
Timur Ender,David Linn,Steph Routh,Terrence Hayes,Jamie Dunphy,Candace Avalos
Peggy Sue Owens,Noah Ernst,Loretta Smith,,,
Candace Avalos,Steph Routh,Timur Ender,Jamie Dunphy,Loretta Smith,
Noah Ernst,,,,,
Cayle Tern,Doug Clove,Candace Avalos,Jamie Dunphy,Noah Ernst,Timur Ender
Steph Routh,Loretta Smith,Jamie Dunphy,,,
Timur Ender,Candace Avalos,David Linn,Cayle Tern,,
Loretta Smith,,,,,
Noah Ernst,Terrence Hayes,Deian Salazar,,,
Candace Avalos,Timur Ender,Steph Routh,,,
Loretta Smith,Peggy Sue Owens,Steph Routh,Candace Avalos,Doug Clove,Timur Ender
Michael (Mike) Sands,Cayle Tern,Candace Avalos,Joe Allen,Peggy Sue Owens,Loretta Smith
Deian Salazar,Jamie Dunphy,Joe Furi,Michael (Mike) Sands,,
Loretta Smith,,,,,
Deian Salazar,Loretta Smith,Terrence Hayes,Steph Routh,Thomas Shervey,Candace Avalos
Terrence Hayes,Doug Clove,Jamie Dunphy,David Linn,Peggy Sue Owens,Deian Salazar
Candace Avalos,Timur Ender,Jamie Dunphy,Steph Routh,,
Jamie Dunphy,Loretta Smith,Steph Routh,Doug Clove,Candace Avalos,Michael (Mike) Sands
Candace Avalos,Steph Routh,Timur Ender,Write-in-120,,
Loretta Smith,Terrence Hayes,Jamie Dunphy,Michael (Mike) Sands,Noah Ernst,Timur Ender
Candace Avalos,Cayle Tern,Thomas Shervey,Michael (Mike) Sands,Steph Routh,Jamie Dunphy
Steph Routh,Loretta Smith,Timur Ender,Terrence Hayes,David Linn,Jamie Dunphy
Jamie Dunphy,Candace Avalos,David Linn,Timur Ender,Steph Routh,Deian Salazar
Noah Ernst,Doug Clove,Deian Salazar,Joe Furi,Candace Avalos,Joe Allen
Steph Routh,Candace Avalos,,,,
Timur Ender,Doug Clove,Loretta Smith,,,
Cayle Tern,Candace Avalos,Timur Ender,,,
Candace Avalos,Jamie Dunphy,Steph Routh,Timur Ender,Cayle Tern,David Linn
Deian Salazar,Candace Avalos,David Linn,Terrence Hayes,Doug Clove,Steph Routh
Jamie Dunphy,Steph Routh,Candace Avalos,,,
Candace Avalos,Michael (Mike) Sands,Loretta Smith,Joe Allen,Peggy Sue Owens,Jamie Dunphy
Steph Routh,Jamie Dunphy,Candace Avalos,David Linn,,
Noah Ernst,Candace Avalos,Joe Allen,Peggy Sue Owens,Loretta Smith,Steph Routh
Peggy Sue Owens,Timur Ender,Noah Ernst,Candace Avalos,Joe Allen,David Linn
Doug Clove,David Linn,Cayle Tern,Terrence Hayes,,
Jamie Dunphy,,,,,
Timur Ender,Candace Avalos,Steph Routh,Jamie Dunphy,,
Loretta Smith,Joe Allen,Candace Avalos,Deian Salazar,Steph Routh,Peggy Sue Owens
Timur Ender,,,,,
Candace Avalos,Steph Routh,,,,
Terrence Hayes,Jamie Dunphy,Steph Routh,Candace Avalos,Thomas Shervey,David Linn
Joe Allen,Noah Ernst,Loretta Smith,Steph Routh,,
Loretta Smith,Jamie Dunphy,David Linn,Candace Avalos,,
Loretta Smith,,,,,
Loretta Smith,Terrence Hayes,Noah Ernst,Cayle Tern,Steph Routh,Jamie Dunphy
Peggy Sue Owens,Candace Avalos,Loretta Smith,,,
Loretta Smith,Candace Avalos,Doug Clove,Joe Furi,Terrence Hayes,Jamie Dunphy
David Linn,Steph Routh,Candace Avalos,Jamie Dunphy,Noah Ernst,Loretta Smith
Terrence Hayes,,,,,
Jamie Dunphy,Candace Avalos,Steph Routh,Noah Ernst,David Linn,Loretta Smith
Jamie Dunphy,Steph Routh,Candace Avalos,Timur Ender,,
Deian Salazar,Noah Ernst,Loretta Smith,Joe Allen,Terrence Hayes,Doug Clove
Jamie Dunphy,Steph Routh,Candace Avalos,Terrence Hayes,Noah Ernst,
Candace Avalos,Steph Routh,Loretta Smith,Timur Ender,,
Peggy Sue Owens,David Linn,Michael (Mike) Sands,Noah Ernst,Timur Ender,Loretta Smith
Candace Avalos,Deian Salazar,Timur Ender,Noah Ernst,,
Joe Furi,Terrence Hayes,Loretta Smith,Doug Clove,,
Timur Ender,David Linn,Loretta Smith,Candace Avalos,,
Steph Routh,Noah Ernst,Candace Avalos,Michael (Mike) Sands,Loretta Smith,Jamie Dunphy
Candace Avalos,Cayle Tern,Timur Ender,,,
Steph Routh,Noah Ernst,Terrence Hayes,Candace Avalos,Timur Ender,Cayle Tern
Timur Ender,Steph Routh,Loretta Smith,Jamie Dunphy,Doug Clove,Michael (Mike) Sands
Loretta Smith,Candace Avalos,Steph Routh,Terrence Hayes,Timur Ender,Peggy Sue Owens
Candace Avalos,Steph Routh,Timur Ender,Cayle Tern,,
Steph Routh,Jamie Dunphy,Candace Avalos,Timur Ender,,
Candace Avalos,Timur Ender,Jamie Dunphy,Steph Routh,Cayle Tern,Terrence Hayes
Doug Clove,Joe Furi,,,,
Terrence Hayes,Jamie Dunphy,Cayle Tern,Noah Ernst,Peggy Sue Owens,Doug Clove
Candace Avalos,Terrence Hayes,Noah Ernst,Timur Ender,,
Loretta Smith,Terrence Hayes,Peggy Sue Owens,Candace Avalos,Doug Clove,Joe Furi
Noah Ernst,Terrence Hayes,Loretta Smith,,,
Steph Routh,Loretta Smith,Cayle Tern,Michael (Mike) Sands,Deian Salazar,Joe Allen
Deian Salazar,Timur Ender,Terrence Hayes,,,
Loretta Smith,Steph Routh,,,,
Steph Routh,Candace Avalos,Timur Ender,David Linn,Jamie Dunphy,Cayle Tern
Terrence Hayes,Noah Ernst,Jamie Dunphy,,,
Candace Avalos,Jamie Dunphy,David Linn,Steph Routh,Timur Ender,Cayle Tern
Michael (Mike) Sands,Candace Avalos,David Linn,Jamie Dunphy,Timur Ender,
Candace Avalos,Jamie Dunphy,Terrence Hayes,Timur Ender,Steph Routh,David Linn
Deian Salazar,Noah Ernst,Timur Ender,Doug Clove,Candace Avalos,Joe Furi
Peggy Sue Owens,,,,,
Candace Avalos,Terrence Hayes,Steph Routh,Timur Ender,Jamie Dunphy,Noah Ernst
Candace Avalos,Deian Salazar,Peggy Sue Owens,Loretta Smith,Thomas Shervey,Joe Allen
Joe Allen,Michael (Mike) Sands,Cayle Tern,Steph Routh,Doug Clove,David Linn
Candace Avalos,David Linn,Deian Salazar,,,
Doug Clove,,,,,
Peggy Sue Owens,Timur Ender,Noah Ernst,Candace Avalos,Joe Allen,David Linn
Terrence Hayes,Noah Ernst,Candace Avalos,,,
Michael (Mike) Sands,,,,,
Loretta Smith,Steph Routh,Terrence Hayes,Joe Allen,Timur Ender,Jamie Dunphy
Loretta Smith,Terrence Hayes,Doug Clove,Noah Ernst,Joe Allen,
Doug Clove,Jamie Dunphy,Joe Allen,,,
Michael (Mike) Sands,,,,,
Candace Avalos,Steph Routh,Jamie Dunphy,Peggy Sue Owens,Cayle Tern,
Jamie Dunphy,,,,,
Candace Avalos,Steph Routh,Timur Ender,Jamie Dunphy,,
Loretta Smith,Noah Ernst,,,,
Loretta Smith,Timur Ender,David Linn,Cayle Tern,Candace Avalos,Jamie Dunphy
Loretta Smith,Candace Avalos,Terrence Hayes,Doug Clove,Deian Salazar,Michael (Mike) Sands
Jamie Dunphy,Candace Avalos,Steph Routh,Timur Ender,Loretta Smith,Deian Salazar
Loretta Smith,Steph Routh,,,,
Loretta Smith,Terrence Hayes,Noah Ernst,,,
Terrence Hayes,Peggy Sue Owens,Loretta Smith,Michael (Mike) Sands,Joe Allen,Timur Ender
Jamie Dunphy,Steph Routh,Noah Ernst,Candace Avalos,David Linn,Terrence Hayes
Jamie Dunphy,Candace Avalos,Steph Routh,Timur Ender,Loretta Smith,
Loretta Smith,Terrence Hayes,Cayle Tern,Michael (Mike) Sands,Joe Allen,Jamie Dunphy
Joe Allen,Noah Ernst,Terrence Hayes,David Linn,Peggy Sue Owens,Jamie Dunphy
Noah Ernst,Loretta Smith,Terrence Hayes,Timur Ender,Cayle Tern,David Linn
Candace Avalos,Jamie Dunphy,Cayle Tern,Joe Furi,Timur Ender,Michael (Mike) Sands
Candace Avalos,Thomas Shervey,Timur Ender,,,
Jamie Dunphy,Candace Avalos,Cayle Tern,Timur Ender,,
Candace Avalos,,,,,
Deian Salazar,,,,,
Loretta Smith,Joe Allen,Terrence Hayes,Michael (Mike) Sands,Cayle Tern,Jamie Dunphy
Candace Avalos,Timur Ender,Terrence Hayes,Loretta Smith,Jamie Dunphy,Cayle Tern
Noah Ernst,Doug Clove,Terrence Hayes,Steph Routh,Jamie Dunphy,Thomas Shervey
Loretta Smith,Terrence Hayes,Steph Routh,Joe Allen,Candace Avalos,Jamie Dunphy
Candace Avalos,Timur Ender,Steph Routh,,,
David Linn,Michael (Mike) Sands,Timur Ender,Steph Routh,Candace Avalos,Cayle Tern
Terrence Hayes,Joe Furi,Joe Allen,David Linn,Timur Ender,Thomas Shervey
Jamie Dunphy,Noah Ernst,,,,
Noah Ernst,Candace Avalos,Write-in-120,,,
Timur Ender,,,,,
Jamie Dunphy,Candace Avalos,Steph Routh,Timur Ender,,
Joe Allen,Joe Furi,Thomas Shervey,,,
Timur Ender,Loretta Smith,Steph Routh,Jamie Dunphy,,
Peggy Sue Owens,David Linn,Joe Allen,Jamie Dunphy,Loretta Smith,Thomas Shervey
Terrence Hayes,Loretta Smith,Steph Routh,,,
Candace Avalos,Loretta Smith,Cayle Tern,Doug Clove,Deian Salazar,Michael (Mike) Sands
Loretta Smith,Steph Routh,Jamie Dunphy,,,
Cayle Tern,Peggy Sue Owens,Loretta Smith,,,
Loretta Smith,Candace Avalos,David Linn,Peggy Sue Owens,,
Terrence Hayes,Noah Ernst,Loretta Smith,,,
Loretta Smith,Cayle Tern,Noah Ernst,Deian Salazar,Joe Furi,Joe Allen
Candace Avalos,Loretta Smith,Steph Routh,Cayle Tern,Noah Ernst,Timur Ender
Candace Avalos,Steph Routh,Timur Ender,,,
Michael (Mike) Sands,Joe Allen,Deian Salazar,,,
Steph Routh,Candace Avalos,Jamie Dunphy,Deian Salazar,Peggy Sue Owens,Loretta Smith
Loretta Smith,Terrence Hayes,Steph Routh,Jamie Dunphy,Deian Salazar,Candace Avalos
Steph Routh,,,,,
David Linn,Candace Avalos,Loretta Smith,Timur Ender,Steph Routh,Terrence Hayes
Timur Ender,Candace Avalos,Peggy Sue Owens,Joe Furi,Loretta Smith,Jamie Dunphy
Terrence Hayes,Steph Routh,Timur Ender,Jamie Dunphy,David Linn,Doug Clove
Steph Routh,Timur Ender,,,,
Noah Ernst,Terrence Hayes,Doug Clove,Loretta Smith,Joe Allen,Deian Salazar
Loretta Smith,Terrence Hayes,Candace Avalos,Timur Ender,Joe Allen,Cayle Tern
Loretta Smith,Noah Ernst,Candace Avalos,Steph Routh,Terrence Hayes,Joe Allen
Timur Ender,,,,,
Jamie Dunphy,Candace Avalos,Steph Routh,,,
Candace Avalos,Jamie Dunphy,Timur Ender,Steph Routh,Doug Clove,
Jamie Dunphy,Steph Routh,Candace Avalos,Timur Ender,Cayle Tern,Noah Ernst
Loretta Smith,Michael (Mike) Sands,Joe Allen,Joe Furi,Noah Ernst,Terrence Hayes
Doug Clove,Joe Furi,,,,
Loretta Smith,Terrence Hayes,Timur Ender,Deian Salazar,,
Terrence Hayes,Loretta Smith,Cayle Tern,Jamie Dunphy,Deian Salazar,Candace Avalos
Terrence Hayes,Noah Ernst,Michael (Mike) Sands,,,
Candace Avalos,Steph Routh,Timur Ender,Jamie Dunphy,Loretta Smith,Cayle Tern
Terrence Hayes,,,,,
Timur Ender,Steph Routh,Jamie Dunphy,Candace Avalos,,
Jamie Dunphy,Steph Routh,Candace Avalos,Noah Ernst,David Linn,Loretta Smith
Jamie Dunphy,Steph Routh,Timur Ender,Noah Ernst,Candace Avalos,Loretta Smith
Terrence Hayes,Steph Routh,Loretta Smith,Timur Ender,Noah Ernst,David Linn
Jamie Dunphy,Timur Ender,Noah Ernst,Candace Avalos,Terrence Hayes,Steph Routh
Jamie Dunphy,Candace Avalos,Steph Routh,Noah Ernst,David Linn,
David Linn,Thomas Shervey,Joe Allen,Loretta Smith,Joe Furi,
Loretta Smith,,,,,
Loretta Smith,Terrence Hayes,Candace Avalos,,,
Jamie Dunphy,Steph Routh,Candace Avalos,Loretta Smith,,
Timur Ender,Write-in-120,Write-in-121,Write-in-122,David Linn,Joe Furi
Candace Avalos,Timur Ender,Cayle Tern,David Linn,,
Loretta Smith,Terrence Hayes,Steph Routh,Candace Avalos,David Linn,Timur Ender
Timur Ender,Noah Ernst,Terrence Hayes,Steph Routh,,
Noah Ernst,Doug Clove,Joe Furi,,,
Steph Routh,Jamie Dunphy,Terrence Hayes,Candace Avalos,Timur Ender,
Deian Salazar,Timur Ender,,,,
Timur Ender,David Linn,Jamie Dunphy,Steph Routh,Loretta Smith,
Noah Ernst,Michael (Mike) Sands,Terrence Hayes,Doug Clove,Thomas Shervey,Joe Allen
Noah Ernst,Terrence Hayes,Joe Furi,Loretta Smith,Doug Clove,Steph Routh
David Linn,Timur Ender,Loretta Smith,Steph Routh,,
Noah Ernst,Terrence Hayes,David Linn,Steph Routh,Michael (Mike) Sands,Thomas Shervey
Candace Avalos,Steph Routh,Jamie Dunphy,,,
Steph Routh,Timur Ender,Candace Avalos,Michael (Mike) Sands,Loretta Smith,Noah Ernst
Timur Ender,Deian Salazar,Candace Avalos,Jamie Dunphy,Terrence Hayes,Steph Routh
Candace Avalos,Steph Routh,Jamie Dunphy,Timur Ender,,
Terrence Hayes,,,,,
David Linn,Deian Salazar,Terrence Hayes,Candace Avalos,Steph Routh,Timur Ender
Jamie Dunphy,Candace Avalos,Timur Ender,David Linn,Cayle Tern,Michael (Mike) Sands
Loretta Smith,,,,,
Loretta Smith,,,,,
Timur Ender,,,,,
Timur Ender,Terrence Hayes,Candace Avalos,David Linn,Loretta Smith,Thomas Shervey
Terrence Hayes,Noah Ernst,Loretta Smith,,,
Candace Avalos,Jamie Dunphy,Michael (Mike) Sands,Terrence Hayes,Joe Allen,Timur Ender
Steph Routh,Timur Ender,Jamie Dunphy,Candace Avalos,,
Timur Ender,Candace Avalos,Doug Clove,Deian Salazar,Thomas Shervey,Terrence Hayes
Terrence Hayes,Loretta Smith,Deian Salazar,Candace Avalos,Timur Ender,Joe Allen
Candace Avalos,Deian Salazar,David Linn,Terrence Hayes,Cayle Tern,Noah Ernst
Jamie Dunphy,Steph Routh,Timur Ender,Candace Avalos,Loretta Smith,
Loretta Smith,,,,,
Peggy Sue Owens,David Linn,Loretta Smith,Deian Salazar,Michael (Mike) Sands,
Timur Ender,Michael (Mike) Sands,,,,
Loretta Smith,Noah Ernst,Terrence Hayes,Peggy Sue Owens,,
Loretta Smith,,,,,
Loretta Smith,Terrence Hayes,Steph Routh,,,
Jamie Dunphy,Peggy Sue Owens,Steph Routh,Michael (Mike) Sands,Terrence Hayes,
Terrence Hayes,,,,,
Timur Ender,David Linn,Steph Routh,Thomas Shervey,Cayle Tern,
Terrence Hayes,Candace Avalos,Timur Ender,Cayle Tern,Steph Routh,Peggy Sue Owens
Timur Ender,Michael (Mike) Sands,Deian Salazar,Loretta Smith,Joe Allen,Jamie Dunphy
Steph Routh,Candace Avalos,Jamie Dunphy,Timur Ender,,
Michael (Mike) Sands,Doug Clove,Peggy Sue Owens,Joe Allen,Steph Routh,Jamie Dunphy
Terrence Hayes,Candace Avalos,Jamie Dunphy,,,
Timur Ender,Loretta Smith,Steph Routh,Jamie Dunphy,Candace Avalos,Terrence Hayes
Jamie Dunphy,Steph Routh,Candace Avalos,Cayle Tern,Noah Ernst,Loretta Smith
Candace Avalos,Steph Routh,Loretta Smith,Timur Ender,Jamie Dunphy,Terrence Hayes
Noah Ernst,Cayle Tern,Candace Avalos,David Linn,Timur Ender,Doug Clove
Candace Avalos,Timur Ender,Cayle Tern,David Linn,,
Timur Ender,,,,,
Loretta Smith,Steph Routh,,,,
Steph Routh,Jamie Dunphy,Timur Ender,Terrence Hayes,Loretta Smith,Candace Avalos
Timur Ender,Loretta Smith,Candace Avalos,Noah Ernst,Deian Salazar,Terrence Hayes
Candace Avalos,Jamie Dunphy,Steph Routh,Terrence Hayes,Cayle Tern,Michael (Mike) Sands
Doug Clove,Joe Furi,Deian Salazar,Terrence Hayes,Peggy Sue Owens,
Terrence Hayes,Candace Avalos,Cayle Tern,Michael (Mike) Sands,Loretta Smith,Jamie Dunphy
Candace Avalos,Jamie Dunphy,Steph Routh,David Linn,Terrence Hayes,Cayle Tern
Terrence Hayes,Timur Ender,Michael (Mike) Sands,Noah Ernst,Deian Salazar,Thomas Shervey
Michael (Mike) Sands,Loretta Smith,Steph Routh,,,
Candace Avalos,Terrence Hayes,Loretta Smith,Timur Ender,Jamie Dunphy,Cayle Tern
Steph Routh,Noah Ernst,Terrence Hayes,Candace Avalos,Loretta Smith,Jamie Dunphy
Noah Ernst,Deian Salazar,,,,
Joe Allen,,,,,
Loretta Smith,Jamie Dunphy,Steph Routh,Candace Avalos,Timur Ender,Deian Salazar
Candace Avalos,Steph Routh,Timur Ender,Jamie Dunphy,,
Candace Avalos,Loretta Smith,Cayle Tern,Deian Salazar,Steph Routh,Jamie Dunphy
Steph Routh,Jamie Dunphy,,,,
Noah Ernst,Jamie Dunphy,Terrence Hayes,,,
Candace Avalos,Steph Routh,Terrence Hayes,Peggy Sue Owens,Michael (Mike) Sands,Cayle Tern
Loretta Smith,Terrence Hayes,Deian Salazar,,,
Candace Avalos,Jamie Dunphy,Steph Routh,Noah Ernst,Loretta Smith,Timur Ender
Timur Ender,Candace Avalos,Loretta Smith,,,
Jamie Dunphy,Steph Routh,Timur Ender,Candace Avalos,Cayle Tern,David Linn
Noah Ernst,Loretta Smith,Doug Clove,Terrence Hayes,Steph Routh,Deian Salazar
Jamie Dunphy,Timur Ender,David Linn,,,
Timur Ender,David Linn,Doug Clove,Joe Furi,Deian Salazar,Steph Routh
Candace Avalos,Jamie Dunphy,Peggy Sue Owens,,,
Doug Clove,,,,,
Candace Avalos,Loretta Smith,Terrence Hayes,,,
Doug Clove,Joe Allen,Thomas Shervey,Steph Routh,Timur Ender,Deian Salazar
Jamie Dunphy,Candace Avalos,Steph Routh,,,
Steph Routh,Jamie Dunphy,Candace Avalos,Timur Ender,David Linn,Terrence Hayes
Steph Routh,Candace Avalos,Jamie Dunphy,Timur Ender,Loretta Smith,Terrence Hayes
Candace Avalos,Steph Routh,Jamie Dunphy,David Linn,,
Timur Ender,Steph Routh,Candace Avalos,Jamie Dunphy,,
Noah Ernst,Loretta Smith,Candace Avalos,Michael (Mike) Sands,Joe Allen,David Linn
Noah Ernst,Terrence Hayes,Joe Furi,Loretta Smith,Doug Clove,
Doug Clove,Noah Ernst,Deian Salazar,Joe Furi,Loretta Smith,Terrence Hayes
Doug Clove,Jamie Dunphy,Timur Ender,Steph Routh,,
Timur Ender,Candace Avalos,Steph Routh,Terrence Hayes,Loretta Smith,Michael (Mike) Sands
Steph Routh,Jamie Dunphy,Candace Avalos,Loretta Smith,,
Noah Ernst,Timur Ender,,,,
Joe Allen,Timur Ender,Noah Ernst,,,
Loretta Smith,Jamie Dunphy,Candace Avalos,,,
Deian Salazar,Doug Clove,Terrence Hayes,,,
Loretta Smith,Jamie Dunphy,David Linn,Terrence Hayes,Steph Routh,Michael (Mike) Sands
Deian Salazar,Noah Ernst,Joe Allen,Terrence Hayes,Doug Clove,
Peggy Sue Owens,Candace Avalos,David Linn,Joe Furi,Thomas Shervey,Jamie Dunphy
Noah Ernst,Terrence Hayes,Loretta Smith,,,
David Linn,Michael (Mike) Sands,Thomas Shervey,Jamie Dunphy,Joe Allen,Joe Furi
Candace Avalos,Cayle Tern,,,,
Terrence Hayes,Steph Routh,Loretta Smith,David Linn,,
Jamie Dunphy,Steph Routh,Candace Avalos,Loretta Smith,Terrence Hayes,Noah Ernst
Jamie Dunphy,Steph Routh,Candace Avalos,,,
Loretta Smith,Timur Ender,Steph Routh,Doug Clove,,
Michael (Mike) Sands,Timur Ender,Jamie Dunphy,Noah Ernst,Steph Routh,Peggy Sue Owens
Thomas Shervey,,,,,
Michael (Mike) Sands,Loretta Smith,,,,
Terrence Hayes,,,,,
Loretta Smith,David Linn,Terrence Hayes,,,
Candace Avalos,Jamie Dunphy,Steph Routh,,,
Jamie Dunphy,Terrence Hayes,Noah Ernst,Loretta Smith,Steph Routh,
Candace Avalos,,,,,
Doug Clove,Timur Ender,Steph Routh,,,
Jamie Dunphy,Cayle Tern,Steph Routh,Joe Allen,David Linn,
Joe Allen,,,,,
Timur Ender,,,,,
Loretta Smith,,,,,
Cayle Tern,Candace Avalos,Timur Ender,Terrence Hayes,Steph Routh,Loretta Smith
Steph Routh,Loretta Smith,Jamie Dunphy,Terrence Hayes,Thomas Shervey,Candace Avalos
Jamie Dunphy,Terrence Hayes,Loretta Smith,Candace Avalos,Noah Ernst,Steph Routh
Jamie Dunphy,,,,,
Terrence Hayes,Jamie Dunphy,,,,
Timur Ender,Candace Avalos,Jamie Dunphy,,,
Candace Avalos,Steph Routh,Jamie Dunphy,Thomas Shervey,Peggy Sue Owens,Joe Furi
Jamie Dunphy,Steph Routh,Noah Ernst,Candace Avalos,,
Candace Avalos,Cayle Tern,Terrence Hayes,Timur Ender,Write-in-121,Write-in-122
Jamie Dunphy,,,,,
Peggy Sue Owens,Noah Ernst,,,,
David Linn,Joe Furi,Noah Ernst,,,
Timur Ender,Candace Avalos,David Linn,,,
Candace Avalos,Jamie Dunphy,Timur Ender,Terrence Hayes,Steph Routh,Loretta Smith
Michael (Mike) Sands,Noah Ernst,,,,
Loretta Smith,Terrence Hayes,Timur Ender,,,
Terrence Hayes,Thomas Shervey,Joe Allen,David Linn,Steph Routh,Jamie Dunphy
Candace Avalos,Steph Routh,Timur Ender,Jamie Dunphy,,
Candace Avalos,Loretta Smith,Deian Salazar,Timur Ender,Cayle Tern,Steph Routh
Timur Ender,Noah Ernst,Doug Clove,Deian Salazar,Steph Routh,Terrence Hayes
Candace Avalos,Peggy Sue Owens,David Linn,Michael (Mike) Sands,Deian Salazar,Steph Routh
Jamie Dunphy,,,,,
Cayle Tern,Candace Avalos,Michael (Mike) Sands,,,
Terrence Hayes,Noah Ernst,Doug Clove,,,
Loretta Smith,Terrence Hayes,Timur Ender,Candace Avalos,,
Candace Avalos,Cayle Tern,Timur Ender,,,
,,,,,
Peggy Sue Owens,Timur Ender,,,,
Michael (Mike) Sands,Timur Ender,,,,
Loretta Smith,Timur Ender,Cayle Tern,Steph Routh,Jamie Dunphy,Candace Avalos
Candace Avalos,Steph Routh,Jamie Dunphy,Loretta Smith,Timur Ender,Cayle Tern
Jamie Dunphy,,,,,
Candace Avalos,Jamie Dunphy,Steph Routh,,,
Jamie Dunphy,Cayle Tern,David Linn,Candace Avalos,Steph Routh,Loretta Smith
Jamie Dunphy,Candace Avalos,Steph Routh,,,
Loretta Smith,Terrence Hayes,Steph Routh,,,
Terrence Hayes,Thomas Shervey,Loretta Smith,Candace Avalos,Deian Salazar,Cayle Tern
Steph Routh,Doug Clove,Noah Ernst,Deian Salazar,Jamie Dunphy,Joe Allen
Noah Ernst,Loretta Smith,Doug Clove,,,
Candace Avalos,Cayle Tern,Timur Ender,Steph Routh,David Linn,Jamie Dunphy
Loretta Smith,Candace Avalos,David Linn,Joe Allen,Cayle Tern,Terrence Hayes
Candace Avalos,Timur Ender,Terrence Hayes,Loretta Smith,Jamie Dunphy,Cayle Tern
Jamie Dunphy,Steph Routh,Noah Ernst,Timur Ender,,
Loretta Smith,,,,,
Candace Avalos,,,,,
Terrence Hayes,Noah Ernst,Timur Ender,Doug Clove,Steph Routh,Joe Allen
Doug Clove,Thomas Shervey,Terrence Hayes,,,
Timur Ender,Noah Ernst,Michael (Mike) Sands,Deian Salazar,Steph Routh,Terrence Hayes
Loretta Smith,,,,,
Loretta Smith,Steph Routh,Terrence Hayes,Joe Allen,Timur Ender,Doug Clove
Noah Ernst,Michael (Mike) Sands,Loretta Smith,Terrence Hayes,Steph Routh,David Linn
Cayle Tern,Candace Avalos,Steph Routh,Timur Ender,,
Steph Routh,Candace Avalos,Cayle Tern,Timur Ender,Jamie Dunphy,David Linn
Candace Avalos,Steph Routh,Timur Ender,Jamie Dunphy,,
Timur Ender,Doug Clove,Deian Salazar,Steph Routh,Candace Avalos,Jamie Dunphy
Joe Allen,Joe Furi,Thomas Shervey,,,
Deian Salazar,,,,,
Terrence Hayes,Noah Ernst,Loretta Smith,,,
Candace Avalos,Steph Routh,Cayle Tern,Timur Ender,Jamie Dunphy,David Linn
Candace Avalos,Steph Routh,Timur Ender,Jamie Dunphy,,
Cayle Tern,Steph Routh,David Linn,Michael (Mike) Sands,Loretta Smith,Candace Avalos
Candace Avalos,David Linn,Michael (Mike) Sands,Deian Salazar,Loretta Smith,Steph Routh
Jamie Dunphy,Candace Avalos,Steph Routh,,,
Candace Avalos,Timur Ender,Steph Routh,,,
Jamie Dunphy,Loretta Smith,Doug Clove,David Linn,Joe Allen,Peggy Sue Owens
Candace Avalos,Cayle Tern,Timur Ender,Steph Routh,Jamie Dunphy,David Linn
Michael (Mike) Sands,Loretta Smith,,,,
Peggy Sue Owens,Candace Avalos,Michael (Mike) Sands,Loretta Smith,Steph Routh,Jamie Dunphy
Timur Ender,,,,,
Loretta Smith,Terrence Hayes,Steph Routh,Doug Clove,,
Terrence Hayes,Timur Ender,Noah Ernst,,,
Terrence Hayes,,,,,
Candace Avalos,Timur Ender,Steph Routh,,,
Candace Avalos,Noah Ernst,Timur Ender,,,
Candace Avalos,Cayle Tern,Timur Ender,,,
Loretta Smith,,,,,
Noah Ernst,Terrence Hayes,Joe Furi,Loretta Smith,Doug Clove,
Loretta Smith,Terrence Hayes,Steph Routh,Candace Avalos,,
Candace Avalos,Peggy Sue Owens,Timur Ender,Terrence Hayes,Loretta Smith,David Linn
Terrence Hayes,Steph Routh,Jamie Dunphy,Candace Avalos,Thomas Shervey,Doug Clove
Candace Avalos,Timur Ender,Steph Routh,Jamie Dunphy,Cayle Tern,David Linn
,,,,,
Candace Avalos,David Linn,Noah Ernst,Steph Routh,Terrence Hayes,Timur Ender
Timur Ender,Terrence Hayes,Loretta Smith,Steph Routh,,
Steph Routh,Timur Ender,Candace Avalos,Jamie Dunphy,,
Terrence Hayes,Jamie Dunphy,,,,
David Linn,Timur Ender,Candace Avalos,Terrence Hayes,Cayle Tern,
Candace Avalos,Steph Routh,Jamie Dunphy,,,
Candace Avalos,Terrence Hayes,Steph Routh,,,
Steph Routh,Loretta Smith,Candace Avalos,Cayle Tern,,
Cayle Tern,Thomas Shervey,Deian Salazar,Terrence Hayes,Timur Ender,Candace Avalos
Candace Avalos,Steph Routh,David Linn,,,
Timur Ender,Steph Routh,Jamie Dunphy,Joe Furi,Loretta Smith,
Loretta Smith,Terrence Hayes,Noah Ernst,,,
Jamie Dunphy,Terrence Hayes,Loretta Smith,Steph Routh,Cayle Tern,Candace Avalos
Steph Routh,Terrence Hayes,Cayle Tern,,,
Candace Avalos,Joe Allen,Joe Furi,Michael (Mike) Sands,Deian Salazar,Jamie Dunphy
Terrence Hayes,Loretta Smith,Noah Ernst,Candace Avalos,Steph Routh,Deian Salazar
Terrence Hayes,David Linn,Steph Routh,Noah Ernst,,
Loretta Smith,Terrence Hayes,Steph Routh,,,
Jamie Dunphy,Loretta Smith,Candace Avalos,Doug Clove,Terrence Hayes,Michael (Mike) Sands
Candace Avalos,Jamie Dunphy,Steph Routh,Timur Ender,Cayle Tern,David Linn
Terrence Hayes,,,,,
Candace Avalos,Cayle Tern,,,,
Timur Ender,Loretta Smith,Michael (Mike) Sands,Doug Clove,Cayle Tern,Candace Avalos
Noah Ernst,Doug Clove,Steph Routh,Joe Allen,Thomas Shervey,Michael (Mike) Sands
David Linn,Michael (Mike) Sands,Jamie Dunphy,,,
Loretta Smith,Steph Routh,Cayle Tern,,,
,,,,,
Joe Furi,,,,,
Noah Ernst,,,,,
Candace Avalos,Steph Routh,Loretta Smith,Doug Clove,Peggy Sue Owens,Terrence Hayes
Jamie Dunphy,Candace Avalos,Timur Ender,Steph Routh,,
Deian Salazar,Candace Avalos,,,,
Steph Routh,Timur Ender,Candace Avalos,,,
Noah Ernst,,,,,
Candace Avalos,Steph Routh,Timur Ender,Jamie Dunphy,David Linn,Loretta Smith
Doug Clove,Steph Routh,Michael (Mike) Sands,,,
Timur Ender,Terrence Hayes,Jamie Dunphy,,,
Noah Ernst,Doug Clove,,,,
Jamie Dunphy,Thomas Shervey,Michael (Mike) Sands,Doug Clove,David Linn,Candace Avalos
Steph Routh,Terrence Hayes,Doug Clove,Candace Avalos,Timur Ender,
Jamie Dunphy,Timur Ender,,,,
Candace Avalos,Loretta Smith,Noah Ernst,David Linn,Peggy Sue Owens,Jamie Dunphy
Terrence Hayes,Loretta Smith,Deian Salazar,Michael (Mike) Sands,Joe Furi,Doug Clove
Timur Ender,Doug Clove,David Linn,Michael (Mike) Sands,Terrence Hayes,Loretta Smith
Noah Ernst,Terrence Hayes,Joe Furi,Loretta Smith,Doug Clove,
Noah Ernst,Doug Clove,Loretta Smith,,,
Jamie Dunphy,Candace Avalos,Steph Routh,Timur Ender,Loretta Smith,Peggy Sue Owens
Candace Avalos,Steph Routh,Jamie Dunphy,,,
Candace Avalos,,,,,
Jamie Dunphy,Terrence Hayes,Deian Salazar,Doug Clove,Candace Avalos,Steph Routh
Timur Ender,Steph Routh,Candace Avalos,,,
Jamie Dunphy,Steph Routh,Candace Avalos,,,
Loretta Smith,Jamie Dunphy,Candace Avalos,Terrence Hayes,Timur Ender,Steph Routh
Deian Salazar,Candace Avalos,Jamie Dunphy,Steph Routh,Loretta Smith,Timur Ender
Timur Ender,Joe Furi,Steph Routh,Michael (Mike) Sands,,
Loretta Smith,Deian Salazar,Joe Allen,Doug Clove,Joe Furi,Michael (Mike) Sands
Loretta Smith,Joe Allen,Joe Furi,Jamie Dunphy,Michael (Mike) Sands,Timur Ender
Candace Avalos,Terrence Hayes,Noah Ernst,Loretta Smith,,
Terrence Hayes,Loretta Smith,,,,
Candace Avalos,Steph Routh,Timur Ender,Jamie Dunphy,David Linn,Michael (Mike) Sands
Loretta Smith,Timur Ender,Terrence Hayes,Candace Avalos,Steph Routh,Cayle Tern
Noah Ernst,Doug Clove,Terrence Hayes,Jamie Dunphy,Michael (Mike) Sands,Cayle Tern
Steph Routh,Timur Ender,Doug Clove,Noah Ernst,,
Candace Avalos,Timur Ender,Steph Routh,Loretta Smith,Terrence Hayes,Jamie Dunphy
David Linn,Deian Salazar,Terrence Hayes,Candace Avalos,Steph Routh,Timur Ender
Jamie Dunphy,Steph Routh,Terrence Hayes,,,
Steph Routh,Jamie Dunphy,Terrence Hayes,Candace Avalos,Thomas Shervey,David Linn
Steph Routh,Doug Clove,Joe Furi,Deian Salazar,Terrence Hayes,Jamie Dunphy
Loretta Smith,Terrence Hayes,Doug Clove,Deian Salazar,Noah Ernst,
Jamie Dunphy,Peggy Sue Owens,,,,
Cayle Tern,David Linn,Loretta Smith,Terrence Hayes,Candace Avalos,Doug Clove
Steph Routh,Jamie Dunphy,,,,
Steph Routh,Timur Ender,Loretta Smith,Candace Avalos,Michael (Mike) Sands,Terrence Hayes
Loretta Smith,Terrence Hayes,Steph Routh,Jamie Dunphy,Candace Avalos,David Linn
Timur Ender,Candace Avalos,Cayle Tern,,,
Loretta Smith,Terrence Hayes,Steph Routh,Timur Ender,Jamie Dunphy,
Terrence Hayes,Noah Ernst,Jamie Dunphy,Steph Routh,Timur Ender,David Linn
Doug Clove,Joe Allen,Joe Furi,David Linn,Loretta Smith,Timur Ender
Candace Avalos,Timur Ender,David Linn,Steph Routh,Thomas Shervey,Michael (Mike) Sands
Noah Ernst,Doug Clove,Michael (Mike) Sands,Terrence Hayes,,
Steph Routh,Jamie Dunphy,Loretta Smith,David Linn,Doug Clove,Terrence Hayes
Terrence Hayes,,,,,
Candace Avalos,Jamie Dunphy,Terrence Hayes,,,
Candace Avalos,Timur Ender,Steph Routh,Cayle Tern,Jamie Dunphy,David Linn
Noah Ernst,,,,,
Candace Avalos,,,,,
Doug Clove,Deian Salazar,Loretta Smith,,,
Candace Avalos,Deian Salazar,Loretta Smith,Peggy Sue Owens,Terrence Hayes,David Linn
Candace Avalos,,,,,
Loretta Smith,Cayle Tern,Candace Avalos,Peggy Sue Owens,Joe Allen,Michael (Mike) Sands
Peggy Sue Owens,Timur Ender,Joe Allen,Candace Avalos,Loretta Smith,Joe Furi
Peggy Sue Owens,Steph Routh,Deian Salazar,Joe Furi,David Linn,Noah Ernst
Candace Avalos,Timur Ender,Cayle Tern,Steph Routh,Jamie Dunphy,
Noah Ernst,Doug Clove,Michael (Mike) Sands,Terrence Hayes,,
Candace Avalos,Steph Routh,Timur Ender,Jamie Dunphy,David Linn,Loretta Smith
Jamie Dunphy,Terrence Hayes,Candace Avalos,Noah Ernst,Thomas Shervey,Timur Ender
Candace Avalos,Timur Ender,Steph Routh,Jamie Dunphy,Doug Clove,David Linn
Steph Routh,Candace Avalos,Timur Ender,,,
Peggy Sue Owens,Noah Ernst,David Linn,Joe Furi,Loretta Smith,
Steph Routh,Timur Ender,,,,
Jamie Dunphy,Candace Avalos,Steph Routh,David Linn,Timur Ender,Cayle Tern
Joe Allen,Michael (Mike) Sands,Thomas Shervey,Steph Routh,David Linn,Doug Clove
Candace Avalos,,,,,
Candace Avalos,Steph Routh,Timur Ender,Jamie Dunphy,Cayle Tern,
Candace Avalos,,,,,
Candace Avalos,Timur Ender,Deian Salazar,Cayle Tern,Loretta Smith,Terrence Hayes
Timur Ender,Candace Avalos,Steph Routh,Michael (Mike) Sands,Loretta Smith,Cayle Tern
Doug Clove,Noah Ernst,Terrence Hayes,Steph Routh,David Linn,Timur Ender
Steph Routh,Timur Ender,,,,
Loretta Smith,Terrence Hayes,Candace Avalos,,,
Candace Avalos,Steph Routh,Timur Ender,,,
Steph Routh,Timur Ender,Candace Avalos,Jamie Dunphy,Terrence Hayes,Loretta Smith
Candace Avalos,Steph Routh,Timur Ender,Jamie Dunphy,,
Joe Allen,Candace Avalos,Joe Furi,Cayle Tern,,
Noah Ernst,,,,,
David Linn,Doug Clove,Steph Routh,Noah Ernst,,
Jamie Dunphy,Loretta Smith,Steph Routh,Terrence Hayes,Timur Ender,
Loretta Smith,Terrence Hayes,,,,
Noah Ernst,Terrence Hayes,Joe Furi,Loretta Smith,Doug Clove,
David Linn,Loretta Smith,Cayle Tern,Doug Clove,Timur Ender,Steph Routh
Steph Routh,Loretta Smith,Timur Ender,,,
Terrence Hayes,Noah Ernst,Candace Avalos,,,
Noah Ernst,Terrence Hayes,Joe Furi,Loretta Smith,Doug Clove,
Peggy Sue Owens,Michael (Mike) Sands,Deian Salazar,,,
Noah Ernst,Joe Allen,Cayle Tern,Thomas Shervey,,
Candace Avalos,Cayle Tern,Timur Ender,Steph Routh,,
Noah Ernst,Peggy Sue Owens,Michael (Mike) Sands,,,
Doug Clove,Joe Furi,Joe Allen,Noah Ernst,Thomas Shervey,Deian Salazar
Candace Avalos,,,,,
Loretta Smith,Doug Clove,Candace Avalos,Terrence Hayes,Steph Routh,Cayle Tern
Terrence Hayes,Loretta Smith,Steph Routh,Michael (Mike) Sands,Joe Furi,David Linn
Terrence Hayes,Noah Ernst,Candace Avalos,Loretta Smith,Timur Ender,Joe Allen
Michael (Mike) Sands,Jamie Dunphy,Deian Salazar,,,
Candace Avalos,Deian Salazar,Jamie Dunphy,Peggy Sue Owens,Noah Ernst,Loretta Smith
Candace Avalos,Timur Ender,Steph Routh,,,
Terrence Hayes,,,,,
Jamie Dunphy,Steph Routh,Timur Ender,,,
Steph Routh,Candace Avalos,Loretta Smith,,,
Peggy Sue Owens,Cayle Tern,Loretta Smith,Candace Avalos,Joe Furi,Deian Salazar
Loretta Smith,Jamie Dunphy,Terrence Hayes,Michael (Mike) Sands,David Linn,Steph Routh
Candace Avalos,,,,,
Loretta Smith,Terrence Hayes,Michael (Mike) Sands,Doug Clove,David Linn,Noah Ernst
Terrence Hayes,Michael (Mike) Sands,Candace Avalos,Joe Furi,,
David Linn,Thomas Shervey,Jamie Dunphy,Michael (Mike) Sands,Timur Ender,Doug Clove
Jamie Dunphy,Joe Allen,Steph Routh,Cayle Tern,Timur Ender,Michael (Mike) Sands
Jamie Dunphy,Steph Routh,Terrence Hayes,Thomas Shervey,Loretta Smith,Deian Salazar
Peggy Sue Owens,Joe Furi,Michael (Mike) Sands,Candace Avalos,Deian Salazar,Jamie Dunphy
Steph Routh,Candace Avalos,Loretta Smith,Timur Ender,Terrence Hayes,
Loretta Smith,Write-in-120,,,,
Loretta Smith,,,,,
Candace Avalos,Cayle Tern,Timur Ender,,,
Noah Ernst,Loretta Smith,Jamie Dunphy,,,
Loretta Smith,Timur Ender,Steph Routh,Terrence Hayes,Candace Avalos,
Candace Avalos,,,,,
Noah Ernst,Doug Clove,Terrence Hayes,Loretta Smith,Michael (Mike) Sands,
Candace Avalos,Steph Routh,Jamie Dunphy,,,
Steph Routh,Loretta Smith,Noah Ernst,Timur Ender,Jamie Dunphy,
Peggy Sue Owens,Joe Allen,David Linn,Michael (Mike) Sands,Thomas Shervey,Terrence Hayes
Joe Furi,,,,,
Deian Salazar,Loretta Smith,Steph Routh,Jamie Dunphy,Joe Furi,David Linn
Timur Ender,Steph Routh,Loretta Smith,Candace Avalos,Deian Salazar,Michael (Mike) Sands
Terrence Hayes,Loretta Smith,,,,
Candace Avalos,Jamie Dunphy,Deian Salazar,Loretta Smith,Thomas Shervey,
Loretta Smith,Jamie Dunphy,Steph Routh,Timur Ender,Terrence Hayes,Michael (Mike) Sands
Candace Avalos,Steph Routh,David Linn,,,
Loretta Smith,Candace Avalos,Thomas Shervey,Steph Routh,Terrence Hayes,Jamie Dunphy
Candace Avalos,Cayle Tern,Timur Ender,,,
Jamie Dunphy,Steph Routh,Candace Avalos,Cayle Tern,Timur Ender,
Candace Avalos,Steph Routh,Timur Ender,Joe Furi,,
Terrence Hayes,Noah Ernst,Joe Furi,Loretta Smith,Doug Clove,Write-in-120
Candace Avalos,Jamie Dunphy,Steph Routh,,,
Loretta Smith,Candace Avalos,Peggy Sue Owens,Timur Ender,Jamie Dunphy,
Write-in-120,Candace Avalos,Steph Routh,Terrence Hayes,,
Timur Ender,,,,,
Loretta Smith,Steph Routh,Timur Ender,Jamie Dunphy,,
Candace Avalos,Steph Routh,Jamie Dunphy,Timur Ender,,
Peggy Sue Owens,,,,,
Loretta Smith,Deian Salazar,Terrence Hayes,Steph Routh,Jamie Dunphy,Noah Ernst
Loretta Smith,,,,,
Terrence Hayes,Noah Ernst,Jamie Dunphy,,,
Steph Routh,Candace Avalos,,,,
Noah Ernst,Doug Clove,Jamie Dunphy,,,
Terrence Hayes,Noah Ernst,Joe Furi,Loretta Smith,Doug Clove,Write-in-120
Timur Ender,Candace Avalos,David Linn,Steph Routh,,
Candace Avalos,Timur Ender,Jamie Dunphy,Loretta Smith,Cayle Tern,David Linn
Jamie Dunphy,Loretta Smith,Candace Avalos,Steph Routh,Timur Ender,Noah Ernst
Terrence Hayes,Timur Ender,Noah Ernst,Loretta Smith,Candace Avalos,
Terrence Hayes,Steph Routh,Jamie Dunphy,Candace Avalos,David Linn,
Candace Avalos,Doug Clove,,,,
Noah Ernst,Doug Clove,Joe Allen,,,
Steph Routh,Timur Ender,Cayle Tern,Candace Avalos,Jamie Dunphy,Noah Ernst
Timur Ender,,,,,
Terrence Hayes,Loretta Smith,,,,
Noah Ernst,Loretta Smith,Terrence Hayes,Candace Avalos,Timur Ender,Jamie Dunphy
Loretta Smith,Terrence Hayes,Candace Avalos,Steph Routh,Deian Salazar,Timur Ender
Candace Avalos,Peggy Sue Owens,Loretta Smith,Joe Allen,Michael (Mike) Sands,Jamie Dunphy
Candace Avalos,Timur Ender,Cayle Tern,Steph Routh,Jamie Dunphy,
Loretta Smith,,,,,
David Linn,,,,,
Candace Avalos,Cayle Tern,Timur Ender,,,
Steph Routh,Peggy Sue Owens,Cayle Tern,Candace Avalos,,
Cayle Tern,Loretta Smith,Steph Routh,Timur Ender,Candace Avalos,David Linn
Noah Ernst,Timur Ender,Candace Avalos,Doug Clove,Joe Furi,Michael (Mike) Sands
Noah Ernst,Terrence Hayes,,,,
Jamie Dunphy,Terrence Hayes,Noah Ernst,Loretta Smith,Timur Ender,Steph Routh
Candace Avalos,Terrence Hayes,Noah Ernst,,,
Peggy Sue Owens,Michael (Mike) Sands,,,,
Jamie Dunphy,Candace Avalos,,,,
Candace Avalos,David Linn,Deian Salazar,Terrence Hayes,Steph Routh,Jamie Dunphy
Steph Routh,Candace Avalos,Loretta Smith,Peggy Sue Owens,,
Steph Routh,Timur Ender,Michael (Mike) Sands,Noah Ernst,,
Candace Avalos,Steph Routh,Jamie Dunphy,,,
Michael (Mike) Sands,Steph Routh,Loretta Smith,Candace Avalos,Noah Ernst,Jamie Dunphy
Steph Routh,Michael (Mike) Sands,Candace Avalos,,,
Jamie Dunphy,Joe Allen,Timur Ender,,,
Candace Avalos,Jamie Dunphy,Steph Routh,Loretta Smith,Timur Ender,
Noah Ernst,Jamie Dunphy,,,,
Steph Routh,Candace Avalos,Timur Ender,Jamie Dunphy,,
David Linn,Doug Clove,Loretta Smith,Thomas Shervey,Terrence Hayes,Steph Routh
Jamie Dunphy,Candace Avalos,Steph Routh,,,
Terrence Hayes,Michael (Mike) Sands,Noah Ernst,David Linn,Thomas Shervey,Doug Clove
Jamie Dunphy,Candace Avalos,Steph Routh,Noah Ernst,David Linn,Loretta Smith
Candace Avalos,Steph Routh,Timur Ender,Jamie Dunphy,,
Jamie Dunphy,Candace Avalos,Steph Routh,Timur Ender,Cayle Tern,
Timur Ender,Noah Ernst,Candace Avalos,Cayle Tern,Terrence Hayes,Steph Routh
Timur Ender,Candace Avalos,Michael (Mike) Sands,,,
Loretta Smith,Noah Ernst,Candace Avalos,Terrence Hayes,,
Doug Clove,Noah Ernst,Joe Allen,Deian Salazar,Loretta Smith,Jamie Dunphy
Candace Avalos,Peggy Sue Owens,Doug Clove,Thomas Shervey,David Linn,Michael (Mike) Sands
Candace Avalos,Steph Routh,Timur Ender,Jamie Dunphy,Cayle Tern,Loretta Smith
Doug Clove,,,,,
Steph Routh,Thomas Shervey,Michael (Mike) Sands,Doug Clove,Terrence Hayes,Loretta Smith
Peggy Sue Owens,Candace Avalos,Loretta Smith,Steph Routh,Michael (Mike) Sands,Joe Allen
Candace Avalos,Michael (Mike) Sands,Steph Routh,Jamie Dunphy,David Linn,Cayle Tern
Doug Clove,Thomas Shervey,David Linn,Cayle Tern,Timur Ender,Peggy Sue Owens
Jamie Dunphy,Deian Salazar,David Linn,Noah Ernst,Timur Ender,Terrence Hayes
Jamie Dunphy,Steph Routh,Candace Avalos,,,
Noah Ernst,Terrence Hayes,Loretta Smith,,,
Jamie Dunphy,Peggy Sue Owens,Candace Avalos,Cayle Tern,Loretta Smith,Michael (Mike) Sands
David Linn,Candace Avalos,Joe Furi,,,
,,,,,
Peggy Sue Owens,Loretta Smith,Cayle Tern,Terrence Hayes,Joe Furi,Candace Avalos
Jamie Dunphy,,,,,
Doug Clove,Deian Salazar,Timur Ender,Candace Avalos,Steph Routh,Joe Allen
Joe Furi,,,,,
Noah Ernst,Candace Avalos,Joe Furi,Peggy Sue Owens,Steph Routh,Loretta Smith
Noah Ernst,,,,,
Candace Avalos,Steph Routh,Timur Ender,Jamie Dunphy,,
Candace Avalos,Cayle Tern,Timur Ender,,,
Candace Avalos,Jamie Dunphy,Loretta Smith,,,
Terrence Hayes,Loretta Smith,,,,
Timur Ender,Candace Avalos,Loretta Smith,Steph Routh,Cayle Tern,David Linn
Timur Ender,Noah Ernst,,,,
Steph Routh,Jamie Dunphy,Timur Ender,Thomas Shervey,Loretta Smith,Terrence Hayes
Jamie Dunphy,Steph Routh,Candace Avalos,Timur Ender,Loretta Smith,David Linn
Loretta Smith,Terrence Hayes,,,,
Peggy Sue Owens,David Linn,Jamie Dunphy,Deian Salazar,Doug Clove,Terrence Hayes
Terrence Hayes,Noah Ernst,Candace Avalos,,,
Michael (Mike) Sands,Thomas Shervey,Loretta Smith,Terrence Hayes,Timur Ender,
Candace Avalos,Noah Ernst,Timur Ender,Terrence Hayes,Loretta Smith,Steph Routh
Steph Routh,Timur Ender,Candace Avalos,Jamie Dunphy,David Linn,Cayle Tern
Doug Clove,Timur Ender,,,,
Doug Clove,Loretta Smith,,,,
Candace Avalos,Loretta Smith,Steph Routh,Cayle Tern,Joe Furi,Timur Ender
Michael (Mike) Sands,Noah Ernst,David Linn,Doug Clove,Terrence Hayes,Peggy Sue Owens
Doug Clove,Michael (Mike) Sands,Joe Furi,Terrence Hayes,Jamie Dunphy,Timur Ender
Joe Allen,Loretta Smith,Noah Ernst,Peggy Sue Owens,Steph Routh,Joe Furi
Loretta Smith,Terrence Hayes,Candace Avalos,Joe Allen,Steph Routh,Doug Clove
Candace Avalos,Steph Routh,Loretta Smith,Timur Ender,Cayle Tern,
Candace Avalos,Timur Ender,Jamie Dunphy,,,
Steph Routh,Timur Ender,Jamie Dunphy,Candace Avalos,David Linn,Terrence Hayes
Jamie Dunphy,Joe Allen,Timur Ender,,,
Steph Routh,Jamie Dunphy,Loretta Smith,Timur Ender,Cayle Tern,
Steph Routh,Candace Avalos,Loretta Smith,Cayle Tern,Terrence Hayes,David Linn
Steph Routh,Candace Avalos,Jamie Dunphy,Joe Furi,David Linn,Cayle Tern
Joe Allen,David Linn,Candace Avalos,Michael (Mike) Sands,Thomas Shervey,Jamie Dunphy
Michael (Mike) Sands,Candace Avalos,Steph Routh,Timur Ender,Doug Clove,Noah Ernst
Loretta Smith,,,,,
Peggy Sue Owens,Loretta Smith,Noah Ernst,Deian Salazar,Joe Allen,Jamie Dunphy
Timur Ender,Candace Avalos,Thomas Shervey,Joe Allen,Terrence Hayes,Jamie Dunphy
Terrence Hayes,Write-in-121,Cayle Tern,Noah Ernst,Thomas Shervey,Doug Clove
Candace Avalos,Timur Ender,Steph Routh,Terrence Hayes,Jamie Dunphy,Cayle Tern
Terrence Hayes,Michael (Mike) Sands,,,,
Noah Ernst,,,,,
Candace Avalos,Jamie Dunphy,Steph Routh,,,
Terrence Hayes,Loretta Smith,Candace Avalos,Steph Routh,Thomas Shervey,Jamie Dunphy
Loretta Smith,,,,,
Timur Ender,Jamie Dunphy,Steph Routh,Loretta Smith,Candace Avalos,
Candace Avalos,Steph Routh,Jamie Dunphy,Doug Clove,Terrence Hayes,
Loretta Smith,David Linn,Steph Routh,,,
Timur Ender,Jamie Dunphy,Noah Ernst,,,
Noah Ernst,Terrence Hayes,Loretta Smith,Jamie Dunphy,Timur Ender,
Cayle Tern,David Linn,Timur Ender,Steph Routh,Candace Avalos,Jamie Dunphy
Terrence Hayes,David Linn,Noah Ernst,Peggy Sue Owens,Loretta Smith,Jamie Dunphy
Jamie Dunphy,,,,,
Doug Clove,Michael (Mike) Sands,,,,
Jamie Dunphy,Timur Ender,Candace Avalos,Cayle Tern,Steph Routh,David Linn
Timur Ender,Jamie Dunphy,Steph Routh,Candace Avalos,Noah Ernst,Loretta Smith
Noah Ernst,Terrence Hayes,,,,
Jamie Dunphy,Candace Avalos,Terrence Hayes,Steph Routh,David Linn,Cayle Tern
Terrence Hayes,Peggy Sue Owens,Deian Salazar,Steph Routh,Jamie Dunphy,Candace Avalos
Candace Avalos,,,,,
Timur Ender,Jamie Dunphy,Doug Clove,Noah Ernst,,
Terrence Hayes,Candace Avalos,Timur Ender,Steph Routh,Deian Salazar,
Jamie Dunphy,Steph Routh,Candace Avalos,Timur Ender,Loretta Smith,
Loretta Smith,Steph Routh,Jamie Dunphy,,,
Timur Ender,,,,,
Noah Ernst,Candace Avalos,Loretta Smith,Steph Routh,Terrence Hayes,Timur Ender
,,,,,
Candace Avalos,,,,,
Candace Avalos,Steph Routh,Jamie Dunphy,Timur Ender,David Linn,Loretta Smith
Timur Ender,Steph Routh,Candace Avalos,,,
Terrence Hayes,Noah Ernst,Joe Allen,Loretta Smith,Jamie Dunphy,Steph Routh
Loretta Smith,Terrence Hayes,Steph Routh,,,
Candace Avalos,,,,,
Jamie Dunphy,Candace Avalos,Timur Ender,Steph Routh,David Linn,Cayle Tern
Terrence Hayes,Noah Ernst,Doug Clove,,,
Candace Avalos,Jamie Dunphy,Terrence Hayes,Steph Routh,,
Thomas Shervey,Steph Routh,Jamie Dunphy,Candace Avalos,Cayle Tern,Michael (Mike) Sands
David Linn,Noah Ernst,Thomas Shervey,Doug Clove,Jamie Dunphy,Michael (Mike) Sands
Jamie Dunphy,Candace Avalos,Steph Routh,Timur Ender,,
Timur Ender,Cayle Tern,Candace Avalos,Terrence Hayes,Michael (Mike) Sands,Doug Clove
Thomas Shervey,Timur Ender,Candace Avalos,Noah Ernst,David Linn,Doug Clove
Jamie Dunphy,Candace Avalos,Steph Routh,Noah Ernst,David Linn,Loretta Smith
Steph Routh,Candace Avalos,Jamie Dunphy,Timur Ender,,
Peggy Sue Owens,Joe Allen,Michael (Mike) Sands,,,
Loretta Smith,Jamie Dunphy,David Linn,Deian Salazar,Candace Avalos,Noah Ernst
Candace Avalos,Timur Ender,Steph Routh,Cayle Tern,Jamie Dunphy,
Terrence Hayes,Noah Ernst,Steph Routh,Jamie Dunphy,,
Steph Routh,Thomas Shervey,Doug Clove,Candace Avalos,,
Jamie Dunphy,Candace Avalos,Steph Routh,Noah Ernst,David Linn,Loretta Smith
Candace Avalos,Loretta Smith,Terrence Hayes,Cayle Tern,Timur Ender,Doug Clove
Candace Avalos,Jamie Dunphy,Steph Routh,Timur Ender,Terrence Hayes,Cayle Tern
Candace Avalos,Cayle Tern,Terrence Hayes,Loretta Smith,,
Terrence Hayes,Deian Salazar,Cayle Tern,Michael (Mike) Sands,Noah Ernst,Jamie Dunphy
Deian Salazar,Candace Avalos,Michael (Mike) Sands,,,
Loretta Smith,,,,,
Noah Ernst,,,,,
Candace Avalos,Jamie Dunphy,Timur Ender,,,
Timur Ender,Candace Avalos,Peggy Sue Owens,Joe Furi,Loretta Smith,Jamie Dunphy
Noah Ernst,Timur Ender,Doug Clove,Candace Avalos,Thomas Shervey,
Jamie Dunphy,Candace Avalos,Steph Routh,Noah Ernst,David Linn,Loretta Smith
Steph Routh,Candace Avalos,Terrence Hayes,Jamie Dunphy,Loretta Smith,Cayle Tern
Timur Ender,Noah Ernst,David Linn,,,
Candace Avalos,Jamie Dunphy,Steph Routh,,,
Candace Avalos,Steph Routh,Terrence Hayes,Jamie Dunphy,Thomas Shervey,Michael (Mike) Sands
Noah Ernst,Doug Clove,Terrence Hayes,,,
Loretta Smith,Noah Ernst,Timur Ender,,,
Noah Ernst,Doug Clove,Terrence Hayes,Steph Routh,Jamie Dunphy,Thomas Shervey
Peggy Sue Owens,,,,,
Candace Avalos,David Linn,,,,
Noah Ernst,Joe Furi,David Linn,Loretta Smith,Cayle Tern,
Joe Furi,,,,,
Jamie Dunphy,Candace Avalos,Timur Ender,Steph Routh,,
Candace Avalos,Timur Ender,Steph Routh,Jamie Dunphy,,
Timur Ender,Candace Avalos,Cayle Tern,Steph Routh,Jamie Dunphy,
Doug Clove,,,,,
Jamie Dunphy,Steph Routh,Candace Avalos,Timur Ender,Loretta Smith,
Peggy Sue Owens,Candace Avalos,Loretta Smith,Steph Routh,Jamie Dunphy,Joe Furi
Loretta Smith,Candace Avalos,Steph Routh,Jamie Dunphy,Terrence Hayes,Timur Ender
Noah Ernst,Terrence Hayes,Joe Furi,Loretta Smith,Doug Clove,Steph Routh
Loretta Smith,Candace Avalos,David Linn,Peggy Sue Owens,Deian Salazar,Timur Ender
Peggy Sue Owens,Michael (Mike) Sands,Noah Ernst,Joe Furi,Cayle Tern,Thomas Shervey
Peggy Sue Owens,Loretta Smith,Steph Routh,Jamie Dunphy,Candace Avalos,Cayle Tern
Timur Ender,Candace Avalos,Steph Routh,Cayle Tern,Terrence Hayes,Deian Salazar
Loretta Smith,,,,,
Noah Ernst,Timur Ender,Candace Avalos,Doug Clove,Joe Furi,Michael (Mike) Sands
Noah Ernst,Terrence Hayes,Loretta Smith,Joe Furi,Doug Clove,Jamie Dunphy
Deian Salazar,,,,,
Terrence Hayes,,,,,
Timur Ender,Thomas Shervey,Doug Clove,David Linn,Candace Avalos,Cayle Tern
Jamie Dunphy,Steph Routh,Candace Avalos,Loretta Smith,Noah Ernst,Terrence Hayes
Cayle Tern,,,,,
David Linn,Terrence Hayes,Loretta Smith,Peggy Sue Owens,Joe Allen,
Terrence Hayes,Steph Routh,Joe Furi,Doug Clove,,
Jamie Dunphy,Steph Routh,Candace Avalos,Loretta Smith,Timur Ender,Deian Salazar
Timur Ender,Jamie Dunphy,Steph Routh,Candace Avalos,,
Loretta Smith,Terrence Hayes,,,,
Steph Routh,Timur Ender,David Linn,,,
Noah Ernst,Michael (Mike) Sands,David Linn,Loretta Smith,Terrence Hayes,
Doug Clove,Michael (Mike) Sands,Noah Ernst,Terrence Hayes,Timur Ender,Joe Allen
Terrence Hayes,Candace Avalos,Jamie Dunphy,Steph Routh,Timur Ender,
Jamie Dunphy,Steph Routh,Candace Avalos,,,
David Linn,Write-in-120,Terrence Hayes,Joe Furi,,
Timur Ender,Doug Clove,Noah Ernst,Loretta Smith,,
Candace Avalos,David Linn,Doug Clove,Joe Furi,Loretta Smith,Jamie Dunphy
Candace Avalos,David Linn,,,,
,,,,,
Loretta Smith,Steph Routh,Jamie Dunphy,,,
Terrence Hayes,Noah Ernst,Loretta Smith,,,
Noah Ernst,Terrence Hayes,Candace Avalos,,,
Loretta Smith,Noah Ernst,Steph Routh,,,
Deian Salazar,Candace Avalos,Cayle Tern,Noah Ernst,Timur Ender,Terrence Hayes
Timur Ender,Cayle Tern,Michael (Mike) Sands,Terrence Hayes,Deian Salazar,David Linn
Thomas Shervey,Michael (Mike) Sands,David Linn,Noah Ernst,Doug Clove,Joe Allen
Loretta Smith,Candace Avalos,Noah Ernst,Steph Routh,Terrence Hayes,Timur Ender
Candace Avalos,Jamie Dunphy,Terrence Hayes,Loretta Smith,,
Jamie Dunphy,Candace Avalos,Steph Routh,,,
,,,,,
Noah Ernst,Terrence Hayes,Thomas Shervey,Loretta Smith,,
Timur Ender,Cayle Tern,Steph Routh,Jamie Dunphy,,
Steph Routh,Terrence Hayes,Noah Ernst,Jamie Dunphy,David Linn,Loretta Smith
Loretta Smith,Steph Routh,Michael (Mike) Sands,Candace Avalos,David Linn,Peggy Sue Owens
Noah Ernst,Cayle Tern,Doug Clove,Deian Salazar,,
Michael (Mike) Sands,David Linn,Timur Ender,,,
Terrence Hayes,Noah Ernst,Joe Furi,Loretta Smith,Doug Clove,Write-in-120
Jamie Dunphy,Cayle Tern,David Linn,Candace Avalos,Timur Ender,Steph Routh
Loretta Smith,Jamie Dunphy,Terrence Hayes,Timur Ender,,
Loretta Smith,David Linn,Terrence Hayes,Joe Allen,Peggy Sue Owens,Joe Furi
Candace Avalos,Timur Ender,Steph Routh,Jamie Dunphy,Cayle Tern,David Linn
Noah Ernst,Timur Ender,David Linn,Michael (Mike) Sands,Thomas Shervey,Steph Routh
Timur Ender,Loretta Smith,Steph Routh,David Linn,Doug Clove,Terrence Hayes
Candace Avalos,Steph Routh,Cayle Tern,Timur Ender,,
Noah Ernst,Michael (Mike) Sands,Cayle Tern,Loretta Smith,Steph Routh,Jamie Dunphy
Joe Allen,Loretta Smith,,,,
Timur Ender,Deian Salazar,David Linn,Candace Avalos,Thomas Shervey,Terrence Hayes
Timur Ender,,,,,
Jamie Dunphy,Steph Routh,Candace Avalos,,,
Jamie Dunphy,David Linn,,,,
,,,,,
Jamie Dunphy,Candace Avalos,Steph Routh,,,
Joe Allen,Joe Furi,Michael (Mike) Sands,,,
Peggy Sue Owens,Loretta Smith,Jamie Dunphy,Candace Avalos,Cayle Tern,Noah Ernst
Deian Salazar,Loretta Smith,Steph Routh,,,
Jamie Dunphy,Candace Avalos,Steph Routh,Joe Furi,Cayle Tern,Loretta Smith
Candace Avalos,Loretta Smith,Jamie Dunphy,Steph Routh,,
Jamie Dunphy,Candace Avalos,Steph Routh,Timur Ender,Cayle Tern,
Steph Routh,Candace Avalos,Loretta Smith,Timur Ender,Jamie Dunphy,
Loretta Smith,,,,,
Noah Ernst,Deian Salazar,Doug Clove,Loretta Smith,,
Candace Avalos,Timur Ender,Steph Routh,Jamie Dunphy,Cayle Tern,
Terrence Hayes,Candace Avalos,,,,
Candace Avalos,Cayle Tern,Jamie Dunphy,,,
Jamie Dunphy,Timur Ender,,,,
Loretta Smith,Candace Avalos,Noah Ernst,Timur Ender,Deian Salazar,Joe Furi
Loretta Smith,Candace Avalos,Timur Ender,Jamie Dunphy,Cayle Tern,Michael (Mike) Sands
Doug Clove,Noah Ernst,Loretta Smith,,,
Joe Furi,,,,,
Loretta Smith,,,,,
Timur Ender,Terrence Hayes,Loretta Smith,Jamie Dunphy,David Linn,Cayle Tern
Jamie Dunphy,Candace Avalos,Steph Routh,Noah Ernst,David Linn,Loretta Smith
Loretta Smith,,,,,
Loretta Smith,Candace Avalos,Jamie Dunphy,Cayle Tern,Doug Clove,Terrence Hayes
Steph Routh,Timur Ender,Candace Avalos,Jamie Dunphy,Cayle Tern,
Terrence Hayes,Noah Ernst,Joe Furi,Loretta Smith,Doug Clove,Write-in-120
Loretta Smith,Jamie Dunphy,Terrence Hayes,Michael (Mike) Sands,Joe Furi,David Linn
Michael (Mike) Sands,Jamie Dunphy,Steph Routh,Candace Avalos,,
Noah Ernst,Joe Allen,David Linn,,,
Timur Ender,Candace Avalos,Jamie Dunphy,,,
Candace Avalos,Steph Routh,Timur Ender,Jamie Dunphy,Peggy Sue Owens,
Noah Ernst,Michael (Mike) Sands,Deian Salazar,Doug Clove,,
Loretta Smith,Terrence Hayes,Candace Avalos,Deian Salazar,Thomas Shervey,Joe Furi
Jamie Dunphy,Candace Avalos,Steph Routh,,,
Steph Routh,Loretta Smith,Candace Avalos,Terrence Hayes,Cayle Tern,
Candace Avalos,Cayle Tern,Timur Ender,,,
Noah Ernst,Jamie Dunphy,Candace Avalos,Steph Routh,David Linn,Loretta Smith
Terrence Hayes,Deian Salazar,Loretta Smith,Steph Routh,Candace Avalos,
Noah Ernst,Deian Salazar,Steph Routh,Timur Ender,David Linn,Cayle Tern
Doug Clove,,,,,
Loretta Smith,Terrence Hayes,Jamie Dunphy,Cayle Tern,Candace Avalos,Timur Ender
Doug Clove,Noah Ernst,Terrence Hayes,David Linn,Deian Salazar,Loretta Smith
Timur Ender,Michael (Mike) Sands,Noah Ernst,Deian Salazar,Cayle Tern,
Loretta Smith,Steph Routh,Terrence Hayes,,,
Timur Ender,,,,,
Candace Avalos,Steph Routh,Jamie Dunphy,Timur Ender,,
Timur Ender,Terrence Hayes,Jamie Dunphy,Loretta Smith,Deian Salazar,Steph Routh
Loretta Smith,,,,,
Candace Avalos,Steph Routh,Loretta Smith,Jamie Dunphy,Terrence Hayes,Doug Clove
Noah Ernst,Michael (Mike) Sands,,,,
Candace Avalos,Jamie Dunphy,Loretta Smith,Steph Routh,Timur Ender,Deian Salazar
Cayle Tern,Jamie Dunphy,Candace Avalos,Timur Ender,Loretta Smith,Michael (Mike) Sands
Cayle Tern,Doug Clove,Loretta Smith,,,
Terrence Hayes,Loretta Smith,,,,
Noah Ernst,,,,,
David Linn,Doug Clove,Joe Furi,Thomas Shervey,Cayle Tern,Noah Ernst
Terrence Hayes,Noah Ernst,,,,
Doug Clove,Deian Salazar,Loretta Smith,Steph Routh,Joe Furi,Noah Ernst
Noah Ernst,Terrence Hayes,Thomas Shervey,,,
Deian Salazar,Terrence Hayes,,,,
Noah Ernst,Terrence Hayes,Joe Furi,Loretta Smith,Doug Clove,
Candace Avalos,Noah Ernst,David Linn,Joe Allen,Doug Clove,Michael (Mike) Sands
Noah Ernst,Doug Clove,Loretta Smith,,,
Loretta Smith,Candace Avalos,Timur Ender,Terrence Hayes,Jamie Dunphy,Steph Routh
Candace Avalos,Loretta Smith,Steph Routh,Michael (Mike) Sands,Deian Salazar,Terrence Hayes
Deian Salazar,Terrence Hayes,Loretta Smith,,,
Timur Ender,Candace Avalos,Cayle Tern,Steph Routh,Jamie Dunphy,David Linn
Steph Routh,,,,,
Loretta Smith,,,,,
Candace Avalos,Michael (Mike) Sands,Steph Routh,Cayle Tern,Timur Ender,David Linn
Candace Avalos,Loretta Smith,Terrence Hayes,,,
Loretta Smith,,,,,
Loretta Smith,,,,,
,,,,,
Terrence Hayes,Noah Ernst,Joe Furi,Loretta Smith,Doug Clove,Jamie Dunphy
Candace Avalos,Steph Routh,Timur Ender,Cayle Tern,,
Jamie Dunphy,Steph Routh,Loretta Smith,Thomas Shervey,Cayle Tern,Noah Ernst
Candace Avalos,Steph Routh,Timur Ender,Jamie Dunphy,Cayle Tern,David Linn
Timur Ender,Deian Salazar,Loretta Smith,Terrence Hayes,Steph Routh,Jamie Dunphy
Timur Ender,Doug Clove,Terrence Hayes,Jamie Dunphy,,
Terrence Hayes,Timur Ender,Steph Routh,Jamie Dunphy,,
Loretta Smith,Candace Avalos,Steph Routh,,,
Noah Ernst,,,,,
Timur Ender,Noah Ernst,Jamie Dunphy,Steph Routh,Candace Avalos,Cayle Tern
Candace Avalos,Loretta Smith,Terrence Hayes,Deian Salazar,Thomas Shervey,Jamie Dunphy
Loretta Smith,,,,,
Noah Ernst,Joe Allen,Doug Clove,Michael (Mike) Sands,Steph Routh,Peggy Sue Owens
Terrence Hayes,Peggy Sue Owens,Joe Allen,Loretta Smith,Cayle Tern,Candace Avalos
Loretta Smith,Deian Salazar,Candace Avalos,Joe Furi,Steph Routh,David Linn
Noah Ernst,,,,,
Terrence Hayes,Noah Ernst,Candace Avalos,Jamie Dunphy,Steph Routh,
Timur Ender,Cayle Tern,Terrence Hayes,David Linn,Candace Avalos,
Loretta Smith,Terrence Hayes,Joe Allen,,,
Timur Ender,Noah Ernst,David Linn,Terrence Hayes,Thomas Shervey,Loretta Smith
Joe Allen,Joe Furi,Doug Clove,,,
Loretta Smith,,,,,
Terrence Hayes,Timur Ender,Loretta Smith,Jamie Dunphy,Candace Avalos,Steph Routh
Terrence Hayes,Noah Ernst,Candace Avalos,Jamie Dunphy,Steph Routh,
Noah Ernst,Terrence Hayes,Joe Allen,Joe Furi,Deian Salazar,Loretta Smith
Candace Avalos,Michael (Mike) Sands,David Linn,Write-in-122,,
Michael (Mike) Sands,Terrence Hayes,Timur Ender,,,
Timur Ender,Cayle Tern,David Linn,Candace Avalos,Joe Furi,Steph Routh
Jamie Dunphy,Candace Avalos,Cayle Tern,Timur Ender,David Linn,
Peggy Sue Owens,Timur Ender,Noah Ernst,Candace Avalos,Joe Allen,David Linn
Loretta Smith,Terrence Hayes,Steph Routh,Timur Ender,Jamie Dunphy,Candace Avalos
Candace Avalos,Timur Ender,Steph Routh,,,
Candace Avalos,Noah Ernst,Cayle Tern,Steph Routh,Timur Ender,Doug Clove
Loretta Smith,Steph Routh,Candace Avalos,David Linn,,
Jamie Dunphy,Candace Avalos,Steph Routh,,,
Deian Salazar,,,,,
Timur Ender,Loretta Smith,Joe Furi,,,
Loretta Smith,Steph Routh,Jamie Dunphy,Candace Avalos,Timur Ender,
Candace Avalos,Loretta Smith,Timur Ender,Doug Clove,Jamie Dunphy,Steph Routh
Steph Routh,Cayle Tern,Jamie Dunphy,,,
Jamie Dunphy,Candace Avalos,Steph Routh,Noah Ernst,David Linn,Loretta Smith
Candace Avalos,Steph Routh,Timur Ender,Jamie Dunphy,Noah Ernst,Loretta Smith
Michael (Mike) Sands,Candace Avalos,Timur Ender,Steph Routh,Cayle Tern,Terrence Hayes
Loretta Smith,Steph Routh,Timur Ender,Noah Ernst,Terrence Hayes,Jamie Dunphy
Candace Avalos,Timur Ender,Steph Routh,Jamie Dunphy,Terrence Hayes,Cayle Tern
Deian Salazar,Candace Avalos,Loretta Smith,Jamie Dunphy,Noah Ernst,Terrence Hayes
Jamie Dunphy,Steph Routh,Noah Ernst,Terrence Hayes,David Linn,Candace Avalos
Terrence Hayes,Noah Ernst,Candace Avalos,,,
Steph Routh,Jamie Dunphy,,,,
Candace Avalos,Steph Routh,Timur Ender,Jamie Dunphy,Loretta Smith,
Terrence Hayes,Noah Ernst,Doug Clove,,,
Steph Routh,Candace Avalos,Timur Ender,,,
Jamie Dunphy,Candace Avalos,Loretta Smith,Terrence Hayes,,
Noah Ernst,Terrence Hayes,Joe Furi,Loretta Smith,Doug Clove,
Timur Ender,,,,,
David Linn,Joe Furi,Michael (Mike) Sands,Deian Salazar,Cayle Tern,Jamie Dunphy
Terrence Hayes,Loretta Smith,Michael (Mike) Sands,Joe Allen,Noah Ernst,David Linn
Candace Avalos,Timur Ender,Steph Routh,Thomas Shervey,Cayle Tern,David Linn
Thomas Shervey,Terrence Hayes,Cayle Tern,Candace Avalos,Loretta Smith,
Noah Ernst,Terrence Hayes,,,,
Loretta Smith,,,,,
,,,,,
Doug Clove,Noah Ernst,Terrence Hayes,,,
Jamie Dunphy,Candace Avalos,Steph Routh,,,
Candace Avalos,Timur Ender,Peggy Sue Owens,,,
Candace Avalos,Loretta Smith,Jamie Dunphy,Terrence Hayes,David Linn,Cayle Tern
David Linn,,,,,
Terrence Hayes,,,,,
Loretta Smith,Jamie Dunphy,Steph Routh,Noah Ernst,Terrence Hayes,David Linn
Peggy Sue Owens,Candace Avalos,Loretta Smith,,,
Jamie Dunphy,Candace Avalos,Steph Routh,Noah Ernst,David Linn,Loretta Smith
Candace Avalos,Timur Ender,Cayle Tern,Jamie Dunphy,Loretta Smith,
Noah Ernst,Terrence Hayes,Candace Avalos,,,
Write-in-120,,,,,
Steph Routh,Noah Ernst,Terrence Hayes,Jamie Dunphy,Loretta Smith,Candace Avalos
Candace Avalos,Timur Ender,Steph Routh,Jamie Dunphy,Cayle Tern,
Candace Avalos,Cayle Tern,Timur Ender,,,
Steph Routh,Jamie Dunphy,,,,
Noah Ernst,,,,,
David Linn,Joe Furi,,,,
Loretta Smith,David Linn,Steph Routh,,,
Candace Avalos,,,,,
Candace Avalos,Timur Ender,Joe Allen,Loretta Smith,Doug Clove,David Linn
David Linn,Cayle Tern,Doug Clove,Joe Furi,Michael (Mike) Sands,Deian Salazar
Terrence Hayes,Candace Avalos,Steph Routh,Cayle Tern,Noah Ernst,Timur Ender
Steph Routh,Doug Clove,Terrence Hayes,Michael (Mike) Sands,Candace Avalos,Joe Allen
Candace Avalos,Steph Routh,Noah Ernst,Timur Ender,Cayle Tern,Terrence Hayes
Candace Avalos,Steph Routh,Timur Ender,Jamie Dunphy,,
Jamie Dunphy,Candace Avalos,Steph Routh,Noah Ernst,David Linn,Loretta Smith
Terrence Hayes,Loretta Smith,Timur Ender,Steph Routh,Jamie Dunphy,
Noah Ernst,Deian Salazar,Loretta Smith,,,
Jamie Dunphy,Steph Routh,Candace Avalos,,,
Loretta Smith,,,,,
Candace Avalos,Jamie Dunphy,Timur Ender,Steph Routh,,
Jamie Dunphy,Loretta Smith,David Linn,Candace Avalos,,
Candace Avalos,Terrence Hayes,Loretta Smith,,,
Doug Clove,Noah Ernst,Deian Salazar,,,
Candace Avalos,Jamie Dunphy,Steph Routh,Timur Ender,,
Candace Avalos,Timur Ender,Steph Routh,Jamie Dunphy,,
Candace Avalos,Cayle Tern,Timur Ender,,,
Candace Avalos,Cayle Tern,Timur Ender,Loretta Smith,Terrence Hayes,Steph Routh
Timur Ender,Noah Ernst,Terrence Hayes,Loretta Smith,Thomas Shervey,Steph Routh
Candace Avalos,Loretta Smith,Steph Routh,,,
Jamie Dunphy,Candace Avalos,Steph Routh,,,
Steph Routh,Candace Avalos,Timur Ender,David Linn,Cayle Tern,Jamie Dunphy
Jamie Dunphy,Steph Routh,Terrence Hayes,Joe Furi,Candace Avalos,
Terrence Hayes,David Linn,Timur Ender,Thomas Shervey,Joe Furi,
Joe Furi,Noah Ernst,Doug Clove,Deian Salazar,Loretta Smith,
Loretta Smith,Candace Avalos,,,,
Jamie Dunphy,Timur Ender,Steph Routh,Terrence Hayes,Candace Avalos,Cayle Tern
Loretta Smith,Candace Avalos,Joe Furi,Terrence Hayes,Jamie Dunphy,Joe Allen
Candace Avalos,Cayle Tern,Timur Ender,,,
Jamie Dunphy,Candace Avalos,Steph Routh,,,
Candace Avalos,David Linn,Cayle Tern,Noah Ernst,Terrence Hayes,Peggy Sue Owens
Terrence Hayes,Steph Routh,,,,
Loretta Smith,Terrence Hayes,,,,
Michael (Mike) Sands,Terrence Hayes,Doug Clove,Noah Ernst,Cayle Tern,Jamie Dunphy
Loretta Smith,Candace Avalos,Steph Routh,Terrence Hayes,Thomas Shervey,Michael (Mike) Sands
Jamie Dunphy,Candace Avalos,Timur Ender,Steph Routh,,
Candace Avalos,Timur Ender,Steph Routh,Jamie Dunphy,,
Terrence Hayes,,,,,
David Linn,Loretta Smith,Terrence Hayes,Steph Routh,Timur Ender,Noah Ernst
Jamie Dunphy,Candace Avalos,Steph Routh,Noah Ernst,David Linn,Loretta Smith
Steph Routh,Candace Avalos,Jamie Dunphy,,,
Noah Ernst,,,,,
Candace Avalos,,,,,
Candace Avalos,Steph Routh,Jamie Dunphy,,,
Jamie Dunphy,David Linn,Cayle Tern,Michael (Mike) Sands,Loretta Smith,Noah Ernst
Noah Ernst,Doug Clove,Terrence Hayes,,,
Timur Ender,Noah Ernst,Jamie Dunphy,,,
Peggy Sue Owens,Timur Ender,Noah Ernst,Candace Avalos,Joe Allen,David Linn
Noah Ernst,David Linn,Michael (Mike) Sands,Steph Routh,Jamie Dunphy,Joe Allen
Steph Routh,Candace Avalos,Timur Ender,Jamie Dunphy,,
Candace Avalos,Noah Ernst,Cayle Tern,Steph Routh,Timur Ender,Doug Clove
Timur Ender,Steph Routh,Candace Avalos,David Linn,Jamie Dunphy,
Doug Clove,,,,,
Terrence Hayes,,,,,
Cayle Tern,,,,,
Candace Avalos,Jamie Dunphy,Steph Routh,,,
Terrence Hayes,Jamie Dunphy,,,,
Loretta Smith,Candace Avalos,Steph Routh,Jamie Dunphy,Deian Salazar,
Loretta Smith,,,,,
Joe Allen,Peggy Sue Owens,,,,
Jamie Dunphy,Candace Avalos,Steph Routh,Noah Ernst,David Linn,Loretta Smith
Candace Avalos,Steph Routh,Timur Ender,Jamie Dunphy,,
Terrence Hayes,Loretta Smith,Deian Salazar,Cayle Tern,Timur Ender,Doug Clove
David Linn,Candace Avalos,Jamie Dunphy,,,
Timur Ender,Candace Avalos,Steph Routh,Loretta Smith,Jamie Dunphy,Cayle Tern
Timur Ender,Loretta Smith,Doug Clove,Steph Routh,Candace Avalos,Joe Furi
Peggy Sue Owens,,,,,
Loretta Smith,Candace Avalos,Terrence Hayes,Michael (Mike) Sands,Timur Ender,Deian Salazar
Candace Avalos,Noah Ernst,Steph Routh,Terrence Hayes,Thomas Shervey,Cayle Tern
Michael (Mike) Sands,,,,,
Jamie Dunphy,Cayle Tern,Steph Routh,Joe Allen,David Linn,
Jamie Dunphy,Timur Ender,,,,
Candace Avalos,Steph Routh,Timur Ender,David Linn,Jamie Dunphy,Joe Allen
Jamie Dunphy,Candace Avalos,Steph Routh,Noah Ernst,David Linn,Loretta Smith
Joe Furi,Timur Ender,Cayle Tern,Joe Allen,Noah Ernst,Steph Routh
Jamie Dunphy,Steph Routh,Terrence Hayes,Cayle Tern,Michael (Mike) Sands,
Noah Ernst,Loretta Smith,Terrence Hayes,Steph Routh,Jamie Dunphy,Doug Clove
Candace Avalos,Loretta Smith,Jamie Dunphy,Terrence Hayes,Deian Salazar,Cayle Tern
Noah Ernst,Terrence Hayes,Joe Furi,Loretta Smith,Doug Clove,Steph Routh
Candace Avalos,Loretta Smith,Terrence Hayes,,,
Jamie Dunphy,Candace Avalos,,,,
Loretta Smith,,,,,
Timur Ender,Candace Avalos,Steph Routh,Jamie Dunphy,Cayle Tern,David Linn
Jamie Dunphy,Candace Avalos,Steph Routh,Noah Ernst,David Linn,Loretta Smith
Peggy Sue Owens,Loretta Smith,Cayle Tern,Terrence Hayes,Joe Furi,Candace Avalos
Jamie Dunphy,Joe Allen,David Linn,Timur Ender,Cayle Tern,Deian Salazar
Candace Avalos,Jamie Dunphy,Cayle Tern,Steph Routh,David Linn,Terrence Hayes
Candace Avalos,Timur Ender,Jamie Dunphy,Steph Routh,Cayle Tern,Michael (Mike) Sands
Loretta Smith,Timur Ender,Terrence Hayes,Steph Routh,Jamie Dunphy,Candace Avalos
Cayle Tern,Steph Routh,Timur Ender,Jamie Dunphy,David Linn,Candace Avalos
Candace Avalos,Cayle Tern,Timur Ender,Jamie Dunphy,Steph Routh,Loretta Smith
Doug Clove,Deian Salazar,Joe Furi,Loretta Smith,Steph Routh,Jamie Dunphy
Terrence Hayes,Steph Routh,Timur Ender,Noah Ernst,Loretta Smith,Candace Avalos
Candace Avalos,Steph Routh,Timur Ender,,,
Terrence Hayes,Loretta Smith,Steph Routh,Deian Salazar,Joe Allen,Timur Ender
Terrence Hayes,Noah Ernst,Candace Avalos,Jamie Dunphy,Timur Ender,Steph Routh
Doug Clove,Loretta Smith,,,,
Terrence Hayes,Timur Ender,Loretta Smith,Noah Ernst,,
Noah Ernst,Joe Allen,Doug Clove,Terrence Hayes,Deian Salazar,Joe Furi
Steph Routh,Candace Avalos,Jamie Dunphy,Timur Ender,,
Candace Avalos,Timur Ender,Steph Routh,Jamie Dunphy,Cayle Tern,David Linn
Steph Routh,Candace Avalos,Timur Ender,Loretta Smith,Jamie Dunphy,
Candace Avalos,Steph Routh,Timur Ender,,,
Noah Ernst,Terrence Hayes,,,,
Steph Routh,Loretta Smith,Terrence Hayes,Timur Ender,Cayle Tern,
Cayle Tern,Noah Ernst,Jamie Dunphy,Timur Ender,Thomas Shervey,Loretta Smith
Candace Avalos,Terrence Hayes,Noah Ernst,,,
Loretta Smith,Terrence Hayes,Steph Routh,,,
Michael (Mike) Sands,,,,,
Noah Ernst,Joe Allen,Candace Avalos,Michael (Mike) Sands,Deian Salazar,Terrence Hayes
Deian Salazar,Noah Ernst,David Linn,Doug Clove,Joe Allen,Joe Furi
Candace Avalos,,,,,
Timur Ender,Loretta Smith,Steph Routh,Candace Avalos,,
Terrence Hayes,Deian Salazar,Noah Ernst,Loretta Smith,Candace Avalos,Timur Ender
Jamie Dunphy,Candace Avalos,Steph Routh,Noah Ernst,David Linn,Loretta Smith
Candace Avalos,Timur Ender,Cayle Tern,Joe Furi,Deian Salazar,Terrence Hayes
Candace Avalos,Doug Clove,Terrence Hayes,Loretta Smith,David Linn,Joe Furi
Steph Routh,Timur Ender,Jamie Dunphy,Candace Avalos,,
Terrence Hayes,Joe Allen,Steph Routh,,,
Jamie Dunphy,Candace Avalos,Terrence Hayes,Loretta Smith,Deian Salazar,Cayle Tern
Noah Ernst,Joe Furi,David Linn,Thomas Shervey,Doug Clove,Joe Allen
Terrence Hayes,Jamie Dunphy,Steph Routh,,,
,,,,,
Noah Ernst,,,,,
Jamie Dunphy,Noah Ernst,David Linn,Candace Avalos,Steph Routh,
,,,,,
Candace Avalos,Steph Routh,Terrence Hayes,Timur Ender,Cayle Tern,David Linn
Timur Ender,Candace Avalos,Steph Routh,Jamie Dunphy,,
Loretta Smith,Terrence Hayes,Steph Routh,,,
Timur Ender,Loretta Smith,Candace Avalos,Cayle Tern,,
Joe Furi,Joe Allen,Terrence Hayes,Write-in-121,Jamie Dunphy,Thomas Shervey
Jamie Dunphy,Candace Avalos,Steph Routh,David Linn,Noah Ernst,Loretta Smith
Thomas Shervey,Deian Salazar,Joe Allen,,,
Loretta Smith,Steph Routh,Noah Ernst,Write-in-120,,
Michael (Mike) Sands,Noah Ernst,Joe Allen,Doug Clove,Thomas Shervey,David Linn
Michael (Mike) Sands,Terrence Hayes,David Linn,Noah Ernst,Jamie Dunphy,Peggy Sue Owens
Candace Avalos,Steph Routh,Timur Ender,Cayle Tern,Jamie Dunphy,
Noah Ernst,Jamie Dunphy,Candace Avalos,Steph Routh,David Linn,Loretta Smith
Michael (Mike) Sands,,,,,
Timur Ender,,,,,
Peggy Sue Owens,Jamie Dunphy,Joe Furi,Deian Salazar,Thomas Shervey,Terrence Hayes
Joe Furi,Joe Allen,Noah Ernst,,,
Steph Routh,Thomas Shervey,Loretta Smith,Jamie Dunphy,Doug Clove,Deian Salazar
Loretta Smith,Steph Routh,Timur Ender,Jamie Dunphy,,
,,,,,
Terrence Hayes,Loretta Smith,,,,
Loretta Smith,,,,,
Noah Ernst,,,,,
Doug Clove,,,,,
Steph Routh,Jamie Dunphy,Timur Ender,,,
Cayle Tern,Candace Avalos,Terrence Hayes,Noah Ernst,Doug Clove,Peggy Sue Owens
Loretta Smith,Terrence Hayes,,,,
Jamie Dunphy,Candace Avalos,Steph Routh,David Linn,Timur Ender,Cayle Tern
Steph Routh,Terrence Hayes,Michael (Mike) Sands,Loretta Smith,Timur Ender,Jamie Dunphy
Jamie Dunphy,Candace Avalos,Steph Routh,Noah Ernst,Loretta Smith,
Candace Avalos,Cayle Tern,Timur Ender,Steph Routh,Jamie Dunphy,
Candace Avalos,Cayle Tern,Timur Ender,,,
Steph Routh,Timur Ender,Candace Avalos,Jamie Dunphy,David Linn,Cayle Tern
Jamie Dunphy,Candace Avalos,,,,
Loretta Smith,Steph Routh,Timur Ender,,,
Loretta Smith,David Linn,,,,
Thomas Shervey,Cayle Tern,Steph Routh,,,
Noah Ernst,Joe Allen,Doug Clove,Thomas Shervey,Terrence Hayes,Steph Routh
Noah Ernst,Terrence Hayes,,,,
Jamie Dunphy,Terrence Hayes,Timur Ender,Candace Avalos,Cayle Tern,Michael (Mike) Sands
Loretta Smith,,,,,
Candace Avalos,Cayle Tern,Doug Clove,Jamie Dunphy,Timur Ender,Terrence Hayes
Noah Ernst,,,,,
Steph Routh,Cayle Tern,Jamie Dunphy,Terrence Hayes,Thomas Shervey,Noah Ernst
Noah Ernst,Timur Ender,Terrence Hayes,,,
Candace Avalos,Joe Allen,David Linn,Noah Ernst,Timur Ender,Peggy Sue Owens
Jamie Dunphy,,,,,
Noah Ernst,Terrence Hayes,David Linn,,,
Candace Avalos,Steph Routh,Terrence Hayes,Jamie Dunphy,Timur Ender,
Jamie Dunphy,Timur Ender,Peggy Sue Owens,,,
Jamie Dunphy,,,,,
Candace Avalos,Steph Routh,Loretta Smith,,,
Candace Avalos,Jamie Dunphy,Steph Routh,,,
Cayle Tern,,,,,
Jamie Dunphy,Steph Routh,Timur Ender,,,
Loretta Smith,Timur Ender,Michael (Mike) Sands,Steph Routh,Terrence Hayes,Candace Avalos
Terrence Hayes,Steph Routh,Michael (Mike) Sands,Noah Ernst,Peggy Sue Owens,Cayle Tern
Loretta Smith,,,,,
Loretta Smith,Candace Avalos,Steph Routh,Cayle Tern,Deian Salazar,David Linn
Steph Routh,Candace Avalos,Timur Ender,Jamie Dunphy,,
Timur Ender,Candace Avalos,Cayle Tern,Steph Routh,,
Timur Ender,Loretta Smith,Jamie Dunphy,Joe Furi,Candace Avalos,Peggy Sue Owens
Candace Avalos,Jamie Dunphy,Terrence Hayes,Steph Routh,Timur Ender,Deian Salazar
Doug Clove,Deian Salazar,Steph Routh,,,
Noah Ernst,,,,,
Candace Avalos,Cayle Tern,Timur Ender,,,
Jamie Dunphy,Steph Routh,David Linn,Timur Ender,Candace Avalos,Terrence Hayes
Loretta Smith,Terrence Hayes,Doug Clove,Deian Salazar,Noah Ernst,Thomas Shervey
Steph Routh,Doug Clove,Noah Ernst,Deian Salazar,Jamie Dunphy,Joe Allen
Steph Routh,Timur Ender,Noah Ernst,David Linn,Joe Allen,Candace Avalos
Timur Ender,Loretta Smith,Candace Avalos,Thomas Shervey,,
Loretta Smith,Steph Routh,Thomas Shervey,,,
Candace Avalos,Jamie Dunphy,Steph Routh,Timur Ender,David Linn,Cayle Tern
Loretta Smith,,,,,
Peggy Sue Owens,Joe Allen,David Linn,Doug Clove,,
Steph Routh,Doug Clove,Joe Allen,Jamie Dunphy,Candace Avalos,Deian Salazar
Noah Ernst,,,,,
Jamie Dunphy,Candace Avalos,Steph Routh,Noah Ernst,David Linn,Loretta Smith
Jamie Dunphy,Timur Ender,David Linn,,,
Terrence Hayes,Candace Avalos,Loretta Smith,,,
Steph Routh,Candace Avalos,Timur Ender,,,
Joe Furi,Thomas Shervey,Terrence Hayes,Joe Allen,Cayle Tern,Jamie Dunphy
Timur Ender,Candace Avalos,Loretta Smith,Jamie Dunphy,,
Timur Ender,Loretta Smith,Candace Avalos,David Linn,Terrence Hayes,Thomas Shervey
Loretta Smith,Cayle Tern,Peggy Sue Owens,David Linn,Joe Furi,Deian Salazar
David Linn,,,,,
Candace Avalos,Timur Ender,Loretta Smith,Steph Routh,,
Candace Avalos,Loretta Smith,Terrence Hayes,Steph Routh,Jamie Dunphy,
Noah Ernst,Deian Salazar,Terrence Hayes,,,
Thomas Shervey,Loretta Smith,Doug Clove,David Linn,Noah Ernst,Timur Ender
Jamie Dunphy,Doug Clove,David Linn,Steph Routh,Terrence Hayes,Joe Furi
Loretta Smith,Noah Ernst,Terrence Hayes,,,
Loretta Smith,Terrence Hayes,Thomas Shervey,,,
Terrence Hayes,Noah Ernst,Candace Avalos,,,
Timur Ender,Jamie Dunphy,Terrence Hayes,,,
Candace Avalos,Cayle Tern,Timur Ender,,,
David Linn,,,,,
David Linn,Cayle Tern,Terrence Hayes,Jamie Dunphy,Doug Clove,Joe Furi
David Linn,,,,,
Noah Ernst,David Linn,Thomas Shervey,Terrence Hayes,Jamie Dunphy,Loretta Smith
Terrence Hayes,Steph Routh,Timur Ender,Loretta Smith,,
Candace Avalos,Timur Ender,Steph Routh,,,
Steph Routh,Terrence Hayes,Noah Ernst,Timur Ender,Jamie Dunphy,Joe Furi
Jamie Dunphy,Candace Avalos,Steph Routh,Noah Ernst,Joe Allen,Deian Salazar
Jamie Dunphy,Candace Avalos,Steph Routh,,,
David Linn,,,,,
Candace Avalos,Peggy Sue Owens,Loretta Smith,Michael (Mike) Sands,Noah Ernst,Joe Furi
Michael (Mike) Sands,Cayle Tern,David Linn,Noah Ernst,Timur Ender,Doug Clove
Noah Ernst,Candace Avalos,Cayle Tern,Jamie Dunphy,,
Michael (Mike) Sands,David Linn,Thomas Shervey,Candace Avalos,Deian Salazar,Write-in-121
Jamie Dunphy,Candace Avalos,Steph Routh,,,
Candace Avalos,Steph Routh,Timur Ender,,,
Loretta Smith,Peggy Sue Owens,,,,
Terrence Hayes,Noah Ernst,Loretta Smith,,,
Candace Avalos,Loretta Smith,Steph Routh,,,
Jamie Dunphy,Joe Furi,Thomas Shervey,Noah Ernst,Doug Clove,Steph Routh
Steph Routh,Jamie Dunphy,Timur Ender,Loretta Smith,Candace Avalos,
Candace Avalos,Steph Routh,Timur Ender,Jamie Dunphy,David Linn,Terrence Hayes
Loretta Smith,Steph Routh,Candace Avalos,David Linn,,
Terrence Hayes,,,,,
Jamie Dunphy,Steph Routh,David Linn,,,
Steph Routh,,,,,
Candace Avalos,Jamie Dunphy,Timur Ender,Cayle Tern,David Linn,Michael (Mike) Sands
Jamie Dunphy,Thomas Shervey,Michael (Mike) Sands,Doug Clove,David Linn,Joe Allen
Terrence Hayes,Loretta Smith,,,,
Noah Ernst,Terrence Hayes,Joe Furi,Loretta Smith,Doug Clove,
Steph Routh,Jamie Dunphy,,,,
Steph Routh,Candace Avalos,Terrence Hayes,Deian Salazar,Loretta Smith,Cayle Tern
Deian Salazar,Noah Ernst,Steph Routh,Candace Avalos,Joe Allen,
Timur Ender,Thomas Shervey,Doug Clove,David Linn,Candace Avalos,Cayle Tern
Loretta Smith,Candace Avalos,Joe Allen,Noah Ernst,Timur Ender,Deian Salazar
Steph Routh,Loretta Smith,Terrence Hayes,David Linn,Candace Avalos,Cayle Tern
Candace Avalos,Terrence Hayes,Jamie Dunphy,Thomas Shervey,Noah Ernst,Peggy Sue Owens
Candace Avalos,Steph Routh,Jamie Dunphy,,,
Steph Routh,Timur Ender,Candace Avalos,Cayle Tern,,
Timur Ender,Candace Avalos,David Linn,Michael (Mike) Sands,Steph Routh,
Doug Clove,,,,,
Candace Avalos,Cayle Tern,Timur Ender,,,
Jamie Dunphy,Candace Avalos,Steph Routh,Noah Ernst,David Linn,Loretta Smith
Candace Avalos,Cayle Tern,Timur Ender,,,
Loretta Smith,Peggy Sue Owens,David Linn,Terrence Hayes,Noah Ernst,
Steph Routh,Cayle Tern,Candace Avalos,Timur Ender,Joe Furi,
Jamie Dunphy,Steph Routh,Terrence Hayes,Loretta Smith,David Linn,Cayle Tern
Noah Ernst,Joe Furi,Loretta Smith,Terrence Hayes,Doug Clove,Steph Routh
Jamie Dunphy,Steph Routh,Noah Ernst,David Linn,Loretta Smith,
Terrence Hayes,Noah Ernst,Loretta Smith,,,
Loretta Smith,Terrence Hayes,Steph Routh,Jamie Dunphy,Candace Avalos,Timur Ender
,,,,,
David Linn,Joe Allen,Thomas Shervey,,,
Michael (Mike) Sands,Candace Avalos,Jamie Dunphy,Steph Routh,,
Noah Ernst,Timur Ender,Joe Allen,,,
Loretta Smith,Doug Clove,Deian Salazar,,,
Noah Ernst,,,,,
Timur Ender,Loretta Smith,Candace Avalos,Jamie Dunphy,Steph Routh,David Linn
Candace Avalos,Loretta Smith,Timur Ender,Steph Routh,Terrence Hayes,
Candace Avalos,Loretta Smith,,,,
Jamie Dunphy,Steph Routh,Michael (Mike) Sands,Cayle Tern,David Linn,Candace Avalos
Candace Avalos,Loretta Smith,Terrence Hayes,Steph Routh,Jamie Dunphy,
Noah Ernst,,,,,
Timur Ender,Loretta Smith,Candace Avalos,Steph Routh,Terrence Hayes,Jamie Dunphy
Noah Ernst,Timur Ender,Terrence Hayes,,,
Doug Clove,Deian Salazar,,,,
David Linn,Noah Ernst,Doug Clove,,,
Noah Ernst,Loretta Smith,David Linn,Timur Ender,Peggy Sue Owens,Joe Allen
Terrence Hayes,Deian Salazar,Loretta Smith,,,
Jamie Dunphy,Loretta Smith,Terrence Hayes,,,
Candace Avalos,Cayle Tern,Timur Ender,,,
Candace Avalos,Timur Ender,Steph Routh,Cayle Tern,,
Joe Allen,Deian Salazar,Thomas Shervey,David Linn,Cayle Tern,Jamie Dunphy
Terrence Hayes,,,,,
Timur Ender,Candace Avalos,Loretta Smith,Steph Routh,Cayle Tern,David Linn
Steph Routh,Jamie Dunphy,Noah Ernst,,,
Jamie Dunphy,Loretta Smith,Noah Ernst,,,
Timur Ender,Noah Ernst,Joe Allen,Cayle Tern,Michael (Mike) Sands,Terrence Hayes
Michael (Mike) Sands,Jamie Dunphy,Steph Routh,Deian Salazar,Joe Allen,Timur Ender
Jamie Dunphy,Candace Avalos,Terrence Hayes,Steph Routh,Loretta Smith,Cayle Tern
Loretta Smith,Michael (Mike) Sands,,,,
Terrence Hayes,Loretta Smith,Noah Ernst,,,
Terrence Hayes,Timur Ender,Candace Avalos,Steph Routh,Loretta Smith,Jamie Dunphy
Peggy Sue Owens,Joe Allen,David Linn,Michael (Mike) Sands,Thomas Shervey,
Doug Clove,Michael (Mike) Sands,Steph Routh,Candace Avalos,David Linn,Cayle Tern
Thomas Shervey,Loretta Smith,Candace Avalos,Jamie Dunphy,Joe Allen,David Linn
Joe Allen,David Linn,Doug Clove,Thomas Shervey,Noah Ernst,Loretta Smith
Candace Avalos,Timur Ender,David Linn,Jamie Dunphy,,
Timur Ender,Loretta Smith,Steph Routh,Jamie Dunphy,,
Jamie Dunphy,Timur Ender,Noah Ernst,Cayle Tern,,
Loretta Smith,Terrence Hayes,Cayle Tern,David Linn,Timur Ender,Candace Avalos
Candace Avalos,Jamie Dunphy,Timur Ender,,,
Timur Ender,Doug Clove,Loretta Smith,Terrence Hayes,,
Jamie Dunphy,Candace Avalos,Steph Routh,Noah Ernst,David Linn,Loretta Smith
Loretta Smith,,,,,
Loretta Smith,Terrence Hayes,Jamie Dunphy,Timur Ender,Steph Routh,
Candace Avalos,Jamie Dunphy,Steph Routh,Loretta Smith,Terrence Hayes,Cayle Tern
Candace Avalos,David Linn,Deian Salazar,Steph Routh,Loretta Smith,Joe Furi
Michael (Mike) Sands,Terrence Hayes,Candace Avalos,,,
Jamie Dunphy,Steph Routh,Terrence Hayes,Loretta Smith,Michael (Mike) Sands,David Linn
Candace Avalos,Cayle Tern,Timur Ender,,,
Peggy Sue Owens,Michael (Mike) Sands,Thomas Shervey,,,
Candace Avalos,Steph Routh,Timur Ender,,,
Noah Ernst,Terrence Hayes,Joe Furi,Loretta Smith,Doug Clove,
Doug Clove,,,,,
Michael (Mike) Sands,Peggy Sue Owens,Joe Allen,Doug Clove,Steph Routh,David Linn
Candace Avalos,Jamie Dunphy,Cayle Tern,Deian Salazar,Peggy Sue Owens,Thomas Shervey
Steph Routh,Candace Avalos,Loretta Smith,Timur Ender,Thomas Shervey,Jamie Dunphy
Loretta Smith,Cayle Tern,Terrence Hayes,David Linn,Steph Routh,Joe Furi
Steph Routh,Jamie Dunphy,Terrence Hayes,Loretta Smith,Candace Avalos,David Linn
Peggy Sue Owens,Loretta Smith,Candace Avalos,,,
Candace Avalos,Cayle Tern,Jamie Dunphy,,,
Michael (Mike) Sands,Candace Avalos,Steph Routh,Terrence Hayes,Jamie Dunphy,Doug Clove
Jamie Dunphy,Candace Avalos,Steph Routh,David Linn,Timur Ender,
Steph Routh,Jamie Dunphy,Candace Avalos,Cayle Tern,Timur Ender,
Noah Ernst,,,,,
Noah Ernst,Thomas Shervey,David Linn,Michael (Mike) Sands,Steph Routh,Terrence Hayes
Joe Allen,Doug Clove,Timur Ender,,,
Candace Avalos,Joe Furi,Loretta Smith,Terrence Hayes,,
,,,,,
Noah Ernst,Jamie Dunphy,Steph Routh,,,
Peggy Sue Owens,Timur Ender,Noah Ernst,Candace Avalos,Joe Allen,David Linn
Loretta Smith,Thomas Shervey,Timur Ender,Candace Avalos,Doug Clove,Terrence Hayes
Loretta Smith,Timur Ender,Terrence Hayes,Steph Routh,,
Doug Clove,,,,,
Jamie Dunphy,Steph Routh,Timur Ender,David Linn,Loretta Smith,Terrence Hayes
Loretta Smith,Jamie Dunphy,Steph Routh,Timur Ender,Terrence Hayes,Michael (Mike) Sands
Timur Ender,Doug Clove,Jamie Dunphy,,,
Deian Salazar,Cayle Tern,,,,
Candace Avalos,Michael (Mike) Sands,Cayle Tern,Thomas Shervey,Terrence Hayes,Joe Allen
Timur Ender,Steph Routh,Candace Avalos,David Linn,Jamie Dunphy,
Candace Avalos,Noah Ernst,Terrence Hayes,Joe Furi,Joe Allen,
Noah Ernst,,,,,
Candace Avalos,Steph Routh,Timur Ender,Jamie Dunphy,,
Steph Routh,Timur Ender,Jamie Dunphy,Michael (Mike) Sands,Loretta Smith,Candace Avalos
Joe Allen,Doug Clove,Loretta Smith,Terrence Hayes,Noah Ernst,Peggy Sue Owens
Steph Routh,Candace Avalos,Jamie Dunphy,Cayle Tern,Timur Ender,David Linn
Loretta Smith,Terrence Hayes,Jamie Dunphy,Timur Ender,Candace Avalos,Steph Routh
Loretta Smith,Terrence Hayes,,,,
Noah Ernst,Doug Clove,Joe Furi,Deian Salazar,Loretta Smith,Terrence Hayes
David Linn,Cayle Tern,Joe Furi,Steph Routh,,
Steph Routh,Candace Avalos,Loretta Smith,,,
Candace Avalos,Terrence Hayes,Deian Salazar,Steph Routh,Cayle Tern,
Steph Routh,Jamie Dunphy,Candace Avalos,,,
Timur Ender,Candace Avalos,Cayle Tern,Steph Routh,,
Steph Routh,Candace Avalos,,,,
Doug Clove,Noah Ernst,Terrence Hayes,Steph Routh,,
Noah Ernst,Thomas Shervey,Michael (Mike) Sands,Jamie Dunphy,Cayle Tern,Joe Allen
Candace Avalos,Steph Routh,Timur Ender,Jamie Dunphy,,
Timur Ender,Loretta Smith,Steph Routh,,,
Noah Ernst,,,,,
Terrence Hayes,Loretta Smith,Joe Allen,Peggy Sue Owens,Joe Furi,Thomas Shervey
Steph Routh,,,,,
Loretta Smith,Timur Ender,Doug Clove,Noah Ernst,,
Noah Ernst,,,,,
Deian Salazar,Candace Avalos,Loretta Smith,Cayle Tern,David Linn,Terrence Hayes
Steph Routh,Loretta Smith,,,,
Timur Ender,Candace Avalos,Doug Clove,Loretta Smith,Steph Routh,
Doug Clove,,,,,
Terrence Hayes,Steph Routh,Candace Avalos,Jamie Dunphy,,
Terrence Hayes,Noah Ernst,,,,
Terrence Hayes,,,,,
Timur Ender,Noah Ernst,Candace Avalos,Cayle Tern,Deian Salazar,Loretta Smith
Noah Ernst,Doug Clove,Terrence Hayes,,,
Loretta Smith,,,,,
Michael (Mike) Sands,Candace Avalos,Peggy Sue Owens,Terrence Hayes,Joe Furi,
Jamie Dunphy,Candace Avalos,Loretta Smith,Steph Routh,,
Noah Ernst,,,,,
Jamie Dunphy,Deian Salazar,Joe Furi,Thomas Shervey,Joe Allen,Candace Avalos
Jamie Dunphy,Steph Routh,Terrence Hayes,Candace Avalos,,
Cayle Tern,Candace Avalos,Steph Routh,Timur Ender,Jamie Dunphy,Loretta Smith
Peggy Sue Owens,Noah Ernst,Michael (Mike) Sands,Loretta Smith,Candace Avalos,Jamie Dunphy
Joe Allen,,,,,
Steph Routh,Loretta Smith,Terrence Hayes,,,
Michael (Mike) Sands,Joe Furi,Doug Clove,Jamie Dunphy,Joe Allen,Timur Ender
Terrence Hayes,Candace Avalos,Timur Ender,Cayle Tern,Jamie Dunphy,Steph Routh
Steph Routh,,,,,
Steph Routh,Timur Ender,Candace Avalos,,,
Terrence Hayes,,,,,
Cayle Tern,Deian Salazar,Michael (Mike) Sands,Terrence Hayes,Loretta Smith,Jamie Dunphy
Peggy Sue Owens,,,,,
Timur Ender,Candace Avalos,Steph Routh,Loretta Smith,,
Jamie Dunphy,Steph Routh,Candace Avalos,Timur Ender,Loretta Smith,Terrence Hayes
Candace Avalos,Timur Ender,Steph Routh,Jamie Dunphy,Cayle Tern,
Jamie Dunphy,Candace Avalos,Timur Ender,Steph Routh,Loretta Smith,Doug Clove
Loretta Smith,Candace Avalos,Terrence Hayes,Jamie Dunphy,,
Jamie Dunphy,Candace Avalos,Steph Routh,,,
Candace Avalos,Loretta Smith,Deian Salazar,Cayle Tern,Peggy Sue Owens,Jamie Dunphy
Candace Avalos,Cayle Tern,Timur Ender,Jamie Dunphy,Steph Routh,David Linn
Noah Ernst,Joe Furi,Thomas Shervey,Loretta Smith,Terrence Hayes,Deian Salazar
Timur Ender,,,,,
Jamie Dunphy,Candace Avalos,Steph Routh,,,
Terrence Hayes,Noah Ernst,Doug Clove,,,
Jamie Dunphy,Candace Avalos,,,,
Noah Ernst,Doug Clove,Joe Allen,,,
Jamie Dunphy,Candace Avalos,Steph Routh,Noah Ernst,David Linn,Loretta Smith
Noah Ernst,,,,,
David Linn,,,,,
Jamie Dunphy,Steph Routh,David Linn,,,
Terrence Hayes,Noah Ernst,Joe Furi,Loretta Smith,Doug Clove,Write-in-120
Candace Avalos,Steph Routh,,,,
Timur Ender,Terrence Hayes,Steph Routh,Candace Avalos,,
Steph Routh,Timur Ender,Candace Avalos,Joe Allen,Joe Furi,Terrence Hayes
Deian Salazar,Terrence Hayes,Loretta Smith,,,
Peggy Sue Owens,Candace Avalos,Joe Allen,Cayle Tern,Deian Salazar,Loretta Smith
Noah Ernst,,,,,
Noah Ernst,Loretta Smith,Thomas Shervey,Doug Clove,Terrence Hayes,Deian Salazar
Steph Routh,Candace Avalos,Timur Ender,David Linn,,
Terrence Hayes,Noah Ernst,Candace Avalos,Loretta Smith,Steph Routh,
Deian Salazar,Michael (Mike) Sands,Joe Furi,Terrence Hayes,Jamie Dunphy,Joe Allen
Terrence Hayes,Loretta Smith,Jamie Dunphy,Deian Salazar,Candace Avalos,
Steph Routh,Candace Avalos,Jamie Dunphy,Loretta Smith,Timur Ender,Peggy Sue Owens
Terrence Hayes,Loretta Smith,Noah Ernst,,,
Terrence Hayes,Deian Salazar,,,,
Terrence Hayes,Jamie Dunphy,,,,
Steph Routh,Timur Ender,Candace Avalos,David Linn,Cayle Tern,Jamie Dunphy
Candace Avalos,Steph Routh,,,,
Terrence Hayes,Noah Ernst,Joe Furi,Loretta Smith,Doug Clove,Write-in-120
Candace Avalos,,,,,
Jamie Dunphy,Candace Avalos,Steph Routh,Timur Ender,Loretta Smith,Cayle Tern
Michael (Mike) Sands,Doug Clove,Joe Furi,Candace Avalos,Noah Ernst,Timur Ender
Timur Ender,Steph Routh,Jamie Dunphy,,,
Timur Ender,Joe Allen,Steph Routh,Loretta Smith,Cayle Tern,Candace Avalos
Terrence Hayes,Michael (Mike) Sands,Deian Salazar,Cayle Tern,,
Noah Ernst,Terrence Hayes,,,,
Terrence Hayes,Deian Salazar,Candace Avalos,Cayle Tern,Jamie Dunphy,Loretta Smith
Peggy Sue Owens,Candace Avalos,Michael (Mike) Sands,Loretta Smith,,
Timur Ender,Loretta Smith,Candace Avalos,Deian Salazar,Steph Routh,
Steph Routh,Timur Ender,Candace Avalos,David Linn,Cayle Tern,
Jamie Dunphy,Terrence Hayes,Timur Ender,Steph Routh,Michael (Mike) Sands,
Timur Ender,Jamie Dunphy,Steph Routh,Candace Avalos,,
Loretta Smith,Timur Ender,David Linn,Joe Furi,Jamie Dunphy,Doug Clove
Timur Ender,Candace Avalos,Cayle Tern,Steph Routh,Terrence Hayes,Loretta Smith
Doug Clove,Steph Routh,Loretta Smith,Candace Avalos,,
Doug Clove,,,,,
Terrence Hayes,Noah Ernst,Candace Avalos,,,
Write-in-121,Write-in-122,,,,
Candace Avalos,Terrence Hayes,Cayle Tern,Loretta Smith,Thomas Shervey,Michael (Mike) Sands
Steph Routh,Jamie Dunphy,,,,
Candace Avalos,Noah Ernst,Loretta Smith,Joe Furi,Deian Salazar,Doug Clove
Noah Ernst,,,,,
Candace Avalos,Jamie Dunphy,Steph Routh,,,
Candace Avalos,Steph Routh,Terrence Hayes,,,
Candace Avalos,,,,,
Candace Avalos,Terrence Hayes,Noah Ernst,,,
Candace Avalos,Jamie Dunphy,Michael (Mike) Sands,Steph Routh,Timur Ender,Joe Allen
Loretta Smith,Terrence Hayes,Joe Allen,,,
Doug Clove,Michael (Mike) Sands,Steph Routh,Loretta Smith,Peggy Sue Owens,David Linn
Candace Avalos,Cayle Tern,Timur Ender,,,
Candace Avalos,Cayle Tern,Timur Ender,Peggy Sue Owens,Steph Routh,Loretta Smith
Terrence Hayes,Candace Avalos,David Linn,Doug Clove,Jamie Dunphy,Loretta Smith
Terrence Hayes,,,,,
Peggy Sue Owens,,,,,
Jamie Dunphy,Steph Routh,Timur Ender,,,
,,,,,
Candace Avalos,Terrence Hayes,Loretta Smith,Michael (Mike) Sands,,
Noah Ernst,Doug Clove,Peggy Sue Owens,Michael (Mike) Sands,Loretta Smith,Terrence Hayes
Jamie Dunphy,Steph Routh,Timur Ender,Candace Avalos,Loretta Smith,Cayle Tern
Noah Ernst,Timur Ender,Loretta Smith,Joe Furi,,
Doug Clove,Loretta Smith,Candace Avalos,David Linn,Steph Routh,Deian Salazar
Jamie Dunphy,Candace Avalos,Steph Routh,Noah Ernst,Loretta Smith,David Linn
Timur Ender,Loretta Smith,Candace Avalos,Cayle Tern,,
Timur Ender,Loretta Smith,Doug Clove,Candace Avalos,Cayle Tern,Deian Salazar
Timur Ender,Cayle Tern,Candace Avalos,,,
Noah Ernst,Doug Clove,Steph Routh,Joe Furi,,
Candace Avalos,Steph Routh,Timur Ender,,,
Deian Salazar,Loretta Smith,Candace Avalos,Steph Routh,Peggy Sue Owens,Jamie Dunphy
Candace Avalos,Steph Routh,Timur Ender,,,
Jamie Dunphy,Steph Routh,Terrence Hayes,Loretta Smith,Michael (Mike) Sands,David Linn
Noah Ernst,Joe Allen,Doug Clove,Candace Avalos,,
Candace Avalos,Jamie Dunphy,Timur Ender,Steph Routh,Cayle Tern,
Loretta Smith,Terrence Hayes,Candace Avalos,,,
Timur Ender,Loretta Smith,Joe Furi,David Linn,,
Peggy Sue Owens,Michael (Mike) Sands,David Linn,Doug Clove,Deian Salazar,Thomas Shervey
Candace Avalos,Steph Routh,Timur Ender,Jamie Dunphy,,
Candace Avalos,Cayle Tern,,,,
Terrence Hayes,Jamie Dunphy,Timur Ender,Joe Allen,Steph Routh,Loretta Smith
Loretta Smith,Terrence Hayes,Candace Avalos,Jamie Dunphy,Timur Ender,Peggy Sue Owens
Loretta Smith,,,,,
Terrence Hayes,,,,,
Steph Routh,Candace Avalos,Loretta Smith,,,
Jamie Dunphy,Steph Routh,Timur Ender,Loretta Smith,Michael (Mike) Sands,
Timur Ender,Loretta Smith,David Linn,Doug Clove,Noah Ernst,Michael (Mike) Sands
Candace Avalos,Timur Ender,David Linn,Thomas Shervey,Cayle Tern,Loretta Smith
Candace Avalos,Steph Routh,Cayle Tern,Jamie Dunphy,Timur Ender,David Linn
Jamie Dunphy,Candace Avalos,Noah Ernst,David Linn,,
Noah Ernst,Jamie Dunphy,,,,
Loretta Smith,Terrence Hayes,Steph Routh,David Linn,Candace Avalos,Cayle Tern
Steph Routh,Loretta Smith,Candace Avalos,,,
Peggy Sue Owens,,,,,
Doug Clove,Candace Avalos,Joe Furi,Michael (Mike) Sands,Deian Salazar,Steph Routh
Timur Ender,Candace Avalos,Steph Routh,Loretta Smith,Michael (Mike) Sands,Terrence Hayes
Doug Clove,Loretta Smith,Michael (Mike) Sands,Deian Salazar,,
Loretta Smith,Steph Routh,Candace Avalos,Terrence Hayes,Timur Ender,David Linn
Candace Avalos,Cayle Tern,Steph Routh,Timur Ender,Thomas Shervey,Jamie Dunphy
Steph Routh,Timur Ender,Candace Avalos,Jamie Dunphy,Terrence Hayes,Deian Salazar
Doug Clove,Terrence Hayes,Loretta Smith,Deian Salazar,Timur Ender,Cayle Tern
Loretta Smith,Terrence Hayes,Jamie Dunphy,Joe Furi,,
Terrence Hayes,Loretta Smith,Michael (Mike) Sands,Doug Clove,Steph Routh,Deian Salazar
Terrence Hayes,Steph Routh,Noah Ernst,Loretta Smith,Jamie Dunphy,David Linn
Timur Ender,Terrence Hayes,Joe Allen,David Linn,Steph Routh,Candace Avalos
Candace Avalos,David Linn,Steph Routh,Terrence Hayes,Timur Ender,Cayle Tern
Noah Ernst,Loretta Smith,Cayle Tern,,,
Loretta Smith,Candace Avalos,Cayle Tern,Deian Salazar,Michael (Mike) Sands,Peggy Sue Owens
Candace Avalos,Cayle Tern,Jamie Dunphy,Terrence Hayes,Steph Routh,David Linn
Terrence Hayes,Noah Ernst,Timur Ender,,,
Loretta Smith,Timur Ender,Candace Avalos,Jamie Dunphy,Noah Ernst,Steph Routh
Candace Avalos,Loretta Smith,Timur Ender,Steph Routh,Jamie Dunphy,
Jamie Dunphy,Loretta Smith,,,,
Timur Ender,Candace Avalos,Loretta Smith,Terrence Hayes,Cayle Tern,David Linn
David Linn,Cayle Tern,Timur Ender,Loretta Smith,Steph Routh,
Doug Clove,Noah Ernst,,,,
Cayle Tern,Loretta Smith,Steph Routh,David Linn,,
Doug Clove,Thomas Shervey,Noah Ernst,,,
Doug Clove,,,,,
Deian Salazar,Michael (Mike) Sands,Terrence Hayes,Jamie Dunphy,Doug Clove,
Deian Salazar,Loretta Smith,Steph Routh,Jamie Dunphy,Joe Furi,David Linn
Jamie Dunphy,Steph Routh,Candace Avalos,Timur Ender,Loretta Smith,
Steph Routh,Terrence Hayes,Michael (Mike) Sands,Joe Furi,Cayle Tern,Candace Avalos
Candace Avalos,,,,,
Steph Routh,Noah Ernst,Jamie Dunphy,David Linn,Terrence Hayes,Candace Avalos
Candace Avalos,Peggy Sue Owens,Noah Ernst,,,
Jamie Dunphy,Candace Avalos,Noah Ernst,Steph Routh,Loretta Smith,
Loretta Smith,Joe Furi,Candace Avalos,Timur Ender,Jamie Dunphy,Peggy Sue Owens
Noah Ernst,Doug Clove,Terrence Hayes,Michael (Mike) Sands,David Linn,Joe Allen
Candace Avalos,Steph Routh,Jamie Dunphy,Timur Ender,Cayle Tern,David Linn
Loretta Smith,,,,,
,,,,,
Loretta Smith,,,,,
Noah Ernst,Terrence Hayes,Joe Furi,Loretta Smith,Doug Clove,
Noah Ernst,Doug Clove,Terrence Hayes,,,
Michael (Mike) Sands,Loretta Smith,,,,
Noah Ernst,Timur Ender,Michael (Mike) Sands,,,
Jamie Dunphy,Steph Routh,Candace Avalos,,,
Joe Allen,,,,,
Candace Avalos,Jamie Dunphy,Doug Clove,Steph Routh,Loretta Smith,Peggy Sue Owens
Candace Avalos,Cayle Tern,,,,
Jamie Dunphy,Loretta Smith,Terrence Hayes,,,
,,,,,
Doug Clove,Loretta Smith,,,,
Loretta Smith,,,,,
Timur Ender,Michael (Mike) Sands,,,,
Terrence Hayes,Loretta Smith,,,,
Loretta Smith,Terrence Hayes,Noah Ernst,Candace Avalos,Steph Routh,
Steph Routh,,,,,
Candace Avalos,Noah Ernst,Loretta Smith,,,
Candace Avalos,Steph Routh,Timur Ender,,,
Steph Routh,Timur Ender,Candace Avalos,,,
Jamie Dunphy,Noah Ernst,Joe Furi,,,
Timur Ender,Candace Avalos,Cayle Tern,Steph Routh,David Linn,Michael (Mike) Sands
Candace Avalos,,,,,
Candace Avalos,,,,,
Doug Clove,Terrence Hayes,Joe Furi,Deian Salazar,Thomas Shervey,
Loretta Smith,,,,,
Michael (Mike) Sands,David Linn,Steph Routh,Noah Ernst,,
Candace Avalos,Timur Ender,Steph Routh,,,
Steph Routh,Loretta Smith,Noah Ernst,Timur Ender,Jamie Dunphy,Candace Avalos
Candace Avalos,,,,,
Steph Routh,Terrence Hayes,,,,
Peggy Sue Owens,Doug Clove,Terrence Hayes,Steph Routh,David Linn,Loretta Smith
Timur Ender,Candace Avalos,,,,
Loretta Smith,,,,,
Jamie Dunphy,Loretta Smith,Candace Avalos,Peggy Sue Owens,Steph Routh,David Linn
Candace Avalos,Cayle Tern,Timur Ender,,,
Timur Ender,Steph Routh,Candace Avalos,Jamie Dunphy,,
Terrence Hayes,,,,,
Candace Avalos,Joe Furi,,,,
Timur Ender,David Linn,Steph Routh,Loretta Smith,,
Loretta Smith,Terrence Hayes,Noah Ernst,Cayle Tern,David Linn,Joe Furi
Loretta Smith,Jamie Dunphy,Candace Avalos,Steph Routh,Timur Ender,Peggy Sue Owens
Candace Avalos,David Linn,Timur Ender,Cayle Tern,Doug Clove,Loretta Smith
Terrence Hayes,Loretta Smith,Jamie Dunphy,Noah Ernst,Timur Ender,Steph Routh
Timur Ender,Jamie Dunphy,Candace Avalos,Steph Routh,David Linn,Terrence Hayes
Deian Salazar,Jamie Dunphy,,,,
Noah Ernst,Joe Allen,Doug Clove,Terrence Hayes,Deian Salazar,Joe Furi
Terrence Hayes,Timur Ender,Thomas Shervey,,,
Loretta Smith,Candace Avalos,Terrence Hayes,,,
Candace Avalos,Loretta Smith,,,,
Noah Ernst,Timur Ender,Joe Allen,,,
Loretta Smith,Terrence Hayes,Steph Routh,Candace Avalos,Noah Ernst,Cayle Tern
Deian Salazar,Cayle Tern,Jamie Dunphy,Thomas Shervey,Candace Avalos,Terrence Hayes
Steph Routh,Loretta Smith,Candace Avalos,Peggy Sue Owens,Jamie Dunphy,Noah Ernst
Terrence Hayes,Candace Avalos,Noah Ernst,Michael (Mike) Sands,Timur Ender,Doug Clove
Loretta Smith,,,,,
Steph Routh,Terrence Hayes,Jamie Dunphy,,,
Cayle Tern,Candace Avalos,Timur Ender,,,
Steph Routh,Timur Ender,Candace Avalos,David Linn,Terrence Hayes,Jamie Dunphy
Candace Avalos,Loretta Smith,Joe Furi,Thomas Shervey,Cayle Tern,David Linn
Terrence Hayes,,,,,
Michael (Mike) Sands,Terrence Hayes,Doug Clove,Noah Ernst,,
Steph Routh,Jamie Dunphy,Candace Avalos,Terrence Hayes,Noah Ernst,Timur Ender
Timur Ender,Steph Routh,Loretta Smith,Candace Avalos,,
Terrence Hayes,Candace Avalos,,,,
Doug Clove,Jamie Dunphy,Timur Ender,Steph Routh,Candace Avalos,
Joe Allen,,,,,
David Linn,Terrence Hayes,Timur Ender,Deian Salazar,Steph Routh,Jamie Dunphy
Jamie Dunphy,Candace Avalos,Noah Ernst,Steph Routh,David Linn,Loretta Smith
Jamie Dunphy,Candace Avalos,Cayle Tern,Timur Ender,,
Doug Clove,Steph Routh,Terrence Hayes,Loretta Smith,Jamie Dunphy,Joe Allen
Jamie Dunphy,Candace Avalos,Steph Routh,Timur Ender,Cayle Tern,Terrence Hayes
Candace Avalos,,,,,
Timur Ender,Candace Avalos,Steph Routh,Jamie Dunphy,Joe Allen,Michael (Mike) Sands
David Linn,Michael (Mike) Sands,Thomas Shervey,Timur Ender,Doug Clove,Jamie Dunphy
Loretta Smith,,,,,
Candace Avalos,Cayle Tern,Loretta Smith,Terrence Hayes,Deian Salazar,
Candace Avalos,Michael (Mike) Sands,David Linn,Cayle Tern,Doug Clove,Steph Routh
Loretta Smith,Jamie Dunphy,,,,
Jamie Dunphy,Steph Routh,Timur Ender,Candace Avalos,Noah Ernst,Loretta Smith
Terrence Hayes,Noah Ernst,Doug Clove,,,
Loretta Smith,,,,,
Jamie Dunphy,Terrence Hayes,,,,
Noah Ernst,,,,,
Timur Ender,Candace Avalos,,,,
Jamie Dunphy,,,,,
Jamie Dunphy,Candace Avalos,Steph Routh,,,
Joe Allen,Joe Furi,Noah Ernst,Thomas Shervey,Loretta Smith,Doug Clove
Timur Ender,Loretta Smith,Joe Allen,,,
,,,,,
Noah Ernst,Steph Routh,Terrence Hayes,Timur Ender,Loretta Smith,Candace Avalos
Candace Avalos,Michael (Mike) Sands,,,,
Candace Avalos,Terrence Hayes,Steph Routh,,,
Loretta Smith,Deian Salazar,Doug Clove,David Linn,Joe Allen,Candace Avalos
Timur Ender,,,,,
Jamie Dunphy,Steph Routh,Candace Avalos,,,
Loretta Smith,Jamie Dunphy,Steph Routh,Noah Ernst,Michael (Mike) Sands,Deian Salazar
Peggy Sue Owens,Cayle Tern,Noah Ernst,Terrence Hayes,Loretta Smith,Doug Clove
Loretta Smith,Jamie Dunphy,Michael (Mike) Sands,Terrence Hayes,,
Candace Avalos,Timur Ender,Cayle Tern,Jamie Dunphy,Steph Routh,Joe Allen
Candace Avalos,Jamie Dunphy,Noah Ernst,Steph Routh,,
Candace Avalos,Peggy Sue Owens,Cayle Tern,Loretta Smith,Steph Routh,
Steph Routh,Peggy Sue Owens,Cayle Tern,,,
,,,,,
Peggy Sue Owens,Timur Ender,Noah Ernst,Candace Avalos,Joe Allen,David Linn
Loretta Smith,Timur Ender,Terrence Hayes,,,
Loretta Smith,,,,,
Jamie Dunphy,Steph Routh,Candace Avalos,,,
Loretta Smith,Doug Clove,Terrence Hayes,Noah Ernst,,
Joe Allen,Steph Routh,Loretta Smith,Doug Clove,David Linn,Peggy Sue Owens
Noah Ernst,Candace Avalos,Joe Furi,Peggy Sue Owens,Steph Routh,Loretta Smith
Candace Avalos,Timur Ender,Loretta Smith,Terrence Hayes,Steph Routh,Jamie Dunphy
Loretta Smith,Noah Ernst,Steph Routh,Cayle Tern,,
Candace Avalos,Cayle Tern,Jamie Dunphy,David Linn,Timur Ender,Steph Routh
Timur Ender,,,,,
Loretta Smith,,,,,
Terrence Hayes,Candace Avalos,,,,
Loretta Smith,Candace Avalos,Timur Ender,,,
Noah Ernst,Jamie Dunphy,Steph Routh,Candace Avalos,Terrence Hayes,
Steph Routh,Candace Avalos,Jamie Dunphy,Timur Ender,Cayle Tern,
Michael (Mike) Sands,Thomas Shervey,Candace Avalos,Jamie Dunphy,Noah Ernst,Terrence Hayes
Candace Avalos,,,,,
Noah Ernst,Deian Salazar,Cayle Tern,,,
Timur Ender,Loretta Smith,,,,
Loretta Smith,Candace Avalos,Doug Clove,Terrence Hayes,,
Timur Ender,Jamie Dunphy,Steph Routh,Loretta Smith,Terrence Hayes,
Terrence Hayes,Candace Avalos,Steph Routh,Jamie Dunphy,David Linn,Noah Ernst
Steph Routh,Timur Ender,David Linn,Terrence Hayes,Jamie Dunphy,Loretta Smith
Candace Avalos,Steph Routh,Timur Ender,Jamie Dunphy,,
Timur Ender,Steph Routh,Candace Avalos,Thomas Shervey,,
Candace Avalos,Timur Ender,David Linn,Jamie Dunphy,Terrence Hayes,Cayle Tern
Candace Avalos,Steph Routh,Jamie Dunphy,,,
Terrence Hayes,Noah Ernst,Joe Furi,Loretta Smith,Doug Clove,Write-in-120
Doug Clove,Timur Ender,Candace Avalos,,,
Loretta Smith,David Linn,Michael (Mike) Sands,,,
Deian Salazar,,,,,
Loretta Smith,Terrence Hayes,,,,
Terrence Hayes,David Linn,Steph Routh,Noah Ernst,,
Loretta Smith,Terrence Hayes,Steph Routh,Jamie Dunphy,Michael (Mike) Sands,
Candace Avalos,Loretta Smith,Jamie Dunphy,Terrence Hayes,,
Timur Ender,Jamie Dunphy,Steph Routh,Terrence Hayes,,
Cayle Tern,Candace Avalos,Deian Salazar,Terrence Hayes,Peggy Sue Owens,Timur Ender
Candace Avalos,Steph Routh,Timur Ender,,,
Jamie Dunphy,,,,,
Candace Avalos,Jamie Dunphy,Steph Routh,Timur Ender,Cayle Tern,
Loretta Smith,,,,,
Loretta Smith,Candace Avalos,Cayle Tern,,,
Doug Clove,Terrence Hayes,Noah Ernst,,,
Jamie Dunphy,Candace Avalos,Steph Routh,Noah Ernst,David Linn,Deian Salazar
Steph Routh,,,,,
Peggy Sue Owens,Timur Ender,Candace Avalos,Noah Ernst,Thomas Shervey,Terrence Hayes
Candace Avalos,David Linn,Joe Allen,Terrence Hayes,Doug Clove,Deian Salazar
Thomas Shervey,Jamie Dunphy,Michael (Mike) Sands,David Linn,Doug Clove,Noah Ernst
Loretta Smith,David Linn,Candace Avalos,Steph Routh,Terrence Hayes,
,,,,,
Peggy Sue Owens,Noah Ernst,Loretta Smith,Joe Furi,Joe Allen,Cayle Tern
Jamie Dunphy,Loretta Smith,,,,
Candace Avalos,Timur Ender,Steph Routh,Jamie Dunphy,Cayle Tern,David Linn
Timur Ender,,,,,
Jamie Dunphy,David Linn,Timur Ender,Thomas Shervey,,
Candace Avalos,Jamie Dunphy,Terrence Hayes,Steph Routh,David Linn,Thomas Shervey
Candace Avalos,Steph Routh,Jamie Dunphy,Timur Ender,Terrence Hayes,Cayle Tern
Candace Avalos,Steph Routh,Timur Ender,Cayle Tern,,
David Linn,Candace Avalos,Cayle Tern,,,
Candace Avalos,Steph Routh,Timur Ender,Loretta Smith,Deian Salazar,Peggy Sue Owens
Terrence Hayes,Thomas Shervey,,,,
Cayle Tern,Candace Avalos,Steph Routh,Jamie Dunphy,,
Terrence Hayes,,,,,
Loretta Smith,Candace Avalos,Joe Furi,Terrence Hayes,Jamie Dunphy,Joe Allen
Candace Avalos,Cayle Tern,Timur Ender,Steph Routh,,
Candace Avalos,Timur Ender,Terrence Hayes,Steph Routh,Jamie Dunphy,
Noah Ernst,,,,,
Doug Clove,Timur Ender,Candace Avalos,David Linn,Cayle Tern,
Candace Avalos,Timur Ender,Cayle Tern,Steph Routh,David Linn,Jamie Dunphy
Terrence Hayes,Candace Avalos,Peggy Sue Owens,Loretta Smith,Cayle Tern,Timur Ender
Jamie Dunphy,Steph Routh,Timur Ender,Candace Avalos,Cayle Tern,David Linn
Timur Ender,Cayle Tern,Jamie Dunphy,Joe Allen,Terrence Hayes,Doug Clove
Loretta Smith,,,,,
Candace Avalos,Cayle Tern,Jamie Dunphy,Timur Ender,Steph Routh,Michael (Mike) Sands
Timur Ender,,,,,
Terrence Hayes,Jamie Dunphy,Candace Avalos,Timur Ender,,
Loretta Smith,Timur Ender,Noah Ernst,,,
Loretta Smith,Steph Routh,Terrence Hayes,Doug Clove,,
,,,,,
Terrence Hayes,,,,,
Loretta Smith,,,,,
Steph Routh,,,,,
Candace Avalos,Cayle Tern,David Linn,,,
Candace Avalos,Joe Allen,,,,
Timur Ender,David Linn,Noah Ernst,Terrence Hayes,Jamie Dunphy,
Terrence Hayes,Cayle Tern,Steph Routh,,,
Steph Routh,Joe Furi,Michael (Mike) Sands,Loretta Smith,,
Loretta Smith,Terrence Hayes,Joe Allen,,,
Timur Ender,Jamie Dunphy,Steph Routh,Candace Avalos,,
Candace Avalos,Terrence Hayes,Noah Ernst,Joe Furi,Cayle Tern,Loretta Smith
Jamie Dunphy,Steph Routh,Candace Avalos,,,
Timur Ender,Noah Ernst,Deian Salazar,Loretta Smith,Terrence Hayes,
Candace Avalos,,,,,
Candace Avalos,Jamie Dunphy,Steph Routh,Timur Ender,Terrence Hayes,
Jamie Dunphy,Candace Avalos,Steph Routh,David Linn,Noah Ernst,Loretta Smith
Steph Routh,Loretta Smith,Candace Avalos,,,
Loretta Smith,,,,,
Loretta Smith,Peggy Sue Owens,,,,
Peggy Sue Owens,,,,,
Loretta Smith,Terrence Hayes,Timur Ender,,,
Loretta Smith,Peggy Sue Owens,Candace Avalos,David Linn,Thomas Shervey,Michael (Mike) Sands
Joe Allen,,,,,
Noah Ernst,Joe Allen,Thomas Shervey,Joe Furi,Michael (Mike) Sands,Peggy Sue Owens
Joe Furi,,,,,
Jamie Dunphy,David Linn,Candace Avalos,,,
Steph Routh,Jamie Dunphy,Loretta Smith,Candace Avalos,Timur Ender,Doug Clove
Terrence Hayes,Deian Salazar,Timur Ender,Steph Routh,Thomas Shervey,Candace Avalos
Steph Routh,Jamie Dunphy,Timur Ender,Loretta Smith,,
Jamie Dunphy,Steph Routh,Candace Avalos,,,
Timur Ender,Candace Avalos,Cayle Tern,Steph Routh,,
Noah Ernst,Doug Clove,Joe Furi,Loretta Smith,Deian Salazar,Thomas Shervey
Steph Routh,Jamie Dunphy,Candace Avalos,Timur Ender,Michael (Mike) Sands,Loretta Smith
Candace Avalos,Loretta Smith,Peggy Sue Owens,Steph Routh,,
Timur Ender,Candace Avalos,Steph Routh,Jamie Dunphy,Deian Salazar,
Timur Ender,Candace Avalos,Deian Salazar,Steph Routh,Thomas Shervey,Jamie Dunphy
Jamie Dunphy,Steph Routh,Terrence Hayes,Candace Avalos,Loretta Smith,
Jamie Dunphy,Loretta Smith,Steph Routh,Terrence Hayes,Timur Ender,Candace Avalos
Candace Avalos,Steph Routh,Jamie Dunphy,Peggy Sue Owens,Terrence Hayes,Deian Salazar
Jamie Dunphy,Timur Ender,Loretta Smith,Terrence Hayes,Steph Routh,Deian Salazar
Timur Ender,Candace Avalos,Terrence Hayes,Loretta Smith,Steph Routh,Jamie Dunphy
Noah Ernst,,,,,
Steph Routh,Jamie Dunphy,Michael (Mike) Sands,Doug Clove,Joe Allen,Thomas Shervey
Steph Routh,Michael (Mike) Sands,Jamie Dunphy,,,
Loretta Smith,Candace Avalos,Cayle Tern,Steph Routh,Jamie Dunphy,Peggy Sue Owens
David Linn,Peggy Sue Owens,Loretta Smith,Steph Routh,Jamie Dunphy,Deian Salazar
Timur Ender,Candace Avalos,Steph Routh,Terrence Hayes,,
Joe Furi,Joe Allen,Doug Clove,,,
Steph Routh,Jamie Dunphy,Candace Avalos,,,
,,,,,
Deian Salazar,Terrence Hayes,Doug Clove,Candace Avalos,Noah Ernst,Joe Allen
Loretta Smith,Cayle Tern,Deian Salazar,Jamie Dunphy,Steph Routh,Noah Ernst
Timur Ender,Candace Avalos,Steph Routh,,,
Joe Furi,,,,,
Jamie Dunphy,Timur Ender,Terrence Hayes,Candace Avalos,,
Candace Avalos,Terrence Hayes,Noah Ernst,Timur Ender,,
Candace Avalos,Steph Routh,Jamie Dunphy,,,
Candace Avalos,Timur Ender,Steph Routh,Cayle Tern,Jamie Dunphy,David Linn
David Linn,,,,,
Peggy Sue Owens,Cayle Tern,Joe Allen,Terrence Hayes,Michael (Mike) Sands,Jamie Dunphy
Noah Ernst,,,,,
Steph Routh,Candace Avalos,Timur Ender,Jamie Dunphy,Cayle Tern,
Terrence Hayes,,,,,
Noah Ernst,Joe Allen,Candace Avalos,Joe Furi,Loretta Smith,Terrence Hayes
Noah Ernst,Peggy Sue Owens,Loretta Smith,,,
Loretta Smith,Noah Ernst,David Linn,,,
Cayle Tern,Candace Avalos,Timur Ender,,,
Candace Avalos,Terrence Hayes,Noah Ernst,,,
Candace Avalos,Steph Routh,,,,
Timur Ender,Steph Routh,Michael (Mike) Sands,Candace Avalos,Loretta Smith,David Linn
Noah Ernst,David Linn,Doug Clove,Loretta Smith,,
Jamie Dunphy,Candace Avalos,Steph Routh,Noah Ernst,David Linn,Loretta Smith
Loretta Smith,,,,,
Joe Allen,,,,,
Loretta Smith,Peggy Sue Owens,Doug Clove,,,
Candace Avalos,Timur Ender,Deian Salazar,Loretta Smith,Steph Routh,Terrence Hayes
Loretta Smith,Terrence Hayes,Candace Avalos,Cayle Tern,Jamie Dunphy,
Doug Clove,,,,,
David Linn,Timur Ender,Michael (Mike) Sands,Candace Avalos,Loretta Smith,Terrence Hayes
Loretta Smith,Timur Ender,Jamie Dunphy,Doug Clove,Terrence Hayes,
Candace Avalos,,,,,
Loretta Smith,,,,,
Loretta Smith,Terrence Hayes,David Linn,Michael (Mike) Sands,,
Timur Ender,Loretta Smith,,,,
Candace Avalos,Terrence Hayes,Doug Clove,Loretta Smith,Timur Ender,Joe Allen
Candace Avalos,Timur Ender,Loretta Smith,Terrence Hayes,,
David Linn,Deian Salazar,Jamie Dunphy,Michael (Mike) Sands,Doug Clove,Loretta Smith
Candace Avalos,Jamie Dunphy,Steph Routh,David Linn,Timur Ender,Cayle Tern
Loretta Smith,Terrence Hayes,Noah Ernst,Steph Routh,Timur Ender,Candace Avalos
Jamie Dunphy,Cayle Tern,David Linn,Candace Avalos,Steph Routh,Timur Ender
Deian Salazar,Steph Routh,,,,
Candace Avalos,Terrence Hayes,Timur Ender,Cayle Tern,Noah Ernst,Loretta Smith
Noah Ernst,Joe Furi,Jamie Dunphy,Thomas Shervey,Timur Ender,Candace Avalos
Joe Allen,Doug Clove,Deian Salazar,Terrence Hayes,Jamie Dunphy,Candace Avalos
Jamie Dunphy,Cayle Tern,Terrence Hayes,,,
Loretta Smith,Terrence Hayes,Noah Ernst,,,
Loretta Smith,,,,,
Jamie Dunphy,Candace Avalos,Steph Routh,,,
Terrence Hayes,,,,,
Loretta Smith,Timur Ender,,,,
David Linn,,,,,
Peggy Sue Owens,Loretta Smith,Steph Routh,Candace Avalos,,
Jamie Dunphy,Noah Ernst,Loretta Smith,Timur Ender,Candace Avalos,Steph Routh
Cayle Tern,Deian Salazar,Terrence Hayes,,,
Loretta Smith,Timur Ender,Doug Clove,Michael (Mike) Sands,,
Candace Avalos,,,,,
Jamie Dunphy,Candace Avalos,Steph Routh,,,
Loretta Smith,Jamie Dunphy,Doug Clove,David Linn,Deian Salazar,Steph Routh
Candace Avalos,Loretta Smith,Timur Ender,Joe Furi,,
David Linn,Noah Ernst,Joe Furi,Candace Avalos,Peggy Sue Owens,Doug Clove
Jamie Dunphy,Timur Ender,Candace Avalos,,,
Noah Ernst,Terrence Hayes,Joe Allen,Doug Clove,,
Noah Ernst,,,,,
Noah Ernst,,,,,
Terrence Hayes,Noah Ernst,Joe Furi,,,
Timur Ender,Candace Avalos,Jamie Dunphy,Michael (Mike) Sands,Doug Clove,Joe Allen
Jamie Dunphy,Doug Clove,Candace Avalos,Deian Salazar,,
Peggy Sue Owens,Steph Routh,Michael (Mike) Sands,,,
Doug Clove,Candace Avalos,Steph Routh,Thomas Shervey,Loretta Smith,Jamie Dunphy
Loretta Smith,Terrence Hayes,,,,
Loretta Smith,Doug Clove,Jamie Dunphy,,,
Jamie Dunphy,Candace Avalos,Steph Routh,,,
Thomas Shervey,Loretta Smith,Michael (Mike) Sands,Timur Ender,David Linn,Joe Allen
Timur Ender,Michael (Mike) Sands,Loretta Smith,Steph Routh,David Linn,Candace Avalos
Terrence Hayes,Cayle Tern,Michael (Mike) Sands,Jamie Dunphy,Joe Allen,Timur Ender
Steph Routh,,,,,
Candace Avalos,,,,,
Terrence Hayes,Loretta Smith,Noah Ernst,,,
Write-in-120,Write-in-121,Write-in-122,,,
Candace Avalos,Jamie Dunphy,Steph Routh,Noah Ernst,David Linn,Loretta Smith
Jamie Dunphy,Candace Avalos,Steph Routh,,,
Timur Ender,Steph Routh,Loretta Smith,Candace Avalos,Cayle Tern,Jamie Dunphy
Terrence Hayes,Noah Ernst,Candace Avalos,Loretta Smith,Steph Routh,Timur Ender
Candace Avalos,Timur Ender,Steph Routh,Cayle Tern,,
Jamie Dunphy,Candace Avalos,Steph Routh,Noah Ernst,,
Steph Routh,Timur Ender,Candace Avalos,Jamie Dunphy,,
Noah Ernst,David Linn,Doug Clove,Terrence Hayes,Deian Salazar,Joe Furi
Michael (Mike) Sands,Timur Ender,,,,
Terrence Hayes,Loretta Smith,Steph Routh,Candace Avalos,Cayle Tern,Jamie Dunphy
Doug Clove,,,,,
Noah Ernst,,,,,
Candace Avalos,Cayle Tern,Timur Ender,,,
Steph Routh,Jamie Dunphy,Timur Ender,Terrence Hayes,Candace Avalos,Noah Ernst
Steph Routh,Loretta Smith,Thomas Shervey,Candace Avalos,,
Candace Avalos,Steph Routh,Timur Ender,Terrence Hayes,,
Loretta Smith,,,,,
Joe Furi,Doug Clove,,,,
Noah Ernst,Loretta Smith,Terrence Hayes,Doug Clove,David Linn,
Jamie Dunphy,Candace Avalos,Steph Routh,,,
,,,,,
Jamie Dunphy,Candace Avalos,David Linn,Steph Routh,Noah Ernst,
Steph Routh,Candace Avalos,Jamie Dunphy,Loretta Smith,Joe Allen,Timur Ender
Candace Avalos,Steph Routh,Jamie Dunphy,David Linn,Cayle Tern,Timur Ender
Jamie Dunphy,Candace Avalos,Noah Ernst,Timur Ender,Loretta Smith,David Linn
Candace Avalos,Deian Salazar,Jamie Dunphy,Joe Allen,Peggy Sue Owens,Noah Ernst
Terrence Hayes,Candace Avalos,,,,
Timur Ender,Candace Avalos,,,,
Steph Routh,Cayle Tern,Timur Ender,,,
Loretta Smith,Terrence Hayes,Candace Avalos,,,
Steph Routh,Terrence Hayes,Jamie Dunphy,Candace Avalos,Noah Ernst,Loretta Smith
Steph Routh,Loretta Smith,Terrence Hayes,Noah Ernst,Deian Salazar,Joe Furi
Noah Ernst,Terrence Hayes,Michael (Mike) Sands,Loretta Smith,Joe Furi,Jamie Dunphy
David Linn,Cayle Tern,Steph Routh,Candace Avalos,Doug Clove,Thomas Shervey
Cayle Tern,Candace Avalos,Timur Ender,Loretta Smith,Terrence Hayes,Joe Furi
Jamie Dunphy,Joe Allen,Steph Routh,,,
Candace Avalos,Steph Routh,Timur Ender,Jamie Dunphy,Loretta Smith,David Linn
Candace Avalos,Jamie Dunphy,Steph Routh,David Linn,Loretta Smith,Noah Ernst
Candace Avalos,Timur Ender,Steph Routh,Jamie Dunphy,Thomas Shervey,David Linn
Terrence Hayes,Candace Avalos,Noah Ernst,,,
Loretta Smith,Terrence Hayes,Noah Ernst,Deian Salazar,,
Joe Allen,Terrence Hayes,Timur Ender,Loretta Smith,Jamie Dunphy,Steph Routh
Loretta Smith,Steph Routh,Timur Ender,Candace Avalos,Cayle Tern,Deian Salazar
Terrence Hayes,Candace Avalos,Steph Routh,Jamie Dunphy,Noah Ernst,Timur Ender
Steph Routh,Candace Avalos,Cayle Tern,Terrence Hayes,Loretta Smith,Jamie Dunphy
Joe Allen,,,,,
Terrence Hayes,Noah Ernst,Joe Furi,Loretta Smith,Doug Clove,
Candace Avalos,Steph Routh,Jamie Dunphy,Terrence Hayes,,
Joe Allen,Timur Ender,David Linn,Cayle Tern,Thomas Shervey,Michael (Mike) Sands
David Linn,,,,,
Candace Avalos,Cayle Tern,Steph Routh,Jamie Dunphy,Timur Ender,
Candace Avalos,Steph Routh,Timur Ender,Jamie Dunphy,Noah Ernst,Loretta Smith
Jamie Dunphy,Steph Routh,Timur Ender,,,
Noah Ernst,Cayle Tern,Jamie Dunphy,Peggy Sue Owens,Deian Salazar,Terrence Hayes
Terrence Hayes,Loretta Smith,,,,
,,,,,
Terrence Hayes,Timur Ender,Deian Salazar,,,
Candace Avalos,David Linn,Loretta Smith,Terrence Hayes,Noah Ernst,Deian Salazar
Jamie Dunphy,,,,,
Loretta Smith,Candace Avalos,,,,
Candace Avalos,Timur Ender,Jamie Dunphy,Cayle Tern,,
,,,,,
Deian Salazar,Candace Avalos,,,,
Loretta Smith,Candace Avalos,Peggy Sue Owens,Jamie Dunphy,Joe Allen,Michael (Mike) Sands
Loretta Smith,Terrence Hayes,Steph Routh,Jamie Dunphy,Deian Salazar,
Candace Avalos,Timur Ender,Jamie Dunphy,Cayle Tern,Steph Routh,David Linn
Timur Ender,Steph Routh,Jamie Dunphy,,,
Joe Allen,,,,,
Noah Ernst,David Linn,Doug Clove,Terrence Hayes,Steph Routh,
Peggy Sue Owens,Joe Allen,David Linn,Michael (Mike) Sands,Thomas Shervey,Terrence Hayes
Loretta Smith,Deian Salazar,Steph Routh,Terrence Hayes,Jamie Dunphy,Cayle Tern
Timur Ender,,,,,
Noah Ernst,Timur Ender,Candace Avalos,Cayle Tern,Deian Salazar,Terrence Hayes
Candace Avalos,Jamie Dunphy,Steph Routh,Timur Ender,David Linn,Cayle Tern
Jamie Dunphy,Candace Avalos,Steph Routh,Noah Ernst,David Linn,Loretta Smith
Candace Avalos,Steph Routh,Jamie Dunphy,Deian Salazar,,
Noah Ernst,Doug Clove,Terrence Hayes,Steph Routh,Jamie Dunphy,Thomas Shervey
Timur Ender,,,,,
Loretta Smith,,,,,
Loretta Smith,Deian Salazar,,,,
Noah Ernst,Terrence Hayes,,,,
Candace Avalos,Deian Salazar,Joe Furi,Cayle Tern,Timur Ender,Loretta Smith
Noah Ernst,Steph Routh,Deian Salazar,Terrence Hayes,Jamie Dunphy,
Steph Routh,Terrence Hayes,Noah Ernst,Timur Ender,Candace Avalos,David Linn
Terrence Hayes,Noah Ernst,Loretta Smith,,,
Jamie Dunphy,,,,,
Candace Avalos,Steph Routh,Timur Ender,Jamie Dunphy,,
Timur Ender,Loretta Smith,Terrence Hayes,Steph Routh,,
Loretta Smith,David Linn,Jamie Dunphy,Timur Ender,Terrence Hayes,Steph Routh
Candace Avalos,Cayle Tern,David Linn,Steph Routh,Michael (Mike) Sands,Terrence Hayes
Jamie Dunphy,Steph Routh,Candace Avalos,Timur Ender,Loretta Smith,Noah Ernst
Jamie Dunphy,Noah Ernst,Joe Furi,Thomas Shervey,Terrence Hayes,Doug Clove
Terrence Hayes,Loretta Smith,Candace Avalos,Joe Allen,,
Jamie Dunphy,Candace Avalos,Steph Routh,Noah Ernst,David Linn,Loretta Smith
Candace Avalos,Loretta Smith,Jamie Dunphy,Steph Routh,Peggy Sue Owens,Noah Ernst
Candace Avalos,Steph Routh,Timur Ender,Jamie Dunphy,Loretta Smith,Cayle Tern
Terrence Hayes,Noah Ernst,,,,
Joe Allen,Candace Avalos,Joe Furi,Cayle Tern,,
Jamie Dunphy,Terrence Hayes,Timur Ender,Steph Routh,,
Terrence Hayes,Joe Furi,Joe Allen,Noah Ernst,Steph Routh,Jamie Dunphy
Steph Routh,Terrence Hayes,,,,
David Linn,Loretta Smith,Steph Routh,Write-in-120,Michael (Mike) Sands,Deian Salazar
Steph Routh,,,,,
Jamie Dunphy,,,,,
Loretta Smith,Terrence Hayes,Steph Routh,Jamie Dunphy,,
Candace Avalos,Terrence Hayes,Steph Routh,,,
Jamie Dunphy,,,,,
Loretta Smith,Jamie Dunphy,Terrence Hayes,Candace Avalos,Thomas Shervey,
Terrence Hayes,,,,,
Joe Allen,Timur Ender,Peggy Sue Owens,Candace Avalos,David Linn,Cayle Tern
Candace Avalos,Terrence Hayes,Cayle Tern,,,
Doug Clove,,,,,
Timur Ender,Candace Avalos,Cayle Tern,,,
Steph Routh,Candace Avalos,Timur Ender,,,
Terrence Hayes,David Linn,Michael (Mike) Sands,Write-in-120,,
Deian Salazar,Steph Routh,,,,
Michael (Mike) Sands,Terrence Hayes,,,,
Noah Ernst,Terrence Hayes,Loretta Smith,,,
Timur Ender,,,,,
Terrence Hayes,Jamie Dunphy,Loretta Smith,Michael (Mike) Sands,Candace Avalos,
Loretta Smith,Steph Routh,Cayle Tern,,,
Michael (Mike) Sands,Candace Avalos,Timur Ender,Write-in-120,David Linn,
Jamie Dunphy,Candace Avalos,Joe Allen,Cayle Tern,Noah Ernst,Doug Clove
Jamie Dunphy,Terrence Hayes,Deian Salazar,David Linn,Candace Avalos,Cayle Tern
Jamie Dunphy,Candace Avalos,Steph Routh,Noah Ernst,Joe Allen,Loretta Smith
Jamie Dunphy,Candace Avalos,Steph Routh,David Linn,,
Steph Routh,Jamie Dunphy,Candace Avalos,Timur Ender,Noah Ernst,Cayle Tern
Doug Clove,Joe Allen,Noah Ernst,Michael (Mike) Sands,Terrence Hayes,Thomas Shervey
Candace Avalos,Steph Routh,Jamie Dunphy,Timur Ender,,
Joe Allen,,,,,
Noah Ernst,Terrence Hayes,Joe Furi,,,
Candace Avalos,Cayle Tern,Timur Ender,Steph Routh,,
Steph Routh,,,,,
Loretta Smith,,,,,
Loretta Smith,Candace Avalos,Peggy Sue Owens,David Linn,Terrence Hayes,Michael (Mike) Sands
Timur Ender,Noah Ernst,Steph Routh,Jamie Dunphy,Cayle Tern,Loretta Smith
Candace Avalos,Steph Routh,Jamie Dunphy,Timur Ender,Cayle Tern,David Linn
Loretta Smith,,,,,
Jamie Dunphy,Candace Avalos,,,,
Doug Clove,Terrence Hayes,,,,
Deian Salazar,Noah Ernst,Doug Clove,Jamie Dunphy,,
Steph Routh,Candace Avalos,Timur Ender,Jamie Dunphy,,
Jamie Dunphy,Timur Ender,Steph Routh,Loretta Smith,Candace Avalos,
Candace Avalos,,,,,
Loretta Smith,Terrence Hayes,Noah Ernst,,,
Terrence Hayes,Noah Ernst,Joe Furi,Loretta Smith,Doug Clove,
Loretta Smith,Terrence Hayes,Steph Routh,Candace Avalos,Michael (Mike) Sands,
Candace Avalos,Deian Salazar,Loretta Smith,,,
Noah Ernst,Jamie Dunphy,Loretta Smith,Terrence Hayes,Steph Routh,Timur Ender
Noah Ernst,Joe Allen,Joe Furi,Cayle Tern,Steph Routh,Deian Salazar
Candace Avalos,Cayle Tern,Timur Ender,,,
Timur Ender,Cayle Tern,Candace Avalos,Doug Clove,Loretta Smith,Jamie Dunphy
,,,,,
Jamie Dunphy,Steph Routh,Candace Avalos,Terrence Hayes,,
Jamie Dunphy,Candace Avalos,Steph Routh,Timur Ender,David Linn,Loretta Smith
Joe Allen,Terrence Hayes,Doug Clove,Deian Salazar,Loretta Smith,
Joe Allen,Steph Routh,Doug Clove,Candace Avalos,Jamie Dunphy,David Linn
Loretta Smith,Terrence Hayes,,,,
Steph Routh,Noah Ernst,Joe Allen,Timur Ender,Doug Clove,Loretta Smith
Write-in-120,Write-in-121,Write-in-122,,,
Loretta Smith,Steph Routh,Timur Ender,Deian Salazar,Noah Ernst,Michael (Mike) Sands
Terrence Hayes,Loretta Smith,Cayle Tern,Candace Avalos,Deian Salazar,Thomas Shervey
Terrence Hayes,Noah Ernst,Loretta Smith,Timur Ender,Jamie Dunphy,David Linn
Noah Ernst,David Linn,Thomas Shervey,Timur Ender,Joe Furi,
Loretta Smith,Steph Routh,Candace Avalos,Terrence Hayes,Jamie Dunphy,Peggy Sue Owens
Candace Avalos,Timur Ender,Jamie Dunphy,Steph Routh,Joe Allen,Cayle Tern
Doug Clove,Candace Avalos,Joe Furi,Terrence Hayes,Deian Salazar,Cayle Tern
Candace Avalos,Noah Ernst,Loretta Smith,,,
Loretta Smith,Candace Avalos,Doug Clove,Steph Routh,Terrence Hayes,
Steph Routh,,,,,
Deian Salazar,,,,,
Timur Ender,Candace Avalos,Noah Ernst,David Linn,Cayle Tern,Deian Salazar
Terrence Hayes,Noah Ernst,Jamie Dunphy,Steph Routh,Timur Ender,David Linn
Doug Clove,Noah Ernst,Deian Salazar,Loretta Smith,Terrence Hayes,Steph Routh
Jamie Dunphy,Terrence Hayes,Candace Avalos,,,
Candace Avalos,Jamie Dunphy,Noah Ernst,Timur Ender,Terrence Hayes,Steph Routh
David Linn,Deian Salazar,Jamie Dunphy,,,
Candace Avalos,Timur Ender,Cayle Tern,Steph Routh,Terrence Hayes,
Noah Ernst,Loretta Smith,Jamie Dunphy,Terrence Hayes,Doug Clove,
Candace Avalos,Timur Ender,Steph Routh,Jamie Dunphy,Cayle Tern,David Linn
Michael (Mike) Sands,Loretta Smith,Jamie Dunphy,Terrence Hayes,David Linn,
Candace Avalos,Steph Routh,Timur Ender,Jamie Dunphy,Cayle Tern,Loretta Smith
Candace Avalos,Steph Routh,Jamie Dunphy,,,
Steph Routh,Terrence Hayes,Candace Avalos,Loretta Smith,Noah Ernst,Jamie Dunphy
Timur Ender,Noah Ernst,Candace Avalos,,,
,,,,,
Candace Avalos,,,,,
Candace Avalos,Timur Ender,Steph Routh,Jamie Dunphy,Noah Ernst,
Terrence Hayes,Timur Ender,Candace Avalos,Loretta Smith,Jamie Dunphy,Cayle Tern
Noah Ernst,Doug Clove,,,,
Candace Avalos,Terrence Hayes,Timur Ender,Cayle Tern,Jamie Dunphy,
Jamie Dunphy,Terrence Hayes,Deian Salazar,Joe Allen,Candace Avalos,Timur Ender
Thomas Shervey,Timur Ender,Candace Avalos,Cayle Tern,Joe Allen,Joe Furi
Candace Avalos,Deian Salazar,Joe Allen,Joe Furi,Thomas Shervey,Doug Clove
Loretta Smith,,,,,
Jamie Dunphy,,,,,
Jamie Dunphy,Candace Avalos,Steph Routh,David Linn,Timur Ender,Loretta Smith
Loretta Smith,Candace Avalos,Cayle Tern,Terrence Hayes,David Linn,Steph Routh
David Linn,Timur Ender,,,,
Steph Routh,Candace Avalos,Loretta Smith,,,
Timur Ender,Deian Salazar,Noah Ernst,Cayle Tern,Doug Clove,Joe Furi
Noah Ernst,Steph Routh,Loretta Smith,,,
Jamie Dunphy,Steph Routh,Doug Clove,Deian Salazar,,
Doug Clove,,,,,
David Linn,Jamie Dunphy,Doug Clove,,,
Terrence Hayes,Cayle Tern,David Linn,Timur Ender,Candace Avalos,Deian Salazar
Loretta Smith,Candace Avalos,Jamie Dunphy,,,
Steph Routh,Candace Avalos,Timur Ender,Jamie Dunphy,Doug Clove,Michael (Mike) Sands
Terrence Hayes,Joe Allen,Loretta Smith,Michael (Mike) Sands,Timur Ender,David Linn
Candace Avalos,Timur Ender,Steph Routh,Jamie Dunphy,Cayle Tern,David Linn
Michael (Mike) Sands,,,,,
,,,,,
Noah Ernst,Doug Clove,Deian Salazar,Joe Furi,Terrence Hayes,
Terrence Hayes,Steph Routh,Jamie Dunphy,David Linn,,
Timur Ender,Write-in-120,Loretta Smith,Terrence Hayes,Jamie Dunphy,David Linn
Candace Avalos,,,,,
Terrence Hayes,Loretta Smith,Candace Avalos,,,
Candace Avalos,Cayle Tern,Timur Ender,Deian Salazar,Steph Routh,Michael (Mike) Sands
Candace Avalos,Steph Routh,Noah Ernst,Loretta Smith,Jamie Dunphy,Michael (Mike) Sands
Steph Routh,Jamie Dunphy,,,,
Deian Salazar,,,,,
Loretta Smith,Terrence Hayes,Candace Avalos,,,
Candace Avalos,Timur Ender,Jamie Dunphy,Cayle Tern,Steph Routh,David Linn
David Linn,Terrence Hayes,Loretta Smith,Steph Routh,,
Timur Ender,Candace Avalos,Jamie Dunphy,Loretta Smith,Joe Allen,Cayle Tern
Terrence Hayes,Noah Ernst,Doug Clove,Loretta Smith,,
Loretta Smith,Timur Ender,Noah Ernst,Joe Allen,Candace Avalos,Cayle Tern
Loretta Smith,Candace Avalos,Steph Routh,,,
Michael (Mike) Sands,Jamie Dunphy,Steph Routh,Cayle Tern,Timur Ender,Thomas Shervey
Timur Ender,Terrence Hayes,Noah Ernst,Candace Avalos,Steph Routh,Deian Salazar
Peggy Sue Owens,Candace Avalos,Loretta Smith,Jamie Dunphy,Doug Clove,David Linn
Steph Routh,Candace Avalos,Jamie Dunphy,Timur Ender,,
Candace Avalos,Terrence Hayes,Steph Routh,Timur Ender,Jamie Dunphy,Loretta Smith
Terrence Hayes,,,,,
Jamie Dunphy,Candace Avalos,Steph Routh,,,
Loretta Smith,Terrence Hayes,Steph Routh,Cayle Tern,Candace Avalos,Peggy Sue Owens
Jamie Dunphy,Steph Routh,Timur Ender,,,
David Linn,,,,,
Steph Routh,,,,,
Loretta Smith,Terrence Hayes,Candace Avalos,David Linn,,
Candace Avalos,Cayle Tern,Steph Routh,,,
Jamie Dunphy,Terrence Hayes,Steph Routh,Candace Avalos,,
Joe Furi,Thomas Shervey,Noah Ernst,Timur Ender,Joe Allen,Candace Avalos
Jamie Dunphy,Steph Routh,Candace Avalos,Timur Ender,David Linn,Terrence Hayes
Steph Routh,Terrence Hayes,Loretta Smith,Doug Clove,Michael (Mike) Sands,Thomas Shervey
Loretta Smith,Terrence Hayes,Steph Routh,Thomas Shervey,Jamie Dunphy,Candace Avalos
Timur Ender,,,,,
Doug Clove,Noah Ernst,,,,
Jamie Dunphy,Steph Routh,Terrence Hayes,Timur Ender,Candace Avalos,Deian Salazar
Loretta Smith,Michael (Mike) Sands,Terrence Hayes,Steph Routh,,
Write-in-120,Write-in-121,Write-in-122,,,
Loretta Smith,Deian Salazar,Joe Furi,Doug Clove,,
Terrence Hayes,Joe Furi,Michael (Mike) Sands,Doug Clove,Noah Ernst,Timur Ender
Terrence Hayes,Noah Ernst,Joe Furi,Loretta Smith,Doug Clove,Write-in-120
Noah Ernst,Doug Clove,Thomas Shervey,Joe Allen,Terrence Hayes,Joe Furi
Noah Ernst,Joe Allen,Doug Clove,Michael (Mike) Sands,,
Jamie Dunphy,Steph Routh,Timur Ender,Candace Avalos,Loretta Smith,Terrence Hayes
Peggy Sue Owens,Terrence Hayes,,,,
Steph Routh,Peggy Sue Owens,Loretta Smith,Candace Avalos,Thomas Shervey,Timur Ender
Terrence Hayes,Thomas Shervey,,,,
Peggy Sue Owens,Candace Avalos,Loretta Smith,Steph Routh,Jamie Dunphy,Cayle Tern
Loretta Smith,,,,,
Candace Avalos,Loretta Smith,Steph Routh,Jamie Dunphy,,
Jamie Dunphy,Candace Avalos,Steph Routh,,,
Jamie Dunphy,Steph Routh,Timur Ender,,,
Jamie Dunphy,Timur Ender,Loretta Smith,,,
Michael (Mike) Sands,Noah Ernst,Terrence Hayes,,,
Deian Salazar,Loretta Smith,,,,
Write-in-120,,,,,
Candace Avalos,Cayle Tern,Timur Ender,,,
Noah Ernst,Deian Salazar,,,,
David Linn,Michael (Mike) Sands,Candace Avalos,Timur Ender,Joe Furi,Loretta Smith
Noah Ernst,Michael (Mike) Sands,Loretta Smith,David Linn,Cayle Tern,Terrence Hayes
Loretta Smith,Terrence Hayes,Noah Ernst,,,
Noah Ernst,Joe Allen,Loretta Smith,Jamie Dunphy,Peggy Sue Owens,David Linn
Peggy Sue Owens,Loretta Smith,,,,
Loretta Smith,Michael (Mike) Sands,Timur Ender,David Linn,Candace Avalos,Steph Routh
Jamie Dunphy,Timur Ender,Steph Routh,Candace Avalos,Joe Furi,Cayle Tern
Steph Routh,Candace Avalos,Timur Ender,Jamie Dunphy,Peggy Sue Owens,Terrence Hayes
Noah Ernst,Deian Salazar,Joe Allen,Loretta Smith,Doug Clove,Terrence Hayes
Doug Clove,David Linn,Noah Ernst,Michael (Mike) Sands,,
Candace Avalos,Cayle Tern,Timur Ender,,,
Candace Avalos,Steph Routh,Timur Ender,,,
Steph Routh,Deian Salazar,,,,
Timur Ender,Candace Avalos,Write-in-120,,,
Steph Routh,Candace Avalos,Peggy Sue Owens,Cayle Tern,Loretta Smith,Jamie Dunphy
Terrence Hayes,Steph Routh,Candace Avalos,Noah Ernst,Loretta Smith,Jamie Dunphy
Jamie Dunphy,Candace Avalos,Steph Routh,,,
Candace Avalos,Timur Ender,Loretta Smith,Steph Routh,Doug Clove,David Linn
Terrence Hayes,Timur Ender,Loretta Smith,Doug Clove,Candace Avalos,Steph Routh
Steph Routh,Loretta Smith,Jamie Dunphy,Deian Salazar,Timur Ender,Cayle Tern
Loretta Smith,Terrence Hayes,Steph Routh,,,
Michael (Mike) Sands,Joe Furi,Noah Ernst,,,
,,,,,
Candace Avalos,Steph Routh,Timur Ender,Jamie Dunphy,,
Candace Avalos,Steph Routh,Timur Ender,,,
Loretta Smith,Jamie Dunphy,,,,
Noah Ernst,,,,,
Noah Ernst,Terrence Hayes,Loretta Smith,,,
Steph Routh,Terrence Hayes,Doug Clove,Jamie Dunphy,Timur Ender,Thomas Shervey
Candace Avalos,Cayle Tern,Timur Ender,,,
Candace Avalos,,,,,
Candace Avalos,Steph Routh,Jamie Dunphy,Timur Ender,Cayle Tern,David Linn
Terrence Hayes,Steph Routh,Jamie Dunphy,,,
Steph Routh,Timur Ender,,,,
Candace Avalos,Peggy Sue Owens,Noah Ernst,Jamie Dunphy,Loretta Smith,Terrence Hayes
Loretta Smith,,,,,
Timur Ender,Loretta Smith,Jamie Dunphy,Steph Routh,Candace Avalos,
Terrence Hayes,Deian Salazar,Jamie Dunphy,Michael (Mike) Sands,,
Loretta Smith,Noah Ernst,Jamie Dunphy,Candace Avalos,Steph Routh,David Linn
Timur Ender,Terrence Hayes,Noah Ernst,Candace Avalos,Steph Routh,Deian Salazar
Terrence Hayes,Noah Ernst,Candace Avalos,Jamie Dunphy,Steph Routh,
Noah Ernst,Terrence Hayes,Doug Clove,Loretta Smith,Deian Salazar,Joe Furi
Jamie Dunphy,Steph Routh,Candace Avalos,Noah Ernst,David Linn,Loretta Smith
Noah Ernst,Doug Clove,Timur Ender,Peggy Sue Owens,Michael (Mike) Sands,Candace Avalos
Jamie Dunphy,Steph Routh,Candace Avalos,,,
Terrence Hayes,Deian Salazar,Peggy Sue Owens,David Linn,Joe Allen,Doug Clove
Doug Clove,Jamie Dunphy,Noah Ernst,Deian Salazar,,
Candace Avalos,Jamie Dunphy,Noah Ernst,Steph Routh,Deian Salazar,Peggy Sue Owens
Terrence Hayes,Noah Ernst,Loretta Smith,Candace Avalos,,
Loretta Smith,Peggy Sue Owens,Candace Avalos,Cayle Tern,Terrence Hayes,Doug Clove
Noah Ernst,Terrence Hayes,Joe Furi,Loretta Smith,Doug Clove,Steph Routh
Candace Avalos,Timur Ender,Cayle Tern,Steph Routh,Loretta Smith,Jamie Dunphy
Steph Routh,Terrence Hayes,,,,
Candace Avalos,Steph Routh,Jamie Dunphy,,,
Noah Ernst,Terrence Hayes,Doug Clove,Jamie Dunphy,Candace Avalos,Deian Salazar
David Linn,Timur Ender,Loretta Smith,Steph Routh,,
Doug Clove,Terrence Hayes,Loretta Smith,,,
Loretta Smith,Jamie Dunphy,Michael (Mike) Sands,Steph Routh,,
Thomas Shervey,Steph Routh,Jamie Dunphy,Candace Avalos,,
Loretta Smith,Terrence Hayes,Candace Avalos,Noah Ernst,,
Terrence Hayes,Noah Ernst,Doug Clove,Loretta Smith,Jamie Dunphy,
Candace Avalos,,,,,
Peggy Sue Owens,Timur Ender,Noah Ernst,Candace Avalos,Joe Allen,David Linn
Michael (Mike) Sands,David Linn,Timur Ender,Candace Avalos,Loretta Smith,Terrence Hayes
Terrence Hayes,Doug Clove,Michael (Mike) Sands,Loretta Smith,Jamie Dunphy,Joe Furi
Loretta Smith,Terrence Hayes,Steph Routh,Candace Avalos,Cayle Tern,Thomas Shervey
Noah Ernst,Peggy Sue Owens,Loretta Smith,,,
Noah Ernst,,,,,
Steph Routh,Loretta Smith,Noah Ernst,Joe Furi,Doug Clove,Jamie Dunphy
Noah Ernst,Steph Routh,Terrence Hayes,Doug Clove,,
Doug Clove,Cayle Tern,Thomas Shervey,Terrence Hayes,Jamie Dunphy,Loretta Smith
Steph Routh,Terrence Hayes,Loretta Smith,Jamie Dunphy,Deian Salazar,Cayle Tern
Cayle Tern,Timur Ender,Steph Routh,Candace Avalos,Jamie Dunphy,Terrence Hayes
Noah Ernst,Loretta Smith,Doug Clove,,,
Jamie Dunphy,Cayle Tern,David Linn,Candace Avalos,Timur Ender,Steph Routh
Loretta Smith,Peggy Sue Owens,,,,
Steph Routh,Candace Avalos,Timur Ender,Jamie Dunphy,David Linn,Cayle Tern
Steph Routh,Candace Avalos,Timur Ender,Cayle Tern,Terrence Hayes,
Terrence Hayes,Steph Routh,Candace Avalos,Timur Ender,Deian Salazar,Cayle Tern
Loretta Smith,Jamie Dunphy,Deian Salazar,David Linn,Joe Allen,Candace Avalos
Candace Avalos,Steph Routh,Jamie Dunphy,,,
Terrence Hayes,Noah Ernst,Loretta Smith,,,
Michael (Mike) Sands,Noah Ernst,Jamie Dunphy,Doug Clove,Joe Furi,Joe Allen
Loretta Smith,Terrence Hayes,Jamie Dunphy,Steph Routh,Joe Allen,Thomas Shervey
Terrence Hayes,Noah Ernst,Joe Furi,Loretta Smith,Doug Clove,Write-in-122
Steph Routh,Terrence Hayes,Jamie Dunphy,Timur Ender,Doug Clove,Deian Salazar
Loretta Smith,,,,,
Noah Ernst,Terrence Hayes,Jamie Dunphy,Candace Avalos,Steph Routh,Timur Ender
Terrence Hayes,Loretta Smith,,,,
Cayle Tern,Timur Ender,Noah Ernst,Candace Avalos,Loretta Smith,Michael (Mike) Sands
Timur Ender,Candace Avalos,Steph Routh,Loretta Smith,Terrence Hayes,Jamie Dunphy
Candace Avalos,Steph Routh,Jamie Dunphy,Timur Ender,Loretta Smith,
Terrence Hayes,Loretta Smith,Timur Ender,,,
Noah Ernst,,,,,
Terrence Hayes,Steph Routh,Jamie Dunphy,Candace Avalos,,
Deian Salazar,,,,,
Steph Routh,Noah Ernst,Peggy Sue Owens,,,
Jamie Dunphy,Terrence Hayes,Thomas Shervey,Joe Furi,David Linn,Noah Ernst
Terrence Hayes,Loretta Smith,Timur Ender,Noah Ernst,Candace Avalos,Steph Routh
Jamie Dunphy,Candace Avalos,Steph Routh,Timur Ender,Loretta Smith,
Noah Ernst,Loretta Smith,,,,
Cayle Tern,Timur Ender,Jamie Dunphy,Candace Avalos,Loretta Smith,Deian Salazar
Noah Ernst,Terrence Hayes,Joe Furi,Loretta Smith,Doug Clove,
Candace Avalos,Jamie Dunphy,Thomas Shervey,Steph Routh,Loretta Smith,Terrence Hayes
Jamie Dunphy,Steph Routh,Timur Ender,Candace Avalos,,
Noah Ernst,Joe Allen,Terrence Hayes,Doug Clove,Thomas Shervey,
Jamie Dunphy,Candace Avalos,Steph Routh,,,
Jamie Dunphy,Candace Avalos,Steph Routh,,,
Candace Avalos,Cayle Tern,Steph Routh,Loretta Smith,Michael (Mike) Sands,David Linn
Loretta Smith,,,,,
Jamie Dunphy,Loretta Smith,Terrence Hayes,Timur Ender,Joe Allen,Michael (Mike) Sands
Joe Allen,Terrence Hayes,Timur Ender,,,
Candace Avalos,Cayle Tern,Steph Routh,,,
Candace Avalos,Timur Ender,Steph Routh,,,
Thomas Shervey,,,,,
Loretta Smith,Candace Avalos,David Linn,Doug Clove,Terrence Hayes,Jamie Dunphy
Candace Avalos,Jamie Dunphy,Steph Routh,Noah Ernst,David Linn,Loretta Smith
Timur Ender,Deian Salazar,Doug Clove,Steph Routh,Loretta Smith,
Timur Ender,Steph Routh,,,,
Timur Ender,Candace Avalos,,,,
Jamie Dunphy,Steph Routh,Candace Avalos,,,
Peggy Sue Owens,Timur Ender,Noah Ernst,Candace Avalos,Joe Allen,David Linn
Peggy Sue Owens,Michael (Mike) Sands,Loretta Smith,,,
Timur Ender,Noah Ernst,David Linn,Doug Clove,Loretta Smith,Steph Routh
Loretta Smith,Candace Avalos,Steph Routh,Terrence Hayes,David Linn,Noah Ernst
Noah Ernst,,,,,
Joe Allen,Doug Clove,Timur Ender,Thomas Shervey,Jamie Dunphy,Joe Furi
Loretta Smith,David Linn,Peggy Sue Owens,,,
Loretta Smith,Deian Salazar,Michael (Mike) Sands,David Linn,Candace Avalos,Joe Allen
Timur Ender,Steph Routh,Candace Avalos,Cayle Tern,,
Noah Ernst,,,,,
Terrence Hayes,Loretta Smith,,,,
Timur Ender,,,,,
Timur Ender,Candace Avalos,Steph Routh,Jamie Dunphy,Terrence Hayes,Loretta Smith
Noah Ernst,Terrence Hayes,Joe Furi,Loretta Smith,Doug Clove,
Steph Routh,Jamie Dunphy,Terrence Hayes,,,
Loretta Smith,Peggy Sue Owens,Candace Avalos,Cayle Tern,Jamie Dunphy,Deian Salazar
Candace Avalos,Steph Routh,Timur Ender,,,
Jamie Dunphy,Candace Avalos,Terrence Hayes,,,
Cayle Tern,Candace Avalos,Terrence Hayes,Noah Ernst,Doug Clove,Peggy Sue Owens
Loretta Smith,Peggy Sue Owens,Doug Clove,Joe Furi,Timur Ender,Steph Routh
Loretta Smith,Terrence Hayes,Timur Ender,Steph Routh,Candace Avalos,Jamie Dunphy
Peggy Sue Owens,Timur Ender,Noah Ernst,Candace Avalos,Joe Allen,
Steph Routh,Timur Ender,Loretta Smith,Jamie Dunphy,,
Loretta Smith,,,,,
Doug Clove,Cayle Tern,David Linn,Deian Salazar,,
Jamie Dunphy,Terrence Hayes,Noah Ernst,Candace Avalos,,
Candace Avalos,Cayle Tern,Timur Ender,Terrence Hayes,Loretta Smith,Steph Routh
Loretta Smith,Candace Avalos,Steph Routh,Timur Ender,Cayle Tern,Noah Ernst
Michael (Mike) Sands,Doug Clove,Joe Allen,Noah Ernst,Cayle Tern,
David Linn,,,,,
Candace Avalos,Cayle Tern,Timur Ender,,,
Candace Avalos,Steph Routh,Loretta Smith,Terrence Hayes,Jamie Dunphy,Michael (Mike) Sands
Deian Salazar,Loretta Smith,Noah Ernst,Candace Avalos,Terrence Hayes,Timur Ender
Noah Ernst,Terrence Hayes,Joe Furi,Loretta Smith,Doug Clove,
Steph Routh,Deian Salazar,Loretta Smith,Jamie Dunphy,,
Candace Avalos,David Linn,Terrence Hayes,Write-in-120,Write-in-121,Write-in-122
Jamie Dunphy,Candace Avalos,,,,
Steph Routh,Timur Ender,Candace Avalos,Terrence Hayes,Jamie Dunphy,David Linn
Michael (Mike) Sands,Jamie Dunphy,Steph Routh,Loretta Smith,Terrence Hayes,Timur Ender
Doug Clove,Michael (Mike) Sands,,,,
Candace Avalos,,,,,
Candace Avalos,Cayle Tern,Loretta Smith,,,
Candace Avalos,Noah Ernst,,,,
Steph Routh,Loretta Smith,Candace Avalos,Doug Clove,Joe Furi,Thomas Shervey
Jamie Dunphy,Candace Avalos,Steph Routh,Noah Ernst,David Linn,
Noah Ernst,Jamie Dunphy,,,,
Michael (Mike) Sands,Peggy Sue Owens,Noah Ernst,Joe Allen,Doug Clove,Thomas Shervey
Terrence Hayes,Noah Ernst,,,,
David Linn,,,,,
Timur Ender,Candace Avalos,Cayle Tern,Loretta Smith,Terrence Hayes,Steph Routh
Candace Avalos,Timur Ender,Steph Routh,,,
Noah Ernst,Peggy Sue Owens,Candace Avalos,Loretta Smith,Steph Routh,David Linn
Peggy Sue Owens,Loretta Smith,Candace Avalos,Steph Routh,Noah Ernst,Timur Ender
Loretta Smith,,,,,
Doug Clove,Deian Salazar,Joe Allen,Noah Ernst,Michael (Mike) Sands,
Loretta Smith,,,,,
Candace Avalos,Steph Routh,Timur Ender,Jamie Dunphy,,
Terrence Hayes,Noah Ernst,Doug Clove,,,
Timur Ender,Candace Avalos,Steph Routh,Loretta Smith,Jamie Dunphy,
Candace Avalos,Steph Routh,Jamie Dunphy,Timur Ender,Cayle Tern,Loretta Smith
Jamie Dunphy,Steph Routh,Candace Avalos,Cayle Tern,Timur Ender,David Linn
Noah Ernst,Jamie Dunphy,Steph Routh,Candace Avalos,Loretta Smith,Cayle Tern
Steph Routh,Candace Avalos,Jamie Dunphy,,,
Joe Allen,,,,,
Doug Clove,Candace Avalos,Noah Ernst,Cayle Tern,Terrence Hayes,David Linn
Joe Furi,Doug Clove,,,,
Jamie Dunphy,Candace Avalos,Steph Routh,Noah Ernst,David Linn,Loretta Smith
Joe Allen,Loretta Smith,Steph Routh,Deian Salazar,Cayle Tern,David Linn
Michael (Mike) Sands,,,,,
Loretta Smith,Doug Clove,Candace Avalos,Joe Allen,,
Candace Avalos,Joe Furi,David Linn,Steph Routh,Jamie Dunphy,Loretta Smith
Noah Ernst,Terrence Hayes,Joe Furi,Loretta Smith,Doug Clove,
,,,,,
Terrence Hayes,Jamie Dunphy,Steph Routh,Candace Avalos,Thomas Shervey,David Linn
Timur Ender,,,,,
Candace Avalos,Jamie Dunphy,Steph Routh,Timur Ender,Cayle Tern,David Linn
Terrence Hayes,Deian Salazar,David Linn,Noah Ernst,Loretta Smith,
Terrence Hayes,Cayle Tern,Noah Ernst,David Linn,Candace Avalos,Deian Salazar
Peggy Sue Owens,Timur Ender,Noah Ernst,,,
Joe Allen,Timur Ender,Terrence Hayes,Candace Avalos,Michael (Mike) Sands,Cayle Tern
Candace Avalos,Terrence Hayes,Deian Salazar,Timur Ender,Cayle Tern,Steph Routh
Timur Ender,Noah Ernst,Candace Avalos,David Linn,Steph Routh,Jamie Dunphy
Terrence Hayes,Loretta Smith,Candace Avalos,Steph Routh,Deian Salazar,Timur Ender
Candace Avalos,Steph Routh,Timur Ender,Jamie Dunphy,,
Loretta Smith,Steph Routh,,,,
Steph Routh,Jamie Dunphy,,,,
Candace Avalos,Steph Routh,Timur Ender,Jamie Dunphy,,
Steph Routh,Terrence Hayes,Loretta Smith,Doug Clove,Cayle Tern,Noah Ernst
Cayle Tern,Steph Routh,Deian Salazar,Candace Avalos,Peggy Sue Owens,Loretta Smith
Candace Avalos,Timur Ender,Steph Routh,Doug Clove,Michael (Mike) Sands,Joe Allen
Steph Routh,Terrence Hayes,Deian Salazar,David Linn,Noah Ernst,Jamie Dunphy
Loretta Smith,,,,,
Steph Routh,Terrence Hayes,Jamie Dunphy,Loretta Smith,Candace Avalos,Joe Allen
Write-in-120,Write-in-121,Write-in-122,,,
Jamie Dunphy,Candace Avalos,Steph Routh,Loretta Smith,Terrence Hayes,Timur Ender
Loretta Smith,Steph Routh,,,,
Timur Ender,Candace Avalos,Loretta Smith,Steph Routh,David Linn,Joe Allen
Jamie Dunphy,Steph Routh,Loretta Smith,Terrence Hayes,Candace Avalos,
,,,,,
Jamie Dunphy,Candace Avalos,Steph Routh,David Linn,Loretta Smith,
Steph Routh,Terrence Hayes,Doug Clove,,,
Loretta Smith,Terrence Hayes,Deian Salazar,Candace Avalos,,
Noah Ernst,Deian Salazar,Jamie Dunphy,,,
Candace Avalos,Timur Ender,Steph Routh,Cayle Tern,Jamie Dunphy,Loretta Smith
Terrence Hayes,Timur Ender,Noah Ernst,Loretta Smith,,
Joe Allen,David Linn,Doug Clove,Michael (Mike) Sands,,
Loretta Smith,Candace Avalos,,,,
Noah Ernst,,,,,
Candace Avalos,Jamie Dunphy,Timur Ender,Steph Routh,,
Terrence Hayes,Candace Avalos,Michael (Mike) Sands,Jamie Dunphy,David Linn,
Noah Ernst,Doug Clove,Terrence Hayes,Timur Ender,Deian Salazar,
Jamie Dunphy,Timur Ender,Cayle Tern,Steph Routh,Thomas Shervey,Michael (Mike) Sands
Candace Avalos,,,,,
David Linn,,,,,
Terrence Hayes,Jamie Dunphy,Steph Routh,Noah Ernst,David Linn,Loretta Smith
Deian Salazar,Terrence Hayes,Doug Clove,Noah Ernst,Michael (Mike) Sands,
Peggy Sue Owens,Terrence Hayes,Michael (Mike) Sands,David Linn,Loretta Smith,Doug Clove
Timur Ender,Noah Ernst,Steph Routh,Jamie Dunphy,Terrence Hayes,Candace Avalos
Noah Ernst,Deian Salazar,,,,
Noah Ernst,Loretta Smith,Candace Avalos,Deian Salazar,Joe Allen,Doug Clove
Candace Avalos,Jamie Dunphy,Steph Routh,,,
Loretta Smith,Jamie Dunphy,David Linn,,,
Noah Ernst,Joe Allen,Cayle Tern,Joe Furi,Thomas Shervey,Steph Routh
Doug Clove,Cayle Tern,Candace Avalos,Joe Furi,Deian Salazar,Write-in-122
Terrence Hayes,Thomas Shervey,Joe Furi,,,
Candace Avalos,Timur Ender,Steph Routh,Jamie Dunphy,Cayle Tern,David Linn
,,,,,
Jamie Dunphy,Steph Routh,Terrence Hayes,Noah Ernst,,
Loretta Smith,Steph Routh,David Linn,,,
Timur Ender,,,,,
Timur Ender,Jamie Dunphy,Candace Avalos,Joe Furi,Cayle Tern,
Michael (Mike) Sands,Joe Furi,Candace Avalos,Terrence Hayes,Jamie Dunphy,Cayle Tern
Loretta Smith,,,,,
Steph Routh,David Linn,Terrence Hayes,Loretta Smith,,
Timur Ender,,,,,
Terrence Hayes,Noah Ernst,Candace Avalos,,,
Jamie Dunphy,,,,,
Cayle Tern,Candace Avalos,Jamie Dunphy,Timur Ender,Steph Routh,Terrence Hayes
Candace Avalos,Michael (Mike) Sands,Loretta Smith,Steph Routh,Cayle Tern,Thomas Shervey
Candace Avalos,Timur Ender,Jamie Dunphy,Cayle Tern,,
Steph Routh,Candace Avalos,Timur Ender,,,
Terrence Hayes,Timur Ender,Noah Ernst,Loretta Smith,Candace Avalos,Thomas Shervey
Jamie Dunphy,Loretta Smith,Steph Routh,Terrence Hayes,Deian Salazar,Candace Avalos
Jamie Dunphy,,,,,
Candace Avalos,Steph Routh,Jamie Dunphy,,,
Cayle Tern,Candace Avalos,Jamie Dunphy,Michael (Mike) Sands,,
Candace Avalos,Jamie Dunphy,Timur Ender,Steph Routh,,
Steph Routh,Candace Avalos,Timur Ender,Jamie Dunphy,Cayle Tern,David Linn
Timur Ender,Candace Avalos,Cayle Tern,Steph Routh,Jamie Dunphy,David Linn
Terrence Hayes,Loretta Smith,Cayle Tern,Jamie Dunphy,Deian Salazar,Candace Avalos
Jamie Dunphy,Steph Routh,Candace Avalos,Noah Ernst,David Linn,Loretta Smith
Timur Ender,Cayle Tern,Michael (Mike) Sands,Candace Avalos,,
Candace Avalos,Cayle Tern,Timur Ender,,,
Jamie Dunphy,Candace Avalos,Steph Routh,,,
Steph Routh,Timur Ender,Candace Avalos,Jamie Dunphy,Loretta Smith,Noah Ernst
Loretta Smith,Terrence Hayes,Candace Avalos,Timur Ender,Cayle Tern,Steph Routh
Jamie Dunphy,Candace Avalos,Steph Routh,Noah Ernst,Joe Allen,Loretta Smith
Noah Ernst,Terrence Hayes,Loretta Smith,Doug Clove,Timur Ender,Joe Allen
Steph Routh,David Linn,Terrence Hayes,Candace Avalos,Loretta Smith,Joe Allen
Candace Avalos,Joe Allen,David Linn,Cayle Tern,Doug Clove,Joe Furi
Doug Clove,Cayle Tern,Joe Furi,Noah Ernst,Deian Salazar,Thomas Shervey
Cayle Tern,,,,,
Loretta Smith,Candace Avalos,Noah Ernst,Terrence Hayes,Steph Routh,Jamie Dunphy
Loretta Smith,,,,,
Loretta Smith,Candace Avalos,Timur Ender,Steph Routh,Terrence Hayes,David Linn
David Linn,,,,,
Cayle Tern,Timur Ender,Candace Avalos,,,
Candace Avalos,Steph Routh,Loretta Smith,Timur Ender,Jamie Dunphy,Thomas Shervey
Noah Ernst,Doug Clove,Terrence Hayes,,,
Timur Ender,Noah Ernst,Steph Routh,David Linn,Cayle Tern,Terrence Hayes
Timur Ender,Candace Avalos,Cayle Tern,Terrence Hayes,Jamie Dunphy,
Noah Ernst,,,,,
Noah Ernst,Doug Clove,Joe Allen,,,
Loretta Smith,Terrence Hayes,,,,
Steph Routh,Timur Ender,Jamie Dunphy,Candace Avalos,Cayle Tern,David Linn
Noah Ernst,Joe Allen,Thomas Shervey,Terrence Hayes,Doug Clove,Michael (Mike) Sands
Terrence Hayes,Loretta Smith,,,,
Candace Avalos,Terrence Hayes,Jamie Dunphy,Timur Ender,Steph Routh,
Jamie Dunphy,Loretta Smith,Peggy Sue Owens,,,
Michael (Mike) Sands,Candace Avalos,,,,
Jamie Dunphy,Steph Routh,Candace Avalos,,,
Joe Furi,Thomas Shervey,David Linn,Candace Avalos,Deian Salazar,Timur Ender
Noah Ernst,Joe Allen,,,,
Candace Avalos,Cayle Tern,Timur Ender,Loretta Smith,Peggy Sue Owens,
Noah Ernst,,,,,
Noah Ernst,Terrence Hayes,Joe Furi,Loretta Smith,Doug Clove,
Steph Routh,Terrence Hayes,,,,
Doug Clove,Loretta Smith,Jamie Dunphy,Candace Avalos,Cayle Tern,Peggy Sue Owens
Jamie Dunphy,Candace Avalos,Steph Routh,Noah Ernst,,
Noah Ernst,Terrence Hayes,Thomas Shervey,Loretta Smith,,
Candace Avalos,Cayle Tern,Timur Ender,,,
Steph Routh,,,,,
Peggy Sue Owens,Candace Avalos,Terrence Hayes,Loretta Smith,Deian Salazar,Cayle Tern
Joe Allen,Michael (Mike) Sands,Terrence Hayes,,,
Steph Routh,Jamie Dunphy,Loretta Smith,,,
Loretta Smith,Terrence Hayes,Steph Routh,Jamie Dunphy,,
Steph Routh,Terrence Hayes,Jamie Dunphy,,,
Jamie Dunphy,Candace Avalos,Steph Routh,Loretta Smith,Doug Clove,Joe Allen
Jamie Dunphy,Peggy Sue Owens,Joe Allen,Doug Clove,Michael (Mike) Sands,David Linn
Candace Avalos,Steph Routh,Jamie Dunphy,,,
Candace Avalos,Jamie Dunphy,Timur Ender,David Linn,Steph Routh,Michael (Mike) Sands
Jamie Dunphy,Candace Avalos,David Linn,Steph Routh,Timur Ender,Cayle Tern
Terrence Hayes,Noah Ernst,Candace Avalos,,,
Loretta Smith,Doug Clove,Candace Avalos,Terrence Hayes,Steph Routh,Cayle Tern
Steph Routh,Jamie Dunphy,Michael (Mike) Sands,Timur Ender,Candace Avalos,
Jamie Dunphy,Steph Routh,Loretta Smith,Terrence Hayes,Candace Avalos,Timur Ender
Jamie Dunphy,Joe Allen,Peggy Sue Owens,Timur Ender,Candace Avalos,
Jamie Dunphy,David Linn,Noah Ernst,Candace Avalos,,
Peggy Sue Owens,Loretta Smith,,,,
David Linn,Thomas Shervey,Terrence Hayes,,,
Noah Ernst,Jamie Dunphy,Terrence Hayes,Michael (Mike) Sands,Doug Clove,Joe Allen
Timur Ender,Jamie Dunphy,,,,
Loretta Smith,Steph Routh,Terrence Hayes,Jamie Dunphy,Doug Clove,Michael (Mike) Sands
Timur Ender,Candace Avalos,David Linn,Steph Routh,Jamie Dunphy,Joe Furi
Noah Ernst,Loretta Smith,Michael (Mike) Sands,Candace Avalos,Doug Clove,Timur Ender
Write-in-120,Noah Ernst,Doug Clove,Loretta Smith,Terrence Hayes,Peggy Sue Owens
Loretta Smith,Terrence Hayes,Candace Avalos,,,
Jamie Dunphy,,,,,
Terrence Hayes,Jamie Dunphy,David Linn,Noah Ernst,,
Timur Ender,Jamie Dunphy,Candace Avalos,Steph Routh,,
Timur Ender,,,,,
Candace Avalos,Noah Ernst,Terrence Hayes,Jamie Dunphy,Cayle Tern,Timur Ender
Jamie Dunphy,Steph Routh,Candace Avalos,,,
Noah Ernst,Timur Ender,Joe Allen,Joe Furi,Steph Routh,Jamie Dunphy
Jamie Dunphy,Steph Routh,Peggy Sue Owens,Candace Avalos,,
Noah Ernst,Doug Clove,Jamie Dunphy,Terrence Hayes,,
Jamie Dunphy,Loretta Smith,Doug Clove,,,
Timur Ender,Cayle Tern,David Linn,Deian Salazar,Terrence Hayes,Write-in-120
Terrence Hayes,Noah Ernst,Joe Furi,Loretta Smith,Doug Clove,Write-in-120
Timur Ender,,,,,
Michael (Mike) Sands,Noah Ernst,,,,
Candace Avalos,Steph Routh,Timur Ender,Jamie Dunphy,Cayle Tern,
Terrence Hayes,Noah Ernst,Joe Furi,Loretta Smith,Doug Clove,
Candace Avalos,Steph Routh,Timur Ender,Jamie Dunphy,,
Candace Avalos,Deian Salazar,Cayle Tern,Peggy Sue Owens,Timur Ender,Loretta Smith
Deian Salazar,Candace Avalos,Loretta Smith,Cayle Tern,Terrence Hayes,
Noah Ernst,Jamie Dunphy,,,,
Steph Routh,Candace Avalos,Timur Ender,Jamie Dunphy,David Linn,Cayle Tern
Candace Avalos,Loretta Smith,Michael (Mike) Sands,Terrence Hayes,Cayle Tern,Timur Ender
Timur Ender,Peggy Sue Owens,Loretta Smith,Terrence Hayes,Jamie Dunphy,Steph Routh
Deian Salazar,Loretta Smith,Timur Ender,Thomas Shervey,,
Deian Salazar,Noah Ernst,Doug Clove,Terrence Hayes,Loretta Smith,Jamie Dunphy
Noah Ernst,Joe Allen,Doug Clove,Steph Routh,Michael (Mike) Sands,Cayle Tern
Loretta Smith,,,,,
Doug Clove,Michael (Mike) Sands,Thomas Shervey,,,
Noah Ernst,,,,,
Timur Ender,Steph Routh,Loretta Smith,Terrence Hayes,Cayle Tern,Joe Allen
Timur Ender,Jamie Dunphy,Candace Avalos,Steph Routh,David Linn,Terrence Hayes
Thomas Shervey,Joe Allen,Peggy Sue Owens,David Linn,Steph Routh,Joe Furi
Deian Salazar,Joe Allen,,,,
Timur Ender,Candace Avalos,Jamie Dunphy,Doug Clove,,
Candace Avalos,Loretta Smith,Terrence Hayes,Steph Routh,Joe Furi,Joe Allen
Candace Avalos,Timur Ender,Steph Routh,Jamie Dunphy,Doug Clove,David Linn
Candace Avalos,Thomas Shervey,Michael (Mike) Sands,Deian Salazar,Doug Clove,Cayle Tern
Loretta Smith,Timur Ender,David Linn,Joe Furi,Jamie Dunphy,Doug Clove
David Linn,Cayle Tern,Terrence Hayes,,,
Steph Routh,Loretta Smith,Candace Avalos,Terrence Hayes,,
Timur Ender,,,,,
David Linn,Timur Ender,Cayle Tern,Candace Avalos,,
Jamie Dunphy,Deian Salazar,Timur Ender,,,
Candace Avalos,Cayle Tern,Jamie Dunphy,Deian Salazar,Timur Ender,Steph Routh
Candace Avalos,Steph Routh,Jamie Dunphy,,,
Deian Salazar,Loretta Smith,Terrence Hayes,Jamie Dunphy,Steph Routh,Cayle Tern
Candace Avalos,Steph Routh,Timur Ender,Cayle Tern,Jamie Dunphy,
Terrence Hayes,Noah Ernst,Michael (Mike) Sands,Loretta Smith,Jamie Dunphy,Steph Routh
Jamie Dunphy,Loretta Smith,Terrence Hayes,Timur Ender,Deian Salazar,Steph Routh
Jamie Dunphy,,,,,
Jamie Dunphy,Doug Clove,Timur Ender,Michael (Mike) Sands,Candace Avalos,Steph Routh
Candace Avalos,Terrence Hayes,Noah Ernst,David Linn,Cayle Tern,
Noah Ernst,Joe Furi,Terrence Hayes,,,
Jamie Dunphy,Steph Routh,Candace Avalos,Noah Ernst,Terrence Hayes,Timur Ender
Jamie Dunphy,Candace Avalos,Steph Routh,Noah Ernst,David Linn,Loretta Smith
Candace Avalos,Steph Routh,Timur Ender,Jamie Dunphy,,
Terrence Hayes,Loretta Smith,Deian Salazar,Michael (Mike) Sands,,
Timur Ender,Jamie Dunphy,Loretta Smith,Candace Avalos,Steph Routh,David Linn
Candace Avalos,Cayle Tern,Joe Allen,,,
Steph Routh,Terrence Hayes,Michael (Mike) Sands,Deian Salazar,Timur Ender,Loretta Smith
Noah Ernst,,,,,
Doug Clove,Michael (Mike) Sands,Terrence Hayes,Joe Furi,Steph Routh,Jamie Dunphy
Cayle Tern,Candace Avalos,Timur Ender,Steph Routh,,
Candace Avalos,Timur Ender,Loretta Smith,Terrence Hayes,Jamie Dunphy,Steph Routh
Michael (Mike) Sands,Deian Salazar,Peggy Sue Owens,David Linn,Noah Ernst,Cayle Tern
Steph Routh,Loretta Smith,,,,
Doug Clove,,,,,
Michael (Mike) Sands,David Linn,Timur Ender,Candace Avalos,Loretta Smith,Terrence Hayes
Candace Avalos,Thomas Shervey,Cayle Tern,Deian Salazar,Steph Routh,Terrence Hayes
Noah Ernst,Loretta Smith,Michael (Mike) Sands,Joe Allen,Jamie Dunphy,Doug Clove
Jamie Dunphy,Timur Ender,Cayle Tern,Candace Avalos,Deian Salazar,
Jamie Dunphy,Candace Avalos,Steph Routh,Timur Ender,Loretta Smith,
Deian Salazar,Joe Furi,Michael (Mike) Sands,Noah Ernst,Timur Ender,Joe Allen
Candace Avalos,Jamie Dunphy,Steph Routh,Timur Ender,David Linn,Cayle Tern
Terrence Hayes,David Linn,Noah Ernst,,,
Loretta Smith,Steph Routh,Doug Clove,Terrence Hayes,Cayle Tern,David Linn
Jamie Dunphy,Steph Routh,Timur Ender,,,
Candace Avalos,Jamie Dunphy,Steph Routh,Joe Furi,Thomas Shervey,
Jamie Dunphy,Steph Routh,Timur Ender,Candace Avalos,,
Loretta Smith,Jamie Dunphy,Candace Avalos,Steph Routh,Timur Ender,Peggy Sue Owens
Loretta Smith,Steph Routh,Candace Avalos,,,
Loretta Smith,Terrence Hayes,Candace Avalos,Deian Salazar,Doug Clove,Steph Routh
Noah Ernst,Terrence Hayes,,,,
Timur Ender,Doug Clove,Jamie Dunphy,Joe Furi,Loretta Smith,Candace Avalos
Jamie Dunphy,Candace Avalos,Steph Routh,,,
Jamie Dunphy,Steph Routh,Candace Avalos,,,
Deian Salazar,Candace Avalos,Doug Clove,Loretta Smith,Peggy Sue Owens,David Linn
Joe Allen,Cayle Tern,Michael (Mike) Sands,Loretta Smith,Terrence Hayes,Jamie Dunphy
Candace Avalos,Terrence Hayes,Steph Routh,,,
Steph Routh,Jamie Dunphy,Timur Ender,Terrence Hayes,Doug Clove,Loretta Smith
Noah Ernst,Timur Ender,Jamie Dunphy,Terrence Hayes,,
Candace Avalos,Cayle Tern,Michael (Mike) Sands,David Linn,Jamie Dunphy,Timur Ender
Candace Avalos,Steph Routh,Timur Ender,Cayle Tern,Jamie Dunphy,Loretta Smith
Loretta Smith,Peggy Sue Owens,Noah Ernst,Cayle Tern,Candace Avalos,Deian Salazar
Terrence Hayes,Noah Ernst,Michael (Mike) Sands,,,
Doug Clove,,,,,
Steph Routh,Jamie Dunphy,Terrence Hayes,,,
Candace Avalos,Timur Ender,Loretta Smith,Thomas Shervey,Terrence Hayes,Jamie Dunphy
Jamie Dunphy,Steph Routh,Candace Avalos,,,
Jamie Dunphy,Steph Routh,Timur Ender,Loretta Smith,Terrence Hayes,Michael (Mike) Sands
Candace Avalos,Steph Routh,Jamie Dunphy,Timur Ender,Terrence Hayes,David Linn
Noah Ernst,,,,,
Noah Ernst,Terrence Hayes,Joe Furi,Loretta Smith,Doug Clove,Michael (Mike) Sands
Candace Avalos,Steph Routh,,,,
Terrence Hayes,Joe Furi,Michael (Mike) Sands,Jamie Dunphy,Thomas Shervey,Steph Routh
Noah Ernst,,,,,
Doug Clove,,,,,
Loretta Smith,,,,,
David Linn,Timur Ender,Joe Allen,Doug Clove,Noah Ernst,Michael (Mike) Sands
Timur Ender,Terrence Hayes,David Linn,Doug Clove,Jamie Dunphy,Noah Ernst
Terrence Hayes,Peggy Sue Owens,Timur Ender,Loretta Smith,Michael (Mike) Sands,
Noah Ernst,,,,,
Candace Avalos,Terrence Hayes,Jamie Dunphy,Loretta Smith,Steph Routh,Timur Ender
Joe Furi,Jamie Dunphy,Michael (Mike) Sands,,,
Terrence Hayes,Loretta Smith,Timur Ender,Steph Routh,Jamie Dunphy,Candace Avalos
Jamie Dunphy,,,,,
Loretta Smith,Timur Ender,David Linn,Jamie Dunphy,,
Jamie Dunphy,,,,,
Steph Routh,Jamie Dunphy,David Linn,,,
Timur Ender,Candace Avalos,Michael (Mike) Sands,Deian Salazar,Terrence Hayes,Jamie Dunphy
Deian Salazar,,,,,
Steph Routh,Jamie Dunphy,Candace Avalos,Timur Ender,David Linn,Cayle Tern
Joe Furi,Michael (Mike) Sands,David Linn,Loretta Smith,Steph Routh,
Terrence Hayes,Joe Allen,Peggy Sue Owens,Doug Clove,Michael (Mike) Sands,Jamie Dunphy
Jamie Dunphy,Candace Avalos,Steph Routh,Noah Ernst,David Linn,Loretta Smith
Loretta Smith,Terrence Hayes,Candace Avalos,,,
Steph Routh,Timur Ender,Joe Allen,Terrence Hayes,Cayle Tern,Candace Avalos
Deian Salazar,Terrence Hayes,Loretta Smith,David Linn,Jamie Dunphy,Steph Routh
Candace Avalos,Doug Clove,Thomas Shervey,Michael (Mike) Sands,David Linn,Jamie Dunphy
Jamie Dunphy,Candace Avalos,Steph Routh,Noah Ernst,David Linn,Loretta Smith
Joe Allen,Cayle Tern,Michael (Mike) Sands,Terrence Hayes,Peggy Sue Owens,Candace Avalos
Joe Allen,Joe Furi,Doug Clove,Cayle Tern,Noah Ernst,Deian Salazar
Loretta Smith,Candace Avalos,Doug Clove,Deian Salazar,Terrence Hayes,Jamie Dunphy
Candace Avalos,Steph Routh,Timur Ender,Jamie Dunphy,,
Peggy Sue Owens,David Linn,Doug Clove,Loretta Smith,Thomas Shervey,Jamie Dunphy
Jamie Dunphy,Steph Routh,Candace Avalos,Noah Ernst,Loretta Smith,
Timur Ender,Candace Avalos,Steph Routh,Terrence Hayes,Jamie Dunphy,Loretta Smith
Terrence Hayes,,,,,
Jamie Dunphy,Steph Routh,,,,
Candace Avalos,Cayle Tern,Timur Ender,,,
Write-in-120,Michael (Mike) Sands,Deian Salazar,Thomas Shervey,,
Terrence Hayes,Candace Avalos,Doug Clove,,,
Loretta Smith,Thomas Shervey,Steph Routh,,,
Joe Allen,Candace Avalos,Timur Ender,Deian Salazar,David Linn,Steph Routh
Candace Avalos,Jamie Dunphy,Steph Routh,,,
Terrence Hayes,Noah Ernst,Doug Clove,Deian Salazar,,
Timur Ender,Candace Avalos,Peggy Sue Owens,Joe Furi,,
Deian Salazar,Candace Avalos,,,,
Noah Ernst,Timur Ender,Cayle Tern,Terrence Hayes,,
Timur Ender,,,,,
Noah Ernst,Loretta Smith,,,,
Candace Avalos,Loretta Smith,Terrence Hayes,Steph Routh,,
Candace Avalos,Terrence Hayes,Deian Salazar,Joe Furi,Peggy Sue Owens,David Linn
Candace Avalos,Steph Routh,Timur Ender,Jamie Dunphy,Terrence Hayes,David Linn
Candace Avalos,Jamie Dunphy,Loretta Smith,Terrence Hayes,Noah Ernst,Steph Routh
Steph Routh,Terrence Hayes,Candace Avalos,Doug Clove,Loretta Smith,Noah Ernst
Timur Ender,Steph Routh,Candace Avalos,Jamie Dunphy,Loretta Smith,Joe Furi
,,,,,
Terrence Hayes,,,,,
Timur Ender,Jamie Dunphy,Candace Avalos,Cayle Tern,Steph Routh,Michael (Mike) Sands
Candace Avalos,Steph Routh,Timur Ender,,,
Loretta Smith,Jamie Dunphy,Candace Avalos,Noah Ernst,Timur Ender,
Steph Routh,Candace Avalos,Timur Ender,Jamie Dunphy,Cayle Tern,David Linn
Candace Avalos,Jamie Dunphy,Steph Routh,Timur Ender,Cayle Tern,David Linn
Timur Ender,Steph Routh,Jamie Dunphy,Candace Avalos,,
Terrence Hayes,Loretta Smith,,,,
Terrence Hayes,Loretta Smith,Doug Clove,Joe Allen,Peggy Sue Owens,Jamie Dunphy
Steph Routh,Candace Avalos,Loretta Smith,Jamie Dunphy,Terrence Hayes,David Linn
Terrence Hayes,,,,,
Deian Salazar,Terrence Hayes,,,,
Loretta Smith,Timur Ender,,,,
Jamie Dunphy,Loretta Smith,Candace Avalos,Steph Routh,Terrence Hayes,Timur Ender
Candace Avalos,,,,,
Loretta Smith,Candace Avalos,,,,
Doug Clove,Timur Ender,Noah Ernst,Joe Allen,Cayle Tern,Loretta Smith
Candace Avalos,Timur Ender,Steph Routh,Jamie Dunphy,,
Terrence Hayes,Noah Ernst,Steph Routh,,,
Jamie Dunphy,Steph Routh,Loretta Smith,Candace Avalos,,
Timur Ender,Loretta Smith,David Linn,,,
Candace Avalos,Cayle Tern,Timur Ender,Jamie Dunphy,Steph Routh,David Linn
Doug Clove,,,,,
Doug Clove,Michael (Mike) Sands,,,,
Candace Avalos,Steph Routh,Terrence Hayes,Jamie Dunphy,Loretta Smith,Cayle Tern
Timur Ender,Michael (Mike) Sands,Candace Avalos,Loretta Smith,Jamie Dunphy,
Michael (Mike) Sands,Cayle Tern,,,,
Joe Allen,Terrence Hayes,Noah Ernst,Doug Clove,Jamie Dunphy,Candace Avalos
Jamie Dunphy,Candace Avalos,Steph Routh,,,
Candace Avalos,David Linn,Timur Ender,Jamie Dunphy,Doug Clove,Terrence Hayes
Noah Ernst,Doug Clove,Cayle Tern,Deian Salazar,Steph Routh,Joe Furi
Thomas Shervey,,,,,
Jamie Dunphy,Steph Routh,Timur Ender,,,
Jamie Dunphy,,,,,
Noah Ernst,Michael (Mike) Sands,,,,
Candace Avalos,Steph Routh,Timur Ender,Jamie Dunphy,,
Jamie Dunphy,Loretta Smith,Terrence Hayes,Candace Avalos,Steph Routh,Deian Salazar
Loretta Smith,Terrence Hayes,Candace Avalos,Cayle Tern,Jamie Dunphy,
Candace Avalos,Jamie Dunphy,Timur Ender,,,
Candace Avalos,Timur Ender,Steph Routh,Cayle Tern,Jamie Dunphy,David Linn
Candace Avalos,Timur Ender,Steph Routh,Jamie Dunphy,David Linn,Cayle Tern
Jamie Dunphy,Doug Clove,Timur Ender,Michael (Mike) Sands,Candace Avalos,Steph Routh
Noah Ernst,Loretta Smith,Jamie Dunphy,Timur Ender,Cayle Tern,Candace Avalos
Candace Avalos,Noah Ernst,Loretta Smith,Deian Salazar,Steph Routh,Terrence Hayes
David Linn,Cayle Tern,Jamie Dunphy,Steph Routh,Timur Ender,Candace Avalos
Loretta Smith,Terrence Hayes,Jamie Dunphy,,,
,,,,,
Noah Ernst,,,,,
Jamie Dunphy,Candace Avalos,Steph Routh,,,
Loretta Smith,Terrence Hayes,Michael (Mike) Sands,,,
Candace Avalos,Steph Routh,Terrence Hayes,Thomas Shervey,Loretta Smith,Jamie Dunphy
Steph Routh,David Linn,Thomas Shervey,Jamie Dunphy,Terrence Hayes,Candace Avalos
Candace Avalos,Timur Ender,Steph Routh,Jamie Dunphy,,
Loretta Smith,,,,,
Jamie Dunphy,Steph Routh,Loretta Smith,Terrence Hayes,Candace Avalos,
Candace Avalos,David Linn,Timur Ender,Joe Allen,Michael (Mike) Sands,
Deian Salazar,Cayle Tern,Jamie Dunphy,Thomas Shervey,Candace Avalos,Terrence Hayes
,,,,,
Candace Avalos,,,,,
Noah Ernst,Cayle Tern,Jamie Dunphy,,,
Loretta Smith,Timur Ender,David Linn,Steph Routh,Jamie Dunphy,Noah Ernst
Michael (Mike) Sands,Noah Ernst,David Linn,,,
Timur Ender,Candace Avalos,Loretta Smith,,,
Jamie Dunphy,Steph Routh,Timur Ender,Terrence Hayes,Candace Avalos,Cayle Tern
Deian Salazar,Candace Avalos,Jamie Dunphy,Steph Routh,Loretta Smith,Timur Ender
Doug Clove,Deian Salazar,,,,
Terrence Hayes,Noah Ernst,Doug Clove,,,
Candace Avalos,Steph Routh,Jamie Dunphy,Terrence Hayes,David Linn,Timur Ender
Loretta Smith,,,,,
Michael (Mike) Sands,Terrence Hayes,Peggy Sue Owens,Doug Clove,Noah Ernst,Jamie Dunphy
Loretta Smith,Terrence Hayes,Jamie Dunphy,,,
Timur Ender,David Linn,Doug Clove,Candace Avalos,Joe Allen,Steph Routh
Steph Routh,Timur Ender,Candace Avalos,David Linn,Cayle Tern,Jamie Dunphy
Deian Salazar,Loretta Smith,Jamie Dunphy,,,
Loretta Smith,,,,,
Loretta Smith,,,,,
Candace Avalos,Cayle Tern,Timur Ender,Steph Routh,Jamie Dunphy,
Doug Clove,,,,,
Candace Avalos,Loretta Smith,Joe Allen,Terrence Hayes,Steph Routh,Cayle Tern
Terrence Hayes,Doug Clove,Steph Routh,Loretta Smith,Noah Ernst,David Linn
Noah Ernst,Loretta Smith,,,,
Joe Allen,Peggy Sue Owens,Michael (Mike) Sands,Jamie Dunphy,David Linn,Doug Clove
Timur Ender,Doug Clove,David Linn,Steph Routh,Loretta Smith,Michael (Mike) Sands
Loretta Smith,Terrence Hayes,Steph Routh,Candace Avalos,Joe Allen,Timur Ender
,,,,,
Steph Routh,Terrence Hayes,,,,
David Linn,Doug Clove,Deian Salazar,Steph Routh,Cayle Tern,Joe Furi
Loretta Smith,Doug Clove,Terrence Hayes,Candace Avalos,Timur Ender,Noah Ernst
Noah Ernst,Jamie Dunphy,Steph Routh,,,
Jamie Dunphy,Loretta Smith,Steph Routh,Terrence Hayes,Candace Avalos,
Steph Routh,Candace Avalos,,,,
Steph Routh,Noah Ernst,Jamie Dunphy,Loretta Smith,Candace Avalos,Terrence Hayes
Noah Ernst,Loretta Smith,Terrence Hayes,Joe Allen,Steph Routh,Doug Clove
Steph Routh,Candace Avalos,Cayle Tern,Timur Ender,,
Michael (Mike) Sands,David Linn,Doug Clove,Steph Routh,Noah Ernst,Thomas Shervey
Timur Ender,Joe Allen,Doug Clove,Loretta Smith,Noah Ernst,Candace Avalos
Joe Furi,Peggy Sue Owens,Jamie Dunphy,Thomas Shervey,Joe Allen,Deian Salazar
Candace Avalos,Noah Ernst,Loretta Smith,,,
Steph Routh,Jamie Dunphy,Cayle Tern,Candace Avalos,Noah Ernst,David Linn
Thomas Shervey,Candace Avalos,Steph Routh,,,
Noah Ernst,Candace Avalos,Joe Allen,Thomas Shervey,Peggy Sue Owens,
Cayle Tern,Loretta Smith,Timur Ender,Candace Avalos,Terrence Hayes,Jamie Dunphy
Loretta Smith,Timur Ender,Candace Avalos,,,
Candace Avalos,Loretta Smith,Peggy Sue Owens,Timur Ender,Jamie Dunphy,Steph Routh
Candace Avalos,Steph Routh,Timur Ender,Jamie Dunphy,,
Joe Furi,,,,,
Loretta Smith,,,,,
Loretta Smith,Joe Allen,Michael (Mike) Sands,Jamie Dunphy,Doug Clove,Noah Ernst
Candace Avalos,Steph Routh,Timur Ender,Jamie Dunphy,Loretta Smith,David Linn
Loretta Smith,,,,,
Noah Ernst,Timur Ender,Candace Avalos,Cayle Tern,Thomas Shervey,Terrence Hayes
Timur Ender,Noah Ernst,Joe Allen,Doug Clove,Terrence Hayes,Steph Routh
Candace Avalos,Noah Ernst,Steph Routh,Jamie Dunphy,Loretta Smith,Terrence Hayes
Loretta Smith,Candace Avalos,Cayle Tern,Steph Routh,Jamie Dunphy,Terrence Hayes
Jamie Dunphy,Steph Routh,Thomas Shervey,Noah Ernst,David Linn,Cayle Tern
Cayle Tern,Candace Avalos,David Linn,,,
,,,,,
Steph Routh,Loretta Smith,Timur Ender,Jamie Dunphy,Candace Avalos,David Linn
Loretta Smith,Terrence Hayes,Steph Routh,Jamie Dunphy,Candace Avalos,Timur Ender
Candace Avalos,Steph Routh,Cayle Tern,Timur Ender,David Linn,Noah Ernst
Loretta Smith,Terrence Hayes,,,,
Terrence Hayes,Loretta Smith,Doug Clove,Cayle Tern,Joe Allen,Candace Avalos
Loretta Smith,Jamie Dunphy,Peggy Sue Owens,Thomas Shervey,Candace Avalos,Doug Clove
Timur Ender,Candace Avalos,Doug Clove,Steph Routh,Jamie Dunphy,Terrence Hayes
Noah Ernst,Steph Routh,Cayle Tern,Michael (Mike) Sands,Timur Ender,Deian Salazar
Jamie Dunphy,Timur Ender,Loretta Smith,Terrence Hayes,Steph Routh,
Steph Routh,Candace Avalos,Jamie Dunphy,,,
Noah Ernst,Terrence Hayes,Michael (Mike) Sands,Loretta Smith,Joe Furi,Jamie Dunphy
Steph Routh,,,,,
Jamie Dunphy,,,,,
Steph Routh,Loretta Smith,Doug Clove,Timur Ender,,
Timur Ender,Loretta Smith,Terrence Hayes,,,
Timur Ender,Noah Ernst,Jamie Dunphy,,,
Candace Avalos,Cayle Tern,Timur Ender,Jamie Dunphy,Steph Routh,David Linn
Steph Routh,Timur Ender,Deian Salazar,Terrence Hayes,Cayle Tern,Candace Avalos
Jamie Dunphy,Loretta Smith,Steph Routh,Michael (Mike) Sands,Noah Ernst,Timur Ender
Noah Ernst,Steph Routh,Timur Ender,Candace Avalos,Michael (Mike) Sands,Terrence Hayes
Loretta Smith,Steph Routh,Jamie Dunphy,Deian Salazar,Joe Allen,Doug Clove
Michael (Mike) Sands,Joe Furi,Doug Clove,Joe Allen,David Linn,Peggy Sue Owens
Michael (Mike) Sands,Jamie Dunphy,,,,
Timur Ender,,,,,
Terrence Hayes,Candace Avalos,Timur Ender,Steph Routh,Deian Salazar,
Terrence Hayes,David Linn,Jamie Dunphy,Steph Routh,,
Candace Avalos,Timur Ender,Noah Ernst,Terrence Hayes,Loretta Smith,
Jamie Dunphy,Steph Routh,Candace Avalos,Timur Ender,Cayle Tern,David Linn
Doug Clove,,,,,
Terrence Hayes,,,,,
Doug Clove,Jamie Dunphy,Thomas Shervey,David Linn,Steph Routh,Cayle Tern
Michael (Mike) Sands,,,,,
Jamie Dunphy,Joe Allen,Loretta Smith,Terrence Hayes,David Linn,Noah Ernst
Thomas Shervey,Jamie Dunphy,Terrence Hayes,Timur Ender,Candace Avalos,Steph Routh
Jamie Dunphy,,,,,
Doug Clove,Noah Ernst,,,,
Candace Avalos,Jamie Dunphy,Steph Routh,Timur Ender,,
Terrence Hayes,Loretta Smith,Joe Allen,,,
Peggy Sue Owens,,,,,
Timur Ender,Candace Avalos,Steph Routh,Jamie Dunphy,,
Candace Avalos,Terrence Hayes,Jamie Dunphy,Timur Ender,Steph Routh,
Loretta Smith,,,,,
Jamie Dunphy,Candace Avalos,Steph Routh,,,
Noah Ernst,Doug Clove,Deian Salazar,Joe Furi,Candace Avalos,Joe Allen
Timur Ender,Candace Avalos,Loretta Smith,Terrence Hayes,,
Jamie Dunphy,Candace Avalos,Steph Routh,Noah Ernst,David Linn,Loretta Smith
Candace Avalos,Timur Ender,Steph Routh,Cayle Tern,Jamie Dunphy,David Linn
Cayle Tern,,,,,
Candace Avalos,Timur Ender,Jamie Dunphy,Steph Routh,,
Timur Ender,Steph Routh,Jamie Dunphy,Candace Avalos,Cayle Tern,David Linn
Timur Ender,David Linn,Deian Salazar,Loretta Smith,Terrence Hayes,Jamie Dunphy
Loretta Smith,Steph Routh,Jamie Dunphy,Timur Ender,Terrence Hayes,Candace Avalos
,,,,,
Steph Routh,Peggy Sue Owens,Cayle Tern,Loretta Smith,Candace Avalos,Joe Furi
Peggy Sue Owens,Candace Avalos,Loretta Smith,Jamie Dunphy,Cayle Tern,Joe Furi
David Linn,Terrence Hayes,Deian Salazar,Steph Routh,Jamie Dunphy,Peggy Sue Owens
Joe Allen,David Linn,Terrence Hayes,Cayle Tern,Joe Furi,
Peggy Sue Owens,Candace Avalos,Cayle Tern,Loretta Smith,Jamie Dunphy,
Jamie Dunphy,,,,,
Timur Ender,Steph Routh,Candace Avalos,,,
Steph Routh,,,,,
Noah Ernst,Doug Clove,,,,
Jamie Dunphy,,,,,
Loretta Smith,,,,,
Candace Avalos,Jamie Dunphy,Steph Routh,Timur Ender,Loretta Smith,
Candace Avalos,Cayle Tern,Timur Ender,,,
Jamie Dunphy,Candace Avalos,Steph Routh,Noah Ernst,David Linn,Loretta Smith
Terrence Hayes,Loretta Smith,Doug Clove,David Linn,Peggy Sue Owens,Joe Allen
Steph Routh,Loretta Smith,Candace Avalos,Cayle Tern,Deian Salazar,Terrence Hayes
Candace Avalos,Jamie Dunphy,Steph Routh,Michael (Mike) Sands,Timur Ender,Doug Clove
Joe Allen,,,,,
Candace Avalos,Doug Clove,,,,
Candace Avalos,Cayle Tern,Timur Ender,,,
Loretta Smith,Terrence Hayes,Candace Avalos,Deian Salazar,Thomas Shervey,Joe Furi
Terrence Hayes,,,,,
Noah Ernst,Terrence Hayes,Loretta Smith,Michael (Mike) Sands,Thomas Shervey,Deian Salazar
Steph Routh,Jamie Dunphy,Timur Ender,Candace Avalos,Peggy Sue Owens,
Michael (Mike) Sands,Doug Clove,Jamie Dunphy,Steph Routh,Joe Allen,Timur Ender
Jamie Dunphy,,,,,
Noah Ernst,Terrence Hayes,Michael (Mike) Sands,Joe Allen,Doug Clove,Joe Furi
Candace Avalos,Loretta Smith,Jamie Dunphy,Steph Routh,Terrence Hayes,Cayle Tern
Terrence Hayes,Jamie Dunphy,Joe Allen,Noah Ernst,Doug Clove,Timur Ender
Timur Ender,Joe Allen,Doug Clove,Michael (Mike) Sands,Loretta Smith,Terrence Hayes
Timur Ender,Deian Salazar,Terrence Hayes,Joe Allen,Steph Routh,Jamie Dunphy
Noah Ernst,Doug Clove,Terrence Hayes,,,
Thomas Shervey,Jamie Dunphy,Michael (Mike) Sands,David Linn,Doug Clove,Noah Ernst
Terrence Hayes,David Linn,Joe Allen,Michael (Mike) Sands,Thomas Shervey,Doug Clove
David Linn,Steph Routh,Candace Avalos,Jamie Dunphy,Noah Ernst,Loretta Smith
Deian Salazar,,,,,
Loretta Smith,Joe Allen,Cayle Tern,Terrence Hayes,Jamie Dunphy,Michael (Mike) Sands
Timur Ender,Candace Avalos,Steph Routh,Jamie Dunphy,,
Jamie Dunphy,Terrence Hayes,Loretta Smith,,,
Timur Ender,Thomas Shervey,Steph Routh,,,
,,,,,
Joe Furi,Michael (Mike) Sands,Terrence Hayes,Cayle Tern,Loretta Smith,Joe Allen
Steph Routh,Michael (Mike) Sands,Jamie Dunphy,Timur Ender,Candace Avalos,
Loretta Smith,Michael (Mike) Sands,Terrence Hayes,Steph Routh,Timur Ender,Jamie Dunphy
Candace Avalos,Cayle Tern,Timur Ender,Peggy Sue Owens,,
Loretta Smith,Timur Ender,Joe Allen,Doug Clove,Terrence Hayes,Jamie Dunphy
Jamie Dunphy,Steph Routh,Loretta Smith,Terrence Hayes,Michael (Mike) Sands,David Linn
Noah Ernst,Loretta Smith,,,,
Steph Routh,Candace Avalos,Timur Ender,Jamie Dunphy,,
Noah Ernst,Loretta Smith,Terrence Hayes,Timur Ender,Candace Avalos,Steph Routh
Michael (Mike) Sands,Noah Ernst,Steph Routh,,,
Noah Ernst,Terrence Hayes,Loretta Smith,,,
Loretta Smith,Candace Avalos,David Linn,Steph Routh,Timur Ender,Jamie Dunphy
Noah Ernst,Doug Clove,Joe Allen,Timur Ender,Thomas Shervey,Terrence Hayes
,,,,,
Timur Ender,Terrence Hayes,David Linn,Cayle Tern,Steph Routh,Deian Salazar
Loretta Smith,Jamie Dunphy,Joe Allen,,,
Noah Ernst,Terrence Hayes,Doug Clove,Loretta Smith,David Linn,Timur Ender
Noah Ernst,Loretta Smith,Joe Allen,,,
Thomas Shervey,Terrence Hayes,Peggy Sue Owens,Michael (Mike) Sands,Candace Avalos,Jamie Dunphy
Candace Avalos,Timur Ender,Jamie Dunphy,Steph Routh,Cayle Tern,Michael (Mike) Sands
Terrence Hayes,Loretta Smith,Doug Clove,,,
Steph Routh,Loretta Smith,Candace Avalos,Jamie Dunphy,Cayle Tern,Peggy Sue Owens
David Linn,Loretta Smith,Steph Routh,Michael (Mike) Sands,Candace Avalos,Timur Ender
Candace Avalos,Thomas Shervey,Jamie Dunphy,Loretta Smith,Steph Routh,Terrence Hayes
Noah Ernst,Doug Clove,David Linn,Joe Furi,Thomas Shervey,
Jamie Dunphy,Steph Routh,Timur Ender,Joe Furi,David Linn,
Terrence Hayes,Loretta Smith,Candace Avalos,,,
Noah Ernst,Steph Routh,Loretta Smith,Peggy Sue Owens,Thomas Shervey,
Loretta Smith,Deian Salazar,Terrence Hayes,,,
Timur Ender,Candace Avalos,,,,
Timur Ender,Candace Avalos,Steph Routh,Thomas Shervey,Deian Salazar,Michael (Mike) Sands
Noah Ernst,David Linn,,,,
Terrence Hayes,Noah Ernst,Candace Avalos,Deian Salazar,Michael (Mike) Sands,Loretta Smith
Loretta Smith,Terrence Hayes,Noah Ernst,Michael (Mike) Sands,Joe Furi,Timur Ender
Steph Routh,Candace Avalos,Jamie Dunphy,Timur Ender,Joe Allen,Cayle Tern
Steph Routh,Jamie Dunphy,Timur Ender,,,
Loretta Smith,Jamie Dunphy,Terrence Hayes,,,
Loretta Smith,Candace Avalos,Cayle Tern,Michael (Mike) Sands,Terrence Hayes,
Noah Ernst,Loretta Smith,Terrence Hayes,Steph Routh,Jamie Dunphy,Doug Clove
Noah Ernst,Terrence Hayes,Jamie Dunphy,,,
Loretta Smith,Jamie Dunphy,Timur Ender,Cayle Tern,,
Timur Ender,Thomas Shervey,Candace Avalos,,,
Loretta Smith,,,,,
Loretta Smith,,,,,
Candace Avalos,Loretta Smith,Terrence Hayes,Cayle Tern,Timur Ender,Steph Routh
Candace Avalos,Jamie Dunphy,Timur Ender,Steph Routh,,
Timur Ender,Joe Allen,Steph Routh,Jamie Dunphy,Thomas Shervey,Loretta Smith
Loretta Smith,Terrence Hayes,Jamie Dunphy,Doug Clove,,
Noah Ernst,Terrence Hayes,Joe Furi,Loretta Smith,Doug Clove,
Timur Ender,Joe Allen,Loretta Smith,Steph Routh,Jamie Dunphy,Candace Avalos
Joe Furi,,,,,
Jamie Dunphy,Candace Avalos,Steph Routh,,,
Loretta Smith,,,,,
Joe Allen,Thomas Shervey,David Linn,Loretta Smith,Candace Avalos,Jamie Dunphy
Noah Ernst,Cayle Tern,Joe Allen,,,
Candace Avalos,Steph Routh,Jamie Dunphy,Cayle Tern,Timur Ender,Joe Furi
Peggy Sue Owens,Candace Avalos,Loretta Smith,,,
Terrence Hayes,Loretta Smith,,,,
,,,,,
Noah Ernst,Doug Clove,Michael (Mike) Sands,Jamie Dunphy,Joe Furi,Terrence Hayes
Timur Ender,Loretta Smith,Doug Clove,Joe Furi,Michael (Mike) Sands,
Loretta Smith,Steph Routh,Candace Avalos,Cayle Tern,Timur Ender,Noah Ernst
Noah Ernst,David Linn,Doug Clove,Joe Furi,Michael (Mike) Sands,Loretta Smith
Timur Ender,Candace Avalos,David Linn,Cayle Tern,Loretta Smith,Terrence Hayes
Steph Routh,Timur Ender,Candace Avalos,Jamie Dunphy,Cayle Tern,
Jamie Dunphy,Candace Avalos,Cayle Tern,Steph Routh,Timur Ender,Noah Ernst
Jamie Dunphy,Michael (Mike) Sands,David Linn,Joe Allen,Doug Clove,Loretta Smith
Joe Allen,David Linn,Cayle Tern,Doug Clove,Joe Furi,Michael (Mike) Sands
Loretta Smith,Steph Routh,Terrence Hayes,Jamie Dunphy,Cayle Tern,David Linn
Jamie Dunphy,Candace Avalos,Steph Routh,,,
Candace Avalos,Peggy Sue Owens,Timur Ender,Noah Ernst,Joe Allen,Deian Salazar
Loretta Smith,Noah Ernst,Peggy Sue Owens,Candace Avalos,Doug Clove,David Linn
Timur Ender,Steph Routh,Candace Avalos,,,
Jamie Dunphy,Loretta Smith,Candace Avalos,Timur Ender,Steph Routh,Noah Ernst
Thomas Shervey,Joe Allen,Joe Furi,,,
Timur Ender,Noah Ernst,Michael (Mike) Sands,Cayle Tern,,
Deian Salazar,,,,,
Jamie Dunphy,Candace Avalos,Steph Routh,Timur Ender,David Linn,Terrence Hayes
Loretta Smith,Steph Routh,Candace Avalos,Jamie Dunphy,,
Jamie Dunphy,Steph Routh,Timur Ender,Candace Avalos,Cayle Tern,Terrence Hayes
Doug Clove,Cayle Tern,Joe Allen,Peggy Sue Owens,Noah Ernst,Timur Ender
Noah Ernst,Steph Routh,Jamie Dunphy,,,
Steph Routh,Jamie Dunphy,Timur Ender,Candace Avalos,Terrence Hayes,Deian Salazar
Jamie Dunphy,Steph Routh,Timur Ender,,,
Jamie Dunphy,Steph Routh,Candace Avalos,,,
Noah Ernst,,,,,
Terrence Hayes,Loretta Smith,Deian Salazar,Joe Allen,Peggy Sue Owens,David Linn
Candace Avalos,Steph Routh,Terrence Hayes,Cayle Tern,Timur Ender,
Noah Ernst,Joe Allen,Doug Clove,Michael (Mike) Sands,Steph Routh,Peggy Sue Owens
Noah Ernst,Joe Allen,,,,
Terrence Hayes,,,,,
Steph Routh,David Linn,Candace Avalos,Michael (Mike) Sands,Cayle Tern,Noah Ernst
Loretta Smith,Noah Ernst,,,,
,,,,,
Candace Avalos,Peggy Sue Owens,Timur Ender,Joe Allen,Joe Furi,Loretta Smith
Terrence Hayes,Candace Avalos,,,,
Candace Avalos,Jamie Dunphy,Timur Ender,Terrence Hayes,David Linn,
Timur Ender,,,,,
Loretta Smith,Terrence Hayes,Noah Ernst,Candace Avalos,,
Noah Ernst,,,,,
Steph Routh,Timur Ender,Terrence Hayes,,,
Timur Ender,Doug Clove,Jamie Dunphy,David Linn,Steph Routh,Candace Avalos
Jamie Dunphy,Timur Ender,Loretta Smith,,,
Terrence Hayes,Loretta Smith,Noah Ernst,Deian Salazar,,
Joe Allen,Noah Ernst,Michael (Mike) Sands,Loretta Smith,,
Deian Salazar,Doug Clove,Noah Ernst,Joe Allen,Michael (Mike) Sands,Terrence Hayes
Candace Avalos,Timur Ender,Steph Routh,Jamie Dunphy,Cayle Tern,Joe Allen
Jamie Dunphy,Candace Avalos,Steph Routh,Noah Ernst,David Linn,Loretta Smith
Candace Avalos,Timur Ender,Steph Routh,Jamie Dunphy,,
Jamie Dunphy,Candace Avalos,Steph Routh,Timur Ender,,
Loretta Smith,Steph Routh,Jamie Dunphy,Terrence Hayes,Timur Ender,Candace Avalos
Doug Clove,,,,,
Candace Avalos,Cayle Tern,Timur Ender,,,
Jamie Dunphy,Steph Routh,Candace Avalos,Terrence Hayes,,
Terrence Hayes,,,,,
Jamie Dunphy,David Linn,Peggy Sue Owens,Noah Ernst,Loretta Smith,Steph Routh
Jamie Dunphy,Loretta Smith,Steph Routh,Timur Ender,,
Candace Avalos,Steph Routh,Terrence Hayes,Timur Ender,Jamie Dunphy,
Candace Avalos,Steph Routh,Cayle Tern,Terrence Hayes,Timur Ender,
Loretta Smith,Terrence Hayes,Candace Avalos,Timur Ender,Steph Routh,Jamie Dunphy
Terrence Hayes,Candace Avalos,Loretta Smith,Thomas Shervey,Jamie Dunphy,Joe Furi
Terrence Hayes,Peggy Sue Owens,Candace Avalos,Joe Furi,Deian Salazar,Jamie Dunphy
Candace Avalos,Timur Ender,Steph Routh,David Linn,Write-in-120,Michael (Mike) Sands
Candace Avalos,Steph Routh,Timur Ender,,,
Noah Ernst,Doug Clove,Terrence Hayes,Steph Routh,Jamie Dunphy,Thomas Shervey
Timur Ender,Loretta Smith,Terrence Hayes,,,
Terrence Hayes,Candace Avalos,Loretta Smith,Steph Routh,,
Noah Ernst,Timur Ender,,,,
Jamie Dunphy,Candace Avalos,Steph Routh,,,
Noah Ernst,Loretta Smith,Doug Clove,Joe Allen,Joe Furi,Terrence Hayes
Steph Routh,Timur Ender,Cayle Tern,Loretta Smith,,
Loretta Smith,Deian Salazar,Terrence Hayes,Peggy Sue Owens,Thomas Shervey,
Timur Ender,Terrence Hayes,Noah Ernst,Candace Avalos,Steph Routh,Deian Salazar
Jamie Dunphy,Loretta Smith,Candace Avalos,,,
Steph Routh,Candace Avalos,Timur Ender,Jamie Dunphy,,
Jamie Dunphy,Joe Allen,Noah Ernst,David Linn,,
Timur Ender,Candace Avalos,Steph Routh,Thomas Shervey,Deian Salazar,Michael (Mike) Sands
Timur Ender,Joe Allen,Jamie Dunphy,,,
Candace Avalos,Cayle Tern,Steph Routh,Michael (Mike) Sands,Timur Ender,David Linn
Terrence Hayes,Timur Ender,Loretta Smith,Cayle Tern,,
Timur Ender,David Linn,Doug Clove,Steph Routh,Loretta Smith,Candace Avalos
Candace Avalos,,,,,
,,,,,
,,,,,
Candace Avalos,Timur Ender,Michael (Mike) Sands,David Linn,Cayle Tern,Loretta Smith
Steph Routh,Candace Avalos,Jamie Dunphy,Timur Ender,Cayle Tern,
Joe Allen,Joe Furi,Candace Avalos,Thomas Shervey,Jamie Dunphy,
Jamie Dunphy,,,,,
Candace Avalos,,,,,
Candace Avalos,Timur Ender,Steph Routh,,,
Candace Avalos,Timur Ender,Loretta Smith,Terrence Hayes,Cayle Tern,Steph Routh
Steph Routh,Candace Avalos,Timur Ender,,,
Loretta Smith,Candace Avalos,Peggy Sue Owens,Jamie Dunphy,,
Candace Avalos,Steph Routh,Timur Ender,Cayle Tern,,
Steph Routh,Candace Avalos,Jamie Dunphy,Loretta Smith,,
Noah Ernst,Timur Ender,Terrence Hayes,Steph Routh,Loretta Smith,
Jamie Dunphy,Loretta Smith,Timur Ender,Steph Routh,Terrence Hayes,Doug Clove
Noah Ernst,Doug Clove,Thomas Shervey,Michael (Mike) Sands,,
Timur Ender,Joe Allen,Candace Avalos,Cayle Tern,David Linn,Steph Routh
Steph Routh,Timur Ender,Jamie Dunphy,Candace Avalos,,
Timur Ender,,,,,
Candace Avalos,Cayle Tern,Timur Ender,,,
Candace Avalos,Jamie Dunphy,Timur Ender,,,
Timur Ender,,,,,
Candace Avalos,Timur Ender,Steph Routh,Jamie Dunphy,Cayle Tern,Loretta Smith
Steph Routh,Jamie Dunphy,Timur Ender,Noah Ernst,,
Doug Clove,Terrence Hayes,Loretta Smith,,,
Jamie Dunphy,,,,,
Thomas Shervey,Terrence Hayes,Steph Routh,,,
Jamie Dunphy,Timur Ender,Peggy Sue Owens,,,
Candace Avalos,Cayle Tern,Noah Ernst,Deian Salazar,Timur Ender,Loretta Smith
Jamie Dunphy,Candace Avalos,Steph Routh,,,
Candace Avalos,Deian Salazar,,,,
Jamie Dunphy,Steph Routh,Timur Ender,,,
Peggy Sue Owens,Candace Avalos,Cayle Tern,Deian Salazar,Jamie Dunphy,Joe Furi
Candace Avalos,Terrence Hayes,Steph Routh,Jamie Dunphy,Cayle Tern,Timur Ender
Terrence Hayes,Steph Routh,Jamie Dunphy,,,
Terrence Hayes,Steph Routh,Michael (Mike) Sands,Timur Ender,Loretta Smith,Deian Salazar
Candace Avalos,Joe Allen,Cayle Tern,Doug Clove,Michael (Mike) Sands,Deian Salazar
Loretta Smith,,,,,
Joe Allen,Cayle Tern,Joe Furi,David Linn,Timur Ender,Thomas Shervey
Jamie Dunphy,,,,,
Steph Routh,Peggy Sue Owens,Candace Avalos,Loretta Smith,Cayle Tern,Jamie Dunphy
Terrence Hayes,,,,,
Peggy Sue Owens,Loretta Smith,David Linn,Joe Furi,Terrence Hayes,
Doug Clove,,,,,
Joe Allen,Doug Clove,Loretta Smith,Cayle Tern,Steph Routh,Timur Ender
Doug Clove,Joe Furi,Deian Salazar,Loretta Smith,Thomas Shervey,Terrence Hayes
Loretta Smith,,,,,
Terrence Hayes,,,,,
Steph Routh,Candace Avalos,Timur Ender,Terrence Hayes,Loretta Smith,
Jamie Dunphy,Candace Avalos,Steph Routh,Noah Ernst,David Linn,Loretta Smith
Terrence Hayes,Steph Routh,Jamie Dunphy,,,
Joe Allen,Doug Clove,Deian Salazar,Noah Ernst,Steph Routh,Jamie Dunphy
Terrence Hayes,Noah Ernst,Jamie Dunphy,,,
David Linn,Candace Avalos,Cayle Tern,,,
Noah Ernst,Terrence Hayes,Joe Furi,Loretta Smith,Doug Clove,
Candace Avalos,Timur Ender,Steph Routh,Jamie Dunphy,Cayle Tern,David Linn
Steph Routh,Terrence Hayes,Jamie Dunphy,Loretta Smith,Michael (Mike) Sands,Cayle Tern
Terrence Hayes,,,,,
Steph Routh,Candace Avalos,Timur Ender,Jamie Dunphy,,
Doug Clove,Loretta Smith,,,,
Doug Clove,Joe Furi,Michael (Mike) Sands,Terrence Hayes,Steph Routh,Candace Avalos
Loretta Smith,Candace Avalos,Steph Routh,Terrence Hayes,David Linn,
Michael (Mike) Sands,Joe Furi,Jamie Dunphy,Joe Allen,Cayle Tern,Thomas Shervey
Candace Avalos,Timur Ender,Steph Routh,Jamie Dunphy,Cayle Tern,David Linn
Timur Ender,David Linn,Doug Clove,Steph Routh,Thomas Shervey,Terrence Hayes
Doug Clove,Michael (Mike) Sands,Terrence Hayes,Joe Furi,Steph Routh,Jamie Dunphy
Peggy Sue Owens,Candace Avalos,Loretta Smith,,,
Thomas Shervey,Joe Furi,Candace Avalos,Cayle Tern,Jamie Dunphy,Joe Allen
Michael (Mike) Sands,Timur Ender,Loretta Smith,Terrence Hayes,Candace Avalos,Noah Ernst
Jamie Dunphy,Candace Avalos,Steph Routh,,,
Steph Routh,Terrence Hayes,Jamie Dunphy,Loretta Smith,,
Candace Avalos,Timur Ender,Steph Routh,Jamie Dunphy,Cayle Tern,David Linn
Steph Routh,Loretta Smith,Candace Avalos,Terrence Hayes,Jamie Dunphy,Cayle Tern
Noah Ernst,Joe Furi,Loretta Smith,Terrence Hayes,Jamie Dunphy,Candace Avalos
Cayle Tern,Steph Routh,Thomas Shervey,Loretta Smith,Terrence Hayes,Doug Clove
Peggy Sue Owens,Timur Ender,Noah Ernst,Candace Avalos,Joe Allen,David Linn
Jamie Dunphy,Steph Routh,,,,
Jamie Dunphy,Timur Ender,Steph Routh,Terrence Hayes,Michael (Mike) Sands,Noah Ernst
Jamie Dunphy,David Linn,Timur Ender,Candace Avalos,Steph Routh,Loretta Smith
Candace Avalos,David Linn,Loretta Smith,Jamie Dunphy,,
Doug Clove,Timur Ender,Terrence Hayes,Loretta Smith,Candace Avalos,Steph Routh
Noah Ernst,Terrence Hayes,Steph Routh,Loretta Smith,Deian Salazar,Candace Avalos
Candace Avalos,Steph Routh,Timur Ender,Jamie Dunphy,David Linn,Doug Clove
Candace Avalos,Steph Routh,Timur Ender,Jamie Dunphy,,
Jamie Dunphy,,,,,
Noah Ernst,Loretta Smith,Terrence Hayes,,,
Noah Ernst,Terrence Hayes,Doug Clove,David Linn,Joe Furi,Candace Avalos
Noah Ernst,Michael (Mike) Sands,David Linn,Thomas Shervey,Terrence Hayes,Peggy Sue Owens
Write-in-120,Write-in-121,Write-in-122,,,
Loretta Smith,Noah Ernst,Peggy Sue Owens,Michael (Mike) Sands,Candace Avalos,Joe Allen
Noah Ernst,Terrence Hayes,,,,
Joe Allen,,,,,
David Linn,Doug Clove,Michael (Mike) Sands,Thomas Shervey,Joe Furi,Joe Allen
Noah Ernst,David Linn,Loretta Smith,,,
Doug Clove,David Linn,Noah Ernst,,,
Michael (Mike) Sands,,,,,
Timur Ender,,,,,
Cayle Tern,Noah Ernst,Terrence Hayes,Loretta Smith,Michael (Mike) Sands,Steph Routh
Jamie Dunphy,Write-in-120,Write-in-121,,,
Loretta Smith,,,,,
Loretta Smith,Terrence Hayes,Candace Avalos,Steph Routh,Thomas Shervey,David Linn
Noah Ernst,Terrence Hayes,,,,
Peggy Sue Owens,Loretta Smith,,,,
Terrence Hayes,Thomas Shervey,David Linn,Michael (Mike) Sands,,
Terrence Hayes,Candace Avalos,Deian Salazar,Loretta Smith,David Linn,Steph Routh
Candace Avalos,Timur Ender,Steph Routh,Jamie Dunphy,Loretta Smith,Cayle Tern
Doug Clove,,,,,
Doug Clove,Thomas Shervey,Loretta Smith,,,
Jamie Dunphy,Candace Avalos,Steph Routh,Noah Ernst,David Linn,Loretta Smith
Jamie Dunphy,,,,,
Loretta Smith,Jamie Dunphy,Terrence Hayes,Cayle Tern,Deian Salazar,Candace Avalos
Cayle Tern,Terrence Hayes,,,,
Steph Routh,Timur Ender,Jamie Dunphy,Joe Allen,Doug Clove,Michael (Mike) Sands
Candace Avalos,Cayle Tern,Terrence Hayes,Loretta Smith,Timur Ender,
Michael (Mike) Sands,,,,,
Loretta Smith,Candace Avalos,Steph Routh,David Linn,Timur Ender,Terrence Hayes
Jamie Dunphy,David Linn,Doug Clove,Michael (Mike) Sands,,
Timur Ender,Steph Routh,Jamie Dunphy,Noah Ernst,,
Jamie Dunphy,David Linn,,,,
Write-in-120,Candace Avalos,Steph Routh,Jamie Dunphy,Terrence Hayes,
Cayle Tern,Candace Avalos,David Linn,Terrence Hayes,Loretta Smith,
Jamie Dunphy,Joe Allen,Timur Ender,,,
Steph Routh,Noah Ernst,,,,
Loretta Smith,Terrence Hayes,Candace Avalos,Peggy Sue Owens,,
Noah Ernst,,,,,
Michael (Mike) Sands,Thomas Shervey,,,,
Steph Routh,Terrence Hayes,Jamie Dunphy,Timur Ender,Deian Salazar,Cayle Tern
Candace Avalos,Michael (Mike) Sands,,,,
Noah Ernst,Cayle Tern,Joe Furi,Loretta Smith,Jamie Dunphy,Terrence Hayes
Candace Avalos,Timur Ender,Steph Routh,Jamie Dunphy,Cayle Tern,David Linn
Doug Clove,Joe Furi,Loretta Smith,Terrence Hayes,Jamie Dunphy,Steph Routh
Candace Avalos,Loretta Smith,Terrence Hayes,,,
Candace Avalos,Jamie Dunphy,Steph Routh,,,
Michael (Mike) Sands,,,,,
David Linn,Cayle Tern,Timur Ender,,,
Candace Avalos,Terrence Hayes,Joe Furi,Loretta Smith,Cayle Tern,
Loretta Smith,Steph Routh,Terrence Hayes,,,
Steph Routh,Loretta Smith,,,,
Jamie Dunphy,Cayle Tern,David Linn,Candace Avalos,Timur Ender,Steph Routh
Loretta Smith,Candace Avalos,Terrence Hayes,,,
Doug Clove,Noah Ernst,Michael (Mike) Sands,Terrence Hayes,Steph Routh,Joe Furi
Doug Clove,Jamie Dunphy,Timur Ender,Noah Ernst,David Linn,Michael (Mike) Sands
Loretta Smith,Terrence Hayes,Noah Ernst,Steph Routh,Timur Ender,
David Linn,Michael (Mike) Sands,Noah Ernst,Peggy Sue Owens,Loretta Smith,Jamie Dunphy
Candace Avalos,Thomas Shervey,,,,
Jamie Dunphy,Candace Avalos,Steph Routh,,,
Steph Routh,Doug Clove,David Linn,Loretta Smith,Timur Ender,Thomas Shervey
Steph Routh,Candace Avalos,David Linn,Loretta Smith,Terrence Hayes,Jamie Dunphy
Candace Avalos,Write-in-120,Steph Routh,,,
Doug Clove,Terrence Hayes,Steph Routh,Noah Ernst,Thomas Shervey,Candace Avalos
Peggy Sue Owens,Michael (Mike) Sands,Thomas Shervey,,,
Timur Ender,Loretta Smith,Candace Avalos,Joe Allen,Terrence Hayes,Steph Routh
Jamie Dunphy,Steph Routh,Candace Avalos,David Linn,Noah Ernst,
Steph Routh,Timur Ender,Candace Avalos,Loretta Smith,Jamie Dunphy,Doug Clove
Steph Routh,Timur Ender,Candace Avalos,Jamie Dunphy,Terrence Hayes,Doug Clove
Terrence Hayes,Loretta Smith,Timur Ender,Candace Avalos,Deian Salazar,Jamie Dunphy
Loretta Smith,Michael (Mike) Sands,Peggy Sue Owens,David Linn,Joe Furi,Joe Allen
Thomas Shervey,Terrence Hayes,Steph Routh,,,
Loretta Smith,Cayle Tern,Jamie Dunphy,Candace Avalos,Terrence Hayes,Noah Ernst
Steph Routh,Jamie Dunphy,Candace Avalos,,,
Terrence Hayes,Loretta Smith,Deian Salazar,Michael (Mike) Sands,Candace Avalos,Cayle Tern
Doug Clove,Timur Ender,,,,
Timur Ender,Candace Avalos,Steph Routh,Jamie Dunphy,Cayle Tern,David Linn
Steph Routh,Loretta Smith,Terrence Hayes,Noah Ernst,Deian Salazar,Joe Furi
Noah Ernst,Peggy Sue Owens,Doug Clove,,,
Candace Avalos,Loretta Smith,Cayle Tern,Doug Clove,Deian Salazar,Michael (Mike) Sands
Loretta Smith,Terrence Hayes,,,,
Jamie Dunphy,Timur Ender,Terrence Hayes,Michael (Mike) Sands,Loretta Smith,
Steph Routh,Terrence Hayes,,,,
Timur Ender,David Linn,Steph Routh,,,
Michael (Mike) Sands,Cayle Tern,Candace Avalos,Peggy Sue Owens,,
Doug Clove,,,,,
Loretta Smith,Noah Ernst,,,,
Michael (Mike) Sands,Doug Clove,Noah Ernst,,,
Candace Avalos,Cayle Tern,Timur Ender,,,
Joe Furi,,,,,
Candace Avalos,Michael (Mike) Sands,Terrence Hayes,,,
Candace Avalos,Loretta Smith,,,,
Loretta Smith,Timur Ender,Candace Avalos,David Linn,Steph Routh,Cayle Tern
Doug Clove,Joe Allen,Thomas Shervey,Steph Routh,Timur Ender,Deian Salazar
Peggy Sue Owens,Timur Ender,Noah Ernst,Candace Avalos,Joe Allen,David Linn
Terrence Hayes,,,,,
Candace Avalos,Cayle Tern,Timur Ender,Steph Routh,Jamie Dunphy,David Linn
Jamie Dunphy,,,,,
Timur Ender,Candace Avalos,Cayle Tern,,,
Joe Allen,David Linn,Doug Clove,Joe Furi,Michael (Mike) Sands,Thomas Shervey
Noah Ernst,Terrence Hayes,Loretta Smith,Candace Avalos,,
Noah Ernst,Steph Routh,Candace Avalos,,,
Timur Ender,,,,,
Cayle Tern,Candace Avalos,Loretta Smith,Terrence Hayes,Steph Routh,Doug Clove
Deian Salazar,Cayle Tern,Terrence Hayes,,,
Terrence Hayes,Noah Ernst,Candace Avalos,Loretta Smith,Jamie Dunphy,Steph Routh
Joe Allen,,,,,
Peggy Sue Owens,Candace Avalos,Loretta Smith,,,
,,,,,
Loretta Smith,Cayle Tern,Deian Salazar,Joe Furi,Candace Avalos,
Candace Avalos,Terrence Hayes,Steph Routh,Jamie Dunphy,Loretta Smith,Timur Ender
Candace Avalos,Joe Furi,Timur Ender,Noah Ernst,Doug Clove,Michael (Mike) Sands
Timur Ender,Jamie Dunphy,,,,
Terrence Hayes,Loretta Smith,David Linn,Cayle Tern,Steph Routh,
Noah Ernst,,,,,
David Linn,Michael (Mike) Sands,Loretta Smith,Thomas Shervey,Joe Allen,Terrence Hayes
David Linn,Timur Ender,Doug Clove,Joe Furi,Terrence Hayes,Noah Ernst
Terrence Hayes,,,,,
Noah Ernst,Doug Clove,Joe Furi,Deian Salazar,Jamie Dunphy,Loretta Smith
Loretta Smith,Deian Salazar,Joe Allen,,,
Noah Ernst,Terrence Hayes,Loretta Smith,,,
Timur Ender,Steph Routh,Candace Avalos,David Linn,Jamie Dunphy,Cayle Tern
Terrence Hayes,,,,,
David Linn,Noah Ernst,Doug Clove,,,
Doug Clove,Deian Salazar,Loretta Smith,Terrence Hayes,Steph Routh,Michael (Mike) Sands
Noah Ernst,Jamie Dunphy,Terrence Hayes,,,
Terrence Hayes,,,,,
Steph Routh,Candace Avalos,Jamie Dunphy,Loretta Smith,Terrence Hayes,
Joe Allen,Cayle Tern,Noah Ernst,Michael (Mike) Sands,Timur Ender,Steph Routh
Joe Furi,Deian Salazar,Loretta Smith,Noah Ernst,Doug Clove,Candace Avalos
Timur Ender,Terrence Hayes,Loretta Smith,Steph Routh,David Linn,Jamie Dunphy
Candace Avalos,Timur Ender,Michael (Mike) Sands,Cayle Tern,Loretta Smith,
Joe Allen,Noah Ernst,Steph Routh,Loretta Smith,Cayle Tern,David Linn
Joe Furi,Doug Clove,Noah Ernst,,,
Jamie Dunphy,Peggy Sue Owens,,,,
Steph Routh,Cayle Tern,David Linn,,,
Noah Ernst,Doug Clove,Terrence Hayes,Thomas Shervey,Steph Routh,Deian Salazar
Candace Avalos,Loretta Smith,Terrence Hayes,,,
Terrence Hayes,Loretta Smith,,,,
Candace Avalos,,,,,
Timur Ender,Candace Avalos,Steph Routh,Jamie Dunphy,Michael (Mike) Sands,
Loretta Smith,Noah Ernst,Peggy Sue Owens,Terrence Hayes,Candace Avalos,Cayle Tern
Loretta Smith,,,,,
Loretta Smith,,,,,
Jamie Dunphy,Candace Avalos,Steph Routh,Noah Ernst,Timur Ender,
Peggy Sue Owens,Timur Ender,Noah Ernst,Candace Avalos,Joe Allen,David Linn
Cayle Tern,Timur Ender,Candace Avalos,,,
Jamie Dunphy,Loretta Smith,Steph Routh,,,
Candace Avalos,Timur Ender,Steph Routh,Jamie Dunphy,Cayle Tern,David Linn
Peggy Sue Owens,,,,,
David Linn,,,,,
Loretta Smith,Candace Avalos,Terrence Hayes,,,
Jamie Dunphy,Timur Ender,Steph Routh,,,
Noah Ernst,Timur Ender,Candace Avalos,Doug Clove,Michael (Mike) Sands,Peggy Sue Owens
Timur Ender,Candace Avalos,Loretta Smith,Terrence Hayes,David Linn,Steph Routh
Peggy Sue Owens,Timur Ender,Noah Ernst,Candace Avalos,Joe Allen,David Linn
Noah Ernst,Loretta Smith,Thomas Shervey,Doug Clove,Terrence Hayes,Deian Salazar
Candace Avalos,Terrence Hayes,,,,
Candace Avalos,Cayle Tern,Timur Ender,,,
Loretta Smith,Terrence Hayes,Candace Avalos,Jamie Dunphy,Steph Routh,David Linn
Steph Routh,Loretta Smith,Jamie Dunphy,Terrence Hayes,Michael (Mike) Sands,Doug Clove
Noah Ernst,Terrence Hayes,Loretta Smith,,,
Noah Ernst,Jamie Dunphy,Joe Furi,,,
Joe Allen,Michael (Mike) Sands,Timur Ender,Terrence Hayes,Joe Furi,Thomas Shervey
Jamie Dunphy,Candace Avalos,Terrence Hayes,Timur Ender,,
Candace Avalos,Timur Ender,David Linn,Steph Routh,Cayle Tern,Jamie Dunphy
Terrence Hayes,,,,,
Candace Avalos,Timur Ender,Cayle Tern,Steph Routh,Jamie Dunphy,
Candace Avalos,Cayle Tern,Timur Ender,,,
Jamie Dunphy,Timur Ender,Candace Avalos,Loretta Smith,Steph Routh,Thomas Shervey
Candace Avalos,Timur Ender,Jamie Dunphy,Steph Routh,,
Jamie Dunphy,Steph Routh,Loretta Smith,Candace Avalos,Timur Ender,
Deian Salazar,Terrence Hayes,Peggy Sue Owens,Timur Ender,David Linn,Noah Ernst
Terrence Hayes,Noah Ernst,Timur Ender,Loretta Smith,,
Candace Avalos,Loretta Smith,Steph Routh,Timur Ender,Cayle Tern,
Loretta Smith,Deian Salazar,Steph Routh,,,
Timur Ender,Candace Avalos,Cayle Tern,David Linn,Deian Salazar,Steph Routh
Loretta Smith,Terrence Hayes,Candace Avalos,Steph Routh,Deian Salazar,Timur Ender
Candace Avalos,Steph Routh,Jamie Dunphy,Loretta Smith,,
Terrence Hayes,Loretta Smith,Candace Avalos,Timur Ender,,
Noah Ernst,Thomas Shervey,Terrence Hayes,Steph Routh,Doug Clove,Joe Furi
Loretta Smith,Noah Ernst,Terrence Hayes,,,
Joe Allen,Terrence Hayes,Jamie Dunphy,Thomas Shervey,,
Steph Routh,Candace Avalos,Loretta Smith,,,
Jamie Dunphy,Steph Routh,Loretta Smith,,,
David Linn,Doug Clove,Deian Salazar,Loretta Smith,Timur Ender,Terrence Hayes
Candace Avalos,Timur Ender,Steph Routh,Jamie Dunphy,Cayle Tern,
Terrence Hayes,Noah Ernst,Joe Furi,Loretta Smith,,
Terrence Hayes,Loretta Smith,Jamie Dunphy,Candace Avalos,Timur Ender,
Jamie Dunphy,Steph Routh,,,,
Terrence Hayes,Noah Ernst,Joe Furi,Loretta Smith,Doug Clove,Write-in-120
Loretta Smith,Doug Clove,David Linn,Peggy Sue Owens,Jamie Dunphy,Thomas Shervey
Terrence Hayes,,,,,
Steph Routh,Jamie Dunphy,Cayle Tern,Candace Avalos,,
Timur Ender,Joe Furi,Steph Routh,Candace Avalos,,
Candace Avalos,Doug Clove,Steph Routh,Joe Allen,Thomas Shervey,Loretta Smith
Candace Avalos,Timur Ender,Cayle Tern,Loretta Smith,,
Doug Clove,Thomas Shervey,David Linn,Noah Ernst,Joe Allen,
Noah Ernst,Doug Clove,Terrence Hayes,,,
Noah Ernst,Terrence Hayes,Loretta Smith,,,
Steph Routh,Jamie Dunphy,Candace Avalos,,,
Joe Furi,Doug Clove,Deian Salazar,Steph Routh,Thomas Shervey,Terrence Hayes
Candace Avalos,Loretta Smith,,,,
Loretta Smith,Terrence Hayes,Jamie Dunphy,,,
Doug Clove,Terrence Hayes,Loretta Smith,Candace Avalos,,
Michael (Mike) Sands,Joe Allen,Joe Furi,Deian Salazar,Doug Clove,David Linn
Write-in-120,Candace Avalos,Jamie Dunphy,Noah Ernst,David Linn,Loretta Smith
Steph Routh,Terrence Hayes,Joe Allen,Loretta Smith,Jamie Dunphy,Timur Ender
Terrence Hayes,Steph Routh,David Linn,Jamie Dunphy,Candace Avalos,Loretta Smith
Timur Ender,Jamie Dunphy,Steph Routh,Terrence Hayes,Thomas Shervey,Candace Avalos
Cayle Tern,Doug Clove,Joe Furi,Michael (Mike) Sands,Deian Salazar,Loretta Smith
Deian Salazar,Doug Clove,Candace Avalos,Cayle Tern,Timur Ender,Joe Furi
Deian Salazar,Loretta Smith,Candace Avalos,,,
Loretta Smith,Terrence Hayes,,,,
Timur Ender,David Linn,Loretta Smith,,,
Jamie Dunphy,Steph Routh,Candace Avalos,,,
Terrence Hayes,,,,,
Candace Avalos,Steph Routh,Terrence Hayes,Thomas Shervey,Deian Salazar,
Loretta Smith,,,,,
Candace Avalos,Cayle Tern,Timur Ender,,,
Loretta Smith,Jamie Dunphy,Candace Avalos,,,
Steph Routh,Timur Ender,Cayle Tern,Loretta Smith,,
Jamie Dunphy,Candace Avalos,Timur Ender,Steph Routh,,
Doug Clove,Noah Ernst,Candace Avalos,Michael (Mike) Sands,Cayle Tern,Thomas Shervey
Jamie Dunphy,,,,,
Jamie Dunphy,Candace Avalos,Steph Routh,,,
Candace Avalos,Steph Routh,Loretta Smith,Timur Ender,Jamie Dunphy,Terrence Hayes
Timur Ender,Candace Avalos,Cayle Tern,Deian Salazar,Jamie Dunphy,Thomas Shervey
Steph Routh,Timur Ender,Candace Avalos,,,
Jamie Dunphy,Steph Routh,David Linn,Joe Allen,Timur Ender,Loretta Smith
Loretta Smith,Terrence Hayes,Deian Salazar,Timur Ender,Steph Routh,Candace Avalos
Candace Avalos,Jamie Dunphy,Cayle Tern,Steph Routh,David Linn,Terrence Hayes
Candace Avalos,Timur Ender,Doug Clove,Terrence Hayes,Jamie Dunphy,Steph Routh
Candace Avalos,Loretta Smith,Steph Routh,Cayle Tern,Terrence Hayes,Timur Ender
Loretta Smith,Noah Ernst,,,,
Terrence Hayes,Thomas Shervey,Loretta Smith,Deian Salazar,Michael (Mike) Sands,Joe Furi
Candace Avalos,Steph Routh,Timur Ender,Cayle Tern,Jamie Dunphy,David Linn
Jamie Dunphy,Timur Ender,Candace Avalos,Steph Routh,,
Doug Clove,Noah Ernst,Loretta Smith,Terrence Hayes,Thomas Shervey,Joe Allen
Jamie Dunphy,Timur Ender,David Linn,,,
Loretta Smith,Steph Routh,Terrence Hayes,Timur Ender,,
Noah Ernst,,,,,
Noah Ernst,Terrence Hayes,Joe Furi,Loretta Smith,Doug Clove,
Candace Avalos,Joe Furi,Steph Routh,,,
Michael (Mike) Sands,Timur Ender,Loretta Smith,,,
Candace Avalos,Steph Routh,Terrence Hayes,Jamie Dunphy,Cayle Tern,Timur Ender
David Linn,Jamie Dunphy,Terrence Hayes,Loretta Smith,Joe Furi,Timur Ender
Loretta Smith,Peggy Sue Owens,Candace Avalos,Deian Salazar,Steph Routh,
Candace Avalos,Jamie Dunphy,Timur Ender,Steph Routh,Terrence Hayes,David Linn
Timur Ender,David Linn,Candace Avalos,,,
Candace Avalos,Cayle Tern,Timur Ender,Steph Routh,Jamie Dunphy,Terrence Hayes
Peggy Sue Owens,Deian Salazar,Steph Routh,Candace Avalos,Joe Furi,Noah Ernst
Terrence Hayes,Jamie Dunphy,Noah Ernst,Deian Salazar,David Linn,Joe Furi
Jamie Dunphy,Steph Routh,Doug Clove,Timur Ender,Terrence Hayes,Loretta Smith
Joe Allen,,,,,
Doug Clove,Joe Furi,Noah Ernst,Joe Allen,,
Noah Ernst,Joe Allen,David Linn,Michael (Mike) Sands,Thomas Shervey,Loretta Smith
Thomas Shervey,Terrence Hayes,Michael (Mike) Sands,,,
Loretta Smith,Candace Avalos,Timur Ender,Steph Routh,David Linn,Terrence Hayes
Cayle Tern,,,,,
Loretta Smith,Steph Routh,,,,
Joe Allen,Noah Ernst,Terrence Hayes,,,
Jamie Dunphy,Steph Routh,Candace Avalos,,,
Candace Avalos,Steph Routh,Timur Ender,,,
Loretta Smith,Candace Avalos,Steph Routh,Deian Salazar,Timur Ender,
Joe Allen,Timur Ender,Thomas Shervey,Michael (Mike) Sands,Doug Clove,
Timur Ender,Candace Avalos,Cayle Tern,Michael (Mike) Sands,Thomas Shervey,Write-in-120
Jamie Dunphy,,,,,
Candace Avalos,Peggy Sue Owens,Cayle Tern,Deian Salazar,Jamie Dunphy,Loretta Smith
Jamie Dunphy,Cayle Tern,David Linn,Steph Routh,Timur Ender,Candace Avalos
Loretta Smith,Steph Routh,Candace Avalos,Timur Ender,Terrence Hayes,Jamie Dunphy
Candace Avalos,Timur Ender,Steph Routh,Terrence Hayes,David Linn,Jamie Dunphy
Loretta Smith,Steph Routh,,,,
Jamie Dunphy,Steph Routh,Timur Ender,Candace Avalos,Cayle Tern,David Linn
,,,,,
Candace Avalos,Steph Routh,Timur Ender,Jamie Dunphy,,
David Linn,,,,,
Timur Ender,Joe Allen,Jamie Dunphy,,,
Noah Ernst,Loretta Smith,Terrence Hayes,Steph Routh,Michael (Mike) Sands,Joe Furi
Loretta Smith,Jamie Dunphy,Terrence Hayes,Candace Avalos,Timur Ender,David Linn
Steph Routh,David Linn,Timur Ender,Joe Allen,,
Joe Allen,Joe Furi,Timur Ender,,,
Thomas Shervey,Terrence Hayes,Doug Clove,Deian Salazar,,
Timur Ender,Candace Avalos,Steph Routh,,,
Steph Routh,Timur Ender,,,,
Joe Allen,Deian Salazar,Timur Ender,Terrence Hayes,Doug Clove,Steph Routh
Noah Ernst,David Linn,Terrence Hayes,Doug Clove,Thomas Shervey,Timur Ender
Joe Allen,Peggy Sue Owens,,,,
Loretta Smith,Terrence Hayes,Jamie Dunphy,Steph Routh,David Linn,Candace Avalos
Jamie Dunphy,Timur Ender,Loretta Smith,,,
,,,,,
Peggy Sue Owens,Candace Avalos,Noah Ernst,Cayle Tern,Jamie Dunphy,Michael (Mike) Sands
Jamie Dunphy,,,,,
Steph Routh,David Linn,Terrence Hayes,Loretta Smith,,
Loretta Smith,Candace Avalos,Deian Salazar,Steph Routh,,
Terrence Hayes,,,,,
Noah Ernst,Steph Routh,Joe Allen,,,
Loretta Smith,Candace Avalos,Terrence Hayes,,,
Jamie Dunphy,,,,,
Peggy Sue Owens,Joe Allen,Doug Clove,Michael (Mike) Sands,Noah Ernst,Terrence Hayes
Candace Avalos,Timur Ender,Cayle Tern,,,
Loretta Smith,Joe Allen,Michael (Mike) Sands,David Linn,Terrence Hayes,Noah Ernst
Steph Routh,Jamie Dunphy,Loretta Smith,Candace Avalos,Timur Ender,Cayle Tern
Cayle Tern,Timur Ender,Candace Avalos,Steph Routh,,
Peggy Sue Owens,Candace Avalos,Loretta Smith,Jamie Dunphy,Cayle Tern,Doug Clove
Candace Avalos,Cayle Tern,Timur Ender,Loretta Smith,David Linn,Joe Allen
Deian Salazar,Loretta Smith,Joe Furi,David Linn,Candace Avalos,Peggy Sue Owens
Timur Ender,Candace Avalos,,,,
,,,,,
Timur Ender,Steph Routh,Michael (Mike) Sands,Cayle Tern,Candace Avalos,
Joe Allen,Michael (Mike) Sands,Terrence Hayes,Joe Furi,David Linn,Cayle Tern
Steph Routh,Jamie Dunphy,Candace Avalos,,,
Terrence Hayes,Loretta Smith,,,,
Steph Routh,Loretta Smith,Thomas Shervey,Candace Avalos,Cayle Tern,Timur Ender
Jamie Dunphy,David Linn,Steph Routh,,,
Jamie Dunphy,Cayle Tern,Candace Avalos,Noah Ernst,Timur Ender,Doug Clove
Jamie Dunphy,Timur Ender,,,,
Noah Ernst,,,,,
Doug Clove,Michael (Mike) Sands,Noah Ernst,Joe Furi,Thomas Shervey,Jamie Dunphy
Michael (Mike) Sands,Doug Clove,Steph Routh,Loretta Smith,Jamie Dunphy,Timur Ender
Terrence Hayes,Noah Ernst,Doug Clove,,,
Noah Ernst,Candace Avalos,Terrence Hayes,Steph Routh,Joe Furi,Timur Ender
Candace Avalos,Terrence Hayes,Cayle Tern,Thomas Shervey,Deian Salazar,
Loretta Smith,Michael (Mike) Sands,Deian Salazar,Steph Routh,Timur Ender,David Linn
Steph Routh,Terrence Hayes,Cayle Tern,,,
Noah Ernst,David Linn,Terrence Hayes,Steph Routh,Joe Furi,Loretta Smith
Jamie Dunphy,Timur Ender,Steph Routh,Loretta Smith,Cayle Tern,Candace Avalos
Noah Ernst,,,,,
Jamie Dunphy,Steph Routh,Timur Ender,,,
Timur Ender,Cayle Tern,Doug Clove,Deian Salazar,Jamie Dunphy,David Linn
Loretta Smith,Terrence Hayes,,,,
Terrence Hayes,Noah Ernst,Candace Avalos,Loretta Smith,Doug Clove,Michael (Mike) Sands
Candace Avalos,Timur Ender,Steph Routh,Jamie Dunphy,,
David Linn,,,,,
Candace Avalos,Steph Routh,Jamie Dunphy,Timur Ender,Joe Allen,David Linn
Terrence Hayes,Candace Avalos,Cayle Tern,Timur Ender,Jamie Dunphy,Steph Routh
Doug Clove,Joe Furi,Deian Salazar,Loretta Smith,Terrence Hayes,Steph Routh
Timur Ender,Candace Avalos,Cayle Tern,Steph Routh,,
Doug Clove,David Linn,Cayle Tern,,,
Candace Avalos,Noah Ernst,Deian Salazar,,,
Peggy Sue Owens,Timur Ender,Steph Routh,Candace Avalos,Jamie Dunphy,
Candace Avalos,Terrence Hayes,Noah Ernst,Steph Routh,Loretta Smith,Michael (Mike) Sands
Michael (Mike) Sands,Steph Routh,Jamie Dunphy,Cayle Tern,Candace Avalos,Timur Ender
Candace Avalos,Steph Routh,Jamie Dunphy,Terrence Hayes,Timur Ender,Cayle Tern
Steph Routh,Candace Avalos,Jamie Dunphy,Terrence Hayes,David Linn,
Noah Ernst,Timur Ender,Steph Routh,David Linn,,
Peggy Sue Owens,Joe Furi,Jamie Dunphy,Thomas Shervey,Joe Allen,Cayle Tern
Candace Avalos,Steph Routh,Timur Ender,,,
Noah Ernst,,,,,
Doug Clove,Noah Ernst,Joe Furi,,,
Deian Salazar,Doug Clove,Noah Ernst,Timur Ender,,
Loretta Smith,Noah Ernst,Terrence Hayes,,,
Peggy Sue Owens,Candace Avalos,Joe Allen,Doug Clove,Loretta Smith,David Linn
Terrence Hayes,Noah Ernst,Doug Clove,,,
Noah Ernst,Joe Allen,Terrence Hayes,Joe Furi,,
Loretta Smith,Timur Ender,Jamie Dunphy,Candace Avalos,Cayle Tern,Steph Routh
Terrence Hayes,,,,,
Michael (Mike) Sands,,,,,
Doug Clove,Jamie Dunphy,Candace Avalos,,,
Loretta Smith,Terrence Hayes,Steph Routh,Candace Avalos,Timur Ender,David Linn
Steph Routh,Jamie Dunphy,Doug Clove,Loretta Smith,Joe Furi,Deian Salazar
Steph Routh,Loretta Smith,Peggy Sue Owens,,,
Doug Clove,Noah Ernst,David Linn,Candace Avalos,Terrence Hayes,Thomas Shervey
David Linn,,,,,
Candace Avalos,,,,,
Noah Ernst,Joe Allen,Candace Avalos,Doug Clove,Timur Ender,Peggy Sue Owens
Jamie Dunphy,Steph Routh,Candace Avalos,David Linn,,
Steph Routh,Candace Avalos,Timur Ender,Jamie Dunphy,David Linn,Cayle Tern
Terrence Hayes,Loretta Smith,Noah Ernst,Joe Furi,Doug Clove,Deian Salazar
Loretta Smith,Terrence Hayes,Candace Avalos,,,
Noah Ernst,,,,,
Candace Avalos,Loretta Smith,Terrence Hayes,Cayle Tern,Deian Salazar,Steph Routh
Terrence Hayes,Deian Salazar,Noah Ernst,Joe Allen,Loretta Smith,Joe Furi
Candace Avalos,Jamie Dunphy,Steph Routh,Timur Ender,Cayle Tern,Deian Salazar
,,,,,
Cayle Tern,Candace Avalos,David Linn,Jamie Dunphy,,
Candace Avalos,David Linn,Joe Allen,Michael (Mike) Sands,Terrence Hayes,Doug Clove
,,,,,
Cayle Tern,Candace Avalos,Timur Ender,David Linn,Steph Routh,Thomas Shervey
Jamie Dunphy,Terrence Hayes,,,,
Candace Avalos,Cayle Tern,Timur Ender,,,
Noah Ernst,,,,,
Noah Ernst,Terrence Hayes,,,,
Doug Clove,Joe Allen,,,,
Doug Clove,Timur Ender,,,,
Timur Ender,Steph Routh,Loretta Smith,,,
Candace Avalos,,,,,
Candace Avalos,Joe Allen,,,,
Terrence Hayes,Steph Routh,Timur Ender,Candace Avalos,Noah Ernst,Loretta Smith
Noah Ernst,,,,,
Jamie Dunphy,Candace Avalos,Steph Routh,Timur Ender,Cayle Tern,
David Linn,Thomas Shervey,Cayle Tern,Jamie Dunphy,Loretta Smith,Candace Avalos
Noah Ernst,,,,,
Loretta Smith,Terrence Hayes,Timur Ender,Candace Avalos,,
Jamie Dunphy,Steph Routh,Candace Avalos,Timur Ender,Loretta Smith,Joe Furi
Candace Avalos,Timur Ender,David Linn,Deian Salazar,,
Loretta Smith,Michael (Mike) Sands,,,,
Loretta Smith,Noah Ernst,Steph Routh,Timur Ender,Joe Allen,Candace Avalos
Noah Ernst,Doug Clove,Joe Allen,Candace Avalos,Terrence Hayes,Thomas Shervey
Deian Salazar,Joe Furi,Steph Routh,,,
Candace Avalos,Terrence Hayes,Steph Routh,Doug Clove,,
Loretta Smith,Terrence Hayes,,,,
Loretta Smith,Peggy Sue Owens,Cayle Tern,Terrence Hayes,Jamie Dunphy,Joe Furi
Joe Allen,Steph Routh,,,,
Noah Ernst,Deian Salazar,Loretta Smith,Terrence Hayes,Cayle Tern,Michael (Mike) Sands
Candace Avalos,Steph Routh,Timur Ender,Jamie Dunphy,Loretta Smith,
Timur Ender,,,,,
Noah Ernst,,,,,
Steph Routh,Michael (Mike) Sands,Terrence Hayes,Loretta Smith,Joe Furi,Candace Avalos
Jamie Dunphy,Steph Routh,Candace Avalos,,,
Loretta Smith,Terrence Hayes,Cayle Tern,Joe Furi,Timur Ender,Thomas Shervey
Jamie Dunphy,Candace Avalos,Loretta Smith,Steph Routh,Timur Ender,
Loretta Smith,,,,,
Terrence Hayes,Loretta Smith,Noah Ernst,Doug Clove,Timur Ender,
Steph Routh,Timur Ender,Loretta Smith,Candace Avalos,Terrence Hayes,David Linn
David Linn,,,,,
Steph Routh,Timur Ender,Candace Avalos,Jamie Dunphy,Cayle Tern,
Steph Routh,Candace Avalos,Joe Allen,Doug Clove,Deian Salazar,Loretta Smith
Timur Ender,Jamie Dunphy,Terrence Hayes,Steph Routh,David Linn,
Jamie Dunphy,Timur Ender,Candace Avalos,Cayle Tern,,
Terrence Hayes,Jamie Dunphy,,,,
Timur Ender,,,,,
Peggy Sue Owens,Timur Ender,Noah Ernst,Candace Avalos,Joe Allen,David Linn
Noah Ernst,Thomas Shervey,Candace Avalos,Doug Clove,Steph Routh,
Doug Clove,Thomas Shervey,,,,
Michael (Mike) Sands,Loretta Smith,Candace Avalos,Peggy Sue Owens,Joe Allen,Thomas Shervey
Terrence Hayes,Candace Avalos,Jamie Dunphy,Steph Routh,Loretta Smith,
Jamie Dunphy,Candace Avalos,Steph Routh,,,
Candace Avalos,Loretta Smith,Terrence Hayes,Michael (Mike) Sands,,
Joe Furi,Doug Clove,,,,
Timur Ender,,,,,
Steph Routh,Michael (Mike) Sands,Jamie Dunphy,Timur Ender,Candace Avalos,
Terrence Hayes,Candace Avalos,,,,
Terrence Hayes,Candace Avalos,Peggy Sue Owens,Loretta Smith,Cayle Tern,Timur Ender
Peggy Sue Owens,Candace Avalos,David Linn,Loretta Smith,Jamie Dunphy,Write-in-120
Candace Avalos,Cayle Tern,Doug Clove,Jamie Dunphy,Loretta Smith,Noah Ernst
Timur Ender,David Linn,Loretta Smith,Candace Avalos,,
Michael (Mike) Sands,Candace Avalos,Jamie Dunphy,Peggy Sue Owens,Joe Allen,Steph Routh
Candace Avalos,Timur Ender,Steph Routh,Jamie Dunphy,Cayle Tern,David Linn
Timur Ender,Steph Routh,Jamie Dunphy,,,
Noah Ernst,Terrence Hayes,Steph Routh,Joe Allen,Deian Salazar,Peggy Sue Owens
Candace Avalos,Timur Ender,Steph Routh,Jamie Dunphy,David Linn,Cayle Tern
Steph Routh,Jamie Dunphy,Candace Avalos,,,
Timur Ender,Noah Ernst,,,,
Terrence Hayes,Steph Routh,Jamie Dunphy,Timur Ender,,
Loretta Smith,Terrence Hayes,,,,
Loretta Smith,Doug Clove,Joe Allen,,,
Jamie Dunphy,Steph Routh,Noah Ernst,Terrence Hayes,Candace Avalos,Loretta Smith
Terrence Hayes,Jamie Dunphy,Candace Avalos,,,
Terrence Hayes,Doug Clove,Loretta Smith,Steph Routh,Jamie Dunphy,David Linn
Steph Routh,Candace Avalos,Cayle Tern,Timur Ender,Jamie Dunphy,David Linn
Candace Avalos,Timur Ender,Cayle Tern,Joe Furi,Deian Salazar,Terrence Hayes
,,,,,
Noah Ernst,Doug Clove,Deian Salazar,Joe Furi,,
Loretta Smith,Jamie Dunphy,Steph Routh,Candace Avalos,Terrence Hayes,Timur Ender
Steph Routh,Loretta Smith,Terrence Hayes,Jamie Dunphy,David Linn,Timur Ender
Noah Ernst,David Linn,Doug Clove,,,
Deian Salazar,Terrence Hayes,Timur Ender,Candace Avalos,Cayle Tern,Jamie Dunphy
Candace Avalos,Timur Ender,Steph Routh,Cayle Tern,,
Noah Ernst,Joe Furi,Terrence Hayes,Doug Clove,,
Loretta Smith,Terrence Hayes,Noah Ernst,,,
Jamie Dunphy,Steph Routh,Candace Avalos,,,
Deian Salazar,Doug Clove,Thomas Shervey,,,
Peggy Sue Owens,Terrence Hayes,,,,
Jamie Dunphy,Candace Avalos,Steph Routh,Noah Ernst,,
Jamie Dunphy,Candace Avalos,Noah Ernst,Joe Allen,Loretta Smith,
Terrence Hayes,Candace Avalos,Jamie Dunphy,Steph Routh,Timur Ender,Deian Salazar
,,,,,
Loretta Smith,,,,,
Timur Ender,Candace Avalos,Joe Allen,Doug Clove,,
Steph Routh,Candace Avalos,Loretta Smith,,,
Steph Routh,Loretta Smith,Thomas Shervey,Terrence Hayes,Jamie Dunphy,Timur Ender
Candace Avalos,Cayle Tern,Loretta Smith,Steph Routh,Jamie Dunphy,Peggy Sue Owens
Noah Ernst,,,,,
Jamie Dunphy,Loretta Smith,Steph Routh,Candace Avalos,Peggy Sue Owens,Deian Salazar
Timur Ender,Candace Avalos,Steph Routh,Jamie Dunphy,,
Thomas Shervey,Loretta Smith,Jamie Dunphy,,,
Loretta Smith,Steph Routh,Timur Ender,Terrence Hayes,Jamie Dunphy,Candace Avalos
Deian Salazar,Terrence Hayes,Steph Routh,Candace Avalos,Cayle Tern,Michael (Mike) Sands
Terrence Hayes,Loretta Smith,Noah Ernst,,,
Candace Avalos,Steph Routh,Timur Ender,,,
Noah Ernst,Candace Avalos,Jamie Dunphy,Steph Routh,Doug Clove,Loretta Smith
Timur Ender,Steph Routh,Loretta Smith,Jamie Dunphy,Doug Clove,Michael (Mike) Sands
Write-in-120,,,,,
Joe Furi,,,,,
Terrence Hayes,Loretta Smith,Doug Clove,David Linn,,
Loretta Smith,Terrence Hayes,,,,
Loretta Smith,Terrence Hayes,,,,
David Linn,Michael (Mike) Sands,Steph Routh,Joe Allen,Joe Furi,Terrence Hayes
Doug Clove,Noah Ernst,Thomas Shervey,David Linn,Joe Allen,Steph Routh
Deian Salazar,Doug Clove,Terrence Hayes,,,
Jamie Dunphy,Candace Avalos,Noah Ernst,David Linn,Steph Routh,Loretta Smith
Loretta Smith,Steph Routh,Timur Ender,David Linn,Candace Avalos,
Loretta Smith,,,,,
Loretta Smith,Timur Ender,Candace Avalos,Steph Routh,Terrence Hayes,
,,,,,
Candace Avalos,Timur Ender,Steph Routh,Jamie Dunphy,Cayle Tern,David Linn
Candace Avalos,Jamie Dunphy,Timur Ender,Steph Routh,,
Joe Furi,,,,,
Timur Ender,,,,,
Loretta Smith,Terrence Hayes,Steph Routh,,,
Jamie Dunphy,Steph Routh,Candace Avalos,Noah Ernst,,
Deian Salazar,Steph Routh,Candace Avalos,Joe Furi,Timur Ender,Terrence Hayes
Loretta Smith,Candace Avalos,Steph Routh,Timur Ender,Jamie Dunphy,Cayle Tern
Jamie Dunphy,Loretta Smith,Thomas Shervey,Terrence Hayes,Deian Salazar,Cayle Tern
Timur Ender,Joe Allen,Joe Furi,Noah Ernst,Loretta Smith,Steph Routh
Candace Avalos,Steph Routh,Timur Ender,Jamie Dunphy,David Linn,Cayle Tern
Timur Ender,Michael (Mike) Sands,Terrence Hayes,Loretta Smith,David Linn,Noah Ernst
Loretta Smith,Jamie Dunphy,Candace Avalos,Cayle Tern,Terrence Hayes,David Linn
Steph Routh,Loretta Smith,,,,
Timur Ender,Jamie Dunphy,Steph Routh,Cayle Tern,Loretta Smith,Michael (Mike) Sands
Noah Ernst,Terrence Hayes,Steph Routh,Joe Allen,Deian Salazar,Peggy Sue Owens
Terrence Hayes,,,,,
Candace Avalos,Cayle Tern,David Linn,Steph Routh,Jamie Dunphy,
Candace Avalos,Cayle Tern,Timur Ender,,,
Steph Routh,Candace Avalos,Jamie Dunphy,,,
Candace Avalos,Jamie Dunphy,Loretta Smith,,,
,,,,,
Timur Ender,Doug Clove,David Linn,Terrence Hayes,Jamie Dunphy,Candace Avalos
Doug Clove,Noah Ernst,David Linn,Candace Avalos,Terrence Hayes,Timur Ender
Jamie Dunphy,Candace Avalos,Timur Ender,Steph Routh,Cayle Tern,
Cayle Tern,Timur Ender,Candace Avalos,Michael (Mike) Sands,Jamie Dunphy,
Timur Ender,Doug Clove,Steph Routh,Joe Furi,Jamie Dunphy,Peggy Sue Owens
Terrence Hayes,Noah Ernst,Joe Furi,Loretta Smith,Doug Clove,Write-in-120
Candace Avalos,Terrence Hayes,Timur Ender,Joe Allen,,
Peggy Sue Owens,,,,,
Jamie Dunphy,,,,,
Jamie Dunphy,Candace Avalos,Noah Ernst,Steph Routh,Michael (Mike) Sands,Cayle Tern
Candace Avalos,,,,,
Noah Ernst,Steph Routh,Candace Avalos,Jamie Dunphy,,
Loretta Smith,,,,,
Loretta Smith,Terrence Hayes,Candace Avalos,Peggy Sue Owens,Jamie Dunphy,Michael (Mike) Sands
Thomas Shervey,Doug Clove,Loretta Smith,,,
Timur Ender,Candace Avalos,Steph Routh,Loretta Smith,Terrence Hayes,Jamie Dunphy
Candace Avalos,Timur Ender,Steph Routh,Cayle Tern,Jamie Dunphy,David Linn
Noah Ernst,Doug Clove,Loretta Smith,Terrence Hayes,Joe Allen,Joe Furi
Jamie Dunphy,Steph Routh,Candace Avalos,,,
Candace Avalos,Cayle Tern,Timur Ender,,,
Candace Avalos,Steph Routh,Jamie Dunphy,Timur Ender,,
Steph Routh,Jamie Dunphy,,,,
Candace Avalos,Steph Routh,Cayle Tern,Timur Ender,David Linn,Jamie Dunphy
Timur Ender,Candace Avalos,Jamie Dunphy,Steph Routh,,
Jamie Dunphy,Timur Ender,Steph Routh,Candace Avalos,David Linn,Michael (Mike) Sands
Joe Allen,Doug Clove,Peggy Sue Owens,Cayle Tern,Thomas Shervey,Jamie Dunphy
Michael (Mike) Sands,Doug Clove,Joe Allen,Jamie Dunphy,Peggy Sue Owens,Noah Ernst
Peggy Sue Owens,,,,,
Candace Avalos,Michael (Mike) Sands,David Linn,Terrence Hayes,Joe Allen,Steph Routh
Candace Avalos,,,,,
David Linn,Noah Ernst,Jamie Dunphy,Candace Avalos,Joe Furi,Loretta Smith
Candace Avalos,David Linn,Cayle Tern,Loretta Smith,Doug Clove,Peggy Sue Owens
Candace Avalos,Steph Routh,Timur Ender,Jamie Dunphy,,
Loretta Smith,,,,,
Noah Ernst,Terrence Hayes,Cayle Tern,Michael (Mike) Sands,Steph Routh,Candace Avalos
Noah Ernst,Doug Clove,David Linn,,,
Noah Ernst,Terrence Hayes,Joe Furi,Loretta Smith,Doug Clove,
Terrence Hayes,Noah Ernst,Peggy Sue Owens,Loretta Smith,Candace Avalos,David Linn
Doug Clove,Steph Routh,David Linn,Noah Ernst,Deian Salazar,Thomas Shervey
Loretta Smith,,,,,
Loretta Smith,Terrence Hayes,Jamie Dunphy,Deian Salazar,Candace Avalos,Cayle Tern
Steph Routh,Noah Ernst,,,,
Timur Ender,,,,,
Candace Avalos,Timur Ender,Doug Clove,Jamie Dunphy,,
Loretta Smith,Terrence Hayes,,,,
Steph Routh,Jamie Dunphy,Timur Ender,,,
Candace Avalos,Terrence Hayes,Steph Routh,Loretta Smith,Cayle Tern,Doug Clove
Jamie Dunphy,Timur Ender,Steph Routh,David Linn,,
Jamie Dunphy,Loretta Smith,Michael (Mike) Sands,David Linn,Deian Salazar,Joe Allen
Timur Ender,Terrence Hayes,Steph Routh,,,
David Linn,Thomas Shervey,Candace Avalos,Terrence Hayes,Doug Clove,Peggy Sue Owens
Jamie Dunphy,Candace Avalos,Cayle Tern,Steph Routh,Timur Ender,Noah Ernst
David Linn,Joe Allen,Joe Furi,Doug Clove,,
Candace Avalos,Cayle Tern,Timur Ender,,,
Loretta Smith,Terrence Hayes,Steph Routh,Candace Avalos,Cayle Tern,Deian Salazar
Candace Avalos,Cayle Tern,Timur Ender,,,
Jamie Dunphy,Candace Avalos,Steph Routh,Noah Ernst,David Linn,Loretta Smith
Jamie Dunphy,Noah Ernst,,,,
Jamie Dunphy,Steph Routh,Candace Avalos,Terrence Hayes,David Linn,Timur Ender
Loretta Smith,Terrence Hayes,Steph Routh,,,
Jamie Dunphy,Terrence Hayes,Loretta Smith,Steph Routh,Cayle Tern,Candace Avalos
Loretta Smith,Peggy Sue Owens,Joe Furi,Candace Avalos,Noah Ernst,Terrence Hayes
Noah Ernst,Terrence Hayes,Deian Salazar,Steph Routh,Jamie Dunphy,
Loretta Smith,,,,,
Terrence Hayes,Candace Avalos,Michael (Mike) Sands,Timur Ender,,
Steph Routh,Loretta Smith,,,,
Peggy Sue Owens,,,,,
Candace Avalos,Cayle Tern,Timur Ender,Jamie Dunphy,Steph Routh,
Joe Allen,Joe Furi,Terrence Hayes,Loretta Smith,Jamie Dunphy,Steph Routh
Peggy Sue Owens,Cayle Tern,Joe Allen,Steph Routh,Loretta Smith,Joe Furi
Timur Ender,Steph Routh,Jamie Dunphy,Loretta Smith,Candace Avalos,David Linn
Noah Ernst,,,,,
Loretta Smith,Jamie Dunphy,Cayle Tern,Terrence Hayes,Candace Avalos,Timur Ender
Jamie Dunphy,Noah Ernst,Timur Ender,Candace Avalos,Steph Routh,
Timur Ender,Michael (Mike) Sands,Jamie Dunphy,Steph Routh,Terrence Hayes,Joe Furi
Terrence Hayes,,,,,
Noah Ernst,,,,,
David Linn,Jamie Dunphy,Thomas Shervey,Joe Allen,Timur Ender,Joe Furi
Michael (Mike) Sands,,,,,
David Linn,Michael (Mike) Sands,Doug Clove,,,
Terrence Hayes,Noah Ernst,Loretta Smith,,,
Noah Ernst,Terrence Hayes,Loretta Smith,,,
Candace Avalos,Timur Ender,Steph Routh,,,
Loretta Smith,David Linn,Steph Routh,Jamie Dunphy,Michael (Mike) Sands,
Loretta Smith,Steph Routh,Candace Avalos,David Linn,Timur Ender,
Loretta Smith,Terrence Hayes,Noah Ernst,,,
Loretta Smith,Noah Ernst,,,,
Candace Avalos,Timur Ender,Cayle Tern,Steph Routh,David Linn,Jamie Dunphy
Terrence Hayes,Cayle Tern,Joe Furi,Michael (Mike) Sands,David Linn,Timur Ender
Peggy Sue Owens,Joe Allen,Joe Furi,Loretta Smith,Terrence Hayes,David Linn
Jamie Dunphy,Candace Avalos,Steph Routh,Noah Ernst,David Linn,Loretta Smith
Steph Routh,Jamie Dunphy,David Linn,Loretta Smith,Terrence Hayes,
Candace Avalos,Terrence Hayes,Steph Routh,Doug Clove,,
Jamie Dunphy,Steph Routh,Terrence Hayes,,,
Thomas Shervey,Peggy Sue Owens,David Linn,Candace Avalos,Jamie Dunphy,Doug Clove
Cayle Tern,Joe Allen,Noah Ernst,Timur Ender,,
Candace Avalos,Terrence Hayes,,,,
Noah Ernst,Joe Allen,Doug Clove,Thomas Shervey,Joe Furi,
Noah Ernst,Loretta Smith,Terrence Hayes,Candace Avalos,Timur Ender,Jamie Dunphy
Timur Ender,Steph Routh,Candace Avalos,Doug Clove,,
Jamie Dunphy,Candace Avalos,Loretta Smith,Steph Routh,,
Michael (Mike) Sands,Doug Clove,Steph Routh,Loretta Smith,Jamie Dunphy,Timur Ender
Cayle Tern,,,,,
Loretta Smith,Jamie Dunphy,David Linn,Timur Ender,Joe Furi,Joe Allen
Doug Clove,Joe Furi,Loretta Smith,,,
Candace Avalos,Steph Routh,David Linn,,,
Noah Ernst,Timur Ender,Candace Avalos,Cayle Tern,Deian Salazar,Terrence Hayes
Terrence Hayes,Noah Ernst,Candace Avalos,,,
Cayle Tern,Timur Ender,Jamie Dunphy,Candace Avalos,Steph Routh,David Linn
Steph Routh,Candace Avalos,Terrence Hayes,Timur Ender,Peggy Sue Owens,David Linn
Steph Routh,Terrence Hayes,Peggy Sue Owens,David Linn,Timur Ender,Noah Ernst
Timur Ender,Loretta Smith,,,,
Jamie Dunphy,Peggy Sue Owens,,,,
Candace Avalos,Steph Routh,Timur Ender,,,
Terrence Hayes,David Linn,Noah Ernst,Deian Salazar,Candace Avalos,Joe Furi
Loretta Smith,Jamie Dunphy,Terrence Hayes,Steph Routh,David Linn,Noah Ernst
Michael (Mike) Sands,Steph Routh,Joe Furi,Doug Clove,,
Jamie Dunphy,Candace Avalos,David Linn,,,
Steph Routh,Jamie Dunphy,Timur Ender,Terrence Hayes,Doug Clove,Loretta Smith
Jamie Dunphy,Doug Clove,Michael (Mike) Sands,Joe Allen,Candace Avalos,Joe Furi
Loretta Smith,Doug Clove,Jamie Dunphy,Timur Ender,Steph Routh,Deian Salazar
Loretta Smith,Timur Ender,Steph Routh,Candace Avalos,Jamie Dunphy,Terrence Hayes
Deian Salazar,Noah Ernst,Loretta Smith,Doug Clove,Terrence Hayes,Jamie Dunphy
Candace Avalos,Timur Ender,Steph Routh,Jamie Dunphy,Cayle Tern,David Linn
Noah Ernst,Terrence Hayes,Joe Furi,Loretta Smith,Doug Clove,Write-in-120
Loretta Smith,,,,,
Jamie Dunphy,Candace Avalos,Steph Routh,Noah Ernst,David Linn,
Noah Ernst,Candace Avalos,Cayle Tern,Jamie Dunphy,,
Candace Avalos,Steph Routh,Loretta Smith,Timur Ender,,
Terrence Hayes,Noah Ernst,,,,
Timur Ender,Peggy Sue Owens,Joe Furi,Noah Ernst,David Linn,Doug Clove
Jamie Dunphy,Steph Routh,Timur Ender,,,
Thomas Shervey,Steph Routh,Jamie Dunphy,Timur Ender,Candace Avalos,
Loretta Smith,,,,,
Doug Clove,Joe Furi,Steph Routh,Noah Ernst,Joe Allen,Candace Avalos
Steph Routh,Candace Avalos,Jamie Dunphy,David Linn,Noah Ernst,Loretta Smith
Timur Ender,Candace Avalos,Michael (Mike) Sands,Deian Salazar,Jamie Dunphy,Terrence Hayes
Jamie Dunphy,Steph Routh,Candace Avalos,,,
Candace Avalos,Jamie Dunphy,Timur Ender,Loretta Smith,,
Noah Ernst,Candace Avalos,Joe Furi,Joe Allen,,
Jamie Dunphy,Peggy Sue Owens,Joe Allen,Doug Clove,Terrence Hayes,Michael (Mike) Sands
Timur Ender,Terrence Hayes,Loretta Smith,,,
Candace Avalos,Steph Routh,Jamie Dunphy,,,
Joe Allen,Cayle Tern,Timur Ender,Steph Routh,Michael (Mike) Sands,Loretta Smith
Terrence Hayes,David Linn,Jamie Dunphy,Candace Avalos,Thomas Shervey,Steph Routh
Michael (Mike) Sands,Deian Salazar,Joe Furi,Candace Avalos,Timur Ender,
Doug Clove,Terrence Hayes,Joe Allen,Michael (Mike) Sands,David Linn,Jamie Dunphy
Doug Clove,Timur Ender,Terrence Hayes,Steph Routh,,
Candace Avalos,Terrence Hayes,Steph Routh,Jamie Dunphy,,
Terrence Hayes,Noah Ernst,Timur Ender,Loretta Smith,,
Candace Avalos,Steph Routh,Timur Ender,Jamie Dunphy,,
Loretta Smith,Timur Ender,,,,
Jamie Dunphy,Candace Avalos,Steph Routh,Noah Ernst,David Linn,Loretta Smith
Candace Avalos,Steph Routh,Timur Ender,,,
Noah Ernst,David Linn,Michael (Mike) Sands,Joe Furi,Thomas Shervey,Terrence Hayes
Michael (Mike) Sands,,,,,
Jamie Dunphy,Steph Routh,,,,
Loretta Smith,Candace Avalos,Timur Ender,,,
Candace Avalos,Steph Routh,Timur Ender,Jamie Dunphy,Cayle Tern,
Terrence Hayes,,,,,
Terrence Hayes,Noah Ernst,Doug Clove,Joe Furi,Deian Salazar,
Timur Ender,David Linn,Joe Furi,Deian Salazar,Steph Routh,Jamie Dunphy
David Linn,,,,,
Doug Clove,Joe Allen,Michael (Mike) Sands,Deian Salazar,Steph Routh,Jamie Dunphy
Noah Ernst,Timur Ender,Joe Allen,Steph Routh,,
Timur Ender,Candace Avalos,Cayle Tern,Jamie Dunphy,David Linn,Steph Routh
Steph Routh,Loretta Smith,Timur Ender,Terrence Hayes,Jamie Dunphy,Noah Ernst
Timur Ender,Joe Allen,Joe Furi,Jamie Dunphy,Steph Routh,Cayle Tern
Jamie Dunphy,Candace Avalos,Steph Routh,Loretta Smith,David Linn,Noah Ernst
Steph Routh,Jamie Dunphy,Thomas Shervey,Candace Avalos,Deian Salazar,Loretta Smith
Jamie Dunphy,Steph Routh,Candace Avalos,Terrence Hayes,,
Deian Salazar,Jamie Dunphy,Candace Avalos,Timur Ender,Loretta Smith,Terrence Hayes
Timur Ender,David Linn,Candace Avalos,Steph Routh,Thomas Shervey,Jamie Dunphy
Michael (Mike) Sands,Jamie Dunphy,Peggy Sue Owens,,,
Jamie Dunphy,Candace Avalos,Steph Routh,,,
Jamie Dunphy,Candace Avalos,Timur Ender,Loretta Smith,Steph Routh,
Timur Ender,Joe Furi,Steph Routh,Michael (Mike) Sands,,
Loretta Smith,Terrence Hayes,Jamie Dunphy,Candace Avalos,Timur Ender,Steph Routh
Jamie Dunphy,Candace Avalos,Steph Routh,David Linn,Timur Ender,Loretta Smith
Jamie Dunphy,Candace Avalos,Steph Routh,Timur Ender,,
Loretta Smith,Doug Clove,Deian Salazar,,,
Steph Routh,Candace Avalos,Loretta Smith,Thomas Shervey,Terrence Hayes,
Timur Ender,Cayle Tern,David Linn,Doug Clove,Deian Salazar,Terrence Hayes
Noah Ernst,,,,,
Michael (Mike) Sands,David Linn,Steph Routh,Deian Salazar,Doug Clove,Joe Allen
Candace Avalos,Cayle Tern,Deian Salazar,Steph Routh,Jamie Dunphy,
Loretta Smith,Steph Routh,Candace Avalos,Cayle Tern,Peggy Sue Owens,Deian Salazar
Doug Clove,,,,,
Joe Allen,,,,,
Jamie Dunphy,Michael (Mike) Sands,Steph Routh,Doug Clove,,
Terrence Hayes,Noah Ernst,Cayle Tern,Michael (Mike) Sands,Steph Routh,
Loretta Smith,Terrence Hayes,Candace Avalos,Noah Ernst,,
Candace Avalos,Loretta Smith,Terrence Hayes,Noah Ernst,Doug Clove,
Peggy Sue Owens,Joe Allen,Michael (Mike) Sands,,,
Loretta Smith,Terrence Hayes,,,,
Candace Avalos,Timur Ender,Steph Routh,Jamie Dunphy,Noah Ernst,Loretta Smith
David Linn,Michael (Mike) Sands,,,,
Terrence Hayes,Noah Ernst,Loretta Smith,,,
Candace Avalos,Cayle Tern,Timur Ender,Steph Routh,Jamie Dunphy,
Terrence Hayes,,,,,
Terrence Hayes,,,,,
Terrence Hayes,Loretta Smith,Steph Routh,Jamie Dunphy,Candace Avalos,Timur Ender
Joe Allen,Joe Furi,Thomas Shervey,,,
Noah Ernst,David Linn,Terrence Hayes,Timur Ender,,
Loretta Smith,Candace Avalos,Terrence Hayes,,,
Joe Allen,Doug Clove,Michael (Mike) Sands,David Linn,Thomas Shervey,Noah Ernst
Terrence Hayes,Loretta Smith,Candace Avalos,,,
Doug Clove,Noah Ernst,Loretta Smith,Deian Salazar,,
Michael (Mike) Sands,Thomas Shervey,,,,
Candace Avalos,Terrence Hayes,Steph Routh,,,
Loretta Smith,,,,,
Candace Avalos,Loretta Smith,Steph Routh,Terrence Hayes,Joe Allen,Jamie Dunphy
Jamie Dunphy,Timur Ender,,,,
Timur Ender,Candace Avalos,Jamie Dunphy,Loretta Smith,Terrence Hayes,Cayle Tern
Michael (Mike) Sands,Thomas Shervey,Terrence Hayes,Steph Routh,,
Jamie Dunphy,,,,,
Doug Clove,,,,,
Loretta Smith,Noah Ernst,Michael (Mike) Sands,,,
Steph Routh,Loretta Smith,Peggy Sue Owens,Noah Ernst,Michael (Mike) Sands,Joe Allen
Candace Avalos,Cayle Tern,Deian Salazar,Loretta Smith,Terrence Hayes,Timur Ender
Loretta Smith,Terrence Hayes,,,,
Timur Ender,Steph Routh,Candace Avalos,Jamie Dunphy,Cayle Tern,David Linn
Candace Avalos,Steph Routh,Jamie Dunphy,Timur Ender,Doug Clove,Terrence Hayes
Jamie Dunphy,Loretta Smith,Terrence Hayes,Steph Routh,Timur Ender,David Linn
Michael (Mike) Sands,,,,,
Noah Ernst,Cayle Tern,Joe Furi,Peggy Sue Owens,Loretta Smith,Steph Routh
Candace Avalos,Steph Routh,Timur Ender,,,
Noah Ernst,,,,,
Steph Routh,Candace Avalos,Timur Ender,,,
Thomas Shervey,Joe Furi,Michael (Mike) Sands,Joe Allen,Loretta Smith,Noah Ernst
Terrence Hayes,Noah Ernst,David Linn,Michael (Mike) Sands,Write-in-120,Candace Avalos
Steph Routh,Thomas Shervey,Loretta Smith,Deian Salazar,Joe Furi,David Linn
Peggy Sue Owens,Timur Ender,Candace Avalos,Joe Allen,Steph Routh,
Loretta Smith,Joe Allen,Noah Ernst,Doug Clove,Deian Salazar,Terrence Hayes
Steph Routh,Thomas Shervey,Loretta Smith,,,
Candace Avalos,Terrence Hayes,David Linn,Steph Routh,Thomas Shervey,Jamie Dunphy
Terrence Hayes,Loretta Smith,Deian Salazar,Noah Ernst,Doug Clove,
Steph Routh,Doug Clove,,,,
Terrence Hayes,,,,,
Steph Routh,Terrence Hayes,Michael (Mike) Sands,Loretta Smith,,
Noah Ernst,Terrence Hayes,Doug Clove,David Linn,Joe Allen,Thomas Shervey
Jamie Dunphy,,,,,
Candace Avalos,Cayle Tern,Peggy Sue Owens,,,
Candace Avalos,Steph Routh,Jamie Dunphy,Terrence Hayes,David Linn,Timur Ender
Cayle Tern,,,,,
Candace Avalos,Noah Ernst,Timur Ender,Jamie Dunphy,Cayle Tern,David Linn
Loretta Smith,Terrence Hayes,Candace Avalos,Timur Ender,Steph Routh,Jamie Dunphy
Loretta Smith,,,,,
Candace Avalos,Steph Routh,Timur Ender,Jamie Dunphy,,
Loretta Smith,Terrence Hayes,Michael (Mike) Sands,,,
Candace Avalos,Steph Routh,Timur Ender,,,
Timur Ender,Michael (Mike) Sands,Steph Routh,,,
Jamie Dunphy,,,,,
Joe Allen,Peggy Sue Owens,Deian Salazar,Loretta Smith,Noah Ernst,
Candace Avalos,Jamie Dunphy,Steph Routh,Thomas Shervey,,
Terrence Hayes,,,,,
Cayle Tern,Loretta Smith,Noah Ernst,Candace Avalos,Joe Allen,
Joe Allen,Deian Salazar,,,,
Candace Avalos,Timur Ender,Cayle Tern,Jamie Dunphy,Steph Routh,
Jamie Dunphy,Candace Avalos,Steph Routh,Noah Ernst,David Linn,Loretta Smith
Candace Avalos,Noah Ernst,,,,
Timur Ender,Steph Routh,Terrence Hayes,,,
Timur Ender,Candace Avalos,Steph Routh,,,
Noah Ernst,Terrence Hayes,Loretta Smith,,,
Terrence Hayes,Michael (Mike) Sands,Loretta Smith,Steph Routh,Noah Ernst,Candace Avalos
Cayle Tern,Timur Ender,Candace Avalos,Michael (Mike) Sands,,
Loretta Smith,Terrence Hayes,,,,
Jamie Dunphy,Loretta Smith,,,,
Steph Routh,Candace Avalos,Timur Ender,Thomas Shervey,Terrence Hayes,Loretta Smith
Noah Ernst,Candace Avalos,Jamie Dunphy,Steph Routh,Doug Clove,Loretta Smith
Timur Ender,Candace Avalos,Terrence Hayes,Steph Routh,Loretta Smith,Deian Salazar
Peggy Sue Owens,Joe Allen,Noah Ernst,,,
Candace Avalos,Timur Ender,Cayle Tern,Steph Routh,Jamie Dunphy,
Deian Salazar,Loretta Smith,Doug Clove,Terrence Hayes,Jamie Dunphy,Candace Avalos
Candace Avalos,Steph Routh,Jamie Dunphy,Terrence Hayes,,
Jamie Dunphy,Timur Ender,David Linn,Peggy Sue Owens,,
Timur Ender,Jamie Dunphy,Candace Avalos,Steph Routh,Noah Ernst,David Linn
Timur Ender,Candace Avalos,David Linn,Joe Furi,Deian Salazar,Michael (Mike) Sands
Jamie Dunphy,Candace Avalos,Steph Routh,,,
Candace Avalos,Timur Ender,Jamie Dunphy,Loretta Smith,,
Jamie Dunphy,Terrence Hayes,Timur Ender,Candace Avalos,Cayle Tern,Michael (Mike) Sands
Loretta Smith,Steph Routh,Jamie Dunphy,Michael (Mike) Sands,,
Candace Avalos,Terrence Hayes,Loretta Smith,Doug Clove,,
Steph Routh,,,,,
Candace Avalos,Michael (Mike) Sands,Terrence Hayes,,,
Timur Ender,Joe Allen,Doug Clove,Deian Salazar,Thomas Shervey,Jamie Dunphy
Jamie Dunphy,Candace Avalos,Steph Routh,Noah Ernst,David Linn,Loretta Smith
Joe Allen,,,,,
Candace Avalos,Cayle Tern,Thomas Shervey,Michael (Mike) Sands,Steph Routh,Jamie Dunphy
Candace Avalos,Noah Ernst,Terrence Hayes,Joe Furi,Joe Allen,
Terrence Hayes,Candace Avalos,Cayle Tern,Timur Ender,Jamie Dunphy,Steph Routh
Candace Avalos,Cayle Tern,Jamie Dunphy,Steph Routh,,
Loretta Smith,Steph Routh,,,,
David Linn,Deian Salazar,Steph Routh,Loretta Smith,Thomas Shervey,Doug Clove
Steph Routh,Jamie Dunphy,Timur Ender,David Linn,Noah Ernst,Loretta Smith
Steph Routh,Candace Avalos,Jamie Dunphy,,,
Peggy Sue Owens,Loretta Smith,Terrence Hayes,,,
Timur Ender,,,,,
Terrence Hayes,Steph Routh,,,,
Noah Ernst,,,,,
Candace Avalos,Timur Ender,Loretta Smith,Terrence Hayes,Steph Routh,Cayle Tern
Candace Avalos,Timur Ender,Steph Routh,Jamie Dunphy,,
Noah Ernst,Timur Ender,Jamie Dunphy,Terrence Hayes,Loretta Smith,
Steph Routh,Terrence Hayes,Candace Avalos,Joe Allen,Timur Ender,
Candace Avalos,,,,,
,,,,,
Jamie Dunphy,Loretta Smith,Candace Avalos,Timur Ender,,
Timur Ender,Candace Avalos,Peggy Sue Owens,Joe Furi,,
Timur Ender,Steph Routh,Jamie Dunphy,Peggy Sue Owens,Michael (Mike) Sands,
Noah Ernst,,,,,
Jamie Dunphy,,,,,
Jamie Dunphy,Cayle Tern,David Linn,,,
Doug Clove,,,,,
Timur Ender,,,,,
Thomas Shervey,Michael (Mike) Sands,Doug Clove,Terrence Hayes,Steph Routh,Deian Salazar
Candace Avalos,Steph Routh,Timur Ender,Jamie Dunphy,,
Doug Clove,,,,,
Noah Ernst,Terrence Hayes,Joe Furi,Loretta Smith,Doug Clove,
Steph Routh,Jamie Dunphy,Timur Ender,David Linn,Noah Ernst,Loretta Smith
Terrence Hayes,,,,,
Terrence Hayes,Noah Ernst,,,,
Jamie Dunphy,Loretta Smith,Candace Avalos,Timur Ender,Terrence Hayes,Steph Routh
Noah Ernst,Timur Ender,Peggy Sue Owens,,,
Timur Ender,Cayle Tern,Candace Avalos,Doug Clove,Loretta Smith,Jamie Dunphy
Loretta Smith,Terrence Hayes,Noah Ernst,Timur Ender,,
Candace Avalos,Timur Ender,Loretta Smith,Terrence Hayes,Steph Routh,David Linn
Candace Avalos,Jamie Dunphy,Timur Ender,Joe Furi,Steph Routh,David Linn
Timur Ender,Joe Allen,,,,
Noah Ernst,Jamie Dunphy,Loretta Smith,,,
Loretta Smith,Steph Routh,,,,
Joe Furi,,,,,
Terrence Hayes,,,,,
Candace Avalos,Timur Ender,Steph Routh,,,
Timur Ender,Steph Routh,Jamie Dunphy,Candace Avalos,,
Timur Ender,Candace Avalos,Steph Routh,,,
Terrence Hayes,Noah Ernst,Candace Avalos,Timur Ender,Jamie Dunphy,David Linn
Joe Allen,,,,,
Candace Avalos,Timur Ender,Cayle Tern,Steph Routh,Jamie Dunphy,David Linn
Noah Ernst,,,,,
Candace Avalos,Loretta Smith,Cayle Tern,Deian Salazar,Steph Routh,Jamie Dunphy
Michael (Mike) Sands,Joe Allen,Peggy Sue Owens,,,
Loretta Smith,Michael (Mike) Sands,Steph Routh,Terrence Hayes,,
Candace Avalos,Timur Ender,Steph Routh,Jamie Dunphy,Loretta Smith,Cayle Tern
Noah Ernst,Terrence Hayes,Joe Furi,Loretta Smith,Doug Clove,
Candace Avalos,Steph Routh,Cayle Tern,Timur Ender,,
Loretta Smith,Terrence Hayes,Steph Routh,Jamie Dunphy,Deian Salazar,Candace Avalos
Loretta Smith,Steph Routh,Terrence Hayes,Jamie Dunphy,Joe Allen,Cayle Tern
Candace Avalos,David Linn,Cayle Tern,Loretta Smith,Steph Routh,Jamie Dunphy
Candace Avalos,David Linn,Jamie Dunphy,Steph Routh,Noah Ernst,Loretta Smith
Candace Avalos,Noah Ernst,Steph Routh,Jamie Dunphy,,
Candace Avalos,Timur Ender,Steph Routh,Terrence Hayes,Noah Ernst,
Terrence Hayes,Loretta Smith,,,,
Jamie Dunphy,Steph Routh,Candace Avalos,David Linn,Noah Ernst,Terrence Hayes
David Linn,Michael (Mike) Sands,Loretta Smith,Thomas Shervey,Joe Allen,Terrence Hayes
Timur Ender,Joe Furi,Noah Ernst,Loretta Smith,Thomas Shervey,
Timur Ender,Jamie Dunphy,Steph Routh,Terrence Hayes,Loretta Smith,Candace Avalos
David Linn,Steph Routh,Jamie Dunphy,Terrence Hayes,Deian Salazar,
Timur Ender,Candace Avalos,Steph Routh,Jamie Dunphy,Cayle Tern,Michael (Mike) Sands
Terrence Hayes,Doug Clove,Loretta Smith,Steph Routh,Candace Avalos,Deian Salazar
Cayle Tern,Doug Clove,Joe Furi,Michael (Mike) Sands,Loretta Smith,Thomas Shervey
Steph Routh,Loretta Smith,Timur Ender,David Linn,,
Loretta Smith,Candace Avalos,,,,
Jamie Dunphy,Candace Avalos,Steph Routh,Timur Ender,Noah Ernst,Cayle Tern
Deian Salazar,Candace Avalos,Loretta Smith,Terrence Hayes,Steph Routh,David Linn
David Linn,Jamie Dunphy,Steph Routh,Candace Avalos,Timur Ender,Cayle Tern
Timur Ender,Joe Allen,Deian Salazar,Thomas Shervey,Jamie Dunphy,
Peggy Sue Owens,Candace Avalos,Loretta Smith,Steph Routh,Michael (Mike) Sands,Doug Clove
Doug Clove,Joe Allen,David Linn,Steph Routh,Cayle Tern,Michael (Mike) Sands
Jamie Dunphy,Steph Routh,Candace Avalos,,,
Joe Allen,David Linn,Michael (Mike) Sands,Loretta Smith,Peggy Sue Owens,Steph Routh
Candace Avalos,Steph Routh,Timur Ender,Jamie Dunphy,Noah Ernst,Cayle Tern
Peggy Sue Owens,,,,,
Timur Ender,David Linn,Deian Salazar,Loretta Smith,Terrence Hayes,Jamie Dunphy
Noah Ernst,Timur Ender,Michael (Mike) Sands,,,
Noah Ernst,Terrence Hayes,Doug Clove,Joe Allen,David Linn,Steph Routh
Steph Routh,Jamie Dunphy,Loretta Smith,Terrence Hayes,Cayle Tern,David Linn
Candace Avalos,Cayle Tern,Loretta Smith,Terrence Hayes,,
Noah Ernst,,,,,
Doug Clove,Joe Furi,Terrence Hayes,Jamie Dunphy,Timur Ender,Noah Ernst
Candace Avalos,Terrence Hayes,Loretta Smith,Jamie Dunphy,Steph Routh,Timur Ender
Loretta Smith,Steph Routh,Joe Allen,,,
Deian Salazar,Steph Routh,Terrence Hayes,,,
Steph Routh,Candace Avalos,Jamie Dunphy,,,
Joe Allen,David Linn,Peggy Sue Owens,Deian Salazar,Thomas Shervey,Steph Routh
Terrence Hayes,Candace Avalos,Jamie Dunphy,Loretta Smith,Steph Routh,David Linn
Steph Routh,,,,,
Cayle Tern,Candace Avalos,Noah Ernst,,,
Noah Ernst,Jamie Dunphy,Joe Allen,,,
Steph Routh,Jamie Dunphy,Loretta Smith,Terrence Hayes,Cayle Tern,David Linn
Jamie Dunphy,Noah Ernst,Steph Routh,,,
Candace Avalos,Jamie Dunphy,Steph Routh,Terrence Hayes,Timur Ender,Loretta Smith
Candace Avalos,Doug Clove,Joe Furi,Michael (Mike) Sands,Deian Salazar,Loretta Smith
Thomas Shervey,Terrence Hayes,Deian Salazar,Doug Clove,Joe Allen,Jamie Dunphy
Timur Ender,Jamie Dunphy,,,,
Candace Avalos,Jamie Dunphy,Steph Routh,David Linn,Loretta Smith,Noah Ernst
David Linn,Loretta Smith,Terrence Hayes,Peggy Sue Owens,Noah Ernst,Candace Avalos
Steph Routh,Jamie Dunphy,Candace Avalos,Timur Ender,,
Doug Clove,Deian Salazar,Joe Allen,Noah Ernst,Cayle Tern,Candace Avalos
Jamie Dunphy,Candace Avalos,,,,
Jamie Dunphy,Steph Routh,Timur Ender,,,
Timur Ender,Steph Routh,Candace Avalos,Jamie Dunphy,Loretta Smith,Joe Furi
Noah Ernst,Joe Allen,Doug Clove,Michael (Mike) Sands,,
Jamie Dunphy,Steph Routh,Candace Avalos,Timur Ender,Loretta Smith,
Candace Avalos,Steph Routh,Jamie Dunphy,Loretta Smith,Timur Ender,
,,,,,
Joe Allen,,,,,
Joe Allen,,,,,
Jamie Dunphy,Michael (Mike) Sands,David Linn,,,
Noah Ernst,Terrence Hayes,Deian Salazar,Steph Routh,Jamie Dunphy,
Loretta Smith,Noah Ernst,Terrence Hayes,Deian Salazar,Doug Clove,
Peggy Sue Owens,Michael (Mike) Sands,Terrence Hayes,Jamie Dunphy,Doug Clove,David Linn
Noah Ernst,Doug Clove,Loretta Smith,,,
Noah Ernst,Doug Clove,Loretta Smith,Terrence Hayes,Joe Allen,Joe Furi
Peggy Sue Owens,Noah Ernst,Doug Clove,David Linn,Loretta Smith,Jamie Dunphy
Peggy Sue Owens,Timur Ender,Candace Avalos,Cayle Tern,Deian Salazar,Jamie Dunphy
Peggy Sue Owens,,,,,
Candace Avalos,Timur Ender,Steph Routh,Jamie Dunphy,,
Steph Routh,Terrence Hayes,Candace Avalos,,,
Steph Routh,Loretta Smith,Jamie Dunphy,Candace Avalos,,
Michael (Mike) Sands,Cayle Tern,Deian Salazar,Steph Routh,Jamie Dunphy,
Terrence Hayes,Noah Ernst,Joe Furi,Loretta Smith,,
Michael (Mike) Sands,,,,,
Loretta Smith,,,,,
Steph Routh,Candace Avalos,Jamie Dunphy,David Linn,Cayle Tern,
Candace Avalos,David Linn,Timur Ender,Jamie Dunphy,Terrence Hayes,Noah Ernst
Jamie Dunphy,Candace Avalos,Steph Routh,Noah Ernst,David Linn,Loretta Smith
Candace Avalos,Steph Routh,Timur Ender,Jamie Dunphy,Cayle Tern,
Candace Avalos,,,,,
Michael (Mike) Sands,Deian Salazar,Peggy Sue Owens,David Linn,Noah Ernst,Cayle Tern
Terrence Hayes,Loretta Smith,Steph Routh,,,
Michael (Mike) Sands,,,,,
Loretta Smith,Terrence Hayes,Jamie Dunphy,Steph Routh,Timur Ender,Cayle Tern
Noah Ernst,Candace Avalos,,,,
Candace Avalos,Loretta Smith,Terrence Hayes,Noah Ernst,Doug Clove,
Doug Clove,Jamie Dunphy,Timur Ender,Joe Furi,Steph Routh,Peggy Sue Owens
Candace Avalos,Steph Routh,Terrence Hayes,Timur Ender,Doug Clove,Jamie Dunphy
Michael (Mike) Sands,Cayle Tern,Steph Routh,Jamie Dunphy,Candace Avalos,Joe Allen
Doug Clove,Loretta Smith,Terrence Hayes,Jamie Dunphy,Steph Routh,
Jamie Dunphy,Terrence Hayes,Steph Routh,Deian Salazar,Candace Avalos,
Candace Avalos,Deian Salazar,Terrence Hayes,Jamie Dunphy,Steph Routh,Thomas Shervey
Loretta Smith,Timur Ender,Candace Avalos,Steph Routh,David Linn,Terrence Hayes
Candace Avalos,Cayle Tern,Timur Ender,Jamie Dunphy,Steph Routh,David Linn
David Linn,Doug Clove,Deian Salazar,Noah Ernst,Joe Allen,
Terrence Hayes,Loretta Smith,,,,
Jamie Dunphy,Candace Avalos,Steph Routh,,,
Noah Ernst,Michael (Mike) Sands,Terrence Hayes,,,
Loretta Smith,,,,,
Loretta Smith,Candace Avalos,Jamie Dunphy,Steph Routh,Timur Ender,Cayle Tern
Loretta Smith,Terrence Hayes,Noah Ernst,,,
Jamie Dunphy,Candace Avalos,Steph Routh,Joe Allen,,
Loretta Smith,Candace Avalos,Steph Routh,Timur Ender,Terrence Hayes,Jamie Dunphy
Doug Clove,Noah Ernst,Joe Allen,,,
Steph Routh,Timur Ender,Candace Avalos,Jamie Dunphy,Cayle Tern,David Linn
Deian Salazar,Loretta Smith,Terrence Hayes,Jamie Dunphy,Steph Routh,Cayle Tern
Timur Ender,Candace Avalos,Joe Furi,Cayle Tern,Steph Routh,David Linn
Steph Routh,Timur Ender,Candace Avalos,Terrence Hayes,Loretta Smith,Jamie Dunphy
Noah Ernst,Deian Salazar,Doug Clove,Terrence Hayes,Jamie Dunphy,
Noah Ernst,Terrence Hayes,Joe Furi,Loretta Smith,Doug Clove,
Noah Ernst,,,,,
Candace Avalos,Timur Ender,Steph Routh,Jamie Dunphy,David Linn,
Loretta Smith,Jamie Dunphy,Candace Avalos,,,
Deian Salazar,Noah Ernst,Loretta Smith,,,
Noah Ernst,Terrence Hayes,Loretta Smith,Steph Routh,Doug Clove,Michael (Mike) Sands
Timur Ender,Cayle Tern,Candace Avalos,Michael (Mike) Sands,Steph Routh,Joe Furi
Timur Ender,Candace Avalos,Loretta Smith,Terrence Hayes,Steph Routh,Michael (Mike) Sands
Candace Avalos,Timur Ender,Steph Routh,Jamie Dunphy,Deian Salazar,
Candace Avalos,Timur Ender,Steph Routh,Jamie Dunphy,Cayle Tern,David Linn
Candace Avalos,Cayle Tern,Doug Clove,Michael (Mike) Sands,Loretta Smith,Jamie Dunphy
Jamie Dunphy,Candace Avalos,Doug Clove,Timur Ender,Steph Routh,
Steph Routh,Timur Ender,Candace Avalos,,,
,,,,,
Timur Ender,Noah Ernst,Joe Allen,Doug Clove,Joe Furi,Deian Salazar
Candace Avalos,Cayle Tern,Timur Ender,,,
Steph Routh,Terrence Hayes,Loretta Smith,Jamie Dunphy,Doug Clove,Candace Avalos
Candace Avalos,Timur Ender,Steph Routh,,,
Noah Ernst,Doug Clove,Terrence Hayes,,,
Steph Routh,Jamie Dunphy,Terrence Hayes,Candace Avalos,Timur Ender,Noah Ernst
Steph Routh,Noah Ernst,Terrence Hayes,Candace Avalos,Loretta Smith,
Steph Routh,David Linn,Terrence Hayes,Jamie Dunphy,Doug Clove,Loretta Smith
Loretta Smith,Steph Routh,Deian Salazar,Doug Clove,Michael (Mike) Sands,Candace Avalos
Noah Ernst,Candace Avalos,Doug Clove,David Linn,Michael (Mike) Sands,Terrence Hayes
Terrence Hayes,Joe Allen,Loretta Smith,Jamie Dunphy,Candace Avalos,Michael (Mike) Sands
Loretta Smith,Noah Ernst,,,,
Peggy Sue Owens,Timur Ender,Noah Ernst,Candace Avalos,Joe Allen,David Linn
Steph Routh,Candace Avalos,Jamie Dunphy,David Linn,Terrence Hayes,Loretta Smith
Terrence Hayes,Doug Clove,Jamie Dunphy,Cayle Tern,David Linn,Noah Ernst
Noah Ernst,Joe Allen,David Linn,,,
Loretta Smith,Terrence Hayes,Thomas Shervey,Steph Routh,,
Timur Ender,David Linn,Terrence Hayes,Steph Routh,,
,,,,,
Candace Avalos,Timur Ender,Steph Routh,Cayle Tern,Jamie Dunphy,David Linn
Peggy Sue Owens,Timur Ender,Noah Ernst,Candace Avalos,Joe Allen,David Linn
Timur Ender,Loretta Smith,Candace Avalos,David Linn,Cayle Tern,Joe Allen
Cayle Tern,Timur Ender,Steph Routh,Loretta Smith,Doug Clove,David Linn
Terrence Hayes,Noah Ernst,Candace Avalos,,,
Candace Avalos,Thomas Shervey,Timur Ender,David Linn,,
Jamie Dunphy,Steph Routh,Candace Avalos,Timur Ender,Terrence Hayes,
Joe Furi,,,,,
Timur Ender,Candace Avalos,Jamie Dunphy,Steph Routh,,
Jamie Dunphy,Steph Routh,Candace Avalos,Timur Ender,Loretta Smith,
Candace Avalos,,,,,
Loretta Smith,,,,,
Doug Clove,Joe Allen,Steph Routh,Terrence Hayes,Timur Ender,Noah Ernst
Candace Avalos,Timur Ender,Steph Routh,,,
Candace Avalos,Cayle Tern,Timur Ender,,,
Loretta Smith,,,,,
David Linn,Joe Furi,Jamie Dunphy,Steph Routh,Terrence Hayes,Peggy Sue Owens
Jamie Dunphy,Candace Avalos,Steph Routh,Timur Ender,,
Joe Allen,,,,,
Loretta Smith,Timur Ender,Terrence Hayes,Michael (Mike) Sands,David Linn,Candace Avalos
Terrence Hayes,Candace Avalos,Jamie Dunphy,Steph Routh,Timur Ender,
Noah Ernst,Michael (Mike) Sands,Terrence Hayes,Steph Routh,Jamie Dunphy,
Jamie Dunphy,Candace Avalos,Timur Ender,Steph Routh,David Linn,
Doug Clove,Noah Ernst,Cayle Tern,,,
Candace Avalos,Loretta Smith,Terrence Hayes,Steph Routh,Timur Ender,Jamie Dunphy
Noah Ernst,Loretta Smith,Terrence Hayes,,,
Jamie Dunphy,Timur Ender,Candace Avalos,Steph Routh,David Linn,Noah Ernst
Deian Salazar,Terrence Hayes,Loretta Smith,,,
Noah Ernst,Jamie Dunphy,Steph Routh,Candace Avalos,,
Terrence Hayes,Jamie Dunphy,,,,
Loretta Smith,Doug Clove,Candace Avalos,,,
Terrence Hayes,Noah Ernst,Peggy Sue Owens,Doug Clove,,
Loretta Smith,,,,,
Timur Ender,Jamie Dunphy,Steph Routh,Candace Avalos,Cayle Tern,Loretta Smith
Noah Ernst,Joe Allen,Loretta Smith,Michael (Mike) Sands,Steph Routh,David Linn
Noah Ernst,Timur Ender,Deian Salazar,Terrence Hayes,Steph Routh,Jamie Dunphy
Michael (Mike) Sands,Steph Routh,Loretta Smith,Candace Avalos,Timur Ender,Cayle Tern
Jamie Dunphy,Terrence Hayes,Loretta Smith,Michael (Mike) Sands,David Linn,Timur Ender
Candace Avalos,Jamie Dunphy,Timur Ender,Steph Routh,David Linn,Noah Ernst
Noah Ernst,Doug Clove,Thomas Shervey,,,
Candace Avalos,Cayle Tern,Timur Ender,,,
Loretta Smith,Terrence Hayes,Noah Ernst,,,
Joe Allen,Loretta Smith,,,,
Noah Ernst,Thomas Shervey,Doug Clove,,,
Candace Avalos,Steph Routh,Timur Ender,Jamie Dunphy,,
Noah Ernst,Terrence Hayes,Joe Furi,Loretta Smith,Doug Clove,
Steph Routh,Jamie Dunphy,,,,
Steph Routh,Deian Salazar,Jamie Dunphy,Terrence Hayes,Candace Avalos,Timur Ender
Candace Avalos,Steph Routh,Jamie Dunphy,Terrence Hayes,Timur Ender,Loretta Smith
Peggy Sue Owens,Joe Allen,,,,
Joe Allen,Deian Salazar,Loretta Smith,Terrence Hayes,Joe Furi,
Candace Avalos,Steph Routh,Timur Ender,,,
Loretta Smith,Candace Avalos,Steph Routh,Terrence Hayes,Cayle Tern,Timur Ender
Doug Clove,,,,,
Loretta Smith,Terrence Hayes,Doug Clove,Joe Furi,Michael (Mike) Sands,Cayle Tern
Noah Ernst,Terrence Hayes,Doug Clove,,,
Terrence Hayes,Jamie Dunphy,,,,
Jamie Dunphy,Candace Avalos,Steph Routh,Noah Ernst,David Linn,Loretta Smith
Candace Avalos,Jamie Dunphy,Timur Ender,Thomas Shervey,David Linn,Steph Routh
Candace Avalos,Timur Ender,Steph Routh,Jamie Dunphy,Cayle Tern,David Linn
Candace Avalos,Timur Ender,Michael (Mike) Sands,Cayle Tern,David Linn,Terrence Hayes
Candace Avalos,Timur Ender,Terrence Hayes,Steph Routh,David Linn,Cayle Tern
Steph Routh,Loretta Smith,Candace Avalos,Michael (Mike) Sands,Timur Ender,Cayle Tern
Steph Routh,Loretta Smith,Terrence Hayes,Doug Clove,Timur Ender,Noah Ernst
Joe Furi,Joe Allen,Steph Routh,Noah Ernst,Michael (Mike) Sands,Jamie Dunphy
Peggy Sue Owens,Candace Avalos,Cayle Tern,Loretta Smith,Jamie Dunphy,Deian Salazar
Jamie Dunphy,Timur Ender,Loretta Smith,,,
Loretta Smith,Noah Ernst,Thomas Shervey,Steph Routh,Jamie Dunphy,
Timur Ender,Candace Avalos,Cayle Tern,Loretta Smith,Doug Clove,Michael (Mike) Sands
David Linn,Candace Avalos,Cayle Tern,Loretta Smith,Thomas Shervey,Terrence Hayes
Terrence Hayes,Candace Avalos,Noah Ernst,Steph Routh,David Linn,Jamie Dunphy
Steph Routh,Cayle Tern,Candace Avalos,David Linn,Terrence Hayes,Jamie Dunphy
,,,,,
Loretta Smith,Timur Ender,Candace Avalos,Jamie Dunphy,Steph Routh,Terrence Hayes
Noah Ernst,Joe Allen,Cayle Tern,Joe Furi,Thomas Shervey,Steph Routh
Loretta Smith,Steph Routh,Timur Ender,Joe Furi,Doug Clove,Deian Salazar
Candace Avalos,Timur Ender,Steph Routh,Jamie Dunphy,Cayle Tern,David Linn
Steph Routh,Candace Avalos,Cayle Tern,Peggy Sue Owens,Deian Salazar,Loretta Smith
Timur Ender,Noah Ernst,Candace Avalos,Joe Furi,Michael (Mike) Sands,Thomas Shervey
Noah Ernst,Joe Allen,Deian Salazar,Cayle Tern,Steph Routh,Timur Ender
,,,,,
Thomas Shervey,Cayle Tern,Jamie Dunphy,,,
David Linn,Timur Ender,Cayle Tern,Candace Avalos,,
Noah Ernst,,,,,
Loretta Smith,Deian Salazar,Terrence Hayes,Candace Avalos,Timur Ender,Jamie Dunphy
Doug Clove,Loretta Smith,Joe Furi,Terrence Hayes,Noah Ernst,
Candace Avalos,Jamie Dunphy,Timur Ender,Steph Routh,,
,,,,,
Cayle Tern,Terrence Hayes,Loretta Smith,Steph Routh,Jamie Dunphy,Candace Avalos
Timur Ender,Candace Avalos,Steph Routh,Jamie Dunphy,,
Timur Ender,Steph Routh,Candace Avalos,David Linn,Loretta Smith,Jamie Dunphy
Cayle Tern,Candace Avalos,Terrence Hayes,Loretta Smith,Doug Clove,Joe Allen
Deian Salazar,,,,,
David Linn,Candace Avalos,Joe Furi,Deian Salazar,Loretta Smith,Jamie Dunphy
Steph Routh,Candace Avalos,Timur Ender,Jamie Dunphy,Terrence Hayes,Joe Furi
Loretta Smith,Terrence Hayes,Noah Ernst,Steph Routh,Timur Ender,
Noah Ernst,David Linn,Thomas Shervey,Loretta Smith,Steph Routh,Terrence Hayes
Jamie Dunphy,Candace Avalos,Steph Routh,Timur Ender,David Linn,Cayle Tern
Steph Routh,Candace Avalos,Jamie Dunphy,Timur Ender,,
Loretta Smith,Joe Allen,Steph Routh,Cayle Tern,Michael (Mike) Sands,Peggy Sue Owens
Candace Avalos,Steph Routh,Timur Ender,Cayle Tern,Jamie Dunphy,David Linn
Jamie Dunphy,Loretta Smith,Terrence Hayes,Steph Routh,,
Loretta Smith,Cayle Tern,Terrence Hayes,Noah Ernst,Deian Salazar,Candace Avalos
Steph Routh,,,,,
Timur Ender,Loretta Smith,David Linn,Doug Clove,Noah Ernst,Michael (Mike) Sands
Candace Avalos,Timur Ender,Deian Salazar,Terrence Hayes,Cayle Tern,Michael (Mike) Sands
Jamie Dunphy,Terrence Hayes,Candace Avalos,Steph Routh,,
Doug Clove,Noah Ernst,Michael (Mike) Sands,Candace Avalos,Thomas Shervey,Jamie Dunphy
Jamie Dunphy,Steph Routh,Candace Avalos,Noah Ernst,David Linn,Loretta Smith
Terrence Hayes,Noah Ernst,Candace Avalos,Timur Ender,Loretta Smith,Jamie Dunphy
Jamie Dunphy,Terrence Hayes,Candace Avalos,Steph Routh,David Linn,Noah Ernst
Candace Avalos,Steph Routh,Deian Salazar,Timur Ender,Cayle Tern,Joe Allen
Joe Allen,Joe Furi,Doug Clove,Steph Routh,,
Candace Avalos,Steph Routh,Timur Ender,Cayle Tern,Loretta Smith,
Jamie Dunphy,David Linn,Noah Ernst,Candace Avalos,,
Candace Avalos,Jamie Dunphy,Steph Routh,Loretta Smith,Terrence Hayes,Cayle Tern
Loretta Smith,Terrence Hayes,,,,
Noah Ernst,Steph Routh,Joe Furi,Deian Salazar,Doug Clove,Cayle Tern
Terrence Hayes,Noah Ernst,Joe Furi,Loretta Smith,Doug Clove,Write-in-120
Steph Routh,Loretta Smith,Terrence Hayes,Candace Avalos,Timur Ender,
Terrence Hayes,,,,,
Noah Ernst,Joe Furi,David Linn,,,
Joe Allen,,,,,
Noah Ernst,Candace Avalos,David Linn,Terrence Hayes,Loretta Smith,Jamie Dunphy
Jamie Dunphy,Candace Avalos,Steph Routh,Noah Ernst,David Linn,Loretta Smith
Candace Avalos,Timur Ender,Loretta Smith,,,
Noah Ernst,,,,,
Steph Routh,Thomas Shervey,Loretta Smith,Terrence Hayes,,
David Linn,Doug Clove,Loretta Smith,Jamie Dunphy,Peggy Sue Owens,Joe Furi
Terrence Hayes,Noah Ernst,Joe Furi,Loretta Smith,Doug Clove,Write-in-120
Steph Routh,Loretta Smith,Timur Ender,David Linn,Candace Avalos,Michael (Mike) Sands
Michael (Mike) Sands,Thomas Shervey,Doug Clove,Joe Allen,,
David Linn,,,,,
Deian Salazar,Loretta Smith,Doug Clove,Timur Ender,Candace Avalos,
Loretta Smith,Terrence Hayes,,,,
Timur Ender,Jamie Dunphy,Michael (Mike) Sands,,,
Candace Avalos,Steph Routh,Jamie Dunphy,Timur Ender,Joe Allen,Cayle Tern
Timur Ender,Loretta Smith,Steph Routh,Jamie Dunphy,,
Timur Ender,Loretta Smith,Terrence Hayes,,,
Steph Routh,Candace Avalos,Jamie Dunphy,Cayle Tern,Timur Ender,David Linn
Loretta Smith,Steph Routh,Jamie Dunphy,Candace Avalos,Terrence Hayes,
Timur Ender,Noah Ernst,Deian Salazar,Loretta Smith,Thomas Shervey,Steph Routh
Jamie Dunphy,,,,,
Candace Avalos,Steph Routh,Terrence Hayes,,,
Jamie Dunphy,Steph Routh,Candace Avalos,,,
Loretta Smith,Terrence Hayes,Jamie Dunphy,Candace Avalos,Steph Routh,Timur Ender
Noah Ernst,,,,,
Thomas Shervey,Michael (Mike) Sands,Joe Allen,Noah Ernst,Joe Furi,Terrence Hayes
,,,,,
Candace Avalos,Cayle Tern,,,,
Jamie Dunphy,,,,,
Candace Avalos,Steph Routh,Cayle Tern,Deian Salazar,Michael (Mike) Sands,David Linn
Steph Routh,Candace Avalos,Noah Ernst,Jamie Dunphy,Timur Ender,Terrence Hayes
David Linn,Loretta Smith,Steph Routh,Jamie Dunphy,Terrence Hayes,Doug Clove
Doug Clove,Deian Salazar,David Linn,Noah Ernst,Thomas Shervey,
Terrence Hayes,Noah Ernst,Candace Avalos,Jamie Dunphy,Steph Routh,
Joe Furi,Jamie Dunphy,Steph Routh,Terrence Hayes,,
Steph Routh,Thomas Shervey,Terrence Hayes,Loretta Smith,Deian Salazar,Joe Furi
Michael (Mike) Sands,Steph Routh,Terrence Hayes,Loretta Smith,Jamie Dunphy,Candace Avalos
Jamie Dunphy,Steph Routh,,,,
Candace Avalos,Cayle Tern,Timur Ender,Steph Routh,,
Noah Ernst,Doug Clove,Terrence Hayes,Deian Salazar,,
Candace Avalos,Timur Ender,Jamie Dunphy,Cayle Tern,Steph Routh,David Linn
Timur Ender,Candace Avalos,Jamie Dunphy,,,
Candace Avalos,,,,,
Jamie Dunphy,Candace Avalos,Steph Routh,,,
Terrence Hayes,Loretta Smith,Deian Salazar,,,
Candace Avalos,Steph Routh,Jamie Dunphy,David Linn,Joe Allen,Timur Ender
Candace Avalos,,,,,
Terrence Hayes,Noah Ernst,Doug Clove,Timur Ender,Joe Allen,David Linn
Noah Ernst,Terrence Hayes,Joe Furi,Loretta Smith,Doug Clove,
Timur Ender,David Linn,,,,
Candace Avalos,Terrence Hayes,Steph Routh,,,
Candace Avalos,Timur Ender,David Linn,,,
Peggy Sue Owens,Noah Ernst,David Linn,Joe Furi,Deian Salazar,Thomas Shervey
Loretta Smith,Cayle Tern,Noah Ernst,Candace Avalos,Terrence Hayes,Jamie Dunphy
Candace Avalos,Cayle Tern,Timur Ender,,,
Jamie Dunphy,Steph Routh,Timur Ender,,,
Loretta Smith,Candace Avalos,Timur Ender,Steph Routh,David Linn,Michael (Mike) Sands
Jamie Dunphy,Candace Avalos,Steph Routh,Noah Ernst,David Linn,Loretta Smith
Terrence Hayes,Candace Avalos,Jamie Dunphy,Noah Ernst,Loretta Smith,David Linn
David Linn,Steph Routh,Candace Avalos,,,
Doug Clove,Noah Ernst,Cayle Tern,Joe Furi,Terrence Hayes,Joe Allen
Loretta Smith,Candace Avalos,,,,
Peggy Sue Owens,Joe Furi,,,,
David Linn,Steph Routh,Candace Avalos,Thomas Shervey,Loretta Smith,Timur Ender
David Linn,Candace Avalos,Timur Ender,Terrence Hayes,,
Joe Allen,Terrence Hayes,Jamie Dunphy,Candace Avalos,David Linn,Noah Ernst
Loretta Smith,Candace Avalos,Timur Ender,Deian Salazar,Steph Routh,David Linn
Noah Ernst,Steph Routh,Terrence Hayes,,,
Timur Ender,Candace Avalos,Steph Routh,Jamie Dunphy,Terrence Hayes,Michael (Mike) Sands
Jamie Dunphy,Candace Avalos,Terrence Hayes,Deian Salazar,Cayle Tern,Steph Routh
Jamie Dunphy,Steph Routh,Timur Ender,Candace Avalos,Noah Ernst,Loretta Smith
Thomas Shervey,Terrence Hayes,Steph Routh,Jamie Dunphy,Peggy Sue Owens,Candace Avalos
Steph Routh,Terrence Hayes,Timur Ender,,,
Candace Avalos,Deian Salazar,Peggy Sue Owens,Loretta Smith,Noah Ernst,Terrence Hayes
Loretta Smith,Doug Clove,Peggy Sue Owens,Noah Ernst,Joe Allen,Michael (Mike) Sands
Candace Avalos,Joe Allen,Loretta Smith,Terrence Hayes,,
Deian Salazar,Loretta Smith,Jamie Dunphy,Terrence Hayes,Joe Allen,Doug Clove
Noah Ernst,Loretta Smith,Terrence Hayes,Jamie Dunphy,Steph Routh,Timur Ender
Steph Routh,Terrence Hayes,Jamie Dunphy,,,
Terrence Hayes,Thomas Shervey,Steph Routh,Timur Ender,Candace Avalos,Deian Salazar
Steph Routh,Timur Ender,Candace Avalos,Michael (Mike) Sands,Loretta Smith,Noah Ernst
Loretta Smith,Steph Routh,Candace Avalos,Michael (Mike) Sands,Jamie Dunphy,Timur Ender
Candace Avalos,Steph Routh,Timur Ender,,,
Candace Avalos,Cayle Tern,Timur Ender,,,
,,,,,
Loretta Smith,Terrence Hayes,David Linn,Timur Ender,Joe Allen,Doug Clove
Steph Routh,Deian Salazar,Noah Ernst,,,
Loretta Smith,Terrence Hayes,Jamie Dunphy,,,
Doug Clove,,,,,
,,,,,
Candace Avalos,Cayle Tern,Timur Ender,Steph Routh,Jamie Dunphy,Terrence Hayes
Noah Ernst,,,,,
Noah Ernst,Doug Clove,Deian Salazar,Joe Furi,Terrence Hayes,
Jamie Dunphy,Candace Avalos,Steph Routh,Noah Ernst,David Linn,Loretta Smith
Steph Routh,Joe Furi,Deian Salazar,Doug Clove,Noah Ernst,Candace Avalos
Jamie Dunphy,Candace Avalos,Steph Routh,Timur Ender,,
Candace Avalos,Cayle Tern,Timur Ender,Jamie Dunphy,,
Timur Ender,David Linn,Candace Avalos,,,
Timur Ender,Steph Routh,Cayle Tern,Candace Avalos,Jamie Dunphy,David Linn
Loretta Smith,Peggy Sue Owens,Candace Avalos,Deian Salazar,,
Jamie Dunphy,Steph Routh,,,,
Loretta Smith,David Linn,Jamie Dunphy,,,
Loretta Smith,Candace Avalos,Michael (Mike) Sands,Jamie Dunphy,Timur Ender,David Linn
Candace Avalos,Timur Ender,Jamie Dunphy,Steph Routh,Cayle Tern,Michael (Mike) Sands
Jamie Dunphy,Steph Routh,Candace Avalos,Timur Ender,Loretta Smith,
Terrence Hayes,Michael (Mike) Sands,Loretta Smith,Steph Routh,Noah Ernst,Candace Avalos
Timur Ender,David Linn,Steph Routh,Candace Avalos,Cayle Tern,Jamie Dunphy
Noah Ernst,Loretta Smith,Joe Allen,,,
Steph Routh,,,,,
Deian Salazar,Michael (Mike) Sands,Candace Avalos,Joe Allen,David Linn,Joe Furi
Steph Routh,Loretta Smith,Terrence Hayes,Timur Ender,Jamie Dunphy,Michael (Mike) Sands
Doug Clove,Noah Ernst,Joe Allen,Deian Salazar,Terrence Hayes,Loretta Smith
Candace Avalos,Cayle Tern,Loretta Smith,Terrence Hayes,Steph Routh,Jamie Dunphy
Loretta Smith,,,,,
Joe Allen,Michael (Mike) Sands,Peggy Sue Owens,Loretta Smith,David Linn,
Loretta Smith,Steph Routh,Timur Ender,Joe Furi,Doug Clove,Deian Salazar
Loretta Smith,Candace Avalos,Steph Routh,,,
Jamie Dunphy,Steph Routh,Timur Ender,Candace Avalos,Terrence Hayes,Cayle Tern
Cayle Tern,Loretta Smith,,,,
Loretta Smith,Timur Ender,Noah Ernst,Cayle Tern,Doug Clove,Steph Routh
Steph Routh,Candace Avalos,Noah Ernst,Terrence Hayes,Deian Salazar,Jamie Dunphy
Steph Routh,Timur Ender,Terrence Hayes,Candace Avalos,Loretta Smith,Jamie Dunphy
Timur Ender,,,,,
Candace Avalos,Jamie Dunphy,Steph Routh,Noah Ernst,Cayle Tern,Loretta Smith
Steph Routh,Timur Ender,Jamie Dunphy,Candace Avalos,Deian Salazar,Cayle Tern
Thomas Shervey,Noah Ernst,Jamie Dunphy,,,
,,,,,
Jamie Dunphy,Loretta Smith,Timur Ender,Steph Routh,Terrence Hayes,Noah Ernst
Timur Ender,Jamie Dunphy,Steph Routh,David Linn,Terrence Hayes,Joe Furi
Loretta Smith,Noah Ernst,Deian Salazar,Terrence Hayes,Steph Routh,Thomas Shervey
Steph Routh,Candace Avalos,Jamie Dunphy,Cayle Tern,Timur Ender,David Linn
Jamie Dunphy,,,,,
Loretta Smith,Candace Avalos,Terrence Hayes,Steph Routh,Jamie Dunphy,Timur Ender
Candace Avalos,Doug Clove,Timur Ender,Jamie Dunphy,Noah Ernst,
Steph Routh,Candace Avalos,,,,
Doug Clove,Joe Furi,David Linn,,,
Candace Avalos,,,,,
Candace Avalos,Deian Salazar,Terrence Hayes,,,
Noah Ernst,Timur Ender,Candace Avalos,Doug Clove,Joe Furi,Michael (Mike) Sands
Doug Clove,,,,,
Noah Ernst,Doug Clove,Jamie Dunphy,Terrence Hayes,,
Loretta Smith,Noah Ernst,Terrence Hayes,Timur Ender,Candace Avalos,David Linn
Steph Routh,Terrence Hayes,Loretta Smith,Noah Ernst,,
Steph Routh,Timur Ender,Terrence Hayes,Candace Avalos,Cayle Tern,Loretta Smith
Jamie Dunphy,Steph Routh,Loretta Smith,Noah Ernst,Deian Salazar,Doug Clove
Steph Routh,Candace Avalos,Cayle Tern,Jamie Dunphy,Timur Ender,David Linn
David Linn,Doug Clove,Candace Avalos,Joe Furi,Joe Allen,Deian Salazar
Loretta Smith,Noah Ernst,Terrence Hayes,,,
Joe Allen,,,,,
Candace Avalos,Cayle Tern,Timur Ender,Deian Salazar,Terrence Hayes,Jamie Dunphy
Candace Avalos,Steph Routh,Timur Ender,Jamie Dunphy,,
Peggy Sue Owens,Joe Allen,Cayle Tern,Joe Furi,Loretta Smith,Jamie Dunphy
Noah Ernst,Steph Routh,Doug Clove,Terrence Hayes,,
Candace Avalos,Steph Routh,Timur Ender,Jamie Dunphy,,
Candace Avalos,Steph Routh,Cayle Tern,Jamie Dunphy,Timur Ender,Terrence Hayes
Doug Clove,,,,,
Peggy Sue Owens,,,,,
Loretta Smith,Terrence Hayes,Peggy Sue Owens,Doug Clove,,
Timur Ender,,,,,
Noah Ernst,Deian Salazar,Doug Clove,,,
Doug Clove,,,,,
Steph Routh,Peggy Sue Owens,Candace Avalos,Loretta Smith,,
Loretta Smith,,,,,
Loretta Smith,Peggy Sue Owens,Terrence Hayes,Deian Salazar,Joe Allen,Noah Ernst
Candace Avalos,Cayle Tern,Timur Ender,,,
Loretta Smith,Terrence Hayes,Candace Avalos,Peggy Sue Owens,Cayle Tern,Deian Salazar
Timur Ender,Candace Avalos,Steph Routh,Michael (Mike) Sands,,
Jamie Dunphy,Loretta Smith,Terrence Hayes,Steph Routh,Doug Clove,Deian Salazar
Timur Ender,Doug Clove,Noah Ernst,Loretta Smith,,
Candace Avalos,,,,,
Candace Avalos,Cayle Tern,Timur Ender,,,
Steph Routh,Candace Avalos,Cayle Tern,Terrence Hayes,Loretta Smith,
Loretta Smith,Candace Avalos,,,,
Timur Ender,Steph Routh,Terrence Hayes,Loretta Smith,David Linn,Candace Avalos
Noah Ernst,Joe Allen,Doug Clove,Deian Salazar,Jamie Dunphy,Steph Routh
Loretta Smith,Terrence Hayes,,,,
Noah Ernst,Terrence Hayes,,,,
Candace Avalos,Loretta Smith,Deian Salazar,Terrence Hayes,David Linn,Peggy Sue Owens
Steph Routh,Candace Avalos,Timur Ender,Loretta Smith,,
Timur Ender,David Linn,Candace Avalos,Michael (Mike) Sands,Loretta Smith,Terrence Hayes
Noah Ernst,Doug Clove,Thomas Shervey,Michael (Mike) Sands,,
Timur Ender,Michael (Mike) Sands,Loretta Smith,Terrence Hayes,Steph Routh,
Loretta Smith,,,,,
Terrence Hayes,Noah Ernst,,,,
Terrence Hayes,Loretta Smith,Deian Salazar,Steph Routh,Jamie Dunphy,
Jamie Dunphy,Steph Routh,Timur Ender,,,
Noah Ernst,Joe Allen,Doug Clove,Steph Routh,Thomas Shervey,Michael (Mike) Sands
Terrence Hayes,Deian Salazar,David Linn,Jamie Dunphy,,
David Linn,Timur Ender,Doug Clove,Terrence Hayes,,
Noah Ernst,Terrence Hayes,Loretta Smith,,,
Loretta Smith,Timur Ender,Terrence Hayes,Candace Avalos,Steph Routh,Joe Allen
David Linn,Terrence Hayes,Doug Clove,Timur Ender,Candace Avalos,Jamie Dunphy
Noah Ernst,Terrence Hayes,Doug Clove,,,
Candace Avalos,Terrence Hayes,Cayle Tern,,,
Candace Avalos,Jamie Dunphy,Timur Ender,Steph Routh,David Linn,Cayle Tern
Steph Routh,,,,,
Jamie Dunphy,Candace Avalos,Steph Routh,,,
Cayle Tern,Joe Furi,Candace Avalos,Michael (Mike) Sands,Timur Ender,Thomas Shervey
Steph Routh,Loretta Smith,Candace Avalos,Timur Ender,Terrence Hayes,David Linn
Terrence Hayes,,,,,
Candace Avalos,Cayle Tern,Steph Routh,Timur Ender,,
Timur Ender,Jamie Dunphy,Noah Ernst,David Linn,Loretta Smith,Candace Avalos
Jamie Dunphy,Steph Routh,Timur Ender,,,
Jamie Dunphy,Candace Avalos,Steph Routh,Noah Ernst,David Linn,Loretta Smith
Doug Clove,Noah Ernst,Joe Allen,Thomas Shervey,,
Candace Avalos,Deian Salazar,Steph Routh,Peggy Sue Owens,Cayle Tern,Jamie Dunphy
Candace Avalos,Cayle Tern,Timur Ender,Steph Routh,Jamie Dunphy,
Candace Avalos,Timur Ender,Cayle Tern,Steph Routh,,
Loretta Smith,Timur Ender,Candace Avalos,David Linn,Steph Routh,Cayle Tern
Loretta Smith,Joe Allen,Noah Ernst,David Linn,Joe Furi,Thomas Shervey
Loretta Smith,Steph Routh,,,,
Loretta Smith,Candace Avalos,,,,
Terrence Hayes,,,,,
Loretta Smith,Terrence Hayes,Noah Ernst,Cayle Tern,Deian Salazar,Candace Avalos
Noah Ernst,Peggy Sue Owens,Timur Ender,,,
Noah Ernst,Candace Avalos,David Linn,Terrence Hayes,Loretta Smith,Jamie Dunphy
Cayle Tern,Steph Routh,David Linn,Michael (Mike) Sands,Peggy Sue Owens,Candace Avalos
Terrence Hayes,Timur Ender,Candace Avalos,Loretta Smith,Jamie Dunphy,David Linn
Loretta Smith,Terrence Hayes,Joe Furi,,,
Loretta Smith,Candace Avalos,Jamie Dunphy,,,
Candace Avalos,Timur Ender,Steph Routh,Jamie Dunphy,Cayle Tern,David Linn
Noah Ernst,David Linn,Joe Furi,Loretta Smith,Peggy Sue Owens,Steph Routh
Jamie Dunphy,Loretta Smith,Terrence Hayes,Doug Clove,Thomas Shervey,
Michael (Mike) Sands,David Linn,Thomas Shervey,Candace Avalos,Deian Salazar,Write-in-121
Loretta Smith,Joe Furi,Jamie Dunphy,,,
Jamie Dunphy,,,,,
Candace Avalos,Timur Ender,Steph Routh,Loretta Smith,Jamie Dunphy,
Steph Routh,,,,,
Timur Ender,Candace Avalos,Cayle Tern,,,
Noah Ernst,,,,,
Joe Furi,Michael (Mike) Sands,Noah Ernst,Terrence Hayes,Jamie Dunphy,David Linn
Timur Ender,Candace Avalos,David Linn,Steph Routh,Jamie Dunphy,
Terrence Hayes,Loretta Smith,Jamie Dunphy,,,
Candace Avalos,Jamie Dunphy,Thomas Shervey,Steph Routh,Loretta Smith,Terrence Hayes
Noah Ernst,,,,,
Jamie Dunphy,Steph Routh,Terrence Hayes,,,
Steph Routh,,,,,
Steph Routh,,,,,
Joe Furi,Joe Allen,Noah Ernst,,,
Loretta Smith,Terrence Hayes,Deian Salazar,Steph Routh,Noah Ernst,Cayle Tern
Loretta Smith,Jamie Dunphy,Timur Ender,Terrence Hayes,,
Timur Ender,Cayle Tern,Terrence Hayes,Deian Salazar,Doug Clove,Noah Ernst
Jamie Dunphy,Steph Routh,,,,
Timur Ender,Loretta Smith,,,,
,,,,,
Candace Avalos,Loretta Smith,Jamie Dunphy,Terrence Hayes,Steph Routh,Timur Ender
Candace Avalos,Timur Ender,Steph Routh,Jamie Dunphy,,
Noah Ernst,Timur Ender,Terrence Hayes,Doug Clove,Steph Routh,Jamie Dunphy
Timur Ender,Loretta Smith,Jamie Dunphy,Steph Routh,Candace Avalos,
Timur Ender,Candace Avalos,Steph Routh,,,
Jamie Dunphy,Timur Ender,Steph Routh,Deian Salazar,,
Jamie Dunphy,Timur Ender,Candace Avalos,Cayle Tern,,
David Linn,Loretta Smith,Steph Routh,Terrence Hayes,Timur Ender,Jamie Dunphy
Joe Furi,Jamie Dunphy,Michael (Mike) Sands,,,
Terrence Hayes,Jamie Dunphy,Loretta Smith,,,
Steph Routh,Jamie Dunphy,,,,
Steph Routh,Thomas Shervey,Cayle Tern,Candace Avalos,Michael (Mike) Sands,Terrence Hayes
Jamie Dunphy,Candace Avalos,Noah Ernst,David Linn,,
Candace Avalos,Loretta Smith,Jamie Dunphy,Steph Routh,Peggy Sue Owens,Noah Ernst
,,,,,
Steph Routh,Candace Avalos,,,,
David Linn,Thomas Shervey,Doug Clove,Noah Ernst,Loretta Smith,Joe Furi
Steph Routh,Noah Ernst,Thomas Shervey,Joe Allen,Candace Avalos,Timur Ender
Candace Avalos,Cayle Tern,Timur Ender,Steph Routh,Terrence Hayes,Jamie Dunphy
Candace Avalos,,,,,
,,,,,
Candace Avalos,Steph Routh,Loretta Smith,,,
Steph Routh,Timur Ender,Jamie Dunphy,,,
Candace Avalos,Timur Ender,Steph Routh,Cayle Tern,Jamie Dunphy,David Linn
Terrence Hayes,Jamie Dunphy,Steph Routh,,,
Candace Avalos,Timur Ender,Noah Ernst,David Linn,Cayle Tern,Deian Salazar
Candace Avalos,Loretta Smith,Deian Salazar,Thomas Shervey,Terrence Hayes,
Terrence Hayes,Noah Ernst,Joe Furi,Loretta Smith,Doug Clove,Write-in-120
Deian Salazar,,,,,
Candace Avalos,Timur Ender,Jamie Dunphy,Doug Clove,Steph Routh,David Linn
Terrence Hayes,Timur Ender,Noah Ernst,Steph Routh,Deian Salazar,
Michael (Mike) Sands,,,,,
Loretta Smith,Candace Avalos,Doug Clove,Terrence Hayes,Joe Furi,
Joe Allen,Deian Salazar,Terrence Hayes,Steph Routh,Candace Avalos,
Thomas Shervey,Terrence Hayes,Loretta Smith,,,
Jamie Dunphy,,,,,
Timur Ender,Steph Routh,Jamie Dunphy,Candace Avalos,,
Steph Routh,,,,,
Joe Allen,,,,,
Loretta Smith,,,,,
Loretta Smith,Candace Avalos,Noah Ernst,Doug Clove,Joe Furi,Jamie Dunphy
Steph Routh,Candace Avalos,Timur Ender,Loretta Smith,David Linn,
Steph Routh,Candace Avalos,Cayle Tern,Timur Ender,Jamie Dunphy,
Michael (Mike) Sands,,,,,
,,,,,
Jamie Dunphy,Candace Avalos,Timur Ender,David Linn,,
Deian Salazar,,,,,
Jamie Dunphy,,,,,
Candace Avalos,Jamie Dunphy,Steph Routh,,,
Timur Ender,,,,,
Steph Routh,Candace Avalos,Timur Ender,Jamie Dunphy,David Linn,Cayle Tern
Jamie Dunphy,Candace Avalos,Steph Routh,Noah Ernst,David Linn,Loretta Smith
Deian Salazar,Michael (Mike) Sands,Loretta Smith,Terrence Hayes,Jamie Dunphy,Steph Routh
Loretta Smith,David Linn,Steph Routh,Jamie Dunphy,Michael (Mike) Sands,
Candace Avalos,Write-in-120,Steph Routh,Jamie Dunphy,Timur Ender,Cayle Tern
Peggy Sue Owens,,,,,
Terrence Hayes,Loretta Smith,Timur Ender,Steph Routh,Jamie Dunphy,Candace Avalos
Jamie Dunphy,David Linn,Noah Ernst,,,
Loretta Smith,,,,,
Peggy Sue Owens,Loretta Smith,Terrence Hayes,Joe Allen,Candace Avalos,Michael (Mike) Sands
Jamie Dunphy,Terrence Hayes,Timur Ender,Steph Routh,Noah Ernst,Deian Salazar
Terrence Hayes,Jamie Dunphy,Steph Routh,Loretta Smith,Candace Avalos,David Linn
Jamie Dunphy,Steph Routh,Candace Avalos,David Linn,Timur Ender,
Loretta Smith,Candace Avalos,Terrence Hayes,Doug Clove,Peggy Sue Owens,David Linn
Cayle Tern,Terrence Hayes,Noah Ernst,,,
Terrence Hayes,Loretta Smith,Deian Salazar,Cayle Tern,David Linn,Noah Ernst
Noah Ernst,Loretta Smith,Timur Ender,Terrence Hayes,Steph Routh,Deian Salazar
Terrence Hayes,Noah Ernst,Joe Furi,Loretta Smith,Doug Clove,Write-in-120
Steph Routh,Joe Allen,David Linn,Peggy Sue Owens,,
Cayle Tern,,,,,
Peggy Sue Owens,Timur Ender,Noah Ernst,Candace Avalos,Joe Allen,David Linn
Terrence Hayes,Thomas Shervey,Candace Avalos,Noah Ernst,,
Candace Avalos,Deian Salazar,Timur Ender,Terrence Hayes,Steph Routh,Loretta Smith
Terrence Hayes,Loretta Smith,Jamie Dunphy,Noah Ernst,Timur Ender,Steph Routh
Steph Routh,Timur Ender,Candace Avalos,Jamie Dunphy,,
Thomas Shervey,Joe Allen,Cayle Tern,Timur Ender,Noah Ernst,Peggy Sue Owens
Jamie Dunphy,Terrence Hayes,Michael (Mike) Sands,Joe Furi,David Linn,Joe Allen
Terrence Hayes,Jamie Dunphy,Steph Routh,,,
Jamie Dunphy,Steph Routh,Candace Avalos,Timur Ender,Cayle Tern,David Linn
Joe Allen,Doug Clove,,,,
Loretta Smith,Candace Avalos,Steph Routh,Terrence Hayes,Peggy Sue Owens,
Joe Furi,Doug Clove,,,,
Jamie Dunphy,Steph Routh,Timur Ender,Noah Ernst,Candace Avalos,Doug Clove
Timur Ender,Cayle Tern,Deian Salazar,,,
Peggy Sue Owens,Candace Avalos,Loretta Smith,Cayle Tern,,
,,,,,
Noah Ernst,Timur Ender,David Linn,Cayle Tern,Candace Avalos,Loretta Smith
Candace Avalos,Jamie Dunphy,Steph Routh,,,
Terrence Hayes,Loretta Smith,Timur Ender,Candace Avalos,,
Peggy Sue Owens,,,,,
David Linn,,,,,
Steph Routh,Noah Ernst,Michael (Mike) Sands,Loretta Smith,Thomas Shervey,Joe Furi
Candace Avalos,Timur Ender,Steph Routh,Jamie Dunphy,Cayle Tern,David Linn
Jamie Dunphy,Steph Routh,David Linn,Timur Ender,,
Michael (Mike) Sands,Joe Furi,Loretta Smith,Steph Routh,Jamie Dunphy,David Linn
Jamie Dunphy,Candace Avalos,,,,
Loretta Smith,Terrence Hayes,Jamie Dunphy,Candace Avalos,,
David Linn,,,,,
Steph Routh,Cayle Tern,Jamie Dunphy,Timur Ender,David Linn,Thomas Shervey
,,,,,
Noah Ernst,Terrence Hayes,Deian Salazar,Steph Routh,Jamie Dunphy,
,,,,,
Jamie Dunphy,David Linn,Cayle Tern,Timur Ender,Steph Routh,Candace Avalos
Joe Allen,Doug Clove,Joe Furi,Michael (Mike) Sands,Thomas Shervey,Terrence Hayes
Peggy Sue Owens,Joe Allen,Doug Clove,Michael (Mike) Sands,Noah Ernst,Terrence Hayes
Jamie Dunphy,Candace Avalos,Steph Routh,Noah Ernst,David Linn,Loretta Smith
Joe Allen,,,,,
Terrence Hayes,Michael (Mike) Sands,Doug Clove,David Linn,,
Candace Avalos,Steph Routh,Loretta Smith,Timur Ender,,
Loretta Smith,Doug Clove,Candace Avalos,Steph Routh,Peggy Sue Owens,
Candace Avalos,Steph Routh,Timur Ender,Jamie Dunphy,,
Loretta Smith,Peggy Sue Owens,,,,
Deian Salazar,Terrence Hayes,Doug Clove,Noah Ernst,Candace Avalos,Joe Allen
Steph Routh,,,,,
Candace Avalos,Deian Salazar,Doug Clove,Joe Allen,Noah Ernst,Joe Furi
Jamie Dunphy,Steph Routh,Michael (Mike) Sands,David Linn,Doug Clove,Loretta Smith
Terrence Hayes,Thomas Shervey,Doug Clove,Joe Allen,,
Deian Salazar,Joe Furi,Thomas Shervey,Jamie Dunphy,Terrence Hayes,Michael (Mike) Sands
Doug Clove,Timur Ender,David Linn,,,
Peggy Sue Owens,David Linn,,,,
Jamie Dunphy,Candace Avalos,Joe Allen,Cayle Tern,Noah Ernst,Doug Clove
Loretta Smith,Jamie Dunphy,Timur Ender,Steph Routh,Candace Avalos,
Candace Avalos,Cayle Tern,Timur Ender,Loretta Smith,Terrence Hayes,Steph Routh
David Linn,Terrence Hayes,,,,
Candace Avalos,Terrence Hayes,Cayle Tern,Deian Salazar,,
Peggy Sue Owens,Candace Avalos,David Linn,Thomas Shervey,Jamie Dunphy,Terrence Hayes
Terrence Hayes,Joe Allen,Candace Avalos,Thomas Shervey,Loretta Smith,Steph Routh
Joe Furi,Terrence Hayes,,,,
Noah Ernst,Doug Clove,Deian Salazar,,,
Candace Avalos,Timur Ender,Loretta Smith,Jamie Dunphy,,
Jamie Dunphy,,,,,
Steph Routh,Loretta Smith,Deian Salazar,Terrence Hayes,Candace Avalos,
Doug Clove,Deian Salazar,,,,
Loretta Smith,Steph Routh,Timur Ender,Candace Avalos,Cayle Tern,Deian Salazar
Loretta Smith,Jamie Dunphy,Candace Avalos,Steph Routh,Terrence Hayes,Timur Ender
Loretta Smith,Terrence Hayes,Steph Routh,Candace Avalos,,
Steph Routh,Jamie Dunphy,,,,
Timur Ender,Candace Avalos,Doug Clove,Steph Routh,Cayle Tern,
Noah Ernst,Joe Allen,David Linn,,,
Candace Avalos,Steph Routh,Timur Ender,,,
Doug Clove,,,,,
Michael (Mike) Sands,,,,,
Terrence Hayes,,,,,
Joe Furi,Joe Allen,Noah Ernst,Peggy Sue Owens,Thomas Shervey,Loretta Smith
Candace Avalos,Michael (Mike) Sands,Terrence Hayes,Noah Ernst,Steph Routh,
Candace Avalos,Peggy Sue Owens,Deian Salazar,Loretta Smith,Steph Routh,Joe Furi
Doug Clove,Deian Salazar,,,,
Doug Clove,Joe Furi,Deian Salazar,Loretta Smith,Terrence Hayes,Steph Routh
Jamie Dunphy,Candace Avalos,Timur Ender,Steph Routh,,
Candace Avalos,,,,,
Noah Ernst,Loretta Smith,Michael (Mike) Sands,Steph Routh,Terrence Hayes,Jamie Dunphy
Loretta Smith,,,,,
Jamie Dunphy,Candace Avalos,Cayle Tern,Terrence Hayes,Steph Routh,Loretta Smith
Steph Routh,Jamie Dunphy,Timur Ender,Loretta Smith,Candace Avalos,
Timur Ender,Jamie Dunphy,Steph Routh,,,
Michael (Mike) Sands,Jamie Dunphy,,,,
Candace Avalos,Loretta Smith,Steph Routh,Timur Ender,Cayle Tern,Terrence Hayes
Terrence Hayes,Noah Ernst,Candace Avalos,Timur Ender,,
Cayle Tern,Peggy Sue Owens,Candace Avalos,Loretta Smith,,
Terrence Hayes,Candace Avalos,Loretta Smith,,,
Candace Avalos,Steph Routh,,,,
Timur Ender,Joe Furi,Doug Clove,Terrence Hayes,Jamie Dunphy,Noah Ernst
Loretta Smith,,,,,
Thomas Shervey,Candace Avalos,,,,
Noah Ernst,Candace Avalos,Terrence Hayes,Loretta Smith,Doug Clove,
Jamie Dunphy,Candace Avalos,Steph Routh,,,
Steph Routh,Loretta Smith,Timur Ender,Jamie Dunphy,Candace Avalos,
Candace Avalos,Loretta Smith,Steph Routh,Timur Ender,David Linn,Noah Ernst
Steph Routh,Candace Avalos,Jamie Dunphy,Timur Ender,Loretta Smith,Noah Ernst
Candace Avalos,Steph Routh,Timur Ender,,,
Joe Furi,,,,,
Loretta Smith,Michael (Mike) Sands,Joe Allen,Steph Routh,Noah Ernst,Jamie Dunphy
Michael (Mike) Sands,Joe Furi,Doug Clove,Cayle Tern,David Linn,Joe Allen
Steph Routh,Timur Ender,Candace Avalos,Loretta Smith,Terrence Hayes,
Candace Avalos,David Linn,Doug Clove,Loretta Smith,Deian Salazar,Terrence Hayes
Noah Ernst,Joe Allen,Doug Clove,Deian Salazar,Loretta Smith,Terrence Hayes
Candace Avalos,Timur Ender,Doug Clove,Loretta Smith,,
Jamie Dunphy,,,,,
Candace Avalos,Peggy Sue Owens,Noah Ernst,Loretta Smith,Jamie Dunphy,Doug Clove
Joe Furi,Candace Avalos,,,,
Loretta Smith,Steph Routh,Terrence Hayes,Jamie Dunphy,Timur Ender,Candace Avalos
Noah Ernst,Jamie Dunphy,Peggy Sue Owens,Deian Salazar,Loretta Smith,Thomas Shervey
Candace Avalos,Steph Routh,Timur Ender,Jamie Dunphy,David Linn,Deian Salazar
Terrence Hayes,,,,,
Jamie Dunphy,Candace Avalos,Steph Routh,Loretta Smith,Timur Ender,
Timur Ender,Loretta Smith,Candace Avalos,,,
Terrence Hayes,,,,,
Terrence Hayes,Candace Avalos,Jamie Dunphy,Steph Routh,Loretta Smith,
Terrence Hayes,,,,,
Steph Routh,Candace Avalos,Terrence Hayes,David Linn,,
Jamie Dunphy,Candace Avalos,Steph Routh,,,
Jamie Dunphy,Loretta Smith,Candace Avalos,Steph Routh,David Linn,
Candace Avalos,Terrence Hayes,Loretta Smith,Jamie Dunphy,,
Timur Ender,,,,,
Noah Ernst,Jamie Dunphy,Terrence Hayes,Timur Ender,Steph Routh,Candace Avalos
Noah Ernst,,,,,
Noah Ernst,Deian Salazar,David Linn,Write-in-120,Thomas Shervey,
Steph Routh,Loretta Smith,Candace Avalos,Jamie Dunphy,Terrence Hayes,Deian Salazar
Timur Ender,Candace Avalos,Terrence Hayes,Jamie Dunphy,Noah Ernst,Loretta Smith
Timur Ender,Noah Ernst,Terrence Hayes,,,
Steph Routh,Jamie Dunphy,,,,
Timur Ender,Jamie Dunphy,Cayle Tern,Candace Avalos,Steph Routh,Terrence Hayes
Doug Clove,Terrence Hayes,,,,
Steph Routh,Candace Avalos,Timur Ender,Terrence Hayes,Jamie Dunphy,Noah Ernst
Candace Avalos,Steph Routh,,,,
Peggy Sue Owens,Jamie Dunphy,,,,
Candace Avalos,Jamie Dunphy,Steph Routh,,,
Steph Routh,Timur Ender,Jamie Dunphy,Candace Avalos,,
Deian Salazar,Terrence Hayes,Loretta Smith,Steph Routh,Candace Avalos,Timur Ender
Cayle Tern,Joe Furi,Doug Clove,Terrence Hayes,Jamie Dunphy,Steph Routh
David Linn,,,,,
Doug Clove,Noah Ernst,Deian Salazar,,,
Candace Avalos,Steph Routh,Timur Ender,Cayle Tern,Jamie Dunphy,David Linn
Candace Avalos,Steph Routh,Timur Ender,Jamie Dunphy,,
Timur Ender,Steph Routh,Candace Avalos,Terrence Hayes,,
Loretta Smith,Timur Ender,Michael (Mike) Sands,Terrence Hayes,,
Terrence Hayes,Steph Routh,Candace Avalos,Jamie Dunphy,Timur Ender,
Terrence Hayes,Noah Ernst,,,,
Candace Avalos,Jamie Dunphy,Steph Routh,Timur Ender,,
Terrence Hayes,Noah Ernst,,,,
Noah Ernst,Terrence Hayes,Joe Furi,Loretta Smith,Doug Clove,
Candace Avalos,Timur Ender,Steph Routh,Jamie Dunphy,Cayle Tern,David Linn
Peggy Sue Owens,Cayle Tern,Joe Allen,Terrence Hayes,Michael (Mike) Sands,Jamie Dunphy
Steph Routh,Candace Avalos,Jamie Dunphy,,,
Loretta Smith,,,,,
Jamie Dunphy,Candace Avalos,Steph Routh,Noah Ernst,David Linn,Loretta Smith
Jamie Dunphy,Steph Routh,Terrence Hayes,Timur Ender,Cayle Tern,
,,,,,
Timur Ender,Candace Avalos,Cayle Tern,Steph Routh,Michael (Mike) Sands,Jamie Dunphy
Steph Routh,Noah Ernst,Jamie Dunphy,Joe Allen,Timur Ender,
Candace Avalos,Jamie Dunphy,Steph Routh,Thomas Shervey,,
Timur Ender,,,,,
Michael (Mike) Sands,Noah Ernst,Doug Clove,Loretta Smith,Candace Avalos,
Noah Ernst,Joe Furi,Loretta Smith,Doug Clove,,
Candace Avalos,Jamie Dunphy,Steph Routh,Cayle Tern,Timur Ender,
Terrence Hayes,Steph Routh,Jamie Dunphy,,,
Deian Salazar,Joe Allen,David Linn,,,
Timur Ender,Candace Avalos,Steph Routh,Deian Salazar,Joe Allen,Joe Furi
Loretta Smith,Candace Avalos,Steph Routh,Cayle Tern,Deian Salazar,David Linn
Candace Avalos,Peggy Sue Owens,,,,
Loretta Smith,,,,,
Timur Ender,Michael (Mike) Sands,Terrence Hayes,Jamie Dunphy,Doug Clove,Deian Salazar
Loretta Smith,,,,,
Loretta Smith,Candace Avalos,Jamie Dunphy,,,
Candace Avalos,Loretta Smith,Jamie Dunphy,Steph Routh,David Linn,Deian Salazar
Loretta Smith,Steph Routh,Terrence Hayes,Doug Clove,Cayle Tern,Timur Ender
Terrence Hayes,Noah Ernst,Doug Clove,,,
Candace Avalos,Doug Clove,Jamie Dunphy,Timur Ender,David Linn,Steph Routh
Terrence Hayes,Noah Ernst,Candace Avalos,Steph Routh,Cayle Tern,Loretta Smith
Loretta Smith,Terrence Hayes,Jamie Dunphy,,,
Cayle Tern,,,,,
Joe Allen,Noah Ernst,,,,
Terrence Hayes,Noah Ernst,Joe Furi,Loretta Smith,Doug Clove,Write-in-120
Jamie Dunphy,Candace Avalos,Steph Routh,,,
Steph Routh,,,,,
Terrence Hayes,Noah Ernst,Doug Clove,Thomas Shervey,Joe Allen,
Jamie Dunphy,Steph Routh,Candace Avalos,Timur Ender,Loretta Smith,David Linn
Terrence Hayes,Noah Ernst,Steph Routh,,,
Noah Ernst,Doug Clove,Michael (Mike) Sands,Terrence Hayes,,
Jamie Dunphy,Noah Ernst,Steph Routh,Terrence Hayes,Loretta Smith,Timur Ender
Jamie Dunphy,,,,,
Timur Ender,Jamie Dunphy,David Linn,Doug Clove,Steph Routh,
Terrence Hayes,Noah Ernst,Joe Furi,Loretta Smith,Doug Clove,Write-in-120
Noah Ernst,Jamie Dunphy,Steph Routh,,,
Noah Ernst,,,,,
Loretta Smith,Steph Routh,Terrence Hayes,Candace Avalos,Peggy Sue Owens,Cayle Tern
Jamie Dunphy,Candace Avalos,Steph Routh,,,
Terrence Hayes,,,,,
Noah Ernst,,,,,
Steph Routh,Candace Avalos,Timur Ender,Thomas Shervey,Terrence Hayes,Jamie Dunphy
Thomas Shervey,Candace Avalos,Timur Ender,Jamie Dunphy,Steph Routh,Cayle Tern
David Linn,,,,,
Timur Ender,Loretta Smith,Noah Ernst,,,
Steph Routh,Timur Ender,Jamie Dunphy,Cayle Tern,Loretta Smith,Candace Avalos
Candace Avalos,Timur Ender,Steph Routh,Cayle Tern,Jamie Dunphy,
Candace Avalos,Steph Routh,Timur Ender,Jamie Dunphy,,
Loretta Smith,,,,,
Terrence Hayes,Noah Ernst,Loretta Smith,Timur Ender,,
Steph Routh,Thomas Shervey,David Linn,Joe Allen,Doug Clove,Terrence Hayes
Candace Avalos,Steph Routh,Thomas Shervey,Cayle Tern,,
Candace Avalos,Steph Routh,Jamie Dunphy,Timur Ender,Cayle Tern,
Candace Avalos,Steph Routh,Loretta Smith,,,
Timur Ender,Noah Ernst,David Linn,Joe Furi,Doug Clove,Steph Routh
Candace Avalos,Jamie Dunphy,Cayle Tern,Timur Ender,Steph Routh,Loretta Smith
Candace Avalos,Steph Routh,Timur Ender,Jamie Dunphy,,
Candace Avalos,Loretta Smith,Terrence Hayes,,,
Jamie Dunphy,Candace Avalos,Steph Routh,,,
Doug Clove,,,,,
David Linn,,,,,
Jamie Dunphy,Candace Avalos,Steph Routh,Loretta Smith,David Linn,Noah Ernst
Jamie Dunphy,Candace Avalos,Steph Routh,Noah Ernst,David Linn,Loretta Smith
Loretta Smith,Terrence Hayes,Deian Salazar,,,
Jamie Dunphy,Candace Avalos,Steph Routh,Noah Ernst,David Linn,Terrence Hayes
Joe Allen,David Linn,Doug Clove,Michael (Mike) Sands,Jamie Dunphy,Steph Routh
Joe Allen,,,,,
Jamie Dunphy,,,,,
Doug Clove,Steph Routh,Noah Ernst,Jamie Dunphy,Loretta Smith,Thomas Shervey
Doug Clove,Loretta Smith,,,,
David Linn,Candace Avalos,Noah Ernst,Peggy Sue Owens,Joe Allen,Timur Ender
Jamie Dunphy,Steph Routh,Candace Avalos,,,
Jamie Dunphy,Steph Routh,Terrence Hayes,Thomas Shervey,Loretta Smith,Deian Salazar
Peggy Sue Owens,,,,,
Candace Avalos,Cayle Tern,Timur Ender,Steph Routh,Jamie Dunphy,David Linn
Terrence Hayes,Deian Salazar,Candace Avalos,,,
Steph Routh,Jamie Dunphy,,,,
Jamie Dunphy,Steph Routh,,,,
Loretta Smith,Noah Ernst,Jamie Dunphy,Candace Avalos,Terrence Hayes,Timur Ender
Jamie Dunphy,Candace Avalos,Steph Routh,Noah Ernst,David Linn,Loretta Smith
Candace Avalos,Loretta Smith,Steph Routh,Cayle Tern,Noah Ernst,Timur Ender
Doug Clove,Terrence Hayes,,,,
Loretta Smith,Deian Salazar,,,,
David Linn,Noah Ernst,,,,
Candace Avalos,Cayle Tern,Deian Salazar,Loretta Smith,Jamie Dunphy,Michael (Mike) Sands
Candace Avalos,Cayle Tern,Timur Ender,Jamie Dunphy,Steph Routh,David Linn
Loretta Smith,Noah Ernst,David Linn,Doug Clove,Joe Furi,Thomas Shervey
Terrence Hayes,Jamie Dunphy,,,,
Candace Avalos,Terrence Hayes,Timur Ender,Cayle Tern,Deian Salazar,Steph Routh
Jamie Dunphy,Terrence Hayes,Loretta Smith,Deian Salazar,,
Deian Salazar,Noah Ernst,Steph Routh,Loretta Smith,Candace Avalos,David Linn
Jamie Dunphy,Steph Routh,Candace Avalos,Timur Ender,,
,,,,,
Steph Routh,Loretta Smith,Candace Avalos,Cayle Tern,Peggy Sue Owens,Noah Ernst
David Linn,,,,,
Doug Clove,Loretta Smith,Terrence Hayes,Steph Routh,Jamie Dunphy,Michael (Mike) Sands
Timur Ender,Loretta Smith,Terrence Hayes,Candace Avalos,Noah Ernst,Michael (Mike) Sands
Loretta Smith,Peggy Sue Owens,Candace Avalos,Jamie Dunphy,Cayle Tern,
Jamie Dunphy,Loretta Smith,Cayle Tern,Thomas Shervey,Deian Salazar,Michael (Mike) Sands
Loretta Smith,Timur Ender,Steph Routh,Doug Clove,David Linn,Deian Salazar
Loretta Smith,,,,,
Terrence Hayes,Noah Ernst,Doug Clove,Timur Ender,Joe Allen,David Linn
Loretta Smith,Steph Routh,Terrence Hayes,Jamie Dunphy,Deian Salazar,Candace Avalos
Loretta Smith,Steph Routh,Timur Ender,Terrence Hayes,,
Timur Ender,Candace Avalos,Cayle Tern,Joe Furi,Thomas Shervey,Michael (Mike) Sands
Noah Ernst,Terrence Hayes,Candace Avalos,Timur Ender,,
Jamie Dunphy,Loretta Smith,Steph Routh,Candace Avalos,Timur Ender,
Doug Clove,,,,,
Candace Avalos,Terrence Hayes,Cayle Tern,Timur Ender,,
Timur Ender,David Linn,Jamie Dunphy,Steph Routh,Cayle Tern,Michael (Mike) Sands
Steph Routh,Loretta Smith,,,,
Candace Avalos,Cayle Tern,Timur Ender,Jamie Dunphy,Steph Routh,
Loretta Smith,Terrence Hayes,Joe Furi,,,
Jamie Dunphy,Candace Avalos,Steph Routh,Noah Ernst,,
Loretta Smith,Steph Routh,Terrence Hayes,,,
Steph Routh,Terrence Hayes,Jamie Dunphy,,,
Steph Routh,Jamie Dunphy,Candace Avalos,Loretta Smith,Terrence Hayes,Cayle Tern
Peggy Sue Owens,David Linn,Joe Furi,Loretta Smith,Terrence Hayes,Steph Routh
Terrence Hayes,Noah Ernst,,,,
Steph Routh,Loretta Smith,Timur Ender,Terrence Hayes,Michael (Mike) Sands,Deian Salazar
Timur Ender,Steph Routh,Candace Avalos,David Linn,Jamie Dunphy,Doug Clove
Candace Avalos,David Linn,,,,
Noah Ernst,Deian Salazar,Candace Avalos,,,
Loretta Smith,Candace Avalos,David Linn,Cayle Tern,Michael (Mike) Sands,Steph Routh
Loretta Smith,Doug Clove,,,,
Candace Avalos,Deian Salazar,Loretta Smith,Cayle Tern,Peggy Sue Owens,Noah Ernst
Steph Routh,Jamie Dunphy,Candace Avalos,Noah Ernst,Timur Ender,Loretta Smith
Noah Ernst,Deian Salazar,,,,
Loretta Smith,Candace Avalos,Peggy Sue Owens,Cayle Tern,,
Timur Ender,Candace Avalos,Steph Routh,Cayle Tern,,
Candace Avalos,Steph Routh,Timur Ender,,,
David Linn,Noah Ernst,Joe Furi,Loretta Smith,Terrence Hayes,Timur Ender
Loretta Smith,,,,,
Steph Routh,Jamie Dunphy,Candace Avalos,Timur Ender,Michael (Mike) Sands,Terrence Hayes
Deian Salazar,,,,,
Candace Avalos,Steph Routh,Loretta Smith,Jamie Dunphy,Timur Ender,Cayle Tern
Loretta Smith,Candace Avalos,Peggy Sue Owens,Cayle Tern,Jamie Dunphy,Joe Allen
Noah Ernst,,,,,
Jamie Dunphy,Candace Avalos,,,,
Terrence Hayes,Loretta Smith,,,,
Jamie Dunphy,Candace Avalos,Steph Routh,Noah Ernst,David Linn,Loretta Smith
Timur Ender,Deian Salazar,Thomas Shervey,Loretta Smith,Joe Furi,Joe Allen
Timur Ender,Steph Routh,Candace Avalos,Jamie Dunphy,Cayle Tern,
Loretta Smith,David Linn,Deian Salazar,Peggy Sue Owens,Timur Ender,Candace Avalos
Terrence Hayes,Noah Ernst,Candace Avalos,Jamie Dunphy,Steph Routh,
Noah Ernst,,,,,
Loretta Smith,Candace Avalos,Terrence Hayes,Cayle Tern,Timur Ender,Noah Ernst
Steph Routh,Loretta Smith,Candace Avalos,,,
Candace Avalos,Steph Routh,Jamie Dunphy,David Linn,,
Timur Ender,Candace Avalos,Noah Ernst,Terrence Hayes,Jamie Dunphy,
Noah Ernst,Peggy Sue Owens,Michael (Mike) Sands,,,
Candace Avalos,Steph Routh,Timur Ender,Jamie Dunphy,Loretta Smith,Noah Ernst
Jamie Dunphy,Candace Avalos,Steph Routh,,,
Cayle Tern,Terrence Hayes,Michael (Mike) Sands,Candace Avalos,,
Timur Ender,Joe Allen,Candace Avalos,Cayle Tern,Loretta Smith,Terrence Hayes
Loretta Smith,Terrence Hayes,Peggy Sue Owens,,,
Noah Ernst,Joe Furi,,,,
Jamie Dunphy,Steph Routh,Timur Ender,Loretta Smith,Terrence Hayes,Candace Avalos
Jamie Dunphy,Terrence Hayes,Noah Ernst,Candace Avalos,Loretta Smith,
Cayle Tern,David Linn,Jamie Dunphy,Candace Avalos,Timur Ender,Steph Routh
Timur Ender,Terrence Hayes,Candace Avalos,Michael (Mike) Sands,Loretta Smith,David Linn
Terrence Hayes,Peggy Sue Owens,Joe Allen,Loretta Smith,Cayle Tern,Candace Avalos
Doug Clove,,,,,
Doug Clove,Thomas Shervey,Steph Routh,Loretta Smith,Jamie Dunphy,Timur Ender
Terrence Hayes,Loretta Smith,Steph Routh,Cayle Tern,Jamie Dunphy,Deian Salazar
Candace Avalos,Steph Routh,Deian Salazar,Cayle Tern,Timur Ender,
Steph Routh,David Linn,Terrence Hayes,,,
Loretta Smith,Candace Avalos,Peggy Sue Owens,Deian Salazar,Joe Furi,Terrence Hayes
Joe Furi,,,,,
Loretta Smith,,,,,
Loretta Smith,Peggy Sue Owens,Candace Avalos,Steph Routh,,
Peggy Sue Owens,,,,,
Loretta Smith,Terrence Hayes,,,,
Candace Avalos,Timur Ender,Steph Routh,,,
Loretta Smith,,,,,
Timur Ender,Steph Routh,Jamie Dunphy,Candace Avalos,Cayle Tern,David Linn
Timur Ender,Steph Routh,David Linn,Jamie Dunphy,Terrence Hayes,Loretta Smith
Terrence Hayes,Noah Ernst,David Linn,,,
Noah Ernst,,,,,
Jamie Dunphy,,,,,
Candace Avalos,Steph Routh,Jamie Dunphy,Peggy Sue Owens,,
Deian Salazar,Candace Avalos,Noah Ernst,Joe Furi,,
Candace Avalos,Terrence Hayes,Steph Routh,,,
Terrence Hayes,,,,,
Noah Ernst,Timur Ender,Deian Salazar,Terrence Hayes,Steph Routh,Jamie Dunphy
,,,,,
Noah Ernst,Doug Clove,Joe Furi,,,
Candace Avalos,Steph Routh,Timur Ender,,,
Steph Routh,Loretta Smith,Timur Ender,Candace Avalos,,
Loretta Smith,Terrence Hayes,Noah Ernst,,,
Michael (Mike) Sands,Noah Ernst,Terrence Hayes,,,
Candace Avalos,Steph Routh,Timur Ender,Jamie Dunphy,,
Noah Ernst,Candace Avalos,Joe Allen,David Linn,Cayle Tern,Doug Clove
David Linn,Terrence Hayes,Candace Avalos,Timur Ender,Doug Clove,Michael (Mike) Sands
Candace Avalos,Jamie Dunphy,Steph Routh,,,
Timur Ender,,,,,
Jamie Dunphy,Candace Avalos,Terrence Hayes,Loretta Smith,Michael (Mike) Sands,Cayle Tern
Deian Salazar,Terrence Hayes,Loretta Smith,,,
Steph Routh,Candace Avalos,Jamie Dunphy,David Linn,Cayle Tern,Deian Salazar
Candace Avalos,Timur Ender,Steph Routh,Jamie Dunphy,,
Steph Routh,Timur Ender,Terrence Hayes,Candace Avalos,Cayle Tern,Michael (Mike) Sands
,,,,,
Jamie Dunphy,Steph Routh,Candace Avalos,,,
Terrence Hayes,Noah Ernst,Doug Clove,,,
Loretta Smith,Terrence Hayes,,,,
Steph Routh,Terrence Hayes,Timur Ender,Candace Avalos,Loretta Smith,
Jamie Dunphy,Candace Avalos,David Linn,Timur Ender,Cayle Tern,Steph Routh
Timur Ender,Cayle Tern,Steph Routh,,,
Timur Ender,,,,,
Terrence Hayes,Loretta Smith,Steph Routh,,,
Timur Ender,David Linn,Noah Ernst,Steph Routh,Candace Avalos,Terrence Hayes
Timur Ender,David Linn,Doug Clove,Michael (Mike) Sands,Loretta Smith,Jamie Dunphy
Noah Ernst,David Linn,Loretta Smith,,,
Jamie Dunphy,Steph Routh,Loretta Smith,Timur Ender,Candace Avalos,Noah Ernst
Doug Clove,Loretta Smith,Terrence Hayes,Jamie Dunphy,Steph Routh,
Write-in-120,,,,,
Candace Avalos,Cayle Tern,,,,
Candace Avalos,,,,,
Terrence Hayes,Doug Clove,Joe Furi,,,
Candace Avalos,Timur Ender,Terrence Hayes,Michael (Mike) Sands,Loretta Smith,David Linn
Loretta Smith,Terrence Hayes,Jamie Dunphy,Candace Avalos,Steph Routh,Timur Ender
Doug Clove,Noah Ernst,Terrence Hayes,,,
Jamie Dunphy,Steph Routh,Candace Avalos,,,
Thomas Shervey,Peggy Sue Owens,Doug Clove,Deian Salazar,Terrence Hayes,David Linn
,,,,,
Timur Ender,Candace Avalos,Cayle Tern,,,
Loretta Smith,Steph Routh,Terrence Hayes,Timur Ender,Noah Ernst,David Linn
Jamie Dunphy,Steph Routh,Candace Avalos,Timur Ender,,
,,,,,
,,,,,
Noah Ernst,Deian Salazar,Loretta Smith,Terrence Hayes,,
Candace Avalos,Jamie Dunphy,Noah Ernst,,,
Candace Avalos,Terrence Hayes,Steph Routh,Timur Ender,,
Jamie Dunphy,Steph Routh,,,,
Jamie Dunphy,Timur Ender,Cayle Tern,,,
Steph Routh,Terrence Hayes,Loretta Smith,Jamie Dunphy,Timur Ender,
Timur Ender,Steph Routh,Jamie Dunphy,,,
Jamie Dunphy,Timur Ender,Steph Routh,Candace Avalos,,
Candace Avalos,Jamie Dunphy,Loretta Smith,Steph Routh,,
Peggy Sue Owens,Timur Ender,Noah Ernst,Candace Avalos,Joe Allen,David Linn
Candace Avalos,Loretta Smith,,,,
Timur Ender,Jamie Dunphy,Steph Routh,Candace Avalos,Noah Ernst,Loretta Smith
Jamie Dunphy,David Linn,Timur Ender,Candace Avalos,Steph Routh,Loretta Smith
Jamie Dunphy,Candace Avalos,Steph Routh,Noah Ernst,David Linn,Loretta Smith
Noah Ernst,Timur Ender,Doug Clove,Loretta Smith,Joe Furi,Steph Routh
Candace Avalos,Steph Routh,Timur Ender,,,
Loretta Smith,Timur Ender,Steph Routh,,,
Candace Avalos,Cayle Tern,Timur Ender,Steph Routh,Loretta Smith,Jamie Dunphy
Noah Ernst,Terrence Hayes,Steph Routh,Timur Ender,,
Candace Avalos,Thomas Shervey,Steph Routh,Jamie Dunphy,Peggy Sue Owens,Cayle Tern
Loretta Smith,Terrence Hayes,Steph Routh,Jamie Dunphy,Thomas Shervey,Candace Avalos
Joe Allen,,,,,
Steph Routh,Candace Avalos,Timur Ender,Terrence Hayes,Noah Ernst,David Linn
Loretta Smith,Terrence Hayes,Candace Avalos,David Linn,Timur Ender,
Candace Avalos,Steph Routh,Timur Ender,Cayle Tern,Thomas Shervey,Noah Ernst
Joe Allen,David Linn,Michael (Mike) Sands,,,
David Linn,,,,,
Terrence Hayes,Noah Ernst,Candace Avalos,,,
Terrence Hayes,Noah Ernst,Candace Avalos,Timur Ender,Deian Salazar,Joe Allen
Terrence Hayes,Noah Ernst,Loretta Smith,Michael (Mike) Sands,David Linn,Steph Routh
Candace Avalos,Timur Ender,Loretta Smith,Steph Routh,David Linn,Jamie Dunphy
Steph Routh,Noah Ernst,David Linn,Doug Clove,,
Steph Routh,Candace Avalos,Jamie Dunphy,,,
Loretta Smith,Steph Routh,Terrence Hayes,,,
Loretta Smith,David Linn,Candace Avalos,Terrence Hayes,Timur Ender,
Timur Ender,Michael (Mike) Sands,Joe Allen,,,
Jamie Dunphy,Timur Ender,Loretta Smith,Michael (Mike) Sands,Doug Clove,Terrence Hayes
Jamie Dunphy,Steph Routh,Timur Ender,Candace Avalos,,
Michael (Mike) Sands,Terrence Hayes,Steph Routh,Jamie Dunphy,Loretta Smith,Timur Ender
Steph Routh,Candace Avalos,Timur Ender,Jamie Dunphy,,
Doug Clove,Joe Allen,Candace Avalos,David Linn,Steph Routh,Terrence Hayes
Candace Avalos,Timur Ender,Steph Routh,Jamie Dunphy,Cayle Tern,David Linn
Loretta Smith,,,,,
Loretta Smith,Noah Ernst,Deian Salazar,Doug Clove,Timur Ender,Cayle Tern
Terrence Hayes,Noah Ernst,,,,
Candace Avalos,,,,,
Loretta Smith,Thomas Shervey,Noah Ernst,Timur Ender,,
Timur Ender,Candace Avalos,Steph Routh,Jamie Dunphy,David Linn,
Steph Routh,Jamie Dunphy,Thomas Shervey,,,
Terrence Hayes,David Linn,Steph Routh,Candace Avalos,,
Jamie Dunphy,Loretta Smith,Steph Routh,Terrence Hayes,Timur Ender,Candace Avalos
Jamie Dunphy,Timur Ender,Joe Furi,,,
Peggy Sue Owens,Terrence Hayes,,,,
Terrence Hayes,Loretta Smith,Deian Salazar,Candace Avalos,Timur Ender,
,,,,,
Joe Allen,Doug Clove,Loretta Smith,Terrence Hayes,Noah Ernst,Michael (Mike) Sands
Timur Ender,Jamie Dunphy,Steph Routh,Candace Avalos,Cayle Tern,David Linn
Loretta Smith,,,,,
Terrence Hayes,Noah Ernst,Joe Furi,Loretta Smith,,
Jamie Dunphy,Steph Routh,Cayle Tern,,,
Michael (Mike) Sands,Doug Clove,Jamie Dunphy,Steph Routh,,
,,,,,
Jamie Dunphy,Candace Avalos,,,,
Loretta Smith,,,,,
Steph Routh,Cayle Tern,Candace Avalos,David Linn,Timur Ender,
Cayle Tern,Peggy Sue Owens,Noah Ernst,Jamie Dunphy,Joe Furi,David Linn
Candace Avalos,Steph Routh,Jamie Dunphy,David Linn,Noah Ernst,Timur Ender
Joe Allen,Doug Clove,Loretta Smith,Michael (Mike) Sands,Noah Ernst,Joe Furi
Jamie Dunphy,Steph Routh,Candace Avalos,,,
Candace Avalos,Cayle Tern,Timur Ender,,,
Noah Ernst,Doug Clove,Thomas Shervey,,,
Candace Avalos,Cayle Tern,Jamie Dunphy,Steph Routh,Timur Ender,David Linn
Candace Avalos,Cayle Tern,Timur Ender,Jamie Dunphy,Steph Routh,David Linn
Terrence Hayes,Jamie Dunphy,Steph Routh,,,
Noah Ernst,,,,,
David Linn,Candace Avalos,Timur Ender,,,
Terrence Hayes,,,,,
Candace Avalos,Loretta Smith,Steph Routh,Terrence Hayes,Deian Salazar,Cayle Tern
Jamie Dunphy,Steph Routh,Candace Avalos,,,
Candace Avalos,Timur Ender,Steph Routh,Jamie Dunphy,Joe Furi,Michael (Mike) Sands
Noah Ernst,David Linn,Joe Furi,Terrence Hayes,Jamie Dunphy,Peggy Sue Owens
Jamie Dunphy,Steph Routh,Noah Ernst,Candace Avalos,Terrence Hayes,
Noah Ernst,,,,,
David Linn,,,,,
Timur Ender,Candace Avalos,Jamie Dunphy,Cayle Tern,Steph Routh,
Terrence Hayes,Noah Ernst,Joe Furi,Loretta Smith,Doug Clove,Write-in-120
Steph Routh,Candace Avalos,Jamie Dunphy,,,
Terrence Hayes,Loretta Smith,Jamie Dunphy,Candace Avalos,,
Jamie Dunphy,Candace Avalos,,,,
Jamie Dunphy,Timur Ender,Candace Avalos,Steph Routh,David Linn,Michael (Mike) Sands
Timur Ender,,,,,
Timur Ender,Candace Avalos,Jamie Dunphy,Steph Routh,Noah Ernst,Terrence Hayes
Noah Ernst,,,,,
Cayle Tern,Loretta Smith,Candace Avalos,Terrence Hayes,Steph Routh,Timur Ender
Steph Routh,David Linn,,,,
Jamie Dunphy,Steph Routh,Candace Avalos,Terrence Hayes,David Linn,Cayle Tern
Doug Clove,Joe Allen,Noah Ernst,Terrence Hayes,Joe Furi,Timur Ender
Noah Ernst,Doug Clove,Steph Routh,Jamie Dunphy,Loretta Smith,Michael (Mike) Sands
Doug Clove,,,,,
Candace Avalos,Timur Ender,David Linn,Jamie Dunphy,Steph Routh,Cayle Tern
Candace Avalos,Timur Ender,Cayle Tern,David Linn,,
Thomas Shervey,Steph Routh,Terrence Hayes,Michael (Mike) Sands,Noah Ernst,
Doug Clove,Noah Ernst,Joe Allen,Michael (Mike) Sands,Deian Salazar,Terrence Hayes
Noah Ernst,Michael (Mike) Sands,Cayle Tern,Loretta Smith,Steph Routh,Jamie Dunphy
Candace Avalos,Jamie Dunphy,Steph Routh,,,
Loretta Smith,Terrence Hayes,Peggy Sue Owens,,,
Candace Avalos,David Linn,Timur Ender,Jamie Dunphy,Cayle Tern,Steph Routh
David Linn,Jamie Dunphy,Michael (Mike) Sands,,,
Timur Ender,Michael (Mike) Sands,Loretta Smith,,,
Jamie Dunphy,Timur Ender,Steph Routh,David Linn,Candace Avalos,
Candace Avalos,,,,,
Loretta Smith,Terrence Hayes,,,,
Candace Avalos,Jamie Dunphy,Steph Routh,Timur Ender,,
Loretta Smith,Terrence Hayes,Candace Avalos,Joe Allen,Cayle Tern,Peggy Sue Owens
Steph Routh,Doug Clove,Terrence Hayes,,,
Noah Ernst,David Linn,Candace Avalos,Steph Routh,Jamie Dunphy,
Steph Routh,Terrence Hayes,Loretta Smith,Doug Clove,Candace Avalos,David Linn
Loretta Smith,Candace Avalos,Noah Ernst,David Linn,Joe Furi,Doug Clove
Jamie Dunphy,Cayle Tern,Candace Avalos,Timur Ender,David Linn,
Loretta Smith,Doug Clove,Terrence Hayes,Joe Allen,David Linn,Peggy Sue Owens
Candace Avalos,Steph Routh,Timur Ender,Jamie Dunphy,David Linn,Cayle Tern
Peggy Sue Owens,Joe Allen,Michael (Mike) Sands,Jamie Dunphy,Thomas Shervey,Timur Ender
Loretta Smith,Jamie Dunphy,Candace Avalos,Cayle Tern,Terrence Hayes,David Linn
Write-in-120,Jamie Dunphy,Candace Avalos,Timur Ender,Cayle Tern,David Linn
Jamie Dunphy,Candace Avalos,Steph Routh,,,
Loretta Smith,Terrence Hayes,,,,
Loretta Smith,Thomas Shervey,,,,
Loretta Smith,Peggy Sue Owens,Deian Salazar,Cayle Tern,Write-in-121,Steph Routh
Jamie Dunphy,Loretta Smith,Terrence Hayes,Timur Ender,Steph Routh,David Linn
Cayle Tern,Deian Salazar,Loretta Smith,Joe Furi,Noah Ernst,Peggy Sue Owens
Candace Avalos,Timur Ender,Steph Routh,Loretta Smith,Terrence Hayes,Jamie Dunphy
Timur Ender,Candace Avalos,Steph Routh,,,
Steph Routh,Terrence Hayes,Loretta Smith,Candace Avalos,Jamie Dunphy,Timur Ender
Candace Avalos,Steph Routh,Timur Ender,Jamie Dunphy,Thomas Shervey,Michael (Mike) Sands
Timur Ender,Candace Avalos,Cayle Tern,David Linn,,
Loretta Smith,Jamie Dunphy,Terrence Hayes,Doug Clove,Steph Routh,
Candace Avalos,Doug Clove,Jamie Dunphy,Terrence Hayes,Steph Routh,
Loretta Smith,Jamie Dunphy,Cayle Tern,Timur Ender,Candace Avalos,Joe Furi
Joe Allen,Thomas Shervey,Loretta Smith,Noah Ernst,David Linn,Doug Clove
Terrence Hayes,David Linn,Steph Routh,,,
Terrence Hayes,,,,,
Candace Avalos,Timur Ender,Steph Routh,Cayle Tern,Jamie Dunphy,Loretta Smith
,,,,,
Candace Avalos,Noah Ernst,Steph Routh,Jamie Dunphy,Loretta Smith,Terrence Hayes
Terrence Hayes,Loretta Smith,,,,
Steph Routh,Jamie Dunphy,Candace Avalos,,,
Candace Avalos,Timur Ender,Steph Routh,Cayle Tern,Jamie Dunphy,
Noah Ernst,Loretta Smith,Terrence Hayes,Jamie Dunphy,Timur Ender,
Doug Clove,Noah Ernst,Thomas Shervey,Terrence Hayes,Peggy Sue Owens,
Joe Furi,Candace Avalos,,,,
Timur Ender,Steph Routh,Loretta Smith,Jamie Dunphy,Doug Clove,Michael (Mike) Sands
Candace Avalos,Timur Ender,Steph Routh,Jamie Dunphy,Cayle Tern,David Linn
Loretta Smith,,,,,
Noah Ernst,Joe Allen,Candace Avalos,Doug Clove,Joe Furi,Deian Salazar
Steph Routh,Candace Avalos,Timur Ender,Jamie Dunphy,Loretta Smith,
Steph Routh,Timur Ender,Thomas Shervey,David Linn,Noah Ernst,
Loretta Smith,,,,,
Candace Avalos,Timur Ender,David Linn,Jamie Dunphy,Steph Routh,Cayle Tern
Terrence Hayes,Cayle Tern,Jamie Dunphy,Candace Avalos,,
Steph Routh,Loretta Smith,Jamie Dunphy,Timur Ender,David Linn,Terrence Hayes
Candace Avalos,Steph Routh,Timur Ender,Jamie Dunphy,,
Steph Routh,Loretta Smith,Terrence Hayes,,,
Jamie Dunphy,Steph Routh,Noah Ernst,Candace Avalos,David Linn,Terrence Hayes
Candace Avalos,Joe Allen,Cayle Tern,Jamie Dunphy,David Linn,Steph Routh
Timur Ender,Steph Routh,Candace Avalos,,,
Timur Ender,David Linn,,,,
Noah Ernst,,,,,
Jamie Dunphy,Candace Avalos,Steph Routh,Noah Ernst,David Linn,Loretta Smith
Steph Routh,,,,,
Jamie Dunphy,Candace Avalos,Steph Routh,Noah Ernst,David Linn,Loretta Smith
Peggy Sue Owens,,,,,
Peggy Sue Owens,Candace Avalos,Joe Furi,Deian Salazar,Jamie Dunphy,Cayle Tern
Loretta Smith,Deian Salazar,Timur Ender,Noah Ernst,,
Candace Avalos,Cayle Tern,Timur Ender,Jamie Dunphy,Steph Routh,David Linn
Doug Clove,Candace Avalos,Jamie Dunphy,Timur Ender,,
Timur Ender,David Linn,Thomas Shervey,,,
Jamie Dunphy,Steph Routh,Timur Ender,Loretta Smith,David Linn,
Terrence Hayes,Michael (Mike) Sands,Cayle Tern,David Linn,Peggy Sue Owens,Jamie Dunphy
Loretta Smith,Terrence Hayes,Steph Routh,Deian Salazar,Candace Avalos,David Linn
Candace Avalos,Timur Ender,Steph Routh,Jamie Dunphy,,
David Linn,Loretta Smith,Thomas Shervey,Peggy Sue Owens,Jamie Dunphy,Joe Allen
Steph Routh,,,,,
Steph Routh,Jamie Dunphy,Terrence Hayes,,,
Terrence Hayes,Loretta Smith,,,,
Loretta Smith,Thomas Shervey,Noah Ernst,Terrence Hayes,Jamie Dunphy,Steph Routh
Loretta Smith,Jamie Dunphy,Terrence Hayes,,,
Doug Clove,,,,,
Timur Ender,Noah Ernst,Joe Allen,Cayle Tern,Joe Furi,Deian Salazar
Noah Ernst,Jamie Dunphy,,,,
Michael (Mike) Sands,Terrence Hayes,Noah Ernst,Doug Clove,,
Peggy Sue Owens,,,,,
Loretta Smith,Peggy Sue Owens,,,,
Candace Avalos,Cayle Tern,Timur Ender,,,
Loretta Smith,Peggy Sue Owens,Candace Avalos,Doug Clove,Steph Routh,Jamie Dunphy
Loretta Smith,Timur Ender,Terrence Hayes,David Linn,,
Doug Clove,Loretta Smith,,,,
Joe Allen,,,,,
Joe Allen,Timur Ender,Steph Routh,Jamie Dunphy,David Linn,Cayle Tern
Candace Avalos,Timur Ender,Steph Routh,Cayle Tern,David Linn,
Doug Clove,,,,,
Timur Ender,Candace Avalos,Loretta Smith,,,
Candace Avalos,Loretta Smith,Peggy Sue Owens,Terrence Hayes,Jamie Dunphy,Cayle Tern
Candace Avalos,Doug Clove,Deian Salazar,Thomas Shervey,Terrence Hayes,Timur Ender
Candace Avalos,Loretta Smith,Timur Ender,Steph Routh,Jamie Dunphy,
Timur Ender,Steph Routh,Jamie Dunphy,Candace Avalos,,
Peggy Sue Owens,Timur Ender,Noah Ernst,Candace Avalos,Joe Allen,David Linn
Doug Clove,Michael (Mike) Sands,Deian Salazar,Loretta Smith,Thomas Shervey,David Linn
Noah Ernst,Terrence Hayes,Deian Salazar,Doug Clove,,
Noah Ernst,,,,,
Candace Avalos,Steph Routh,Timur Ender,,,
Terrence Hayes,Noah Ernst,,,,
Steph Routh,Jamie Dunphy,Candace Avalos,,,
Peggy Sue Owens,Cayle Tern,Terrence Hayes,,,
Candace Avalos,Timur Ender,Cayle Tern,,,
Cayle Tern,Noah Ernst,Deian Salazar,Timur Ender,Steph Routh,
Steph Routh,,,,,
Loretta Smith,Thomas Shervey,Terrence Hayes,Steph Routh,Jamie Dunphy,Deian Salazar
Terrence Hayes,Noah Ernst,Candace Avalos,,,
Loretta Smith,Candace Avalos,Michael (Mike) Sands,Steph Routh,Doug Clove,Jamie Dunphy
Jamie Dunphy,Candace Avalos,Steph Routh,Noah Ernst,David Linn,Loretta Smith
Candace Avalos,Timur Ender,Steph Routh,Jamie Dunphy,Cayle Tern,Thomas Shervey
Terrence Hayes,,,,,
Loretta Smith,Doug Clove,Terrence Hayes,,,
Write-in-120,Write-in-121,Write-in-122,,,
Jamie Dunphy,Candace Avalos,Timur Ender,Loretta Smith,,
Jamie Dunphy,Steph Routh,Candace Avalos,,,
Loretta Smith,Terrence Hayes,Deian Salazar,Noah Ernst,Timur Ender,Candace Avalos
Peggy Sue Owens,David Linn,Doug Clove,Loretta Smith,Thomas Shervey,Steph Routh
Candace Avalos,Steph Routh,Cayle Tern,Timur Ender,Jamie Dunphy,David Linn
David Linn,Cayle Tern,Doug Clove,Thomas Shervey,Steph Routh,Terrence Hayes
Candace Avalos,Timur Ender,Cayle Tern,,,
Candace Avalos,Steph Routh,Timur Ender,Jamie Dunphy,,
Candace Avalos,Steph Routh,Loretta Smith,Timur Ender,,
Noah Ernst,David Linn,Doug Clove,Joe Furi,Michael (Mike) Sands,Joe Allen
Terrence Hayes,Noah Ernst,Candace Avalos,,,
Cayle Tern,,,,,
Noah Ernst,Terrence Hayes,Steph Routh,,,
Peggy Sue Owens,Timur Ender,Noah Ernst,Candace Avalos,Joe Allen,David Linn
Candace Avalos,Cayle Tern,Timur Ender,,,
,,,,,
Noah Ernst,Steph Routh,Candace Avalos,Jamie Dunphy,,
Noah Ernst,Loretta Smith,,,,
Terrence Hayes,Steph Routh,Jamie Dunphy,Noah Ernst,Doug Clove,
Michael (Mike) Sands,Loretta Smith,Steph Routh,,,
Loretta Smith,Steph Routh,Jamie Dunphy,Terrence Hayes,Timur Ender,
Cayle Tern,Loretta Smith,Candace Avalos,Timur Ender,Steph Routh,
Loretta Smith,,,,,
Candace Avalos,Timur Ender,Jamie Dunphy,,,
Terrence Hayes,,,,,
Peggy Sue Owens,Terrence Hayes,,,,
Noah Ernst,,,,,
Candace Avalos,Jamie Dunphy,Timur Ender,Steph Routh,David Linn,Noah Ernst
Michael (Mike) Sands,,,,,
Timur Ender,Noah Ernst,Doug Clove,Loretta Smith,Steph Routh,Thomas Shervey
Noah Ernst,Doug Clove,Loretta Smith,Terrence Hayes,Michael (Mike) Sands,Timur Ender
Candace Avalos,Noah Ernst,Timur Ender,Jamie Dunphy,Cayle Tern,David Linn
Timur Ender,Steph Routh,Cayle Tern,David Linn,Candace Avalos,Jamie Dunphy
Noah Ernst,Jamie Dunphy,David Linn,Candace Avalos,Terrence Hayes,
Jamie Dunphy,Candace Avalos,,,,
Cayle Tern,Candace Avalos,,,,
Joe Furi,Candace Avalos,Noah Ernst,,,
Terrence Hayes,Noah Ernst,Joe Allen,Loretta Smith,,
Terrence Hayes,Timur Ender,Deian Salazar,Loretta Smith,Doug Clove,
Timur Ender,Candace Avalos,Loretta Smith,Steph Routh,Jamie Dunphy,Terrence Hayes
Candace Avalos,Jamie Dunphy,Steph Routh,Timur Ender,Noah Ernst,Terrence Hayes
Michael (Mike) Sands,,,,,
Candace Avalos,Cayle Tern,Timur Ender,Jamie Dunphy,,
Steph Routh,Candace Avalos,Jamie Dunphy,Thomas Shervey,,
Loretta Smith,Thomas Shervey,Steph Routh,Terrence Hayes,Jamie Dunphy,Michael (Mike) Sands
Timur Ender,Steph Routh,Loretta Smith,,,
Terrence Hayes,Loretta Smith,Cayle Tern,Michael (Mike) Sands,Noah Ernst,
Terrence Hayes,Noah Ernst,Joe Furi,Loretta Smith,Doug Clove,Write-in-120
Timur Ender,Cayle Tern,Joe Allen,David Linn,Steph Routh,Write-in-120
Candace Avalos,Jamie Dunphy,Loretta Smith,,,
Candace Avalos,Jamie Dunphy,Terrence Hayes,,,
Jamie Dunphy,Candace Avalos,David Linn,Noah Ernst,Cayle Tern,Terrence Hayes
Michael (Mike) Sands,Terrence Hayes,Doug Clove,Noah Ernst,,
Timur Ender,Candace Avalos,Steph Routh,Jamie Dunphy,,
Peggy Sue Owens,,,,,
Loretta Smith,Terrence Hayes,,,,
Deian Salazar,Candace Avalos,,,,
Joe Allen,,,,,
Peggy Sue Owens,,,,,
Jamie Dunphy,Doug Clove,Timur Ender,Noah Ernst,Deian Salazar,
Terrence Hayes,Timur Ender,Loretta Smith,Jamie Dunphy,David Linn,Steph Routh
Michael (Mike) Sands,David Linn,Loretta Smith,Jamie Dunphy,Noah Ernst,Candace Avalos
Doug Clove,Thomas Shervey,,,,
Noah Ernst,Jamie Dunphy,,,,
Michael (Mike) Sands,David Linn,Terrence Hayes,,,
Joe Allen,Timur Ender,Joe Furi,,,
Candace Avalos,Loretta Smith,Steph Routh,,,
,,,,,
Loretta Smith,,,,,
Timur Ender,Candace Avalos,Terrence Hayes,David Linn,Joe Furi,Steph Routh
Steph Routh,Candace Avalos,Jamie Dunphy,Timur Ender,David Linn,Cayle Tern
Noah Ernst,Steph Routh,Loretta Smith,,,
Terrence Hayes,Deian Salazar,David Linn,,,
Candace Avalos,Steph Routh,Cayle Tern,Jamie Dunphy,,
Timur Ender,Jamie Dunphy,Joe Furi,Michael (Mike) Sands,Candace Avalos,Terrence Hayes
Candace Avalos,Loretta Smith,,,,
Jamie Dunphy,Candace Avalos,Steph Routh,,,
Steph Routh,Candace Avalos,Timur Ender,David Linn,Cayle Tern,Loretta Smith
Doug Clove,Terrence Hayes,Candace Avalos,Loretta Smith,,
Steph Routh,Jamie Dunphy,Joe Allen,,,
Candace Avalos,Jamie Dunphy,Timur Ender,Terrence Hayes,Steph Routh,Loretta Smith
Candace Avalos,Loretta Smith,David Linn,Cayle Tern,Timur Ender,Michael (Mike) Sands
Steph Routh,Terrence Hayes,Candace Avalos,Jamie Dunphy,Loretta Smith,
Candace Avalos,Steph Routh,Jamie Dunphy,,,
Jamie Dunphy,Candace Avalos,Steph Routh,Noah Ernst,David Linn,Loretta Smith
Loretta Smith,Terrence Hayes,Timur Ender,,,
Doug Clove,,,,,
Steph Routh,Doug Clove,Timur Ender,Michael (Mike) Sands,Joe Furi,Deian Salazar
Loretta Smith,,,,,
Timur Ender,Cayle Tern,Loretta Smith,Terrence Hayes,Thomas Shervey,Jamie Dunphy
Loretta Smith,Terrence Hayes,Jamie Dunphy,Timur Ender,Deian Salazar,
Doug Clove,Jamie Dunphy,Noah Ernst,David Linn,Joe Furi,Timur Ender
Noah Ernst,David Linn,Doug Clove,Thomas Shervey,Timur Ender,Joe Allen
David Linn,,,,,
Timur Ender,Steph Routh,Terrence Hayes,Loretta Smith,Noah Ernst,
Loretta Smith,Candace Avalos,Doug Clove,Joe Furi,Terrence Hayes,Jamie Dunphy
Candace Avalos,Steph Routh,Timur Ender,Jamie Dunphy,Michael (Mike) Sands,Joe Furi
Loretta Smith,Terrence Hayes,,,,
Noah Ernst,Jamie Dunphy,,,,
Candace Avalos,Cayle Tern,Steph Routh,Loretta Smith,,
Steph Routh,Jamie Dunphy,Timur Ender,Candace Avalos,,
Terrence Hayes,Noah Ernst,Joe Furi,Loretta Smith,Doug Clove,Write-in-120
Candace Avalos,Jamie Dunphy,Terrence Hayes,Steph Routh,,
Candace Avalos,,,,,
Noah Ernst,Loretta Smith,Deian Salazar,,,
Terrence Hayes,Noah Ernst,Loretta Smith,,,
Candace Avalos,Terrence Hayes,Timur Ender,,,
Loretta Smith,Terrence Hayes,Noah Ernst,,,
Steph Routh,Timur Ender,Jamie Dunphy,,,
Noah Ernst,Loretta Smith,Joe Allen,Candace Avalos,Doug Clove,Joe Furi
Steph Routh,Doug Clove,Terrence Hayes,Candace Avalos,Jamie Dunphy,Timur Ender
Candace Avalos,Steph Routh,Timur Ender,Cayle Tern,Jamie Dunphy,David Linn
Michael (Mike) Sands,Loretta Smith,,,,
Noah Ernst,Doug Clove,Terrence Hayes,,,
Candace Avalos,Cayle Tern,Timur Ender,,,
Candace Avalos,Jamie Dunphy,Steph Routh,Loretta Smith,Terrence Hayes,Timur Ender
Peggy Sue Owens,Timur Ender,Noah Ernst,Candace Avalos,Joe Allen,David Linn
Jamie Dunphy,,,,,
Noah Ernst,Doug Clove,David Linn,Peggy Sue Owens,Thomas Shervey,Joe Furi
Candace Avalos,Steph Routh,Jamie Dunphy,,,
Candace Avalos,Steph Routh,Timur Ender,Loretta Smith,Terrence Hayes,Cayle Tern
,,,,,
Steph Routh,Jamie Dunphy,Loretta Smith,,,
Noah Ernst,,,,,
Loretta Smith,Candace Avalos,Jamie Dunphy,,,
Candace Avalos,Steph Routh,Timur Ender,Jamie Dunphy,Cayle Tern,
Terrence Hayes,Steph Routh,Jamie Dunphy,Loretta Smith,,
Doug Clove,Noah Ernst,Terrence Hayes,,,
Michael (Mike) Sands,Doug Clove,Steph Routh,Joe Allen,Joe Furi,Deian Salazar
Loretta Smith,Candace Avalos,Steph Routh,Terrence Hayes,Timur Ender,Jamie Dunphy
Candace Avalos,David Linn,,,,
Candace Avalos,Steph Routh,Jamie Dunphy,Loretta Smith,Cayle Tern,Peggy Sue Owens
Steph Routh,,,,,
Loretta Smith,Terrence Hayes,Jamie Dunphy,,,
Doug Clove,Timur Ender,Noah Ernst,Loretta Smith,Thomas Shervey,
Noah Ernst,,,,,
Peggy Sue Owens,Michael (Mike) Sands,Loretta Smith,,,
Candace Avalos,Timur Ender,David Linn,Cayle Tern,Jamie Dunphy,Steph Routh
Joe Allen,,,,,
Loretta Smith,,,,,
Deian Salazar,,,,,
Peggy Sue Owens,Loretta Smith,Candace Avalos,Steph Routh,Doug Clove,Joe Allen
Doug Clove,Deian Salazar,Loretta Smith,Steph Routh,Joe Furi,Noah Ernst
Noah Ernst,,,,,
Terrence Hayes,Noah Ernst,Joe Furi,Loretta Smith,Doug Clove,
Timur Ender,Michael (Mike) Sands,,,,
,,,,,
David Linn,Steph Routh,Candace Avalos,Timur Ender,Jamie Dunphy,Loretta Smith
Steph Routh,Terrence Hayes,Cayle Tern,Candace Avalos,,
Timur Ender,Steph Routh,Loretta Smith,Jamie Dunphy,Candace Avalos,Michael (Mike) Sands
Terrence Hayes,Joe Allen,Loretta Smith,,,
Timur Ender,Steph Routh,Candace Avalos,Cayle Tern,,
Loretta Smith,Jamie Dunphy,Joe Allen,Michael (Mike) Sands,Terrence Hayes,Steph Routh
Joe Allen,,,,,
Loretta Smith,Terrence Hayes,,,,
Steph Routh,Timur Ender,Michael (Mike) Sands,Terrence Hayes,Peggy Sue Owens,Loretta Smith
Jamie Dunphy,Candace Avalos,Steph Routh,,,
Candace Avalos,Jamie Dunphy,Steph Routh,Timur Ender,,
Terrence Hayes,Noah Ernst,Joe Allen,Loretta Smith,Deian Salazar,Joe Furi
Jamie Dunphy,Steph Routh,Noah Ernst,David Linn,Loretta Smith,Candace Avalos
Candace Avalos,Cayle Tern,Steph Routh,Terrence Hayes,Loretta Smith,Jamie Dunphy
Steph Routh,Loretta Smith,Cayle Tern,,,
Candace Avalos,Steph Routh,Thomas Shervey,Cayle Tern,,
Steph Routh,Jamie Dunphy,Candace Avalos,Terrence Hayes,,
Jamie Dunphy,Loretta Smith,Doug Clove,Deian Salazar,,
Candace Avalos,Cayle Tern,Timur Ender,Jamie Dunphy,Steph Routh,David Linn
Peggy Sue Owens,Jamie Dunphy,Noah Ernst,,,
Joe Furi,David Linn,Noah Ernst,Cayle Tern,Loretta Smith,Jamie Dunphy
Timur Ender,Loretta Smith,Thomas Shervey,Candace Avalos,Terrence Hayes,Noah Ernst
Doug Clove,,,,,
Candace Avalos,Timur Ender,Cayle Tern,,,
Michael (Mike) Sands,Thomas Shervey,Loretta Smith,,,
Steph Routh,,,,,
Jamie Dunphy,Steph Routh,Candace Avalos,Loretta Smith,David Linn,Noah Ernst
Timur Ender,Loretta Smith,,,,
Jamie Dunphy,Michael (Mike) Sands,Peggy Sue Owens,David Linn,Doug Clove,Joe Allen
Noah Ernst,,,,,
Doug Clove,Noah Ernst,Terrence Hayes,,,
Noah Ernst,Jamie Dunphy,Loretta Smith,Terrence Hayes,Steph Routh,Timur Ender
Timur Ender,Candace Avalos,Steph Routh,Jamie Dunphy,Loretta Smith,Cayle Tern
Doug Clove,Noah Ernst,,,,
Loretta Smith,Jamie Dunphy,Steph Routh,Timur Ender,Terrence Hayes,Candace Avalos
Jamie Dunphy,Candace Avalos,Steph Routh,Noah Ernst,David Linn,Loretta Smith
Steph Routh,Jamie Dunphy,Candace Avalos,,,
Loretta Smith,Candace Avalos,Steph Routh,Terrence Hayes,Cayle Tern,Timur Ender
Loretta Smith,Candace Avalos,,,,
Candace Avalos,Jamie Dunphy,Timur Ender,David Linn,Cayle Tern,Terrence Hayes
Deian Salazar,,,,,
Terrence Hayes,,,,,
Candace Avalos,Steph Routh,Timur Ender,Jamie Dunphy,,
Candace Avalos,Timur Ender,Cayle Tern,Jamie Dunphy,,
Noah Ernst,Joe Allen,Doug Clove,Michael (Mike) Sands,,
Noah Ernst,Doug Clove,Deian Salazar,,,
Candace Avalos,Terrence Hayes,Loretta Smith,Doug Clove,Steph Routh,Jamie Dunphy
David Linn,Thomas Shervey,Michael (Mike) Sands,Cayle Tern,Candace Avalos,Jamie Dunphy
Candace Avalos,Timur Ender,Steph Routh,Jamie Dunphy,Cayle Tern,David Linn
Terrence Hayes,Jamie Dunphy,Steph Routh,Thomas Shervey,Loretta Smith,
Cayle Tern,Jamie Dunphy,David Linn,Candace Avalos,Steph Routh,Noah Ernst
Terrence Hayes,Noah Ernst,Doug Clove,,,
Candace Avalos,Steph Routh,Loretta Smith,Timur Ender,,
Loretta Smith,Terrence Hayes,Steph Routh,Jamie Dunphy,Noah Ernst,David Linn
Timur Ender,Candace Avalos,Deian Salazar,,,
Joe Allen,Thomas Shervey,Terrence Hayes,Candace Avalos,Timur Ender,Noah Ernst
Jamie Dunphy,,,,,
Candace Avalos,Doug Clove,Jamie Dunphy,,,
Noah Ernst,David Linn,Thomas Shervey,Loretta Smith,Steph Routh,Terrence Hayes
Loretta Smith,Candace Avalos,Steph Routh,,,
Cayle Tern,David Linn,Doug Clove,Loretta Smith,Steph Routh,Jamie Dunphy
Peggy Sue Owens,,,,,
Candace Avalos,Peggy Sue Owens,Noah Ernst,Jamie Dunphy,Loretta Smith,Terrence Hayes
Joe Allen,,,,,
Steph Routh,Timur Ender,Candace Avalos,David Linn,Jamie Dunphy,Cayle Tern
Timur Ender,Candace Avalos,Jamie Dunphy,Steph Routh,Joe Furi,
Candace Avalos,Timur Ender,Steph Routh,Jamie Dunphy,Noah Ernst,Loretta Smith
Michael (Mike) Sands,Jamie Dunphy,Candace Avalos,Steph Routh,Noah Ernst,David Linn
Loretta Smith,Candace Avalos,,,,
Noah Ernst,Terrence Hayes,Joe Furi,Loretta Smith,Doug Clove,
Timur Ender,Peggy Sue Owens,Noah Ernst,,,
Steph Routh,Jamie Dunphy,,,,
Doug Clove,Steph Routh,Timur Ender,,,
Terrence Hayes,,,,,
Thomas Shervey,Steph Routh,Jamie Dunphy,Candace Avalos,,
Candace Avalos,Cayle Tern,Timur Ender,,,
Timur Ender,Jamie Dunphy,Steph Routh,Noah Ernst,David Linn,Candace Avalos
Timur Ender,Michael (Mike) Sands,Loretta Smith,Cayle Tern,David Linn,Noah Ernst
Loretta Smith,Jamie Dunphy,,,,
Terrence Hayes,Loretta Smith,Michael (Mike) Sands,Steph Routh,Candace Avalos,Jamie Dunphy
Jamie Dunphy,Candace Avalos,Steph Routh,Noah Ernst,David Linn,Loretta Smith
Jamie Dunphy,Noah Ernst,Steph Routh,,,
Candace Avalos,Noah Ernst,Deian Salazar,Terrence Hayes,Timur Ender,Joe Furi
Candace Avalos,Timur Ender,,,,
Joe Allen,Timur Ender,Steph Routh,Jamie Dunphy,Noah Ernst,David Linn
Candace Avalos,Steph Routh,David Linn,,,
Loretta Smith,Deian Salazar,David Linn,,,
Terrence Hayes,Candace Avalos,Jamie Dunphy,,,
Terrence Hayes,Noah Ernst,Doug Clove,Jamie Dunphy,Joe Furi,Cayle Tern
Peggy Sue Owens,Timur Ender,Noah Ernst,Candace Avalos,Joe Allen,David Linn
Joe Furi,Peggy Sue Owens,Loretta Smith,,,
Loretta Smith,,,,,
Loretta Smith,Candace Avalos,Noah Ernst,Deian Salazar,,
Cayle Tern,Joe Furi,Loretta Smith,Terrence Hayes,Peggy Sue Owens,Jamie Dunphy
Steph Routh,,,,,
Candace Avalos,Thomas Shervey,Terrence Hayes,Cayle Tern,Deian Salazar,Timur Ender
Candace Avalos,Timur Ender,Loretta Smith,,,
David Linn,,,,,
Loretta Smith,Steph Routh,Jamie Dunphy,,,
Candace Avalos,Cayle Tern,Timur Ender,Jamie Dunphy,,
Noah Ernst,Joe Allen,David Linn,Loretta Smith,Terrence Hayes,Joe Furi
Terrence Hayes,Thomas Shervey,Michael (Mike) Sands,Cayle Tern,David Linn,Noah Ernst
Timur Ender,Steph Routh,Jamie Dunphy,Candace Avalos,Terrence Hayes,Loretta Smith
Candace Avalos,Noah Ernst,Terrence Hayes,,,
Noah Ernst,Timur Ender,Steph Routh,David Linn,,
Jamie Dunphy,Candace Avalos,Steph Routh,,,
Jamie Dunphy,Terrence Hayes,Loretta Smith,Timur Ender,Noah Ernst,Steph Routh
Candace Avalos,Steph Routh,Timur Ender,Jamie Dunphy,,
Candace Avalos,Steph Routh,Jamie Dunphy,Timur Ender,Michael (Mike) Sands,David Linn
Timur Ender,Noah Ernst,Loretta Smith,Steph Routh,,
Timur Ender,Noah Ernst,,,,
Candace Avalos,Loretta Smith,Jamie Dunphy,Timur Ender,Steph Routh,
Candace Avalos,Jamie Dunphy,Steph Routh,Terrence Hayes,Noah Ernst,Loretta Smith
Noah Ernst,,,,,
Candace Avalos,Joe Allen,Loretta Smith,Cayle Tern,Steph Routh,Joe Furi
Jamie Dunphy,Candace Avalos,Steph Routh,,,
Candace Avalos,David Linn,Timur Ender,Loretta Smith,Steph Routh,Jamie Dunphy
Noah Ernst,Terrence Hayes,Joe Furi,Loretta Smith,Doug Clove,
Terrence Hayes,Candace Avalos,David Linn,Timur Ender,,
Terrence Hayes,Doug Clove,Candace Avalos,,,
Peggy Sue Owens,Terrence Hayes,,,,
Noah Ernst,Terrence Hayes,Joe Furi,Loretta Smith,Doug Clove,
Deian Salazar,Loretta Smith,Candace Avalos,Terrence Hayes,Peggy Sue Owens,Cayle Tern
Jamie Dunphy,Candace Avalos,Steph Routh,,,
Candace Avalos,Loretta Smith,Timur Ender,Jamie Dunphy,Steph Routh,
Noah Ernst,Timur Ender,David Linn,Joe Allen,Loretta Smith,Write-in-120
,,,,,
Joe Furi,Michael (Mike) Sands,Noah Ernst,Candace Avalos,Joe Allen,David Linn
Timur Ender,Joe Furi,,,,
Noah Ernst,Doug Clove,Loretta Smith,Terrence Hayes,,
Timur Ender,David Linn,Joe Furi,Deian Salazar,Steph Routh,Jamie Dunphy
Candace Avalos,Steph Routh,Cayle Tern,David Linn,Loretta Smith,Terrence Hayes
Timur Ender,Terrence Hayes,,,,
Loretta Smith,Terrence Hayes,Steph Routh,Jamie Dunphy,Timur Ender,
Jamie Dunphy,Candace Avalos,Steph Routh,Timur Ender,,
Jamie Dunphy,Timur Ender,Noah Ernst,,,
Jamie Dunphy,Candace Avalos,Steph Routh,Noah Ernst,David Linn,Loretta Smith
Candace Avalos,Timur Ender,Jamie Dunphy,Steph Routh,Cayle Tern,
Joe Allen,Loretta Smith,Doug Clove,Deian Salazar,Steph Routh,
Steph Routh,Jamie Dunphy,Loretta Smith,Terrence Hayes,Candace Avalos,Timur Ender
David Linn,,,,,
Steph Routh,Noah Ernst,Peggy Sue Owens,Terrence Hayes,Loretta Smith,Michael (Mike) Sands
,,,,,
Terrence Hayes,Doug Clove,Candace Avalos,Loretta Smith,Jamie Dunphy,Noah Ernst
Candace Avalos,Cayle Tern,Deian Salazar,Joe Furi,Steph Routh,Joe Allen
Candace Avalos,Steph Routh,Timur Ender,Jamie Dunphy,Cayle Tern,Loretta Smith
Loretta Smith,Deian Salazar,Steph Routh,,,
Michael (Mike) Sands,Terrence Hayes,,,,
Loretta Smith,Steph Routh,Jamie Dunphy,Terrence Hayes,Timur Ender,Candace Avalos
Jamie Dunphy,Candace Avalos,Timur Ender,Steph Routh,,
David Linn,,,,,
Peggy Sue Owens,,,,,
David Linn,Doug Clove,Loretta Smith,Terrence Hayes,Steph Routh,Jamie Dunphy
Write-in-121,Candace Avalos,,,,
Steph Routh,Terrence Hayes,Loretta Smith,Candace Avalos,Joe Furi,
Steph Routh,Candace Avalos,Timur Ender,Loretta Smith,Jamie Dunphy,Terrence Hayes
Jamie Dunphy,Timur Ender,,,,
Noah Ernst,Terrence Hayes,,,,
Jamie Dunphy,Steph Routh,Candace Avalos,,,
Timur Ender,Steph Routh,Jamie Dunphy,Candace Avalos,Cayle Tern,Terrence Hayes
Timur Ender,Steph Routh,,,,
,,,,,
Loretta Smith,Timur Ender,Jamie Dunphy,Candace Avalos,Steph Routh,
Candace Avalos,Deian Salazar,Jamie Dunphy,Joe Allen,Peggy Sue Owens,Noah Ernst
Terrence Hayes,Noah Ernst,Joe Furi,Loretta Smith,Doug Clove,
Michael (Mike) Sands,,,,,
Candace Avalos,Timur Ender,Steph Routh,Jamie Dunphy,Cayle Tern,David Linn
David Linn,Noah Ernst,Steph Routh,,,
Steph Routh,Timur Ender,Candace Avalos,Cayle Tern,Jamie Dunphy,David Linn
Terrence Hayes,Jamie Dunphy,Steph Routh,Loretta Smith,Candace Avalos,
Doug Clove,Noah Ernst,Timur Ender,Candace Avalos,Joe Furi,Deian Salazar
Candace Avalos,Jamie Dunphy,,,,
Noah Ernst,Doug Clove,Timur Ender,Peggy Sue Owens,Michael (Mike) Sands,Candace Avalos
Deian Salazar,Loretta Smith,Terrence Hayes,David Linn,Joe Allen,Timur Ender
Loretta Smith,Steph Routh,Terrence Hayes,Jamie Dunphy,Candace Avalos,David Linn
Loretta Smith,Candace Avalos,Timur Ender,Jamie Dunphy,Doug Clove,
Timur Ender,David Linn,,,,
Terrence Hayes,Noah Ernst,Joe Furi,Loretta Smith,Doug Clove,Write-in-120
,,,,,
Steph Routh,Candace Avalos,Timur Ender,Jamie Dunphy,David Linn,Cayle Tern
Steph Routh,Timur Ender,Jamie Dunphy,,,
Jamie Dunphy,Candace Avalos,Steph Routh,,,
Candace Avalos,Timur Ender,Jamie Dunphy,Steph Routh,,
Write-in-120,,,,,
Candace Avalos,Michael (Mike) Sands,Cayle Tern,,,
Jamie Dunphy,Steph Routh,Candace Avalos,,,
Joe Allen,Loretta Smith,Jamie Dunphy,Candace Avalos,Peggy Sue Owens,Terrence Hayes
Jamie Dunphy,Cayle Tern,David Linn,Candace Avalos,Timur Ender,Steph Routh
Peggy Sue Owens,Candace Avalos,Cayle Tern,Doug Clove,Loretta Smith,
David Linn,Loretta Smith,Steph Routh,Jamie Dunphy,Candace Avalos,Timur Ender
Jamie Dunphy,,,,,
Candace Avalos,Cayle Tern,Steph Routh,,,
Candace Avalos,Steph Routh,Cayle Tern,Timur Ender,,
Noah Ernst,David Linn,,,,
Doug Clove,Noah Ernst,Joe Allen,Deian Salazar,,
Candace Avalos,Cayle Tern,Michael (Mike) Sands,David Linn,Jamie Dunphy,Timur Ender
Deian Salazar,Doug Clove,Noah Ernst,Joe Furi,,
Steph Routh,Candace Avalos,Cayle Tern,Timur Ender,Jamie Dunphy,David Linn
Michael (Mike) Sands,Loretta Smith,Deian Salazar,Terrence Hayes,Cayle Tern,Joe Furi
Candace Avalos,David Linn,Timur Ender,Jamie Dunphy,Terrence Hayes,Noah Ernst
Steph Routh,Candace Avalos,Terrence Hayes,Jamie Dunphy,Timur Ender,
Joe Allen,David Linn,Doug Clove,,,
Candace Avalos,Terrence Hayes,Steph Routh,Noah Ernst,Jamie Dunphy,Loretta Smith
Noah Ernst,Deian Salazar,Candace Avalos,,,
Candace Avalos,Steph Routh,Cayle Tern,Jamie Dunphy,,
Candace Avalos,Cayle Tern,Timur Ender,Jamie Dunphy,Steph Routh,David Linn
Candace Avalos,Jamie Dunphy,Noah Ernst,,,
Steph Routh,Terrence Hayes,Candace Avalos,Joe Allen,Cayle Tern,Michael (Mike) Sands
Timur Ender,Doug Clove,Loretta Smith,Steph Routh,,
Noah Ernst,,,,,
Terrence Hayes,Noah Ernst,Loretta Smith,,,
Timur Ender,,,,,
,,,,,
Timur Ender,Candace Avalos,Loretta Smith,Steph Routh,Terrence Hayes,
Jamie Dunphy,Candace Avalos,Loretta Smith,,,
Candace Avalos,David Linn,Cayle Tern,,,
Peggy Sue Owens,Candace Avalos,Loretta Smith,Terrence Hayes,Joe Allen,Michael (Mike) Sands
Candace Avalos,Steph Routh,Timur Ender,Jamie Dunphy,,
Timur Ender,Candace Avalos,Cayle Tern,Loretta Smith,Steph Routh,Thomas Shervey
Deian Salazar,Timur Ender,Loretta Smith,,,
Terrence Hayes,Candace Avalos,Loretta Smith,Timur Ender,Noah Ernst,
Candace Avalos,Thomas Shervey,Michael (Mike) Sands,Deian Salazar,Doug Clove,Cayle Tern
Deian Salazar,Doug Clove,Joe Furi,,,
Steph Routh,Joe Allen,Terrence Hayes,Noah Ernst,Jamie Dunphy,Cayle Tern
Terrence Hayes,Candace Avalos,Timur Ender,Jamie Dunphy,,
Loretta Smith,Joe Furi,Doug Clove,Cayle Tern,,
Loretta Smith,Steph Routh,Jamie Dunphy,,,
Jamie Dunphy,Steph Routh,Timur Ender,Cayle Tern,Candace Avalos,
Timur Ender,Candace Avalos,Loretta Smith,Cayle Tern,Terrence Hayes,Steph Routh
Doug Clove,Loretta Smith,Steph Routh,,,
Jamie Dunphy,Timur Ender,Candace Avalos,Steph Routh,Loretta Smith,Doug Clove
Steph Routh,Doug Clove,Timur Ender,Loretta Smith,,
Jamie Dunphy,Steph Routh,Timur Ender,Loretta Smith,Michael (Mike) Sands,
Terrence Hayes,Steph Routh,Michael (Mike) Sands,Jamie Dunphy,Loretta Smith,Timur Ender
Timur Ender,Terrence Hayes,Loretta Smith,Doug Clove,Candace Avalos,Deian Salazar
Loretta Smith,Candace Avalos,Joe Allen,Jamie Dunphy,Peggy Sue Owens,
David Linn,Candace Avalos,Loretta Smith,Terrence Hayes,Joe Furi,Doug Clove
Jamie Dunphy,Steph Routh,Candace Avalos,Timur Ender,,
Steph Routh,Candace Avalos,Timur Ender,,,
Doug Clove,Terrence Hayes,Joe Allen,Joe Furi,Cayle Tern,Loretta Smith
Steph Routh,Jamie Dunphy,Candace Avalos,,,
Candace Avalos,Timur Ender,Steph Routh,Jamie Dunphy,Terrence Hayes,Cayle Tern
Terrence Hayes,,,,,
Michael (Mike) Sands,Deian Salazar,Loretta Smith,,,
Loretta Smith,Terrence Hayes,Steph Routh,Write-in-120,Candace Avalos,Timur Ender
Candace Avalos,Steph Routh,Timur Ender,Cayle Tern,Jamie Dunphy,
Candace Avalos,Steph Routh,Jamie Dunphy,Terrence Hayes,Cayle Tern,
Candace Avalos,Jamie Dunphy,Timur Ender,Steph Routh,,
Candace Avalos,Cayle Tern,Timur Ender,Steph Routh,,
Candace Avalos,Timur Ender,,,,
Terrence Hayes,Loretta Smith,Jamie Dunphy,,,
Timur Ender,Steph Routh,Candace Avalos,Jamie Dunphy,Cayle Tern,David Linn
Candace Avalos,Timur Ender,Steph Routh,Jamie Dunphy,Cayle Tern,David Linn
Noah Ernst,Candace Avalos,Steph Routh,Jamie Dunphy,Timur Ender,
Timur Ender,Michael (Mike) Sands,Candace Avalos,David Linn,Joe Allen,Jamie Dunphy
Candace Avalos,Timur Ender,Jamie Dunphy,Loretta Smith,Steph Routh,Cayle Tern
Loretta Smith,Peggy Sue Owens,Jamie Dunphy,Deian Salazar,Cayle Tern,Candace Avalos
Jamie Dunphy,David Linn,Cayle Tern,Thomas Shervey,,
Candace Avalos,Michael (Mike) Sands,Timur Ender,Thomas Shervey,Jamie Dunphy,Terrence Hayes
Loretta Smith,,,,,
Candace Avalos,Loretta Smith,Steph Routh,Terrence Hayes,Jamie Dunphy,
Loretta Smith,,,,,
Jamie Dunphy,Joe Allen,Loretta Smith,David Linn,Terrence Hayes,Steph Routh
Steph Routh,Candace Avalos,Loretta Smith,Timur Ender,Thomas Shervey,Jamie Dunphy
Jamie Dunphy,Candace Avalos,Steph Routh,,,
Steph Routh,Timur Ender,Terrence Hayes,David Linn,Noah Ernst,Doug Clove
David Linn,Steph Routh,Doug Clove,Joe Allen,Noah Ernst,Joe Furi
Loretta Smith,Candace Avalos,Terrence Hayes,,,
Peggy Sue Owens,,,,,
Terrence Hayes,Deian Salazar,Thomas Shervey,Candace Avalos,Doug Clove,Steph Routh
Candace Avalos,,,,,
Deian Salazar,Loretta Smith,Timur Ender,Cayle Tern,Doug Clove,
Noah Ernst,Doug Clove,Joe Allen,Thomas Shervey,Joe Furi,Terrence Hayes
Candace Avalos,Timur Ender,Steph Routh,Jamie Dunphy,Cayle Tern,David Linn
Doug Clove,Noah Ernst,Thomas Shervey,Terrence Hayes,Peggy Sue Owens,
Jamie Dunphy,Noah Ernst,Candace Avalos,,,
Jamie Dunphy,Candace Avalos,Steph Routh,,,
Steph Routh,,,,,
Steph Routh,Candace Avalos,Timur Ender,Jamie Dunphy,Michael (Mike) Sands,Doug Clove
Steph Routh,Loretta Smith,Terrence Hayes,Candace Avalos,Thomas Shervey,Noah Ernst
Jamie Dunphy,,,,,
Steph Routh,Timur Ender,Cayle Tern,Terrence Hayes,Candace Avalos,David Linn
Candace Avalos,Steph Routh,Timur Ender,Loretta Smith,Deian Salazar,Peggy Sue Owens
Noah Ernst,Deian Salazar,Doug Clove,Joe Furi,,
Peggy Sue Owens,Steph Routh,,,,
Terrence Hayes,Joe Allen,Timur Ender,Doug Clove,Noah Ernst,Peggy Sue Owens
Jamie Dunphy,Candace Avalos,Steph Routh,Loretta Smith,,
Doug Clove,Deian Salazar,,,,
Deian Salazar,Doug Clove,Joe Furi,,,
Timur Ender,Candace Avalos,David Linn,Steph Routh,Loretta Smith,Terrence Hayes
Candace Avalos,Timur Ender,Cayle Tern,Loretta Smith,Steph Routh,
Terrence Hayes,Candace Avalos,Timur Ender,,,
Jamie Dunphy,Loretta Smith,Steph Routh,Noah Ernst,Joe Allen,Candace Avalos
Candace Avalos,Loretta Smith,Steph Routh,Jamie Dunphy,Timur Ender,
Timur Ender,Joe Furi,Cayle Tern,Michael (Mike) Sands,Terrence Hayes,Loretta Smith
Candace Avalos,Timur Ender,Steph Routh,Jamie Dunphy,Noah Ernst,
Candace Avalos,Steph Routh,Timur Ender,Jamie Dunphy,,
David Linn,Jamie Dunphy,Steph Routh,Candace Avalos,Timur Ender,Peggy Sue Owens
Candace Avalos,Joe Furi,,,,
Steph Routh,,,,,
Joe Furi,,,,,
Doug Clove,,,,,
Jamie Dunphy,Candace Avalos,David Linn,Steph Routh,Cayle Tern,Timur Ender
Noah Ernst,Doug Clove,,,,
Jamie Dunphy,Terrence Hayes,Timur Ender,Candace Avalos,Noah Ernst,
Loretta Smith,,,,,
Candace Avalos,Steph Routh,Terrence Hayes,Noah Ernst,Loretta Smith,
Timur Ender,Jamie Dunphy,Steph Routh,David Linn,Michael (Mike) Sands,Candace Avalos
Candace Avalos,Timur Ender,Steph Routh,,,
Loretta Smith,Terrence Hayes,Steph Routh,Timur Ender,Jamie Dunphy,Candace Avalos
Noah Ernst,,,,,
Candace Avalos,Timur Ender,Loretta Smith,Steph Routh,,
Candace Avalos,Cayle Tern,Timur Ender,Jamie Dunphy,Steph Routh,
Michael (Mike) Sands,Terrence Hayes,,,,
Terrence Hayes,Noah Ernst,Candace Avalos,Doug Clove,,
Steph Routh,Jamie Dunphy,Candace Avalos,David Linn,,
Jamie Dunphy,Timur Ender,Steph Routh,Candace Avalos,Terrence Hayes,Thomas Shervey
,,,,,
Loretta Smith,Terrence Hayes,David Linn,Michael (Mike) Sands,Timur Ender,Jamie Dunphy
Terrence Hayes,Joe Furi,Cayle Tern,Joe Allen,Steph Routh,Candace Avalos
Terrence Hayes,Candace Avalos,Steph Routh,Jamie Dunphy,Noah Ernst,Timur Ender
Steph Routh,Timur Ender,Loretta Smith,Candace Avalos,,
Noah Ernst,Terrence Hayes,Doug Clove,Joe Furi,Steph Routh,
Candace Avalos,Timur Ender,Steph Routh,David Linn,Cayle Tern,Loretta Smith
Candace Avalos,Steph Routh,,,,
Candace Avalos,Cayle Tern,Timur Ender,,,
Noah Ernst,Deian Salazar,Joe Allen,Doug Clove,,
Jamie Dunphy,Steph Routh,Candace Avalos,Timur Ender,Loretta Smith,
Candace Avalos,Steph Routh,Jamie Dunphy,Noah Ernst,Terrence Hayes,Timur Ender
Steph Routh,,,,,
Jamie Dunphy,Candace Avalos,Steph Routh,,,
Noah Ernst,Loretta Smith,Terrence Hayes,Deian Salazar,Steph Routh,Jamie Dunphy
Loretta Smith,,,,,
Terrence Hayes,Noah Ernst,Joe Furi,,,
Noah Ernst,Loretta Smith,Steph Routh,Jamie Dunphy,Timur Ender,
David Linn,Terrence Hayes,Joe Allen,,,
Peggy Sue Owens,Candace Avalos,Michael (Mike) Sands,Terrence Hayes,Joe Furi,Cayle Tern
Joe Allen,Michael (Mike) Sands,Noah Ernst,Terrence Hayes,Jamie Dunphy,Doug Clove
Cayle Tern,Candace Avalos,Timur Ender,Jamie Dunphy,Steph Routh,David Linn
Terrence Hayes,Noah Ernst,Candace Avalos,,,
Loretta Smith,Timur Ender,Candace Avalos,Jamie Dunphy,Steph Routh,
Noah Ernst,Doug Clove,Joe Allen,Thomas Shervey,Joe Furi,Terrence Hayes
Candace Avalos,Steph Routh,Timur Ender,,,
Steph Routh,Jamie Dunphy,David Linn,,,
Steph Routh,,,,,
Candace Avalos,Timur Ender,Steph Routh,Jamie Dunphy,Terrence Hayes,
Cayle Tern,Deian Salazar,,,,
Loretta Smith,Jamie Dunphy,Steph Routh,Terrence Hayes,Candace Avalos,David Linn
Steph Routh,Candace Avalos,,,,
Noah Ernst,Steph Routh,,,,
Terrence Hayes,Candace Avalos,,,,
Jamie Dunphy,Noah Ernst,David Linn,,,
Michael (Mike) Sands,Candace Avalos,Jamie Dunphy,Noah Ernst,,
Terrence Hayes,Noah Ernst,Cayle Tern,Peggy Sue Owens,Candace Avalos,Loretta Smith
Doug Clove,David Linn,Joe Allen,,,
Cayle Tern,Candace Avalos,Timur Ender,Steph Routh,,
Loretta Smith,Terrence Hayes,Timur Ender,Jamie Dunphy,David Linn,Steph Routh
Terrence Hayes,Candace Avalos,Timur Ender,Steph Routh,Cayle Tern,Noah Ernst
Noah Ernst,David Linn,Doug Clove,Joe Furi,Michael (Mike) Sands,Joe Allen
Doug Clove,Joe Allen,Joe Furi,Noah Ernst,,
David Linn,,,,,
Noah Ernst,Terrence Hayes,Doug Clove,Loretta Smith,Joe Furi,Deian Salazar
Candace Avalos,Steph Routh,Terrence Hayes,Loretta Smith,Timur Ender,
Peggy Sue Owens,,,,,
Thomas Shervey,Joe Allen,Peggy Sue Owens,David Linn,Steph Routh,Joe Furi
Candace Avalos,Jamie Dunphy,Steph Routh,Timur Ender,,
Loretta Smith,,,,,
Loretta Smith,Steph Routh,Jamie Dunphy,Timur Ender,Terrence Hayes,Candace Avalos
Loretta Smith,,,,,
Timur Ender,,,,,
Noah Ernst,Doug Clove,Loretta Smith,,,
Jamie Dunphy,Candace Avalos,Steph Routh,,,
Loretta Smith,Candace Avalos,Steph Routh,,,
Candace Avalos,David Linn,Michael (Mike) Sands,Deian Salazar,Loretta Smith,Steph Routh
Peggy Sue Owens,Candace Avalos,Loretta Smith,Steph Routh,Jamie Dunphy,Cayle Tern
Loretta Smith,Noah Ernst,Terrence Hayes,Michael (Mike) Sands,Cayle Tern,Deian Salazar
Noah Ernst,,,,,
Terrence Hayes,Deian Salazar,,,,
Candace Avalos,Peggy Sue Owens,Loretta Smith,Jamie Dunphy,David Linn,Noah Ernst
Candace Avalos,David Linn,Timur Ender,Joe Allen,Michael (Mike) Sands,
Peggy Sue Owens,Candace Avalos,Noah Ernst,Timur Ender,Deian Salazar,Terrence Hayes
Steph Routh,Jamie Dunphy,Timur Ender,,,
Timur Ender,Candace Avalos,Noah Ernst,Terrence Hayes,Jamie Dunphy,
Candace Avalos,Loretta Smith,Steph Routh,Jamie Dunphy,Joe Furi,David Linn
Candace Avalos,Jamie Dunphy,Timur Ender,Steph Routh,Doug Clove,
Candace Avalos,Timur Ender,Deian Salazar,Jamie Dunphy,Terrence Hayes,Steph Routh
Loretta Smith,,,,,
Doug Clove,Noah Ernst,Timur Ender,Steph Routh,Loretta Smith,Deian Salazar
Jamie Dunphy,Candace Avalos,Noah Ernst,Michael (Mike) Sands,David Linn,Terrence Hayes
Michael (Mike) Sands,David Linn,Loretta Smith,Jamie Dunphy,Noah Ernst,Candace Avalos
Steph Routh,Jamie Dunphy,Timur Ender,Terrence Hayes,Noah Ernst,Candace Avalos
Terrence Hayes,,,,,
Loretta Smith,Terrence Hayes,Jamie Dunphy,Peggy Sue Owens,Cayle Tern,Noah Ernst
Loretta Smith,Joe Allen,,,,
Doug Clove,Noah Ernst,Timur Ender,Candace Avalos,Joe Furi,Deian Salazar
Jamie Dunphy,Candace Avalos,Steph Routh,Timur Ender,David Linn,Terrence Hayes
Jamie Dunphy,Steph Routh,Terrence Hayes,Thomas Shervey,Loretta Smith,Deian Salazar
Noah Ernst,Candace Avalos,Jamie Dunphy,,,
Steph Routh,Candace Avalos,Loretta Smith,Jamie Dunphy,Terrence Hayes,David Linn
Candace Avalos,Cayle Tern,Michael (Mike) Sands,Steph Routh,Jamie Dunphy,Thomas Shervey
Terrence Hayes,Steph Routh,Candace Avalos,Jamie Dunphy,Cayle Tern,Thomas Shervey
Cayle Tern,Deian Salazar,Candace Avalos,Michael (Mike) Sands,Steph Routh,Thomas Shervey
Cayle Tern,,,,,
Steph Routh,Noah Ernst,Jamie Dunphy,,,
Doug Clove,Jamie Dunphy,Loretta Smith,,,
Noah Ernst,Terrence Hayes,,,,
Steph Routh,Loretta Smith,Timur Ender,Joe Allen,David Linn,Deian Salazar
Peggy Sue Owens,,,,,
Candace Avalos,Cayle Tern,,,,
Candace Avalos,Joe Allen,Doug Clove,Noah Ernst,Terrence Hayes,Joe Furi
Joe Allen,,,,,
Loretta Smith,David Linn,Terrence Hayes,Candace Avalos,,
Loretta Smith,,,,,
Loretta Smith,,,,,
David Linn,,,,,
Noah Ernst,Terrence Hayes,Joe Furi,Loretta Smith,Doug Clove,
Jamie Dunphy,Candace Avalos,Steph Routh,Noah Ernst,David Linn,
Timur Ender,Candace Avalos,Terrence Hayes,Steph Routh,Loretta Smith,Jamie Dunphy
Steph Routh,Candace Avalos,Timur Ender,,,
Loretta Smith,Terrence Hayes,Jamie Dunphy,David Linn,Candace Avalos,
Terrence Hayes,,,,,
Noah Ernst,Loretta Smith,Terrence Hayes,,,
Doug Clove,Noah Ernst,Peggy Sue Owens,Steph Routh,David Linn,Michael (Mike) Sands
Candace Avalos,Timur Ender,Steph Routh,Loretta Smith,Jamie Dunphy,
Timur Ender,Loretta Smith,Terrence Hayes,,,
Loretta Smith,Steph Routh,Timur Ender,Noah Ernst,Terrence Hayes,Candace Avalos
Noah Ernst,Doug Clove,Joe Furi,Peggy Sue Owens,Deian Salazar,Write-in-122
Candace Avalos,Jamie Dunphy,Timur Ender,,,
Candace Avalos,Steph Routh,Loretta Smith,Timur Ender,Cayle Tern,
Terrence Hayes,,,,,
Candace Avalos,Steph Routh,Timur Ender,,,
Candace Avalos,,,,,
Joe Allen,Joe Furi,Noah Ernst,Thomas Shervey,,
Candace Avalos,Steph Routh,Timur Ender,Jamie Dunphy,,
Loretta Smith,Jamie Dunphy,Candace Avalos,Steph Routh,Timur Ender,Doug Clove
Noah Ernst,David Linn,Joe Furi,,,
Doug Clove,,,,,
Noah Ernst,Doug Clove,Terrence Hayes,,,
Loretta Smith,David Linn,,,,
David Linn,,,,,
Jamie Dunphy,Michael (Mike) Sands,Steph Routh,Loretta Smith,,
Jamie Dunphy,Steph Routh,Peggy Sue Owens,Candace Avalos,,
Terrence Hayes,Noah Ernst,,,,
Noah Ernst,Terrence Hayes,Loretta Smith,,,
Jamie Dunphy,Candace Avalos,Steph Routh,Noah Ernst,David Linn,Timur Ender
Terrence Hayes,Loretta Smith,Candace Avalos,Steph Routh,,
Peggy Sue Owens,Joe Furi,Noah Ernst,Loretta Smith,Candace Avalos,Cayle Tern
Terrence Hayes,Loretta Smith,Candace Avalos,,,
Terrence Hayes,,,,,
Timur Ender,,,,,
Timur Ender,Candace Avalos,David Linn,Doug Clove,Terrence Hayes,Jamie Dunphy
Candace Avalos,Loretta Smith,Steph Routh,Jamie Dunphy,,
Doug Clove,Joe Furi,Joe Allen,,,
Candace Avalos,Peggy Sue Owens,Loretta Smith,,,
Jamie Dunphy,Candace Avalos,Steph Routh,Timur Ender,David Linn,Cayle Tern
Candace Avalos,Terrence Hayes,Steph Routh,,,
Terrence Hayes,Noah Ernst,Candace Avalos,,,
Peggy Sue Owens,Doug Clove,Joe Furi,Loretta Smith,Steph Routh,Timur Ender
Noah Ernst,Steph Routh,Jamie Dunphy,,,
Timur Ender,Candace Avalos,Jamie Dunphy,Loretta Smith,Terrence Hayes,Doug Clove
Timur Ender,Jamie Dunphy,Candace Avalos,,,
Terrence Hayes,,,,,
Loretta Smith,Timur Ender,Terrence Hayes,Steph Routh,Cayle Tern,Jamie Dunphy
Candace Avalos,Timur Ender,Loretta Smith,,,
Noah Ernst,David Linn,Joe Furi,Deian Salazar,Joe Allen,Terrence Hayes
Loretta Smith,Candace Avalos,Timur Ender,Cayle Tern,Michael (Mike) Sands,David Linn
Timur Ender,Candace Avalos,Deian Salazar,Steph Routh,Loretta Smith,
Noah Ernst,David Linn,Loretta Smith,Terrence Hayes,,
Steph Routh,Candace Avalos,Jamie Dunphy,Terrence Hayes,Deian Salazar,Loretta Smith
Candace Avalos,Loretta Smith,Terrence Hayes,,,
Cayle Tern,Timur Ender,Candace Avalos,Michael (Mike) Sands,Jamie Dunphy,
Loretta Smith,Terrence Hayes,Noah Ernst,Jamie Dunphy,Deian Salazar,David Linn
Loretta Smith,Terrence Hayes,David Linn,,,
Terrence Hayes,Candace Avalos,Timur Ender,Doug Clove,Jamie Dunphy,Steph Routh
Steph Routh,Loretta Smith,Terrence Hayes,,,
Candace Avalos,Terrence Hayes,Noah Ernst,Steph Routh,David Linn,Cayle Tern
Candace Avalos,Jamie Dunphy,Terrence Hayes,,,
Noah Ernst,Terrence Hayes,Joe Furi,Doug Clove,Loretta Smith,
Loretta Smith,Candace Avalos,Terrence Hayes,Jamie Dunphy,Steph Routh,Deian Salazar
Terrence Hayes,Steph Routh,Candace Avalos,Jamie Dunphy,Timur Ender,
Candace Avalos,Timur Ender,Cayle Tern,,,
Loretta Smith,Steph Routh,,,,
Deian Salazar,,,,,
Timur Ender,Steph Routh,Michael (Mike) Sands,Loretta Smith,Terrence Hayes,David Linn
Jamie Dunphy,Loretta Smith,,,,
Candace Avalos,Cayle Tern,Timur Ender,,,
Candace Avalos,Noah Ernst,Steph Routh,,,
Michael (Mike) Sands,Doug Clove,Loretta Smith,Timur Ender,Steph Routh,
Candace Avalos,Cayle Tern,Timur Ender,Jamie Dunphy,Steph Routh,David Linn
Noah Ernst,David Linn,Timur Ender,,,
Jamie Dunphy,Steph Routh,Candace Avalos,Timur Ender,,
Doug Clove,Terrence Hayes,Thomas Shervey,Jamie Dunphy,Michael (Mike) Sands,Joe Furi
Joe Allen,,,,,
Terrence Hayes,Noah Ernst,Loretta Smith,,,
David Linn,Joe Furi,Michael (Mike) Sands,Loretta Smith,Terrence Hayes,Steph Routh
Joe Allen,Doug Clove,Peggy Sue Owens,Noah Ernst,Thomas Shervey,David Linn
Loretta Smith,Timur Ender,,,,
Loretta Smith,Joe Allen,Terrence Hayes,,,
Jamie Dunphy,Candace Avalos,Timur Ender,,,
Steph Routh,,,,,
Peggy Sue Owens,Timur Ender,Noah Ernst,Cayle Tern,,
Candace Avalos,Timur Ender,Steph Routh,David Linn,Jamie Dunphy,Cayle Tern
Loretta Smith,David Linn,Jamie Dunphy,Candace Avalos,Terrence Hayes,
Loretta Smith,,,,,
Doug Clove,Terrence Hayes,Michael (Mike) Sands,Deian Salazar,Joe Furi,Cayle Tern
Candace Avalos,Jamie Dunphy,Loretta Smith,Steph Routh,,
Steph Routh,Candace Avalos,Timur Ender,Jamie Dunphy,,
Steph Routh,Loretta Smith,Candace Avalos,Noah Ernst,Terrence Hayes,Jamie Dunphy
Loretta Smith,Steph Routh,Candace Avalos,Timur Ender,Terrence Hayes,Jamie Dunphy
Peggy Sue Owens,Loretta Smith,Terrence Hayes,,,
Timur Ender,Steph Routh,Candace Avalos,Thomas Shervey,,
Timur Ender,Candace Avalos,,,,
,,,,,
Terrence Hayes,,,,,
Candace Avalos,Jamie Dunphy,Timur Ender,Steph Routh,Loretta Smith,Noah Ernst
Jamie Dunphy,Candace Avalos,Steph Routh,Loretta Smith,,
Noah Ernst,,,,,
Steph Routh,David Linn,Terrence Hayes,,,
Candace Avalos,Jamie Dunphy,Timur Ender,Terrence Hayes,Steph Routh,Loretta Smith
Joe Allen,David Linn,,,,
Loretta Smith,Jamie Dunphy,Terrence Hayes,Timur Ender,,
Loretta Smith,Terrence Hayes,,,,
Candace Avalos,,,,,
Deian Salazar,Steph Routh,,,,
Deian Salazar,,,,,
,,,,,
Doug Clove,Michael (Mike) Sands,Noah Ernst,Joe Furi,Thomas Shervey,Jamie Dunphy
Terrence Hayes,Loretta Smith,Jamie Dunphy,Timur Ender,Candace Avalos,Doug Clove
Jamie Dunphy,Candace Avalos,Steph Routh,Noah Ernst,David Linn,Loretta Smith
Steph Routh,Jamie Dunphy,,,,
Cayle Tern,Candace Avalos,Loretta Smith,Terrence Hayes,Steph Routh,Doug Clove
Joe Furi,Joe Allen,Jamie Dunphy,David Linn,Noah Ernst,Peggy Sue Owens
Noah Ernst,Michael (Mike) Sands,Steph Routh,Jamie Dunphy,David Linn,Timur Ender
Noah Ernst,Terrence Hayes,Joe Furi,Loretta Smith,Doug Clove,
Steph Routh,Timur Ender,Noah Ernst,Loretta Smith,Jamie Dunphy,
Noah Ernst,Terrence Hayes,,,,
Jamie Dunphy,Timur Ender,Cayle Tern,Steph Routh,Candace Avalos,Terrence Hayes
Noah Ernst,Terrence Hayes,Joe Furi,Loretta Smith,Doug Clove,
Loretta Smith,Michael (Mike) Sands,Jamie Dunphy,Steph Routh,,
Steph Routh,Candace Avalos,Timur Ender,Jamie Dunphy,Cayle Tern,David Linn
Candace Avalos,Steph Routh,Jamie Dunphy,,,
Cayle Tern,Candace Avalos,David Linn,Jamie Dunphy,Steph Routh,
Terrence Hayes,Loretta Smith,Candace Avalos,,,
Timur Ender,Candace Avalos,Doug Clove,Loretta Smith,Terrence Hayes,Steph Routh
Steph Routh,Terrence Hayes,Jamie Dunphy,Timur Ender,Loretta Smith,
Candace Avalos,Terrence Hayes,Steph Routh,Timur Ender,Cayle Tern,Jamie Dunphy
Steph Routh,Jamie Dunphy,Candace Avalos,Doug Clove,Michael (Mike) Sands,
Loretta Smith,,,,,
Candace Avalos,Terrence Hayes,Steph Routh,,,
Timur Ender,Noah Ernst,Peggy Sue Owens,David Linn,Candace Avalos,Michael (Mike) Sands
Candace Avalos,Jamie Dunphy,Steph Routh,,,
Timur Ender,Doug Clove,Joe Furi,Jamie Dunphy,Loretta Smith,Candace Avalos
Jamie Dunphy,Candace Avalos,Loretta Smith,Steph Routh,Timur Ender,Cayle Tern
Deian Salazar,Terrence Hayes,Candace Avalos,Loretta Smith,Cayle Tern,Steph Routh
Candace Avalos,David Linn,Terrence Hayes,Steph Routh,Jamie Dunphy,Timur Ender
Steph Routh,Timur Ender,David Linn,Terrence Hayes,Jamie Dunphy,Loretta Smith
Noah Ernst,Candace Avalos,Steph Routh,Loretta Smith,Jamie Dunphy,Thomas Shervey
Terrence Hayes,Candace Avalos,Loretta Smith,Timur Ender,Noah Ernst,Doug Clove
Candace Avalos,Cayle Tern,Timur Ender,,,
Peggy Sue Owens,Joe Allen,Michael (Mike) Sands,Loretta Smith,Doug Clove,Thomas Shervey
Joe Allen,Terrence Hayes,Loretta Smith,Candace Avalos,Jamie Dunphy,David Linn
Loretta Smith,Candace Avalos,Cayle Tern,Terrence Hayes,Timur Ender,Steph Routh
Joe Allen,,,,,
Jamie Dunphy,Doug Clove,Noah Ernst,David Linn,,
Candace Avalos,Cayle Tern,Timur Ender,Jamie Dunphy,Steph Routh,David Linn
Noah Ernst,Loretta Smith,Cayle Tern,Timur Ender,Joe Furi,Steph Routh
Loretta Smith,Candace Avalos,Jamie Dunphy,Timur Ender,,
Noah Ernst,Loretta Smith,,,,
Terrence Hayes,Candace Avalos,Jamie Dunphy,Loretta Smith,Steph Routh,David Linn
Jamie Dunphy,Candace Avalos,,,,
Loretta Smith,Terrence Hayes,Candace Avalos,Noah Ernst,Timur Ender,Steph Routh
Steph Routh,Candace Avalos,Terrence Hayes,Loretta Smith,David Linn,
Timur Ender,Noah Ernst,Joe Allen,Thomas Shervey,Joe Furi,David Linn
Doug Clove,Joe Furi,Steph Routh,Noah Ernst,Joe Allen,Candace Avalos
Jamie Dunphy,Steph Routh,Terrence Hayes,Timur Ender,Cayle Tern,
Jamie Dunphy,Timur Ender,Candace Avalos,Steph Routh,Terrence Hayes,David Linn
Candace Avalos,Terrence Hayes,Steph Routh,Jamie Dunphy,Cayle Tern,Timur Ender
Michael (Mike) Sands,,,,,
Loretta Smith,Steph Routh,Timur Ender,Jamie Dunphy,Terrence Hayes,David Linn
Candace Avalos,Timur Ender,David Linn,Cayle Tern,Doug Clove,Steph Routh
Steph Routh,,,,,
David Linn,Jamie Dunphy,Steph Routh,Candace Avalos,Terrence Hayes,Loretta Smith
Thomas Shervey,,,,,
Timur Ender,Cayle Tern,Jamie Dunphy,Joe Allen,Terrence Hayes,Doug Clove
Peggy Sue Owens,Candace Avalos,Loretta Smith,David Linn,Doug Clove,Jamie Dunphy
Peggy Sue Owens,,,,,
Loretta Smith,Terrence Hayes,Joe Allen,Cayle Tern,Timur Ender,Doug Clove
Loretta Smith,Terrence Hayes,Steph Routh,Candace Avalos,,
Steph Routh,David Linn,Peggy Sue Owens,Write-in-120,Michael (Mike) Sands,Write-in-122
Noah Ernst,Jamie Dunphy,Terrence Hayes,Cayle Tern,David Linn,Timur Ender
Candace Avalos,Cayle Tern,Timur Ender,Steph Routh,,
Timur Ender,Loretta Smith,Candace Avalos,,,
Candace Avalos,Cayle Tern,Timur Ender,Steph Routh,Jamie Dunphy,David Linn
Jamie Dunphy,Loretta Smith,Steph Routh,Candace Avalos,Terrence Hayes,Joe Allen
Candace Avalos,Joe Furi,Steph Routh,,,
Joe Allen,Doug Clove,Candace Avalos,Jamie Dunphy,Loretta Smith,Timur Ender
Deian Salazar,Doug Clove,Joe Allen,Noah Ernst,Loretta Smith,Terrence Hayes
Cayle Tern,,,,,
Timur Ender,Michael (Mike) Sands,Jamie Dunphy,Terrence Hayes,Steph Routh,Loretta Smith
Terrence Hayes,Deian Salazar,Loretta Smith,,,
Michael (Mike) Sands,Steph Routh,Joe Allen,David Linn,Joe Furi,Thomas Shervey
Michael (Mike) Sands,Cayle Tern,Candace Avalos,Joe Furi,Steph Routh,Jamie Dunphy
Michael (Mike) Sands,Joe Allen,Thomas Shervey,Noah Ernst,Doug Clove,Terrence Hayes
Timur Ender,Jamie Dunphy,Steph Routh,Candace Avalos,Loretta Smith,Deian Salazar
David Linn,,,,,
Noah Ernst,Deian Salazar,David Linn,Write-in-120,Thomas Shervey,
Doug Clove,,,,,
Candace Avalos,Timur Ender,Jamie Dunphy,Loretta Smith,Steph Routh,Deian Salazar
Peggy Sue Owens,Loretta Smith,Jamie Dunphy,,,
Peggy Sue Owens,Timur Ender,Noah Ernst,Candace Avalos,Joe Allen,David Linn
Terrence Hayes,Noah Ernst,David Linn,Doug Clove,,
Terrence Hayes,Jamie Dunphy,Deian Salazar,Doug Clove,,
Steph Routh,,,,,
Terrence Hayes,Noah Ernst,Doug Clove,Peggy Sue Owens,David Linn,Loretta Smith
Thomas Shervey,David Linn,Loretta Smith,,,
Deian Salazar,Timur Ender,Terrence Hayes,,,
Peggy Sue Owens,Joe Allen,Noah Ernst,Steph Routh,Deian Salazar,Cayle Tern
Loretta Smith,Deian Salazar,Noah Ernst,,,
Candace Avalos,Cayle Tern,Noah Ernst,Timur Ender,,
Steph Routh,Timur Ender,,,,
Cayle Tern,David Linn,Joe Allen,Noah Ernst,,
Doug Clove,Noah Ernst,Joe Furi,Loretta Smith,Terrence Hayes,Jamie Dunphy
Terrence Hayes,Noah Ernst,Joe Furi,Loretta Smith,Doug Clove,Write-in-120
Steph Routh,Joe Furi,Michael (Mike) Sands,,,
Timur Ender,Michael (Mike) Sands,Candace Avalos,,,
David Linn,Michael (Mike) Sands,Thomas Shervey,,,
Steph Routh,,,,,
Doug Clove,,,,,
Steph Routh,Candace Avalos,Timur Ender,Jamie Dunphy,David Linn,Cayle Tern
Timur Ender,Joe Allen,Doug Clove,,,
Jamie Dunphy,Steph Routh,Timur Ender,Noah Ernst,David Linn,Cayle Tern
Jamie Dunphy,Candace Avalos,Steph Routh,,,
Loretta Smith,Candace Avalos,Terrence Hayes,Steph Routh,,
Candace Avalos,Timur Ender,Terrence Hayes,Deian Salazar,Jamie Dunphy,Cayle Tern
Candace Avalos,Timur Ender,Steph Routh,Jamie Dunphy,David Linn,Joe Allen
Loretta Smith,Noah Ernst,Terrence Hayes,Joe Furi,Doug Clove,
Candace Avalos,Steph Routh,Timur Ender,Loretta Smith,Jamie Dunphy,Cayle Tern
Loretta Smith,,,,,
Doug Clove,,,,,
Terrence Hayes,Loretta Smith,David Linn,Candace Avalos,Timur Ender,Michael (Mike) Sands
Loretta Smith,Terrence Hayes,,,,
Loretta Smith,,,,,
Noah Ernst,,,,,
Timur Ender,,,,,
Noah Ernst,David Linn,Loretta Smith,Terrence Hayes,,
Candace Avalos,Steph Routh,Loretta Smith,Deian Salazar,Joe Allen,Cayle Tern
Peggy Sue Owens,Cayle Tern,Steph Routh,Michael (Mike) Sands,Candace Avalos,Loretta Smith
Timur Ender,Doug Clove,Loretta Smith,Terrence Hayes,Jamie Dunphy,
Timur Ender,Loretta Smith,Candace Avalos,Steph Routh,Jamie Dunphy,Joe Allen
Michael (Mike) Sands,Joe Allen,Peggy Sue Owens,,,
Timur Ender,David Linn,Cayle Tern,Deian Salazar,Jamie Dunphy,Thomas Shervey
Noah Ernst,Candace Avalos,Joe Allen,Loretta Smith,Steph Routh,Thomas Shervey
Candace Avalos,Cayle Tern,Timur Ender,,,
Jamie Dunphy,Noah Ernst,Candace Avalos,Steph Routh,David Linn,Timur Ender
Timur Ender,Candace Avalos,Steph Routh,Cayle Tern,Terrence Hayes,
Noah Ernst,Loretta Smith,Doug Clove,Joe Allen,,
Steph Routh,Candace Avalos,Jamie Dunphy,,,
Candace Avalos,Jamie Dunphy,,,,
Timur Ender,Candace Avalos,Steph Routh,Jamie Dunphy,Terrence Hayes,Cayle Tern
Doug Clove,Terrence Hayes,Deian Salazar,Steph Routh,Candace Avalos,Noah Ernst
Loretta Smith,Candace Avalos,Jamie Dunphy,,,
Candace Avalos,Timur Ender,Steph Routh,Jamie Dunphy,Cayle Tern,
Noah Ernst,,,,,
Candace Avalos,Timur Ender,Steph Routh,Jamie Dunphy,Deian Salazar,Loretta Smith
Noah Ernst,Loretta Smith,Jamie Dunphy,Terrence Hayes,Doug Clove,Candace Avalos
Timur Ender,Doug Clove,Terrence Hayes,,,
Noah Ernst,Terrence Hayes,,,,
Joe Furi,Loretta Smith,Thomas Shervey,Steph Routh,Jamie Dunphy,Candace Avalos
Jamie Dunphy,Candace Avalos,Steph Routh,,,
Noah Ernst,Cayle Tern,Joe Allen,Doug Clove,Loretta Smith,Thomas Shervey
Loretta Smith,Terrence Hayes,Deian Salazar,,,
Candace Avalos,Steph Routh,Timur Ender,Jamie Dunphy,David Linn,Terrence Hayes
Noah Ernst,Joe Furi,,,,
David Linn,Timur Ender,Terrence Hayes,Michael (Mike) Sands,Thomas Shervey,Candace Avalos
Steph Routh,Terrence Hayes,Candace Avalos,,,
Jamie Dunphy,Candace Avalos,Timur Ender,Steph Routh,David Linn,Cayle Tern
Peggy Sue Owens,Noah Ernst,David Linn,Joe Furi,Loretta Smith,
Timur Ender,Candace Avalos,Terrence Hayes,Cayle Tern,David Linn,Jamie Dunphy
Jamie Dunphy,Steph Routh,Timur Ender,Terrence Hayes,Candace Avalos,Cayle Tern
Loretta Smith,,,,,
Loretta Smith,Jamie Dunphy,Candace Avalos,Terrence Hayes,Timur Ender,Steph Routh
Noah Ernst,Timur Ender,Deian Salazar,Terrence Hayes,Steph Routh,Doug Clove
Timur Ender,Noah Ernst,Candace Avalos,Steph Routh,Terrence Hayes,Loretta Smith
Noah Ernst,Loretta Smith,Candace Avalos,Steph Routh,,
Loretta Smith,Terrence Hayes,Steph Routh,Candace Avalos,Michael (Mike) Sands,
Candace Avalos,Cayle Tern,Timur Ender,,,
Loretta Smith,Thomas Shervey,Noah Ernst,Timur Ender,,
Terrence Hayes,,,,,
Candace Avalos,Steph Routh,Timur Ender,Jamie Dunphy,David Linn,Cayle Tern
Candace Avalos,David Linn,Joe Allen,Terrence Hayes,Doug Clove,Deian Salazar
Candace Avalos,Michael (Mike) Sands,Cayle Tern,,,
Steph Routh,Jamie Dunphy,Timur Ender,Terrence Hayes,Candace Avalos,David Linn
Terrence Hayes,Candace Avalos,Steph Routh,Timur Ender,,
David Linn,Loretta Smith,Steph Routh,Timur Ender,Jamie Dunphy,Terrence Hayes
Steph Routh,Noah Ernst,,,,
Candace Avalos,Jamie Dunphy,Steph Routh,Noah Ernst,David Linn,Loretta Smith
Timur Ender,Jamie Dunphy,Candace Avalos,Steph Routh,Cayle Tern,David Linn
Steph Routh,Jamie Dunphy,Loretta Smith,Michael (Mike) Sands,Deian Salazar,
Write-in-120,Candace Avalos,Steph Routh,David Linn,Noah Ernst,Loretta Smith
Terrence Hayes,,,,,
Candace Avalos,Jamie Dunphy,Steph Routh,Noah Ernst,,
Loretta Smith,Cayle Tern,Noah Ernst,Terrence Hayes,,
Jamie Dunphy,Candace Avalos,Steph Routh,Noah Ernst,David Linn,
Jamie Dunphy,Steph Routh,Candace Avalos,Peggy Sue Owens,Michael (Mike) Sands,
Timur Ender,Loretta Smith,,,,
Loretta Smith,Peggy Sue Owens,Candace Avalos,Jamie Dunphy,Deian Salazar,Cayle Tern
Doug Clove,,,,,
Jamie Dunphy,Peggy Sue Owens,Thomas Shervey,Candace Avalos,Timur Ender,Joe Furi
Steph Routh,Cayle Tern,Terrence Hayes,Candace Avalos,Jamie Dunphy,
Peggy Sue Owens,Joe Allen,Doug Clove,,,
Noah Ernst,Terrence Hayes,Joe Furi,Jamie Dunphy,Doug Clove,
Timur Ender,Loretta Smith,Terrence Hayes,Michael (Mike) Sands,Candace Avalos,Cayle Tern
Peggy Sue Owens,Joe Furi,,,,
Terrence Hayes,Timur Ender,Steph Routh,Jamie Dunphy,Candace Avalos,Loretta Smith
Joe Furi,Doug Clove,David Linn,Timur Ender,Joe Allen,Thomas Shervey
Terrence Hayes,,,,,
Joe Allen,Loretta Smith,Jamie Dunphy,,,
Jamie Dunphy,Candace Avalos,Noah Ernst,,,
Terrence Hayes,Noah Ernst,Steph Routh,,,
Loretta Smith,Terrence Hayes,Candace Avalos,Steph Routh,Noah Ernst,Joe Furi
Doug Clove,Noah Ernst,Joe Allen,Deian Salazar,Terrence Hayes,Loretta Smith
Cayle Tern,Noah Ernst,,,,
David Linn,,,,,
Candace Avalos,Cayle Tern,Timur Ender,Steph Routh,David Linn,Jamie Dunphy
Jamie Dunphy,Candace Avalos,Steph Routh,,,
Loretta Smith,Terrence Hayes,Jamie Dunphy,Cayle Tern,Candace Avalos,
Loretta Smith,Steph Routh,Terrence Hayes,Jamie Dunphy,Doug Clove,Michael (Mike) Sands
Noah Ernst,,,,,
Thomas Shervey,Jamie Dunphy,Doug Clove,,,
Steph Routh,,,,,
Loretta Smith,Candace Avalos,Timur Ender,Cayle Tern,,
Steph Routh,Loretta Smith,,,,
Loretta Smith,Michael (Mike) Sands,David Linn,Timur Ender,Doug Clove,
Terrence Hayes,Noah Ernst,Joe Furi,Loretta Smith,Doug Clove,
Timur Ender,Candace Avalos,Doug Clove,Steph Routh,Terrence Hayes,Noah Ernst
Timur Ender,Candace Avalos,Jamie Dunphy,Steph Routh,,
Candace Avalos,Loretta Smith,Timur Ender,Steph Routh,Jamie Dunphy,Terrence Hayes
Terrence Hayes,Steph Routh,Jamie Dunphy,Noah Ernst,,
Candace Avalos,Cayle Tern,Timur Ender,,,
Jamie Dunphy,Candace Avalos,Steph Routh,,,
Jamie Dunphy,Candace Avalos,Timur Ender,Loretta Smith,,
Candace Avalos,Loretta Smith,Steph Routh,,,
,,,,,
,,,,,
Steph Routh,Timur Ender,Candace Avalos,Jamie Dunphy,Terrence Hayes,Loretta Smith
Noah Ernst,,,,,
Timur Ender,Cayle Tern,Michael (Mike) Sands,Terrence Hayes,Jamie Dunphy,David Linn
Candace Avalos,Steph Routh,Jamie Dunphy,Timur Ender,Loretta Smith,Terrence Hayes
Candace Avalos,Steph Routh,Jamie Dunphy,Cayle Tern,Timur Ender,Michael (Mike) Sands
Joe Allen,,,,,
Loretta Smith,Terrence Hayes,Michael (Mike) Sands,Joe Allen,Peggy Sue Owens,Candace Avalos
Noah Ernst,,,,,
Peggy Sue Owens,Candace Avalos,Deian Salazar,Steph Routh,,
Timur Ender,Candace Avalos,Steph Routh,Jamie Dunphy,,
Timur Ender,Michael (Mike) Sands,Terrence Hayes,Candace Avalos,,
Terrence Hayes,Michael (Mike) Sands,Deian Salazar,Steph Routh,Loretta Smith,Joe Allen
Candace Avalos,Timur Ender,Loretta Smith,Terrence Hayes,Cayle Tern,Deian Salazar
Michael (Mike) Sands,Jamie Dunphy,Loretta Smith,,,
Candace Avalos,,,,,
Jamie Dunphy,,,,,
Candace Avalos,Steph Routh,Jamie Dunphy,Michael (Mike) Sands,Timur Ender,David Linn
Timur Ender,Jamie Dunphy,Steph Routh,,,
Loretta Smith,Timur Ender,Terrence Hayes,,,
Candace Avalos,Jamie Dunphy,Loretta Smith,,,
Candace Avalos,Steph Routh,Doug Clove,Jamie Dunphy,,
Cayle Tern,Timur Ender,Thomas Shervey,Terrence Hayes,,
Deian Salazar,,,,,
Candace Avalos,Steph Routh,Timur Ender,Cayle Tern,Loretta Smith,
Steph Routh,Terrence Hayes,Timur Ender,David Linn,Loretta Smith,Noah Ernst
Timur Ender,Michael (Mike) Sands,Candace Avalos,,,
Timur Ender,Deian Salazar,Noah Ernst,Cayle Tern,Doug Clove,Joe Furi
Noah Ernst,Peggy Sue Owens,Michael (Mike) Sands,,,
Doug Clove,,,,,
Jamie Dunphy,Candace Avalos,Steph Routh,Noah Ernst,David Linn,Loretta Smith
Jamie Dunphy,Candace Avalos,Steph Routh,Terrence Hayes,Noah Ernst,Timur Ender
Thomas Shervey,,,,,
,,,,,
Doug Clove,Deian Salazar,Joe Furi,,,
Candace Avalos,Jamie Dunphy,Loretta Smith,Steph Routh,Timur Ender,Deian Salazar
Candace Avalos,Jamie Dunphy,Timur Ender,Steph Routh,,
Candace Avalos,Terrence Hayes,David Linn,Timur Ender,Jamie Dunphy,Noah Ernst
Jamie Dunphy,David Linn,Noah Ernst,Terrence Hayes,Joe Furi,
Jamie Dunphy,Candace Avalos,Doug Clove,Timur Ender,Noah Ernst,Peggy Sue Owens
Candace Avalos,Steph Routh,Timur Ender,Jamie Dunphy,Loretta Smith,Terrence Hayes
Doug Clove,Cayle Tern,David Linn,Terrence Hayes,,
Timur Ender,Terrence Hayes,Steph Routh,Jamie Dunphy,Candace Avalos,Loretta Smith
Candace Avalos,Steph Routh,David Linn,,,
Timur Ender,Noah Ernst,Loretta Smith,Terrence Hayes,Jamie Dunphy,Steph Routh
Timur Ender,Noah Ernst,Candace Avalos,Joe Allen,David Linn,Steph Routh
Noah Ernst,Doug Clove,Thomas Shervey,,,
Michael (Mike) Sands,Candace Avalos,Timur Ender,Steph Routh,Cayle Tern,Terrence Hayes
Jamie Dunphy,Steph Routh,Timur Ender,Candace Avalos,Loretta Smith,Terrence Hayes
Steph Routh,Candace Avalos,David Linn,Timur Ender,Thomas Shervey,Cayle Tern
Joe Allen,Timur Ender,Noah Ernst,,,
Loretta Smith,David Linn,Timur Ender,Steph Routh,Michael (Mike) Sands,
Jamie Dunphy,Candace Avalos,Steph Routh,Noah Ernst,David Linn,Loretta Smith
Steph Routh,Candace Avalos,Loretta Smith,Timur Ender,Thomas Shervey,Jamie Dunphy
Terrence Hayes,Loretta Smith,Candace Avalos,Cayle Tern,Joe Furi,Jamie Dunphy
,,,,,
Thomas Shervey,Joe Allen,Doug Clove,Candace Avalos,Noah Ernst,
Noah Ernst,Terrence Hayes,Joe Furi,Loretta Smith,Doug Clove,
Jamie Dunphy,Candace Avalos,Steph Routh,Noah Ernst,David Linn,Loretta Smith
Terrence Hayes,Candace Avalos,Timur Ender,,,
Candace Avalos,,,,,
Candace Avalos,Jamie Dunphy,,,,
Steph Routh,Jamie Dunphy,,,,
Steph Routh,Timur Ender,,,,
Deian Salazar,,,,,
Noah Ernst,Terrence Hayes,Joe Furi,Loretta Smith,Doug Clove,
Noah Ernst,Joe Allen,Loretta Smith,Jamie Dunphy,Doug Clove,Peggy Sue Owens
,,,,,
Noah Ernst,Doug Clove,Loretta Smith,Terrence Hayes,Steph Routh,
Loretta Smith,Jamie Dunphy,Steph Routh,,,
Terrence Hayes,Noah Ernst,David Linn,Thomas Shervey,Michael (Mike) Sands,Deian Salazar
Candace Avalos,Steph Routh,Timur Ender,Loretta Smith,Jamie Dunphy,Cayle Tern
Noah Ernst,Deian Salazar,Michael (Mike) Sands,,,
Joe Furi,Jamie Dunphy,Michael (Mike) Sands,,,
Candace Avalos,Timur Ender,Jamie Dunphy,Steph Routh,Terrence Hayes,Loretta Smith
Steph Routh,Jamie Dunphy,Timur Ender,Michael (Mike) Sands,Doug Clove,Cayle Tern
Candace Avalos,Jamie Dunphy,Timur Ender,Cayle Tern,David Linn,Noah Ernst
Doug Clove,Noah Ernst,Deian Salazar,Terrence Hayes,David Linn,Thomas Shervey
Jamie Dunphy,Loretta Smith,Candace Avalos,Timur Ender,Steph Routh,Terrence Hayes
Candace Avalos,Doug Clove,Thomas Shervey,Jamie Dunphy,Joe Allen,David Linn
Candace Avalos,Timur Ender,Jamie Dunphy,Steph Routh,,
Candace Avalos,Terrence Hayes,Loretta Smith,Timur Ender,Steph Routh,Michael (Mike) Sands
Timur Ender,,,,,
Steph Routh,Jamie Dunphy,,,,
Loretta Smith,Candace Avalos,Terrence Hayes,Joe Allen,Cayle Tern,Jamie Dunphy
Candace Avalos,Steph Routh,Jamie Dunphy,Timur Ender,Loretta Smith,Terrence Hayes
Timur Ender,Noah Ernst,Candace Avalos,Steph Routh,Terrence Hayes,Loretta Smith
Timur Ender,Candace Avalos,Steph Routh,,,
Candace Avalos,Timur Ender,Steph Routh,Cayle Tern,Terrence Hayes,Jamie Dunphy
Candace Avalos,Steph Routh,Doug Clove,Loretta Smith,Terrence Hayes,Jamie Dunphy
Noah Ernst,Doug Clove,Terrence Hayes,Loretta Smith,,
Loretta Smith,Candace Avalos,,,,
Timur Ender,,,,,
Michael (Mike) Sands,,,,,
Candace Avalos,Cayle Tern,Loretta Smith,Terrence Hayes,Steph Routh,Doug Clove
Terrence Hayes,Michael (Mike) Sands,Loretta Smith,Cayle Tern,David Linn,Candace Avalos
Steph Routh,Loretta Smith,Terrence Hayes,,,
Steph Routh,Candace Avalos,Cayle Tern,Timur Ender,,
Candace Avalos,Loretta Smith,Peggy Sue Owens,Timur Ender,Jamie Dunphy,Noah Ernst
David Linn,Timur Ender,Steph Routh,,,
Noah Ernst,Steph Routh,Timur Ender,,,
Loretta Smith,Terrence Hayes,Candace Avalos,Noah Ernst,Doug Clove,Deian Salazar
Michael (Mike) Sands,Timur Ender,Candace Avalos,Jamie Dunphy,,
Noah Ernst,Steph Routh,Terrence Hayes,Loretta Smith,Candace Avalos,
Doug Clove,,,,,
Steph Routh,Jamie Dunphy,Timur Ender,,,
Jamie Dunphy,Steph Routh,Candace Avalos,Doug Clove,Cayle Tern,Timur Ender
Candace Avalos,,,,,
Jamie Dunphy,Candace Avalos,Steph Routh,David Linn,,
Loretta Smith,Steph Routh,Timur Ender,Noah Ernst,Terrence Hayes,Candace Avalos
Timur Ender,Doug Clove,Michael (Mike) Sands,Cayle Tern,Joe Allen,Noah Ernst
Candace Avalos,Steph Routh,Jamie Dunphy,Timur Ender,David Linn,Loretta Smith
Candace Avalos,Cayle Tern,Timur Ender,,,
Candace Avalos,,,,,
Steph Routh,Candace Avalos,Timur Ender,Loretta Smith,Jamie Dunphy,
Noah Ernst,Steph Routh,Candace Avalos,Jamie Dunphy,,
Loretta Smith,Cayle Tern,Candace Avalos,Michael (Mike) Sands,Steph Routh,Peggy Sue Owens
Candace Avalos,Timur Ender,Steph Routh,Jamie Dunphy,Cayle Tern,David Linn
Loretta Smith,,,,,
Candace Avalos,Loretta Smith,Timur Ender,Terrence Hayes,,
Terrence Hayes,Timur Ender,Loretta Smith,David Linn,Cayle Tern,Candace Avalos
Noah Ernst,Joe Allen,Doug Clove,Terrence Hayes,David Linn,Steph Routh
Terrence Hayes,Michael (Mike) Sands,Deian Salazar,,,
Timur Ender,,,,,
Terrence Hayes,Joe Furi,Noah Ernst,,,
Joe Allen,Peggy Sue Owens,Loretta Smith,Terrence Hayes,Noah Ernst,David Linn
Peggy Sue Owens,Joe Allen,Michael (Mike) Sands,Loretta Smith,Noah Ernst,Terrence Hayes
Thomas Shervey,Candace Avalos,Terrence Hayes,,,
Candace Avalos,Timur Ender,Jamie Dunphy,,,
Jamie Dunphy,Candace Avalos,Steph Routh,Timur Ender,,
Joe Furi,Michael (Mike) Sands,,,,
Steph Routh,Timur Ender,Candace Avalos,,,
Loretta Smith,Timur Ender,Noah Ernst,Candace Avalos,David Linn,Steph Routh
Steph Routh,Candace Avalos,Jamie Dunphy,Timur Ender,,
Jamie Dunphy,Steph Routh,Candace Avalos,,,
Noah Ernst,Deian Salazar,Michael (Mike) Sands,Loretta Smith,,
Deian Salazar,Steph Routh,,,,
Jamie Dunphy,Noah Ernst,Joe Allen,Loretta Smith,Terrence Hayes,Thomas Shervey
Steph Routh,Doug Clove,Peggy Sue Owens,Candace Avalos,Noah Ernst,Timur Ender
Terrence Hayes,Deian Salazar,Candace Avalos,Noah Ernst,Michael (Mike) Sands,Jamie Dunphy
Candace Avalos,Steph Routh,Timur Ender,Jamie Dunphy,Cayle Tern,Loretta Smith
Candace Avalos,Jamie Dunphy,Timur Ender,Steph Routh,Cayle Tern,David Linn
Doug Clove,Joe Furi,Noah Ernst,Joe Allen,,
Jamie Dunphy,Candace Avalos,Steph Routh,,,
Noah Ernst,,,,,
Noah Ernst,David Linn,Jamie Dunphy,Deian Salazar,Doug Clove,Candace Avalos
Doug Clove,Steph Routh,Jamie Dunphy,Loretta Smith,,
Jamie Dunphy,Candace Avalos,Steph Routh,Noah Ernst,David Linn,Loretta Smith
Doug Clove,Candace Avalos,Timur Ender,,,
Timur Ender,Jamie Dunphy,Candace Avalos,Doug Clove,Thomas Shervey,
Peggy Sue Owens,Candace Avalos,Deian Salazar,Cayle Tern,Loretta Smith,Steph Routh
,,,,,
Steph Routh,Candace Avalos,Timur Ender,,,
Candace Avalos,Timur Ender,Steph Routh,Jamie Dunphy,Cayle Tern,David Linn
Candace Avalos,Steph Routh,,,,
Noah Ernst,,,,,
Loretta Smith,Terrence Hayes,David Linn,Steph Routh,Timur Ender,Michael (Mike) Sands
Timur Ender,Candace Avalos,Steph Routh,Cayle Tern,Jamie Dunphy,David Linn
Steph Routh,Jamie Dunphy,Cayle Tern,Terrence Hayes,Timur Ender,Candace Avalos
Jamie Dunphy,Steph Routh,Candace Avalos,Doug Clove,Loretta Smith,Deian Salazar
Timur Ender,Candace Avalos,,,,
Terrence Hayes,Jamie Dunphy,Loretta Smith,Joe Furi,Doug Clove,Candace Avalos
Loretta Smith,,,,,
Michael (Mike) Sands,,,,,
Timur Ender,Jamie Dunphy,Doug Clove,Peggy Sue Owens,Joe Furi,
Jamie Dunphy,Steph Routh,Loretta Smith,David Linn,Timur Ender,
Steph Routh,,,,,
Michael (Mike) Sands,Steph Routh,Thomas Shervey,Jamie Dunphy,,
Terrence Hayes,Noah Ernst,Doug Clove,,,
Loretta Smith,Steph Routh,Jamie Dunphy,,,
Steph Routh,Candace Avalos,Loretta Smith,Terrence Hayes,Jamie Dunphy,
Jamie Dunphy,Steph Routh,Loretta Smith,,,
Candace Avalos,Timur Ender,Cayle Tern,,,
Candace Avalos,Timur Ender,Steph Routh,Jamie Dunphy,Cayle Tern,David Linn
Loretta Smith,Peggy Sue Owens,Deian Salazar,Cayle Tern,Write-in-121,Steph Routh
Noah Ernst,,,,,
Candace Avalos,Steph Routh,Timur Ender,Jamie Dunphy,Loretta Smith,Terrence Hayes
Jamie Dunphy,Candace Avalos,Steph Routh,Noah Ernst,David Linn,Loretta Smith
Michael (Mike) Sands,,,,,
Jamie Dunphy,Steph Routh,,,,
Michael (Mike) Sands,Noah Ernst,Joe Furi,Deian Salazar,Candace Avalos,Doug Clove
Loretta Smith,,,,,
Jamie Dunphy,Terrence Hayes,Steph Routh,,,
David Linn,Loretta Smith,Terrence Hayes,Joe Furi,Cayle Tern,Jamie Dunphy
David Linn,Loretta Smith,Terrence Hayes,Steph Routh,Peggy Sue Owens,Noah Ernst
Terrence Hayes,Timur Ender,Jamie Dunphy,Joe Furi,Deian Salazar,
Timur Ender,Candace Avalos,David Linn,,,
Jamie Dunphy,Steph Routh,Timur Ender,Candace Avalos,Doug Clove,Michael (Mike) Sands
Jamie Dunphy,Candace Avalos,Steph Routh,Noah Ernst,David Linn,Loretta Smith
Noah Ernst,Terrence Hayes,Deian Salazar,,,
Candace Avalos,Cayle Tern,Timur Ender,,,
Terrence Hayes,Steph Routh,Noah Ernst,Joe Allen,Joe Furi,Jamie Dunphy
Terrence Hayes,Noah Ernst,Jamie Dunphy,,,
Timur Ender,,,,,
Steph Routh,Timur Ender,Candace Avalos,,,
Terrence Hayes,Noah Ernst,Candace Avalos,,,
Loretta Smith,Candace Avalos,,,,
Noah Ernst,Peggy Sue Owens,Candace Avalos,David Linn,,
,,,,,
Steph Routh,Jamie Dunphy,Candace Avalos,Loretta Smith,,
Jamie Dunphy,Candace Avalos,Steph Routh,Noah Ernst,Loretta Smith,Terrence Hayes
Loretta Smith,Terrence Hayes,Candace Avalos,Timur Ender,Steph Routh,Cayle Tern
Steph Routh,Candace Avalos,Jamie Dunphy,,,
Michael (Mike) Sands,Loretta Smith,Jamie Dunphy,Terrence Hayes,David Linn,
Noah Ernst,Loretta Smith,,,,
Noah Ernst,Doug Clove,Joe Furi,Deian Salazar,Terrence Hayes,
Steph Routh,Jamie Dunphy,Candace Avalos,,,
Loretta Smith,Peggy Sue Owens,Candace Avalos,Cayle Tern,Steph Routh,Timur Ender
Candace Avalos,,,,,
Loretta Smith,Terrence Hayes,Candace Avalos,Steph Routh,Jamie Dunphy,Michael (Mike) Sands
Jamie Dunphy,Timur Ender,Candace Avalos,Steph Routh,Terrence Hayes,Michael (Mike) Sands
Doug Clove,Noah Ernst,Loretta Smith,Terrence Hayes,Deian Salazar,Joe Furi
Jamie Dunphy,Michael (Mike) Sands,Candace Avalos,,,
Jamie Dunphy,Terrence Hayes,Doug Clove,Timur Ender,Loretta Smith,Thomas Shervey
Jamie Dunphy,Candace Avalos,Timur Ender,Steph Routh,,
Write-in-120,Timur Ender,Noah Ernst,Candace Avalos,Joe Allen,David Linn
Joe Allen,Loretta Smith,Terrence Hayes,Cayle Tern,,
Terrence Hayes,,,,,
Steph Routh,Loretta Smith,,,,
Timur Ender,Terrence Hayes,Candace Avalos,,,
Noah Ernst,Doug Clove,,,,
Jamie Dunphy,Candace Avalos,Steph Routh,Cayle Tern,,
Cayle Tern,Candace Avalos,Terrence Hayes,Noah Ernst,Doug Clove,Peggy Sue Owens
Candace Avalos,Steph Routh,Timur Ender,Jamie Dunphy,Noah Ernst,
Joe Allen,Peggy Sue Owens,David Linn,Steph Routh,Joe Furi,Terrence Hayes
Steph Routh,David Linn,Terrence Hayes,Candace Avalos,Loretta Smith,Joe Allen
Jamie Dunphy,Doug Clove,Candace Avalos,Deian Salazar,,
Candace Avalos,,,,,
Loretta Smith,,,,,
Doug Clove,Candace Avalos,David Linn,Deian Salazar,Loretta Smith,Terrence Hayes
Loretta Smith,,,,,
Jamie Dunphy,Loretta Smith,Terrence Hayes,Steph Routh,,
Steph Routh,Cayle Tern,Candace Avalos,Michael (Mike) Sands,,
Candace Avalos,Jamie Dunphy,Steph Routh,Loretta Smith,Timur Ender,Terrence Hayes
Steph Routh,Deian Salazar,Jamie Dunphy,David Linn,Joe Allen,Cayle Tern
Candace Avalos,Loretta Smith,Terrence Hayes,Steph Routh,Jamie Dunphy,
Candace Avalos,Cayle Tern,Timur Ender,,,
Terrence Hayes,Timur Ender,Noah Ernst,Loretta Smith,,
Candace Avalos,Steph Routh,Terrence Hayes,,,
Joe Furi,,,,,
Steph Routh,Candace Avalos,Timur Ender,,,
Steph Routh,Loretta Smith,Candace Avalos,,,
Candace Avalos,Timur Ender,Jamie Dunphy,Cayle Tern,,
Loretta Smith,,,,,
Candace Avalos,Michael (Mike) Sands,Steph Routh,Jamie Dunphy,David Linn,Cayle Tern
Timur Ender,,,,,
Steph Routh,Loretta Smith,Jamie Dunphy,Candace Avalos,David Linn,Timur Ender
Candace Avalos,Steph Routh,Cayle Tern,Timur Ender,,
Candace Avalos,Jamie Dunphy,Steph Routh,Thomas Shervey,Loretta Smith,David Linn
Noah Ernst,Joe Allen,Doug Clove,Deian Salazar,Loretta Smith,Terrence Hayes
Steph Routh,Candace Avalos,,,,
Doug Clove,Michael (Mike) Sands,Thomas Shervey,Steph Routh,Joe Furi,David Linn
,,,,,
Candace Avalos,Steph Routh,Jamie Dunphy,Timur Ender,Cayle Tern,
Timur Ender,Candace Avalos,Steph Routh,Jamie Dunphy,Michael (Mike) Sands,
Loretta Smith,Jamie Dunphy,Terrence Hayes,David Linn,Candace Avalos,Steph Routh
Timur Ender,Candace Avalos,Terrence Hayes,Steph Routh,,
Candace Avalos,Timur Ender,Steph Routh,Jamie Dunphy,Cayle Tern,David Linn
Joe Allen,Candace Avalos,Noah Ernst,Timur Ender,Loretta Smith,Peggy Sue Owens
Timur Ender,Steph Routh,Cayle Tern,,,
Terrence Hayes,Jamie Dunphy,,,,
Terrence Hayes,Noah Ernst,Timur Ender,Jamie Dunphy,Loretta Smith,Steph Routh
Peggy Sue Owens,,,,,
David Linn,Steph Routh,Noah Ernst,Candace Avalos,Deian Salazar,Loretta Smith
Timur Ender,Joe Allen,Thomas Shervey,Steph Routh,Terrence Hayes,Loretta Smith
Steph Routh,,,,,
Loretta Smith,Candace Avalos,Joe Furi,Terrence Hayes,Jamie Dunphy,Joe Allen
David Linn,Michael (Mike) Sands,Candace Avalos,,,
Candace Avalos,Joe Allen,Cayle Tern,Jamie Dunphy,David Linn,Steph Routh
Doug Clove,Loretta Smith,Steph Routh,Candace Avalos,Timur Ender,Noah Ernst
Joe Allen,Terrence Hayes,,,,
David Linn,,,,,
Jamie Dunphy,Steph Routh,Terrence Hayes,Candace Avalos,,
Jamie Dunphy,Joe Allen,Steph Routh,,,
Steph Routh,Loretta Smith,Jamie Dunphy,Timur Ender,,
Doug Clove,Noah Ernst,Joe Furi,,,
Steph Routh,,,,,
Noah Ernst,Terrence Hayes,Deian Salazar,Loretta Smith,,
Steph Routh,Candace Avalos,Loretta Smith,Write-in-120,,
Timur Ender,Joe Furi,Loretta Smith,Steph Routh,Noah Ernst,David Linn
Timur Ender,,,,,
Candace Avalos,Loretta Smith,David Linn,Timur Ender,Terrence Hayes,Deian Salazar
Jamie Dunphy,Candace Avalos,Steph Routh,Timur Ender,,
Doug Clove,Noah Ernst,,,,
Terrence Hayes,Peggy Sue Owens,Timur Ender,Joe Allen,Candace Avalos,Noah Ernst
Terrence Hayes,Noah Ernst,Joe Allen,Loretta Smith,Doug Clove,
Loretta Smith,Noah Ernst,Steph Routh,,,
Deian Salazar,,,,,
Timur Ender,Noah Ernst,Candace Avalos,Steph Routh,Joe Furi,Cayle Tern
Timur Ender,Peggy Sue Owens,,,,
Noah Ernst,Joe Allen,Doug Clove,Deian Salazar,Candace Avalos,Timur Ender
Candace Avalos,Timur Ender,Steph Routh,Jamie Dunphy,Cayle Tern,David Linn
Joe Furi,David Linn,Terrence Hayes,Noah Ernst,Jamie Dunphy,Deian Salazar
Doug Clove,Candace Avalos,Thomas Shervey,Steph Routh,Peggy Sue Owens,David Linn
Candace Avalos,Steph Routh,Jamie Dunphy,Timur Ender,,
Joe Allen,Jamie Dunphy,David Linn,Thomas Shervey,Michael (Mike) Sands,Doug Clove
Candace Avalos,Timur Ender,Steph Routh,Jamie Dunphy,Cayle Tern,
Steph Routh,Timur Ender,Candace Avalos,Loretta Smith,Terrence Hayes,David Linn
Terrence Hayes,Thomas Shervey,Doug Clove,Candace Avalos,David Linn,Deian Salazar
Jamie Dunphy,Cayle Tern,Timur Ender,Candace Avalos,Steph Routh,
Noah Ernst,Deian Salazar,Terrence Hayes,,,
Steph Routh,David Linn,Thomas Shervey,Terrence Hayes,Timur Ender,
Loretta Smith,Candace Avalos,Timur Ender,Cayle Tern,,
Loretta Smith,Jamie Dunphy,Doug Clove,Timur Ender,Cayle Tern,Joe Allen
Noah Ernst,Joe Allen,David Linn,Doug Clove,Joe Furi,Michael (Mike) Sands
Noah Ernst,,,,,
Jamie Dunphy,Cayle Tern,Terrence Hayes,Timur Ender,Steph Routh,Loretta Smith
Loretta Smith,Timur Ender,,,,
Terrence Hayes,Noah Ernst,Loretta Smith,,,
Timur Ender,Loretta Smith,,,,
Timur Ender,Candace Avalos,Terrence Hayes,,,
Noah Ernst,Terrence Hayes,Loretta Smith,,,
Cayle Tern,Candace Avalos,Terrence Hayes,Loretta Smith,,
Candace Avalos,Loretta Smith,Terrence Hayes,Steph Routh,Thomas Shervey,David Linn
Candace Avalos,Steph Routh,Timur Ender,Jamie Dunphy,,
Loretta Smith,Timur Ender,Candace Avalos,David Linn,Joe Allen,
Doug Clove,Timur Ender,Thomas Shervey,,,
Loretta Smith,Terrence Hayes,Steph Routh,Jamie Dunphy,Noah Ernst,David Linn
Candace Avalos,Cayle Tern,Timur Ender,Jamie Dunphy,,
Candace Avalos,Cayle Tern,Timur Ender,Jamie Dunphy,Steph Routh,Loretta Smith
Peggy Sue Owens,Joe Allen,Michael (Mike) Sands,Doug Clove,Loretta Smith,
Jamie Dunphy,Steph Routh,Candace Avalos,Timur Ender,Loretta Smith,Cayle Tern
Candace Avalos,Timur Ender,Loretta Smith,Terrence Hayes,Steph Routh,Jamie Dunphy
Terrence Hayes,Peggy Sue Owens,Joe Allen,Loretta Smith,Cayle Tern,Candace Avalos
Joe Furi,Peggy Sue Owens,,,,
Jamie Dunphy,Loretta Smith,Noah Ernst,,,
Terrence Hayes,Jamie Dunphy,Noah Ernst,David Linn,,
Doug Clove,Joe Furi,Timur Ender,Peggy Sue Owens,Joe Allen,Loretta Smith
Jamie Dunphy,Steph Routh,Candace Avalos,,,
Terrence Hayes,Noah Ernst,Joe Furi,Loretta Smith,Doug Clove,
Candace Avalos,Timur Ender,Steph Routh,Jamie Dunphy,Cayle Tern,David Linn
,,,,,
Joe Allen,Noah Ernst,David Linn,Thomas Shervey,Jamie Dunphy,Cayle Tern
Loretta Smith,Candace Avalos,Peggy Sue Owens,Terrence Hayes,Steph Routh,Jamie Dunphy
Terrence Hayes,,,,,
Peggy Sue Owens,Joe Allen,Jamie Dunphy,,,
Jamie Dunphy,Candace Avalos,Timur Ender,,,
Timur Ender,Loretta Smith,,,,
Doug Clove,,,,,
Deian Salazar,Cayle Tern,,,,
Terrence Hayes,Loretta Smith,Candace Avalos,Timur Ender,David Linn,Steph Routh
Jamie Dunphy,Candace Avalos,Steph Routh,,,
Candace Avalos,Jamie Dunphy,Timur Ender,Terrence Hayes,,
Loretta Smith,Steph Routh,Timur Ender,Michael (Mike) Sands,Cayle Tern,Jamie Dunphy
Candace Avalos,Jamie Dunphy,Steph Routh,,,
Timur Ender,Candace Avalos,Jamie Dunphy,Terrence Hayes,Loretta Smith,Michael (Mike) Sands
Doug Clove,Timur Ender,Cayle Tern,Noah Ernst,Terrence Hayes,David Linn
Loretta Smith,Steph Routh,Jamie Dunphy,Michael (Mike) Sands,,
Terrence Hayes,Noah Ernst,Loretta Smith,,,
Terrence Hayes,Loretta Smith,Deian Salazar,David Linn,Candace Avalos,Peggy Sue Owens
David Linn,Peggy Sue Owens,Steph Routh,Terrence Hayes,Joe Furi,
Candace Avalos,Noah Ernst,Terrence Hayes,Doug Clove,Jamie Dunphy,Deian Salazar
Steph Routh,Timur Ender,Cayle Tern,,,
Loretta Smith,Steph Routh,Candace Avalos,David Linn,Terrence Hayes,Timur Ender
Jamie Dunphy,Steph Routh,Candace Avalos,,,
Timur Ender,David Linn,Noah Ernst,Candace Avalos,Loretta Smith,
Joe Furi,,,,,
Jamie Dunphy,Loretta Smith,Steph Routh,David Linn,Deian Salazar,Cayle Tern
Doug Clove,Thomas Shervey,Steph Routh,Loretta Smith,David Linn,Candace Avalos
Jamie Dunphy,Candace Avalos,Steph Routh,,,
Timur Ender,Candace Avalos,,,,
Loretta Smith,Noah Ernst,,,,
Steph Routh,Jamie Dunphy,Michael (Mike) Sands,David Linn,Terrence Hayes,Deian Salazar
Timur Ender,Candace Avalos,Terrence Hayes,Loretta Smith,Steph Routh,Jamie Dunphy
Loretta Smith,Terrence Hayes,Noah Ernst,,,
David Linn,Deian Salazar,Terrence Hayes,Candace Avalos,Steph Routh,Timur Ender
Candace Avalos,Peggy Sue Owens,Steph Routh,Timur Ender,Cayle Tern,
Loretta Smith,Peggy Sue Owens,Timur Ender,Noah Ernst,Candace Avalos,Joe Allen
Terrence Hayes,Candace Avalos,Timur Ender,Jamie Dunphy,,
Timur Ender,,,,,
Timur Ender,Terrence Hayes,Thomas Shervey,Steph Routh,Noah Ernst,Doug Clove
Loretta Smith,,,,,
Joe Allen,Deian Salazar,Thomas Shervey,David Linn,Cayle Tern,Jamie Dunphy
David Linn,Deian Salazar,Steph Routh,Loretta Smith,Thomas Shervey,Doug Clove
Candace Avalos,Timur Ender,Steph Routh,Cayle Tern,,
Loretta Smith,,,,,
Steph Routh,Candace Avalos,Timur Ender,Jamie Dunphy,Terrence Hayes,
Deian Salazar,Candace Avalos,,,,
Jamie Dunphy,Steph Routh,Timur Ender,Loretta Smith,Candace Avalos,Joe Allen
Peggy Sue Owens,Joe Allen,Cayle Tern,Joe Furi,Loretta Smith,Jamie Dunphy
Loretta Smith,Cayle Tern,Peggy Sue Owens,David Linn,Joe Furi,Deian Salazar
Loretta Smith,Deian Salazar,Timur Ender,,,
David Linn,Terrence Hayes,,,,
David Linn,Michael (Mike) Sands,Terrence Hayes,Noah Ernst,Candace Avalos,Thomas Shervey
Timur Ender,Candace Avalos,Steph Routh,Jamie Dunphy,,
Terrence Hayes,Noah Ernst,Candace Avalos,Steph Routh,,
Noah Ernst,,,,,
Terrence Hayes,Noah Ernst,,,,
Loretta Smith,Doug Clove,Terrence Hayes,,,
Candace Avalos,Timur Ender,Steph Routh,Jamie Dunphy,,
Peggy Sue Owens,Joe Allen,Jamie Dunphy,Loretta Smith,Candace Avalos,Steph Routh
Steph Routh,Timur Ender,Jamie Dunphy,Candace Avalos,Loretta Smith,Terrence Hayes
Jamie Dunphy,Steph Routh,Candace Avalos,David Linn,,
Candace Avalos,Cayle Tern,Noah Ernst,,,
Terrence Hayes,Candace Avalos,Jamie Dunphy,Steph Routh,Timur Ender,
Timur Ender,Candace Avalos,Steph Routh,Jamie Dunphy,Cayle Tern,
Candace Avalos,Steph Routh,Timur Ender,Jamie Dunphy,Cayle Tern,Michael (Mike) Sands
Thomas Shervey,Steph Routh,Jamie Dunphy,,,
Deian Salazar,Terrence Hayes,,,,
Terrence Hayes,Noah Ernst,Candace Avalos,Loretta Smith,Steph Routh,Joe Furi
Timur Ender,Steph Routh,Terrence Hayes,Jamie Dunphy,Candace Avalos,
Peggy Sue Owens,Joe Allen,David Linn,Doug Clove,Michael (Mike) Sands,Thomas Shervey
Loretta Smith,,,,,
David Linn,Peggy Sue Owens,Michael (Mike) Sands,Steph Routh,Loretta Smith,Noah Ernst
Candace Avalos,Loretta Smith,Jamie Dunphy,Timur Ender,,
Steph Routh,Candace Avalos,Timur Ender,Jamie Dunphy,Loretta Smith,
Loretta Smith,,,,,
Candace Avalos,Timur Ender,Steph Routh,,,
Candace Avalos,Terrence Hayes,Timur Ender,,,
Terrence Hayes,Candace Avalos,Steph Routh,Deian Salazar,Joe Allen,Peggy Sue Owens
Steph Routh,,,,,
Terrence Hayes,Cayle Tern,Jamie Dunphy,Timur Ender,Michael (Mike) Sands,
Doug Clove,Noah Ernst,Joe Allen,,,
Loretta Smith,Terrence Hayes,Noah Ernst,Cayle Tern,Deian Salazar,Candace Avalos
David Linn,Deian Salazar,Jamie Dunphy,,,
Loretta Smith,,,,,
Michael (Mike) Sands,Thomas Shervey,Candace Avalos,Doug Clove,Jamie Dunphy,Peggy Sue Owens
Candace Avalos,Deian Salazar,Timur Ender,,,
Steph Routh,Timur Ender,Jamie Dunphy,Candace Avalos,,
Steph Routh,Michael (Mike) Sands,Loretta Smith,Jamie Dunphy,Candace Avalos,David Linn
Loretta Smith,Candace Avalos,David Linn,Doug Clove,Joe Allen,Thomas Shervey
Peggy Sue Owens,Jamie Dunphy,Doug Clove,Joe Allen,Joe Furi,Terrence Hayes
Timur Ender,Candace Avalos,Jamie Dunphy,,,
Steph Routh,,,,,
Candace Avalos,Steph Routh,Timur Ender,Jamie Dunphy,,
Doug Clove,,,,,
Timur Ender,Candace Avalos,Jamie Dunphy,Terrence Hayes,,
Candace Avalos,Joe Allen,Loretta Smith,Terrence Hayes,,
Loretta Smith,Candace Avalos,Joe Allen,Noah Ernst,Timur Ender,Deian Salazar
Jamie Dunphy,Candace Avalos,Loretta Smith,,,
Joe Furi,Jamie Dunphy,Timur Ender,Michael (Mike) Sands,Candace Avalos,Cayle Tern
Doug Clove,Loretta Smith,Steph Routh,Joe Furi,Jamie Dunphy,Thomas Shervey
Candace Avalos,Jamie Dunphy,,,,
Candace Avalos,Steph Routh,Noah Ernst,Loretta Smith,Jamie Dunphy,Michael (Mike) Sands
Steph Routh,Candace Avalos,,,,
,,,,,
Jamie Dunphy,,,,,
Jamie Dunphy,David Linn,Cayle Tern,Candace Avalos,Timur Ender,Steph Routh
Candace Avalos,,,,,
Candace Avalos,Loretta Smith,Deian Salazar,,,
Loretta Smith,Candace Avalos,Peggy Sue Owens,Jamie Dunphy,,
Candace Avalos,Steph Routh,Timur Ender,Jamie Dunphy,Loretta Smith,
David Linn,Candace Avalos,Timur Ender,,,
Loretta Smith,Timur Ender,Steph Routh,Doug Clove,,
Loretta Smith,,,,,
Candace Avalos,Steph Routh,Timur Ender,Jamie Dunphy,,
Timur Ender,Jamie Dunphy,Candace Avalos,Cayle Tern,Joe Furi,Terrence Hayes
Candace Avalos,Steph Routh,Timur Ender,Jamie Dunphy,,
Timur Ender,Steph Routh,Candace Avalos,Jamie Dunphy,Loretta Smith,
Jamie Dunphy,Candace Avalos,Steph Routh,,,
Jamie Dunphy,Candace Avalos,Steph Routh,Timur Ender,Loretta Smith,
Joe Allen,Doug Clove,Candace Avalos,Joe Furi,Thomas Shervey,Steph Routh
Loretta Smith,Steph Routh,Jamie Dunphy,,,
Steph Routh,Candace Avalos,Timur Ender,Loretta Smith,Jamie Dunphy,Terrence Hayes
Steph Routh,Jamie Dunphy,,,,
Cayle Tern,Candace Avalos,David Linn,Jamie Dunphy,Peggy Sue Owens,Noah Ernst
Steph Routh,Terrence Hayes,Jamie Dunphy,,,
Jamie Dunphy,Steph Routh,Candace Avalos,Timur Ender,Loretta Smith,Peggy Sue Owens
Loretta Smith,Noah Ernst,Timur Ender,Terrence Hayes,Steph Routh,
Terrence Hayes,Noah Ernst,Doug Clove,,,
Loretta Smith,Terrence Hayes,Michael (Mike) Sands,Doug Clove,David Linn,Noah Ernst
Steph Routh,Jamie Dunphy,Doug Clove,Candace Avalos,Timur Ender,Joe Allen
Jamie Dunphy,Candace Avalos,Steph Routh,Terrence Hayes,Loretta Smith,Timur Ender
Loretta Smith,Terrence Hayes,Candace Avalos,Jamie Dunphy,Peggy Sue Owens,Deian Salazar
Loretta Smith,Thomas Shervey,,,,
Loretta Smith,Jamie Dunphy,Terrence Hayes,Timur Ender,,
Doug Clove,Loretta Smith,Terrence Hayes,Steph Routh,David Linn,Candace Avalos
Cayle Tern,Jamie Dunphy,David Linn,Steph Routh,Joe Furi,Doug Clove
Terrence Hayes,Doug Clove,Jamie Dunphy,Candace Avalos,Peggy Sue Owens,Joe Allen
Noah Ernst,Terrence Hayes,,,,
Loretta Smith,Thomas Shervey,Steph Routh,Jamie Dunphy,Noah Ernst,David Linn
Loretta Smith,Steph Routh,Jamie Dunphy,Terrence Hayes,Deian Salazar,Doug Clove
Noah Ernst,David Linn,Doug Clove,Terrence Hayes,Steph Routh,
Candace Avalos,Timur Ender,Terrence Hayes,Steph Routh,,
Terrence Hayes,Loretta Smith,Cayle Tern,David Linn,Candace Avalos,Joe Allen
Steph Routh,Timur Ender,Candace Avalos,Loretta Smith,Cayle Tern,Deian Salazar
Candace Avalos,Joe Allen,Deian Salazar,,,
Candace Avalos,Timur Ender,Cayle Tern,Jamie Dunphy,,
Loretta Smith,Michael (Mike) Sands,Timur Ender,,,
Candace Avalos,Timur Ender,Terrence Hayes,,,
Jamie Dunphy,Candace Avalos,Steph Routh,,,
Jamie Dunphy,Steph Routh,Candace Avalos,Timur Ender,Loretta Smith,Cayle Tern
Noah Ernst,Doug Clove,Deian Salazar,,,
Candace Avalos,Steph Routh,Timur Ender,,,
Jamie Dunphy,Timur Ender,Steph Routh,Loretta Smith,,
Timur Ender,Steph Routh,Loretta Smith,Noah Ernst,David Linn,Cayle Tern
Doug Clove,Michael (Mike) Sands,Steph Routh,Thomas Shervey,Terrence Hayes,Loretta Smith
Loretta Smith,Steph Routh,Michael (Mike) Sands,David Linn,Candace Avalos,Timur Ender
Loretta Smith,Terrence Hayes,Steph Routh,,,
Peggy Sue Owens,David Linn,Loretta Smith,Terrence Hayes,Jamie Dunphy,Thomas Shervey
Terrence Hayes,Loretta Smith,Timur Ender,Steph Routh,Noah Ernst,Jamie Dunphy
Terrence Hayes,Candace Avalos,Timur Ender,Steph Routh,Jamie Dunphy,David Linn
Timur Ender,Candace Avalos,Terrence Hayes,Deian Salazar,Jamie Dunphy,Loretta Smith
Loretta Smith,Steph Routh,Michael (Mike) Sands,,,
Candace Avalos,Jamie Dunphy,Noah Ernst,Timur Ender,,
Loretta Smith,,,,,
Steph Routh,Candace Avalos,Jamie Dunphy,Loretta Smith,Timur Ender,Peggy Sue Owens
Candace Avalos,Jamie Dunphy,Steph Routh,,,
Loretta Smith,Terrence Hayes,,,,
Timur Ender,Candace Avalos,Loretta Smith,Terrence Hayes,Jamie Dunphy,Thomas Shervey
Candace Avalos,Jamie Dunphy,Cayle Tern,Timur Ender,Steph Routh,David Linn
Doug Clove,Michael (Mike) Sands,Terrence Hayes,Noah Ernst,Joe Allen,Thomas Shervey
Steph Routh,Candace Avalos,Timur Ender,Loretta Smith,Write-in-120,Cayle Tern
Loretta Smith,Joe Allen,Michael (Mike) Sands,Peggy Sue Owens,David Linn,Thomas Shervey
Candace Avalos,Peggy Sue Owens,Loretta Smith,Michael (Mike) Sands,Cayle Tern,Timur Ender
Candace Avalos,Steph Routh,Jamie Dunphy,,,
Candace Avalos,Steph Routh,Timur Ender,Loretta Smith,Jamie Dunphy,
Loretta Smith,Terrence Hayes,Steph Routh,Thomas Shervey,Jamie Dunphy,Candace Avalos
Terrence Hayes,Timur Ender,Candace Avalos,Steph Routh,,
Loretta Smith,Peggy Sue Owens,Candace Avalos,Doug Clove,Jamie Dunphy,Terrence Hayes
Jamie Dunphy,Candace Avalos,Steph Routh,Noah Ernst,David Linn,Loretta Smith
Noah Ernst,Terrence Hayes,Joe Furi,Loretta Smith,Doug Clove,
Steph Routh,Loretta Smith,Deian Salazar,,,
Candace Avalos,Cayle Tern,Timur Ender,,,
Loretta Smith,,,,,
Candace Avalos,Steph Routh,,,,
Steph Routh,,,,,
Steph Routh,Candace Avalos,Timur Ender,Jamie Dunphy,,
Terrence Hayes,Jamie Dunphy,Steph Routh,Loretta Smith,Timur Ender,Cayle Tern
Candace Avalos,Jamie Dunphy,,,,
Timur Ender,,,,,
,,,,,
Jamie Dunphy,Candace Avalos,Steph Routh,Loretta Smith,David Linn,Terrence Hayes
Candace Avalos,Timur Ender,Terrence Hayes,Loretta Smith,Jamie Dunphy,Joe Allen
Timur Ender,Michael (Mike) Sands,Loretta Smith,Terrence Hayes,Steph Routh,
Candace Avalos,Cayle Tern,Loretta Smith,Terrence Hayes,Deian Salazar,
Terrence Hayes,Loretta Smith,Noah Ernst,,,
Timur Ender,Steph Routh,Candace Avalos,Loretta Smith,Terrence Hayes,
Joe Allen,David Linn,Joe Furi,Thomas Shervey,Terrence Hayes,Noah Ernst
Loretta Smith,David Linn,Peggy Sue Owens,Joe Allen,Deian Salazar,Jamie Dunphy
Cayle Tern,Peggy Sue Owens,Loretta Smith,,,
Terrence Hayes,Noah Ernst,Doug Clove,,,
Candace Avalos,Jamie Dunphy,Steph Routh,Timur Ender,David Linn,Loretta Smith
Terrence Hayes,Noah Ernst,Loretta Smith,,,
Jamie Dunphy,,,,,
Terrence Hayes,Joe Allen,Candace Avalos,Thomas Shervey,Loretta Smith,Steph Routh
Loretta Smith,Jamie Dunphy,Steph Routh,Terrence Hayes,,
Michael (Mike) Sands,,,,,
,,,,,
Peggy Sue Owens,Timur Ender,Noah Ernst,Candace Avalos,Joe Allen,David Linn
Candace Avalos,Timur Ender,Jamie Dunphy,Steph Routh,,
Candace Avalos,Steph Routh,Cayle Tern,Timur Ender,,
Terrence Hayes,Doug Clove,Joe Furi,Joe Allen,Thomas Shervey,Steph Routh
Candace Avalos,Cayle Tern,Timur Ender,Steph Routh,David Linn,Michael (Mike) Sands
Noah Ernst,Doug Clove,Loretta Smith,Terrence Hayes,Jamie Dunphy,
Jamie Dunphy,,,,,
Noah Ernst,Terrence Hayes,Loretta Smith,,,
Timur Ender,Jamie Dunphy,Steph Routh,Candace Avalos,,
Candace Avalos,Deian Salazar,Steph Routh,Cayle Tern,Timur Ender,Loretta Smith
Noah Ernst,Michael (Mike) Sands,,,,
Loretta Smith,Timur Ender,Steph Routh,Jamie Dunphy,Candace Avalos,
Loretta Smith,Terrence Hayes,Jamie Dunphy,,,
Loretta Smith,Candace Avalos,Jamie Dunphy,Peggy Sue Owens,Cayle Tern,Michael (Mike) Sands
Doug Clove,,,,,
Terrence Hayes,Loretta Smith,Timur Ender,,,
Steph Routh,Doug Clove,Michael (Mike) Sands,David Linn,Joe Allen,Noah Ernst
Loretta Smith,,,,,
Jamie Dunphy,Loretta Smith,Terrence Hayes,Timur Ender,Deian Salazar,Steph Routh
Steph Routh,,,,,
Timur Ender,Steph Routh,Terrence Hayes,Loretta Smith,David Linn,Candace Avalos
Timur Ender,Candace Avalos,,,,
Jamie Dunphy,,,,,
Candace Avalos,Loretta Smith,Steph Routh,,,
Cayle Tern,Michael (Mike) Sands,Doug Clove,Loretta Smith,,
Timur Ender,Deian Salazar,Terrence Hayes,Michael (Mike) Sands,Cayle Tern,Jamie Dunphy
David Linn,Thomas Shervey,Doug Clove,Peggy Sue Owens,Noah Ernst,Candace Avalos
Timur Ender,Candace Avalos,David Linn,Cayle Tern,Thomas Shervey,Jamie Dunphy
Doug Clove,Noah Ernst,Timur Ender,Michael (Mike) Sands,Candace Avalos,Steph Routh
Noah Ernst,Doug Clove,Joe Allen,Joe Furi,,
Noah Ernst,Terrence Hayes,Loretta Smith,,,
Loretta Smith,Peggy Sue Owens,Deian Salazar,Cayle Tern,Jamie Dunphy,Candace Avalos
Noah Ernst,Candace Avalos,Timur Ender,Cayle Tern,Steph Routh,
Steph Routh,Terrence Hayes,Loretta Smith,Timur Ender,Candace Avalos,Jamie Dunphy
Loretta Smith,Terrence Hayes,Michael (Mike) Sands,Cayle Tern,David Linn,Timur Ender
Candace Avalos,Timur Ender,Loretta Smith,Terrence Hayes,Cayle Tern,Deian Salazar
Terrence Hayes,Noah Ernst,Joe Furi,Loretta Smith,Doug Clove,Write-in-120
Peggy Sue Owens,Joe Furi,Joe Allen,Loretta Smith,Terrence Hayes,Jamie Dunphy
Noah Ernst,Cayle Tern,Terrence Hayes,Doug Clove,Joe Allen,Jamie Dunphy
Steph Routh,Candace Avalos,Jamie Dunphy,,,
Jamie Dunphy,Steph Routh,Candace Avalos,,,
Loretta Smith,Joe Allen,Noah Ernst,Doug Clove,Deian Salazar,Terrence Hayes
Jamie Dunphy,Steph Routh,Candace Avalos,David Linn,,
Timur Ender,,,,,
Loretta Smith,Terrence Hayes,Jamie Dunphy,,,
Steph Routh,Candace Avalos,Timur Ender,Jamie Dunphy,Loretta Smith,
Terrence Hayes,Doug Clove,Candace Avalos,David Linn,Timur Ender,Noah Ernst
Loretta Smith,Timur Ender,Steph Routh,,,
Noah Ernst,,,,,
Noah Ernst,Terrence Hayes,Joe Furi,Loretta Smith,Doug Clove,
Loretta Smith,Timur Ender,Candace Avalos,David Linn,Joe Allen,Deian Salazar
Loretta Smith,Steph Routh,Timur Ender,Joe Furi,Doug Clove,Deian Salazar
Steph Routh,Jamie Dunphy,Write-in-122,,,
Joe Allen,Deian Salazar,,,,
Candace Avalos,Noah Ernst,Loretta Smith,Jamie Dunphy,Steph Routh,Terrence Hayes
Jamie Dunphy,David Linn,Peggy Sue Owens,Noah Ernst,Loretta Smith,Steph Routh
Joe Allen,Joe Furi,Loretta Smith,Terrence Hayes,Doug Clove,Michael (Mike) Sands
Loretta Smith,Terrence Hayes,Steph Routh,Jamie Dunphy,Doug Clove,
Noah Ernst,Terrence Hayes,Loretta Smith,,,
Jamie Dunphy,,,,,
Steph Routh,Jamie Dunphy,Loretta Smith,David Linn,Terrence Hayes,
Candace Avalos,Cayle Tern,Steph Routh,Timur Ender,Jamie Dunphy,
Candace Avalos,Timur Ender,Steph Routh,,,
Jamie Dunphy,Candace Avalos,Steph Routh,,,
Jamie Dunphy,Noah Ernst,Candace Avalos,Timur Ender,Loretta Smith,Doug Clove
Terrence Hayes,Loretta Smith,,,,
David Linn,Peggy Sue Owens,Joe Furi,,,
Timur Ender,Candace Avalos,Steph Routh,Cayle Tern,Deian Salazar,Peggy Sue Owens
Terrence Hayes,Noah Ernst,Doug Clove,,,
Noah Ernst,Terrence Hayes,Candace Avalos,Jamie Dunphy,Steph Routh,
Peggy Sue Owens,Noah Ernst,Deian Salazar,,,
Doug Clove,Loretta Smith,Noah Ernst,Timur Ender,Peggy Sue Owens,Joe Allen
Candace Avalos,Cayle Tern,Timur Ender,,,
Candace Avalos,Timur Ender,,,,
Terrence Hayes,Noah Ernst,Doug Clove,,,
Timur Ender,Loretta Smith,Michael (Mike) Sands,Thomas Shervey,,
Deian Salazar,Terrence Hayes,Peggy Sue Owens,Timur Ender,David Linn,Noah Ernst
Joe Allen,Joe Furi,Doug Clove,Peggy Sue Owens,David Linn,Noah Ernst
Deian Salazar,Steph Routh,David Linn,Terrence Hayes,Timur Ender,Candace Avalos
Terrence Hayes,Loretta Smith,Timur Ender,,,
Candace Avalos,Steph Routh,Timur Ender,,,
Loretta Smith,Peggy Sue Owens,,,,
Timur Ender,Steph Routh,Candace Avalos,Loretta Smith,Cayle Tern,Terrence Hayes
Noah Ernst,Timur Ender,Candace Avalos,,,
Candace Avalos,Terrence Hayes,Loretta Smith,Timur Ender,,
Terrence Hayes,,,,,
,,,,,
Loretta Smith,Steph Routh,Terrence Hayes,Noah Ernst,,
Jamie Dunphy,Candace Avalos,Noah Ernst,David Linn,Steph Routh,Loretta Smith
Noah Ernst,,,,,
Jamie Dunphy,,,,,
Timur Ender,Steph Routh,Thomas Shervey,Michael (Mike) Sands,Joe Furi,Cayle Tern
Loretta Smith,Candace Avalos,Steph Routh,Terrence Hayes,Thomas Shervey,
Candace Avalos,Terrence Hayes,Steph Routh,Timur Ender,Loretta Smith,Jamie Dunphy
Candace Avalos,Timur Ender,,,,
Loretta Smith,Timur Ender,,,,
Loretta Smith,Noah Ernst,Terrence Hayes,,,
Timur Ender,Cayle Tern,Jamie Dunphy,Steph Routh,Deian Salazar,Loretta Smith
Loretta Smith,Steph Routh,David Linn,Cayle Tern,Candace Avalos,Terrence Hayes
Jamie Dunphy,Steph Routh,Candace Avalos,Loretta Smith,Timur Ender,Cayle Tern
Timur Ender,Candace Avalos,Jamie Dunphy,Steph Routh,Cayle Tern,Loretta Smith
Candace Avalos,Steph Routh,Timur Ender,Jamie Dunphy,,
Terrence Hayes,Loretta Smith,Doug Clove,Joe Allen,Noah Ernst,Timur Ender
Joe Furi,,,,,
Jamie Dunphy,Steph Routh,Timur Ender,Candace Avalos,Loretta Smith,Terrence Hayes
Terrence Hayes,Steph Routh,Deian Salazar,,,
Steph Routh,Candace Avalos,Timur Ender,Jamie Dunphy,David Linn,Cayle Tern
Loretta Smith,Candace Avalos,,,,
Noah Ernst,Terrence Hayes,Loretta Smith,,,
Terrence Hayes,Noah Ernst,Joe Furi,Loretta Smith,Doug Clove,Write-in-120
Peggy Sue Owens,Doug Clove,Terrence Hayes,Steph Routh,David Linn,Loretta Smith
Doug Clove,Noah Ernst,Joe Allen,,,
Timur Ender,Terrence Hayes,Steph Routh,Jamie Dunphy,Loretta Smith,Deian Salazar
Terrence Hayes,Loretta Smith,Joe Furi,Jamie Dunphy,Timur Ender,David Linn
,,,,,
Peggy Sue Owens,Noah Ernst,Michael (Mike) Sands,Steph Routh,Terrence Hayes,Loretta Smith
Loretta Smith,Deian Salazar,Noah Ernst,David Linn,,
Terrence Hayes,Noah Ernst,Joe Furi,Loretta Smith,Doug Clove,Write-in-120
Steph Routh,Candace Avalos,Timur Ender,,,
Loretta Smith,,,,,
Terrence Hayes,Deian Salazar,,,,
Candace Avalos,Jamie Dunphy,Timur Ender,Cayle Tern,Steph Routh,
Loretta Smith,,,,,
Doug Clove,Deian Salazar,Loretta Smith,Timur Ender,Candace Avalos,Jamie Dunphy
Jamie Dunphy,,,,,
Candace Avalos,Loretta Smith,Steph Routh,Cayle Tern,Peggy Sue Owens,Timur Ender
Terrence Hayes,Noah Ernst,Doug Clove,,,
Jamie Dunphy,Steph Routh,Doug Clove,Joe Allen,Candace Avalos,Thomas Shervey
Michael (Mike) Sands,,,,,
Candace Avalos,Joe Allen,,,,
Candace Avalos,Noah Ernst,Timur Ender,Cayle Tern,Loretta Smith,Steph Routh
Steph Routh,Jamie Dunphy,Candace Avalos,David Linn,Timur Ender,Cayle Tern
Steph Routh,,,,,
Jamie Dunphy,Terrence Hayes,Cayle Tern,,,
,,,,,
Candace Avalos,David Linn,Cayle Tern,Loretta Smith,Steph Routh,Jamie Dunphy
Noah Ernst,Doug Clove,Deian Salazar,Terrence Hayes,David Linn,Loretta Smith
Steph Routh,Jamie Dunphy,Loretta Smith,,,
Candace Avalos,Steph Routh,Timur Ender,,,
Loretta Smith,Doug Clove,Timur Ender,Terrence Hayes,Jamie Dunphy,Steph Routh
Timur Ender,Terrence Hayes,Steph Routh,Loretta Smith,,
Terrence Hayes,Thomas Shervey,Loretta Smith,Cayle Tern,Candace Avalos,Peggy Sue Owens
Cayle Tern,Noah Ernst,Candace Avalos,Timur Ender,Thomas Shervey,Terrence Hayes
Terrence Hayes,Steph Routh,Jamie Dunphy,Loretta Smith,Joe Furi,David Linn
Candace Avalos,Jamie Dunphy,Steph Routh,,,
Timur Ender,David Linn,Noah Ernst,Michael (Mike) Sands,Cayle Tern,Deian Salazar
Candace Avalos,Cayle Tern,Steph Routh,Terrence Hayes,Jamie Dunphy,Timur Ender
Terrence Hayes,Timur Ender,Steph Routh,Jamie Dunphy,,
Jamie Dunphy,Cayle Tern,David Linn,Steph Routh,Timur Ender,Candace Avalos
Terrence Hayes,Steph Routh,,,,
Timur Ender,Candace Avalos,Cayle Tern,,,
Loretta Smith,Jamie Dunphy,Steph Routh,Terrence Hayes,Timur Ender,
Candace Avalos,,,,,
Candace Avalos,Peggy Sue Owens,Cayle Tern,Loretta Smith,Steph Routh,
Timur Ender,Noah Ernst,Steph Routh,Jamie Dunphy,,
Candace Avalos,Timur Ender,Steph Routh,Jamie Dunphy,,
Noah Ernst,Candace Avalos,Timur Ender,Loretta Smith,,
Loretta Smith,Doug Clove,,,,
Timur Ender,Terrence Hayes,David Linn,Steph Routh,Candace Avalos,Noah Ernst
Jamie Dunphy,Terrence Hayes,Loretta Smith,,,
Joe Furi,Cayle Tern,Thomas Shervey,Deian Salazar,Candace Avalos,Timur Ender
Loretta Smith,Candace Avalos,,,,
Timur Ender,Steph Routh,Candace Avalos,Cayle Tern,,
Candace Avalos,Loretta Smith,Steph Routh,,,
Joe Allen,David Linn,Terrence Hayes,Jamie Dunphy,Thomas Shervey,Candace Avalos
Candace Avalos,Joe Allen,David Linn,Loretta Smith,Jamie Dunphy,Steph Routh
Jamie Dunphy,Candace Avalos,Steph Routh,,,
Steph Routh,Jamie Dunphy,Loretta Smith,Candace Avalos,Timur Ender,Cayle Tern
Noah Ernst,Jamie Dunphy,Candace Avalos,,,
Terrence Hayes,Noah Ernst,Candace Avalos,,,
Joe Allen,Joe Furi,Thomas Shervey,Steph Routh,,
Jamie Dunphy,Cayle Tern,David Linn,Steph Routh,Timur Ender,Candace Avalos
Loretta Smith,Timur Ender,Steph Routh,Cayle Tern,Candace Avalos,Terrence Hayes
Doug Clove,Michael (Mike) Sands,Deian Salazar,Noah Ernst,Thomas Shervey,
Candace Avalos,Jamie Dunphy,Cayle Tern,,,
Jamie Dunphy,Steph Routh,Terrence Hayes,Noah Ernst,David Linn,Timur Ender
Joe Allen,,,,,
Loretta Smith,Jamie Dunphy,Steph Routh,Timur Ender,Candace Avalos,
Timur Ender,Steph Routh,Jamie Dunphy,Terrence Hayes,,
Candace Avalos,David Linn,Joe Furi,Michael (Mike) Sands,Loretta Smith,Steph Routh
Candace Avalos,Cayle Tern,Timur Ender,,,
Candace Avalos,Steph Routh,Jamie Dunphy,,,
Steph Routh,Peggy Sue Owens,Cayle Tern,Loretta Smith,Candace Avalos,Joe Furi
Timur Ender,Candace Avalos,Thomas Shervey,Terrence Hayes,Steph Routh,Jamie Dunphy
Cayle Tern,Steph Routh,Loretta Smith,Timur Ender,Candace Avalos,Terrence Hayes
Candace Avalos,Cayle Tern,Timur Ender,,,
Noah Ernst,Cayle Tern,Jamie Dunphy,Peggy Sue Owens,Deian Salazar,Terrence Hayes
Candace Avalos,,,,,
Peggy Sue Owens,,,,,
Candace Avalos,Loretta Smith,Terrence Hayes,Doug Clove,,
Candace Avalos,Terrence Hayes,Steph Routh,Jamie Dunphy,Cayle Tern,Timur Ender
Terrence Hayes,Jamie Dunphy,,,,
Joe Allen,Doug Clove,Terrence Hayes,Candace Avalos,Loretta Smith,Timur Ender
Doug Clove,,,,,
Steph Routh,Timur Ender,Candace Avalos,Jamie Dunphy,,
Terrence Hayes,Noah Ernst,Steph Routh,Jamie Dunphy,,
Michael (Mike) Sands,Terrence Hayes,Joe Allen,Doug Clove,Jamie Dunphy,Joe Furi
Timur Ender,Candace Avalos,,,,
Steph Routh,Deian Salazar,,,,
Terrence Hayes,David Linn,Jamie Dunphy,Steph Routh,,
Timur Ender,,,,,
Timur Ender,Jamie Dunphy,Candace Avalos,Steph Routh,David Linn,Noah Ernst
Jamie Dunphy,Candace Avalos,Timur Ender,,,
Deian Salazar,Candace Avalos,Michael (Mike) Sands,,,
Steph Routh,,,,,
Noah Ernst,Doug Clove,,,,
David Linn,Joe Allen,Peggy Sue Owens,Noah Ernst,Timur Ender,Doug Clove
Steph Routh,Jamie Dunphy,Loretta Smith,David Linn,Candace Avalos,Noah Ernst
Steph Routh,Candace Avalos,Jamie Dunphy,Timur Ender,Cayle Tern,Loretta Smith
Noah Ernst,Doug Clove,Michael (Mike) Sands,Loretta Smith,Joe Furi,Joe Allen
Joe Allen,Noah Ernst,,,,
Noah Ernst,Doug Clove,Steph Routh,Joe Allen,Candace Avalos,Joe Furi
Loretta Smith,Thomas Shervey,Noah Ernst,Timur Ender,,
Peggy Sue Owens,Cayle Tern,Michael (Mike) Sands,Terrence Hayes,Joe Allen,Loretta Smith
Candace Avalos,Cayle Tern,Timur Ender,,,
Loretta Smith,Candace Avalos,Steph Routh,Timur Ender,Cayle Tern,Noah Ernst
Candace Avalos,Steph Routh,Timur Ender,,,
Peggy Sue Owens,Candace Avalos,David Linn,Deian Salazar,Jamie Dunphy,Timur Ender
Peggy Sue Owens,David Linn,Michael (Mike) Sands,Terrence Hayes,Steph Routh,Noah Ernst
Terrence Hayes,Jamie Dunphy,Steph Routh,,,
Candace Avalos,Steph Routh,Timur Ender,Jamie Dunphy,,
,,,,,
Candace Avalos,Steph Routh,Timur Ender,Jamie Dunphy,Cayle Tern,David Linn
Candace Avalos,Timur Ender,Steph Routh,Jamie Dunphy,Noah Ernst,David Linn
Timur Ender,Noah Ernst,Joe Allen,Loretta Smith,Peggy Sue Owens,David Linn
Timur Ender,Cayle Tern,Candace Avalos,Terrence Hayes,Michael (Mike) Sands,Doug Clove
Terrence Hayes,Loretta Smith,David Linn,Candace Avalos,Timur Ender,Michael (Mike) Sands
Timur Ender,Loretta Smith,Steph Routh,,,
Jamie Dunphy,Candace Avalos,Steph Routh,,,
Loretta Smith,Noah Ernst,,,,
Loretta Smith,Jamie Dunphy,Deian Salazar,,,
Michael (Mike) Sands,,,,,
Steph Routh,,,,,
Timur Ender,Steph Routh,Terrence Hayes,Noah Ernst,,
Candace Avalos,Steph Routh,Timur Ender,,,
Terrence Hayes,Jamie Dunphy,,,,
Loretta Smith,Jamie Dunphy,Steph Routh,Timur Ender,Terrence Hayes,Candace Avalos
David Linn,Timur Ender,Terrence Hayes,,,
Jamie Dunphy,Terrence Hayes,Noah Ernst,Loretta Smith,Thomas Shervey,
Candace Avalos,Jamie Dunphy,Timur Ender,Loretta Smith,Steph Routh,
Terrence Hayes,Loretta Smith,Deian Salazar,Doug Clove,Noah Ernst,Steph Routh
Jamie Dunphy,Steph Routh,Timur Ender,,,
Candace Avalos,Steph Routh,Timur Ender,Loretta Smith,Terrence Hayes,Cayle Tern
Loretta Smith,Steph Routh,Candace Avalos,Terrence Hayes,Jamie Dunphy,Timur Ender
Steph Routh,Thomas Shervey,Michael (Mike) Sands,Doug Clove,Terrence Hayes,Loretta Smith
Jamie Dunphy,,,,,
Candace Avalos,Cayle Tern,Terrence Hayes,Jamie Dunphy,David Linn,Joe Furi
Jamie Dunphy,Terrence Hayes,Cayle Tern,Steph Routh,Candace Avalos,Michael (Mike) Sands
Timur Ender,Candace Avalos,Cayle Tern,Michael (Mike) Sands,Deian Salazar,Jamie Dunphy
Steph Routh,,,,,
Timur Ender,Jamie Dunphy,Steph Routh,Loretta Smith,Candace Avalos,
Timur Ender,Candace Avalos,Steph Routh,Jamie Dunphy,Cayle Tern,Michael (Mike) Sands
Jamie Dunphy,Steph Routh,Candace Avalos,Timur Ender,,
David Linn,Cayle Tern,Jamie Dunphy,Candace Avalos,Noah Ernst,Steph Routh
Steph Routh,Jamie Dunphy,David Linn,Candace Avalos,Deian Salazar,Terrence Hayes
Candace Avalos,Jamie Dunphy,,,,
Joe Allen,Joe Furi,Thomas Shervey,Michael (Mike) Sands,David Linn,Doug Clove
Terrence Hayes,,,,,
,,,,,
Loretta Smith,Timur Ender,Terrence Hayes,Steph Routh,Jamie Dunphy,Deian Salazar
Doug Clove,Candace Avalos,Terrence Hayes,Timur Ender,Noah Ernst,Jamie Dunphy
Timur Ender,Steph Routh,Candace Avalos,David Linn,Loretta Smith,
Timur Ender,Loretta Smith,,,,
David Linn,Terrence Hayes,Candace Avalos,Timur Ender,Doug Clove,Michael (Mike) Sands
Noah Ernst,Terrence Hayes,Candace Avalos,David Linn,Steph Routh,Cayle Tern
Steph Routh,Jamie Dunphy,Timur Ender,Candace Avalos,Joe Allen,David Linn
Steph Routh,,,,,
Timur Ender,Candace Avalos,Steph Routh,,,
Terrence Hayes,Noah Ernst,Loretta Smith,Deian Salazar,,
Steph Routh,Terrence Hayes,Loretta Smith,Jamie Dunphy,Timur Ender,Candace Avalos
Candace Avalos,Cayle Tern,Timur Ender,,,
Terrence Hayes,,,,,
Timur Ender,Jamie Dunphy,Candace Avalos,Steph Routh,,
Doug Clove,Loretta Smith,Terrence Hayes,Deian Salazar,Noah Ernst,Steph Routh
Candace Avalos,Steph Routh,Timur Ender,Jamie Dunphy,Terrence Hayes,
Terrence Hayes,Loretta Smith,Steph Routh,,,
Jamie Dunphy,Candace Avalos,Steph Routh,Terrence Hayes,,
Noah Ernst,,,,,
Joe Allen,,,,,
Steph Routh,Candace Avalos,Jamie Dunphy,Timur Ender,Terrence Hayes,
Loretta Smith,,,,,
Noah Ernst,Terrence Hayes,Steph Routh,Loretta Smith,,
Thomas Shervey,Candace Avalos,Terrence Hayes,,,
Jamie Dunphy,David Linn,Noah Ernst,Timur Ender,Steph Routh,Deian Salazar
Loretta Smith,,,,,
Candace Avalos,Cayle Tern,Timur Ender,,,
Candace Avalos,Doug Clove,Cayle Tern,Terrence Hayes,Steph Routh,
Loretta Smith,Terrence Hayes,Steph Routh,Doug Clove,,
Terrence Hayes,Candace Avalos,Loretta Smith,,,
Jamie Dunphy,David Linn,,,,
Candace Avalos,,,,,
Loretta Smith,Timur Ender,Candace Avalos,Steph Routh,Jamie Dunphy,David Linn
Steph Routh,Noah Ernst,Terrence Hayes,Loretta Smith,Michael (Mike) Sands,David Linn
Loretta Smith,Steph Routh,Candace Avalos,Timur Ender,Terrence Hayes,Jamie Dunphy
Steph Routh,Candace Avalos,Timur Ender,Jamie Dunphy,,
,,,,,
Jamie Dunphy,Steph Routh,Loretta Smith,Noah Ernst,,
Candace Avalos,Jamie Dunphy,Steph Routh,Timur Ender,Cayle Tern,
Jamie Dunphy,Candace Avalos,Loretta Smith,,,
Timur Ender,Steph Routh,Candace Avalos,Jamie Dunphy,,
Steph Routh,Jamie Dunphy,Candace Avalos,,,
Noah Ernst,,,,,
Loretta Smith,Jamie Dunphy,David Linn,,,
Candace Avalos,,,,,
Loretta Smith,Noah Ernst,,,,
Candace Avalos,Jamie Dunphy,Timur Ender,Steph Routh,David Linn,Loretta Smith
Candace Avalos,Loretta Smith,Deian Salazar,Joe Allen,Terrence Hayes,
Loretta Smith,,,,,
Steph Routh,,,,,
Loretta Smith,Steph Routh,Candace Avalos,Timur Ender,Jamie Dunphy,David Linn
Loretta Smith,Steph Routh,Candace Avalos,Timur Ender,Deian Salazar,Michael (Mike) Sands
Steph Routh,Terrence Hayes,,,,
Candace Avalos,Doug Clove,Jamie Dunphy,,,
Steph Routh,,,,,
Terrence Hayes,Loretta Smith,Noah Ernst,,,
Jamie Dunphy,Steph Routh,Candace Avalos,Loretta Smith,,
Terrence Hayes,Noah Ernst,Joe Allen,Loretta Smith,,
Loretta Smith,Doug Clove,Candace Avalos,Timur Ender,David Linn,Steph Routh
Doug Clove,Thomas Shervey,David Linn,Loretta Smith,,
Timur Ender,Candace Avalos,Steph Routh,Jamie Dunphy,,
Noah Ernst,,,,,
Jamie Dunphy,Candace Avalos,Steph Routh,,,
Noah Ernst,Joe Allen,,,,
Deian Salazar,Terrence Hayes,David Linn,,,
Candace Avalos,Timur Ender,Terrence Hayes,Loretta Smith,Jamie Dunphy,Cayle Tern
Loretta Smith,Terrence Hayes,Steph Routh,Candace Avalos,,
Loretta Smith,Thomas Shervey,Timur Ender,Terrence Hayes,Steph Routh,Jamie Dunphy
Joe Allen,Cayle Tern,,,,
Candace Avalos,Cayle Tern,Timur Ender,,,
Jamie Dunphy,Candace Avalos,Steph Routh,,,
Jamie Dunphy,Candace Avalos,Steph Routh,Noah Ernst,David Linn,Loretta Smith
Steph Routh,Michael (Mike) Sands,Thomas Shervey,,,
David Linn,Joe Furi,Steph Routh,Candace Avalos,Jamie Dunphy,Deian Salazar
Peggy Sue Owens,Candace Avalos,Cayle Tern,Loretta Smith,Steph Routh,Jamie Dunphy
Steph Routh,Candace Avalos,Jamie Dunphy,Terrence Hayes,Noah Ernst,David Linn
Steph Routh,Doug Clove,Candace Avalos,Timur Ender,David Linn,Jamie Dunphy
Michael (Mike) Sands,Terrence Hayes,Steph Routh,,,
Noah Ernst,Deian Salazar,Doug Clove,Joe Furi,,
Candace Avalos,Loretta Smith,Terrence Hayes,,,
Timur Ender,Candace Avalos,Steph Routh,Cayle Tern,,
Terrence Hayes,Noah Ernst,Loretta Smith,,,
Terrence Hayes,Timur Ender,Deian Salazar,Loretta Smith,Doug Clove,David Linn
,,,,,
Timur Ender,Candace Avalos,Doug Clove,Loretta Smith,Thomas Shervey,Steph Routh
Candace Avalos,Steph Routh,Jamie Dunphy,Timur Ender,,
Steph Routh,Timur Ender,Candace Avalos,Cayle Tern,Terrence Hayes,Jamie Dunphy
Candace Avalos,Cayle Tern,Steph Routh,Jamie Dunphy,Timur Ender,
Jamie Dunphy,,,,,
Steph Routh,Joe Furi,Jamie Dunphy,,,
Noah Ernst,Terrence Hayes,Loretta Smith,,,
Candace Avalos,Timur Ender,Terrence Hayes,Deian Salazar,Steph Routh,Cayle Tern
Noah Ernst,,,,,
Doug Clove,Deian Salazar,Terrence Hayes,Write-in-120,Noah Ernst,
Timur Ender,,,,,
Loretta Smith,Terrence Hayes,Steph Routh,,,
Loretta Smith,Candace Avalos,Terrence Hayes,,,
Jamie Dunphy,Loretta Smith,Steph Routh,Noah Ernst,Joe Allen,Candace Avalos
Noah Ernst,David Linn,Steph Routh,Terrence Hayes,,
Candace Avalos,Timur Ender,Loretta Smith,,,
Peggy Sue Owens,Candace Avalos,Cayle Tern,Deian Salazar,Loretta Smith,Jamie Dunphy
Candace Avalos,David Linn,Deian Salazar,Cayle Tern,Loretta Smith,Jamie Dunphy
Jamie Dunphy,Cayle Tern,David Linn,Candace Avalos,Timur Ender,Steph Routh
Noah Ernst,Doug Clove,Terrence Hayes,,,
Michael (Mike) Sands,Cayle Tern,Peggy Sue Owens,Candace Avalos,Timur Ender,Noah Ernst
Timur Ender,,,,,
Loretta Smith,Steph Routh,Deian Salazar,Jamie Dunphy,Terrence Hayes,
Timur Ender,Loretta Smith,Steph Routh,Jamie Dunphy,,
Steph Routh,Candace Avalos,Jamie Dunphy,Loretta Smith,Deian Salazar,Terrence Hayes
Timur Ender,Jamie Dunphy,Candace Avalos,Cayle Tern,Steph Routh,Terrence Hayes
Peggy Sue Owens,Joe Allen,Doug Clove,Jamie Dunphy,Thomas Shervey,Michael (Mike) Sands
Loretta Smith,Terrence Hayes,Timur Ender,,,
Terrence Hayes,Loretta Smith,Timur Ender,Candace Avalos,,
Candace Avalos,Timur Ender,Steph Routh,Cayle Tern,,
Terrence Hayes,,,,,
Timur Ender,Joe Allen,Jamie Dunphy,,,
Timur Ender,Jamie Dunphy,,,,
Terrence Hayes,Timur Ender,Jamie Dunphy,Deian Salazar,Loretta Smith,Steph Routh
Terrence Hayes,Loretta Smith,Candace Avalos,,,
David Linn,Loretta Smith,Steph Routh,Terrence Hayes,Candace Avalos,
Noah Ernst,Doug Clove,Deian Salazar,Loretta Smith,Joe Furi,Joe Allen
Jamie Dunphy,Loretta Smith,Terrence Hayes,Timur Ender,Deian Salazar,Steph Routh
Terrence Hayes,Noah Ernst,Joe Furi,Loretta Smith,Doug Clove,Write-in-120
Candace Avalos,,,,,
Loretta Smith,Terrence Hayes,,,,
Loretta Smith,Steph Routh,Thomas Shervey,,,
Candace Avalos,Loretta Smith,Steph Routh,Cayle Tern,,
Candace Avalos,,,,,
Michael (Mike) Sands,Loretta Smith,Joe Allen,David Linn,Thomas Shervey,Steph Routh
Loretta Smith,Terrence Hayes,Candace Avalos,Jamie Dunphy,Timur Ender,Steph Routh
Timur Ender,Joe Allen,Doug Clove,,,
Noah Ernst,Doug Clove,Loretta Smith,,,
Doug Clove,Noah Ernst,,,,
Steph Routh,Candace Avalos,Michael (Mike) Sands,David Linn,Loretta Smith,
Cayle Tern,Terrence Hayes,Steph Routh,Loretta Smith,Michael (Mike) Sands,Joe Furi
Steph Routh,,,,,
Candace Avalos,Cayle Tern,Steph Routh,Terrence Hayes,Timur Ender,Noah Ernst
Steph Routh,Jamie Dunphy,Terrence Hayes,,,
,,,,,
Loretta Smith,Terrence Hayes,Jamie Dunphy,,,
Steph Routh,Noah Ernst,Loretta Smith,Timur Ender,David Linn,Candace Avalos
David Linn,,,,,
Candace Avalos,Cayle Tern,Loretta Smith,Steph Routh,Terrence Hayes,
Joe Furi,Joe Allen,Noah Ernst,Peggy Sue Owens,Thomas Shervey,Loretta Smith
Peggy Sue Owens,Michael (Mike) Sands,Candace Avalos,Loretta Smith,Steph Routh,Jamie Dunphy
,,,,,
Candace Avalos,Steph Routh,Jamie Dunphy,Timur Ender,Loretta Smith,
Jamie Dunphy,,,,,
Joe Allen,Jamie Dunphy,Terrence Hayes,,,
Timur Ender,Noah Ernst,Candace Avalos,Cayle Tern,Terrence Hayes,Steph Routh
Noah Ernst,Doug Clove,Terrence Hayes,David Linn,Candace Avalos,Timur Ender
Loretta Smith,Michael (Mike) Sands,Peggy Sue Owens,Candace Avalos,Terrence Hayes,Jamie Dunphy
Noah Ernst,Terrence Hayes,Loretta Smith,,,
Peggy Sue Owens,Doug Clove,Timur Ender,Deian Salazar,Steph Routh,Write-in-122
Timur Ender,Noah Ernst,Candace Avalos,Doug Clove,Terrence Hayes,Loretta Smith
Noah Ernst,Doug Clove,Candace Avalos,Timur Ender,Joe Allen,David Linn
Doug Clove,Timur Ender,Terrence Hayes,Steph Routh,Joe Allen,David Linn
Peggy Sue Owens,Joe Furi,Loretta Smith,,,
Steph Routh,Candace Avalos,Loretta Smith,Timur Ender,Jamie Dunphy,Cayle Tern
Jamie Dunphy,Steph Routh,Candace Avalos,,,
Candace Avalos,Peggy Sue Owens,Loretta Smith,David Linn,Michael (Mike) Sands,Terrence Hayes
Michael (Mike) Sands,,,,,
Terrence Hayes,,,,,
Loretta Smith,Doug Clove,Terrence Hayes,Steph Routh,,
Doug Clove,Steph Routh,Michael (Mike) Sands,Thomas Shervey,Terrence Hayes,Cayle Tern
Write-in-120,Joe Allen,Michael (Mike) Sands,Timur Ender,Loretta Smith,Peggy Sue Owens
Joe Allen,Doug Clove,Candace Avalos,Jamie Dunphy,Loretta Smith,Timur Ender
Candace Avalos,David Linn,,,,
Jamie Dunphy,Steph Routh,Candace Avalos,Timur Ender,,
Candace Avalos,,,,,
Candace Avalos,Timur Ender,Steph Routh,David Linn,Cayle Tern,Jamie Dunphy
Candace Avalos,Jamie Dunphy,Loretta Smith,,,
Candace Avalos,Steph Routh,Timur Ender,Write-in-120,,
Jamie Dunphy,Candace Avalos,,,,
Loretta Smith,,,,,
Loretta Smith,Doug Clove,Michael (Mike) Sands,Thomas Shervey,David Linn,Candace Avalos
Timur Ender,Steph Routh,Loretta Smith,,,
Jamie Dunphy,Candace Avalos,Steph Routh,Noah Ernst,,
Loretta Smith,Timur Ender,Thomas Shervey,Terrence Hayes,Jamie Dunphy,
Candace Avalos,Timur Ender,Steph Routh,Jamie Dunphy,Cayle Tern,David Linn
Loretta Smith,Cayle Tern,Noah Ernst,Doug Clove,Deian Salazar,Peggy Sue Owens
Steph Routh,Jamie Dunphy,Loretta Smith,Candace Avalos,Noah Ernst,Peggy Sue Owens
Steph Routh,Doug Clove,Loretta Smith,Terrence Hayes,Noah Ernst,Joe Allen
Terrence Hayes,Peggy Sue Owens,Timur Ender,Joe Allen,Candace Avalos,Noah Ernst
Jamie Dunphy,Candace Avalos,,,,
Jamie Dunphy,Michael (Mike) Sands,Candace Avalos,Noah Ernst,Steph Routh,
Loretta Smith,David Linn,Doug Clove,,,
Noah Ernst,Loretta Smith,Timur Ender,Steph Routh,Jamie Dunphy,Doug Clove
Candace Avalos,Cayle Tern,Timur Ender,,,
Candace Avalos,Deian Salazar,,,,
Jamie Dunphy,Steph Routh,Loretta Smith,Terrence Hayes,Candace Avalos,Timur Ender
Terrence Hayes,Loretta Smith,Thomas Shervey,Michael (Mike) Sands,Cayle Tern,Steph Routh
Noah Ernst,Doug Clove,David Linn,,,
Candace Avalos,Loretta Smith,Jamie Dunphy,Steph Routh,Peggy Sue Owens,Noah Ernst
Candace Avalos,Steph Routh,Terrence Hayes,Timur Ender,Jamie Dunphy,
Terrence Hayes,Noah Ernst,,,,
Candace Avalos,Joe Allen,Cayle Tern,Doug Clove,Loretta Smith,Terrence Hayes
Noah Ernst,Deian Salazar,,,,
Deian Salazar,Joe Furi,Michael (Mike) Sands,Noah Ernst,Timur Ender,Joe Allen
Jamie Dunphy,Timur Ender,,,,
Terrence Hayes,,,,,
Noah Ernst,Cayle Tern,Doug Clove,Candace Avalos,Timur Ender,Peggy Sue Owens
Loretta Smith,Steph Routh,Timur Ender,Jamie Dunphy,Noah Ernst,Candace Avalos
Peggy Sue Owens,Loretta Smith,,,,
Joe Allen,Doug Clove,Loretta Smith,,,
Timur Ender,Noah Ernst,Loretta Smith,,,
Terrence Hayes,Noah Ernst,Candace Avalos,Deian Salazar,Michael (Mike) Sands,Loretta Smith
Jamie Dunphy,Candace Avalos,Steph Routh,,,
Peggy Sue Owens,Loretta Smith,,,,
Candace Avalos,Jamie Dunphy,David Linn,Steph Routh,Noah Ernst,Loretta Smith
Jamie Dunphy,Candace Avalos,Steph Routh,David Linn,Loretta Smith,
Jamie Dunphy,,,,,
Candace Avalos,Deian Salazar,,,,
Steph Routh,Jamie Dunphy,Loretta Smith,David Linn,Cayle Tern,Terrence Hayes
Jamie Dunphy,David Linn,Loretta Smith,Doug Clove,Michael (Mike) Sands,Noah Ernst
Candace Avalos,Timur Ender,Steph Routh,Jamie Dunphy,Cayle Tern,David Linn
Candace Avalos,Cayle Tern,Jamie Dunphy,,,
Jamie Dunphy,Candace Avalos,Steph Routh,Noah Ernst,David Linn,Loretta Smith
Jamie Dunphy,Candace Avalos,Steph Routh,,,
Noah Ernst,,,,,
Terrence Hayes,,,,,
Timur Ender,Jamie Dunphy,Steph Routh,Terrence Hayes,,
Michael (Mike) Sands,Candace Avalos,Jamie Dunphy,David Linn,Cayle Tern,Timur Ender
Loretta Smith,Candace Avalos,David Linn,Doug Clove,Joe Allen,Thomas Shervey
Peggy Sue Owens,,,,,
Timur Ender,Candace Avalos,Joe Allen,David Linn,Cayle Tern,Jamie Dunphy
David Linn,Doug Clove,Timur Ender,Terrence Hayes,Deian Salazar,Candace Avalos
Candace Avalos,Loretta Smith,Cayle Tern,David Linn,Steph Routh,Jamie Dunphy
Timur Ender,Michael (Mike) Sands,Steph Routh,Terrence Hayes,Cayle Tern,Candace Avalos
Candace Avalos,Jamie Dunphy,Steph Routh,Timur Ender,Loretta Smith,Joe Allen
Candace Avalos,Timur Ender,Steph Routh,Jamie Dunphy,Cayle Tern,
Loretta Smith,Timur Ender,Candace Avalos,David Linn,Joe Allen,Deian Salazar
Joe Allen,Noah Ernst,,,,
Timur Ender,Loretta Smith,Candace Avalos,Noah Ernst,Jamie Dunphy,Terrence Hayes
Cayle Tern,Candace Avalos,Michael (Mike) Sands,Steph Routh,Timur Ender,Noah Ernst
Candace Avalos,Timur Ender,Steph Routh,Cayle Tern,Jamie Dunphy,David Linn
Loretta Smith,Noah Ernst,Terrence Hayes,,,
Terrence Hayes,Loretta Smith,Jamie Dunphy,Thomas Shervey,David Linn,Timur Ender
Jamie Dunphy,Loretta Smith,Steph Routh,Timur Ender,Doug Clove,Candace Avalos
Timur Ender,Cayle Tern,,,,
Candace Avalos,Cayle Tern,Timur Ender,Steph Routh,,
Timur Ender,Loretta Smith,Candace Avalos,Michael (Mike) Sands,Thomas Shervey,Steph Routh
Jamie Dunphy,Steph Routh,Loretta Smith,,,
Loretta Smith,David Linn,Peggy Sue Owens,Jamie Dunphy,Michael (Mike) Sands,Thomas Shervey
Jamie Dunphy,Candace Avalos,Steph Routh,Timur Ender,David Linn,Cayle Tern
Doug Clove,,,,,
Candace Avalos,Timur Ender,Steph Routh,Jamie Dunphy,,
Steph Routh,Jamie Dunphy,,,,
Loretta Smith,Deian Salazar,Noah Ernst,Terrence Hayes,Jamie Dunphy,Cayle Tern
Loretta Smith,,,,,
Candace Avalos,Steph Routh,Timur Ender,Jamie Dunphy,,
Doug Clove,Thomas Shervey,,,,
Terrence Hayes,Noah Ernst,,,,
Loretta Smith,Michael (Mike) Sands,Timur Ender,,,
Peggy Sue Owens,Candace Avalos,,,,
Steph Routh,Candace Avalos,Jamie Dunphy,Timur Ender,Cayle Tern,
Jamie Dunphy,,,,,
Terrence Hayes,Noah Ernst,Joe Furi,Loretta Smith,Doug Clove,Write-in-120
Noah Ernst,Doug Clove,Deian Salazar,,,
Candace Avalos,Terrence Hayes,,,,
Noah Ernst,Terrence Hayes,Joe Furi,Loretta Smith,Doug Clove,
,,,,,
Terrence Hayes,David Linn,Timur Ender,Doug Clove,Joe Furi,Steph Routh
Thomas Shervey,Terrence Hayes,Cayle Tern,Candace Avalos,Loretta Smith,
David Linn,Doug Clove,Terrence Hayes,,,
Terrence Hayes,Loretta Smith,David Linn,Thomas Shervey,Doug Clove,Noah Ernst
Candace Avalos,Cayle Tern,Timur Ender,,,
Joe Furi,Michael (Mike) Sands,David Linn,Cayle Tern,Loretta Smith,Steph Routh
Terrence Hayes,Noah Ernst,Loretta Smith,,,
,,,,,
Steph Routh,Timur Ender,Deian Salazar,,,
Candace Avalos,Timur Ender,Noah Ernst,Terrence Hayes,Loretta Smith,
Jamie Dunphy,Steph Routh,Candace Avalos,Terrence Hayes,Timur Ender,Doug Clove
,,,,,
Terrence Hayes,Noah Ernst,Joe Furi,Loretta Smith,Doug Clove,Write-in-120
Candace Avalos,Timur Ender,Steph Routh,,,
Noah Ernst,Joe Allen,David Linn,Doug Clove,Terrence Hayes,Steph Routh
Loretta Smith,Terrence Hayes,Steph Routh,Jamie Dunphy,Timur Ender,Noah Ernst
Candace Avalos,Jamie Dunphy,Steph Routh,Timur Ender,Loretta Smith,Thomas Shervey
Noah Ernst,Deian Salazar,Doug Clove,Thomas Shervey,David Linn,Steph Routh
Joe Allen,Joe Furi,Thomas Shervey,,,
Terrence Hayes,Loretta Smith,Jamie Dunphy,Steph Routh,,
Terrence Hayes,Loretta Smith,Joe Allen,Cayle Tern,Candace Avalos,Steph Routh
Timur Ender,Candace Avalos,Steph Routh,Jamie Dunphy,,
Steph Routh,Jamie Dunphy,,,,
Loretta Smith,Doug Clove,Cayle Tern,Joe Allen,Terrence Hayes,Noah Ernst
David Linn,Noah Ernst,Loretta Smith,Peggy Sue Owens,Cayle Tern,Steph Routh
David Linn,,,,,
Loretta Smith,Jamie Dunphy,Steph Routh,Candace Avalos,Timur Ender,
Candace Avalos,Steph Routh,Terrence Hayes,Jamie Dunphy,Loretta Smith,Noah Ernst
Loretta Smith,Doug Clove,Candace Avalos,Peggy Sue Owens,Jamie Dunphy,Joe Furi
Candace Avalos,Cayle Tern,Timur Ender,Write-in-120,Steph Routh,Joe Allen
Timur Ender,Jamie Dunphy,Terrence Hayes,Steph Routh,Doug Clove,David Linn
Jamie Dunphy,Steph Routh,David Linn,Candace Avalos,Loretta Smith,
Jamie Dunphy,Candace Avalos,Steph Routh,Terrence Hayes,,
Write-in-120,Write-in-121,,,,
,,,,,
Doug Clove,Jamie Dunphy,Timur Ender,David Linn,Candace Avalos,Terrence Hayes
Terrence Hayes,Steph Routh,Loretta Smith,David Linn,Candace Avalos,Joe Allen
Noah Ernst,,,,,
Noah Ernst,Terrence Hayes,Peggy Sue Owens,David Linn,Thomas Shervey,Michael (Mike) Sands
Jamie Dunphy,Steph Routh,Thomas Shervey,Loretta Smith,Deian Salazar,Michael (Mike) Sands
Candace Avalos,Steph Routh,David Linn,Jamie Dunphy,Cayle Tern,Michael (Mike) Sands
Candace Avalos,Terrence Hayes,Deian Salazar,Cayle Tern,Jamie Dunphy,Timur Ender
Jamie Dunphy,Candace Avalos,Noah Ernst,Joe Allen,Loretta Smith,
Noah Ernst,Joe Allen,Doug Clove,,,
Terrence Hayes,Noah Ernst,Loretta Smith,,,
Candace Avalos,Terrence Hayes,Jamie Dunphy,Steph Routh,,
Timur Ender,Noah Ernst,Candace Avalos,David Linn,Terrence Hayes,Loretta Smith
Loretta Smith,Candace Avalos,Jamie Dunphy,Timur Ender,Steph Routh,Terrence Hayes
Candace Avalos,,,,,
Terrence Hayes,Candace Avalos,Noah Ernst,Loretta Smith,,
Peggy Sue Owens,Deian Salazar,Loretta Smith,Candace Avalos,Cayle Tern,Noah Ernst
Joe Allen,Peggy Sue Owens,Michael (Mike) Sands,,,
Candace Avalos,Cayle Tern,Loretta Smith,Thomas Shervey,Steph Routh,Terrence Hayes
Steph Routh,Loretta Smith,Candace Avalos,,,
Timur Ender,,,,,
Candace Avalos,Jamie Dunphy,Timur Ender,Steph Routh,,
Candace Avalos,Cayle Tern,Timur Ender,Steph Routh,Jamie Dunphy,David Linn
Terrence Hayes,Steph Routh,Jamie Dunphy,,,
Candace Avalos,Deian Salazar,Loretta Smith,Steph Routh,Jamie Dunphy,Timur Ender
Noah Ernst,Timur Ender,Terrence Hayes,,,
Candace Avalos,Steph Routh,Cayle Tern,Terrence Hayes,Thomas Shervey,Loretta Smith
Deian Salazar,,,,,
Terrence Hayes,Loretta Smith,Candace Avalos,,,
,,,,,
Jamie Dunphy,Steph Routh,Candace Avalos,Timur Ender,Loretta Smith,David Linn
Terrence Hayes,Jamie Dunphy,Loretta Smith,,,
Deian Salazar,Candace Avalos,Timur Ender,,,
Jamie Dunphy,Steph Routh,Candace Avalos,Timur Ender,Terrence Hayes,Loretta Smith
Timur Ender,Steph Routh,Cayle Tern,Terrence Hayes,Candace Avalos,Jamie Dunphy
Jamie Dunphy,Michael (Mike) Sands,Joe Allen,Candace Avalos,Noah Ernst,Terrence Hayes
Candace Avalos,Deian Salazar,Loretta Smith,Terrence Hayes,David Linn,Peggy Sue Owens
Candace Avalos,Steph Routh,Timur Ender,Jamie Dunphy,Cayle Tern,David Linn
Candace Avalos,Cayle Tern,Joe Furi,Timur Ender,,
Loretta Smith,Doug Clove,Michael (Mike) Sands,Deian Salazar,Jamie Dunphy,
,,,,,
Noah Ernst,,,,,
Joe Allen,Thomas Shervey,,,,
Noah Ernst,Deian Salazar,Doug Clove,,,
Noah Ernst,Loretta Smith,Terrence Hayes,,,
Candace Avalos,Jamie Dunphy,Steph Routh,,,
Candace Avalos,Steph Routh,Jamie Dunphy,Timur Ender,Cayle Tern,
Timur Ender,Steph Routh,Jamie Dunphy,Terrence Hayes,Candace Avalos,Noah Ernst
Jamie Dunphy,Candace Avalos,Steph Routh,,,
Peggy Sue Owens,,,,,
Timur Ender,Candace Avalos,,,,
Joe Allen,,,,,
David Linn,Joe Allen,Candace Avalos,,,
Candace Avalos,Timur Ender,Steph Routh,Jamie Dunphy,,
Peggy Sue Owens,Candace Avalos,Joe Furi,Cayle Tern,Deian Salazar,
Jamie Dunphy,Steph Routh,Timur Ender,,,
Candace Avalos,Steph Routh,Loretta Smith,David Linn,Cayle Tern,
Timur Ender,Candace Avalos,Steph Routh,Jamie Dunphy,David Linn,Loretta Smith
Candace Avalos,Timur Ender,Jamie Dunphy,Steph Routh,Loretta Smith,
Candace Avalos,Cayle Tern,Jamie Dunphy,Terrence Hayes,Loretta Smith,David Linn
Candace Avalos,Terrence Hayes,Jamie Dunphy,Steph Routh,Cayle Tern,Deian Salazar
Candace Avalos,,,,,
Terrence Hayes,Steph Routh,Candace Avalos,Jamie Dunphy,Timur Ender,
Candace Avalos,Steph Routh,Timur Ender,Jamie Dunphy,,
Cayle Tern,Timur Ender,Candace Avalos,Steph Routh,,
Candace Avalos,Timur Ender,Terrence Hayes,Joe Furi,Michael (Mike) Sands,Joe Allen
Timur Ender,,,,,
Doug Clove,,,,,
Candace Avalos,Jamie Dunphy,Steph Routh,,,
Steph Routh,,,,,
Candace Avalos,Deian Salazar,Michael (Mike) Sands,Timur Ender,David Linn,Joe Allen
Doug Clove,Joe Allen,Peggy Sue Owens,Joe Furi,Deian Salazar,Steph Routh
Loretta Smith,Candace Avalos,Michael (Mike) Sands,Joe Allen,Noah Ernst,Peggy Sue Owens
Timur Ender,,,,,
Candace Avalos,Cayle Tern,Jamie Dunphy,Timur Ender,Steph Routh,Michael (Mike) Sands
Candace Avalos,Steph Routh,Jamie Dunphy,Timur Ender,Michael (Mike) Sands,David Linn
Joe Furi,Joe Allen,Noah Ernst,,,
Joe Allen,,,,,
Steph Routh,Timur Ender,Michael (Mike) Sands,Noah Ernst,,
Timur Ender,Cayle Tern,Jamie Dunphy,Terrence Hayes,Steph Routh,Deian Salazar
Terrence Hayes,Loretta Smith,Deian Salazar,Jamie Dunphy,Doug Clove,Cayle Tern
Noah Ernst,,,,,
Candace Avalos,Jamie Dunphy,Steph Routh,,,
Terrence Hayes,Loretta Smith,,,,
Loretta Smith,Doug Clove,Deian Salazar,,,
Noah Ernst,Doug Clove,Terrence Hayes,Loretta Smith,Steph Routh,Jamie Dunphy
Loretta Smith,Steph Routh,Noah Ernst,Timur Ender,Terrence Hayes,Candace Avalos
Jamie Dunphy,,,,,
Loretta Smith,Terrence Hayes,Noah Ernst,Deian Salazar,Doug Clove,Jamie Dunphy
Write-in-120,,,,,
Deian Salazar,Loretta Smith,Jamie Dunphy,Terrence Hayes,Joe Allen,Doug Clove
Jamie Dunphy,Steph Routh,Timur Ender,Terrence Hayes,Loretta Smith,Deian Salazar
Joe Allen,,,,,
Steph Routh,Candace Avalos,Timur Ender,,,
Steph Routh,Jamie Dunphy,Joe Furi,,,
Michael (Mike) Sands,Timur Ender,Loretta Smith,Terrence Hayes,David Linn,Doug Clove
Steph Routh,Candace Avalos,Timur Ender,Cayle Tern,Jamie Dunphy,David Linn
Terrence Hayes,Loretta Smith,Noah Ernst,,,
Loretta Smith,Timur Ender,Cayle Tern,Candace Avalos,Terrence Hayes,Jamie Dunphy
Timur Ender,Steph Routh,Candace Avalos,Loretta Smith,David Linn,Cayle Tern
Loretta Smith,Steph Routh,Candace Avalos,Timur Ender,Jamie Dunphy,
Joe Allen,,,,,
Deian Salazar,Timur Ender,Loretta Smith,,,
Jamie Dunphy,Steph Routh,Timur Ender,Cayle Tern,Candace Avalos,David Linn
Jamie Dunphy,Steph Routh,Terrence Hayes,Candace Avalos,,
Candace Avalos,Jamie Dunphy,Steph Routh,,,
Joe Allen,Timur Ender,Noah Ernst,Steph Routh,Loretta Smith,David Linn
Candace Avalos,Cayle Tern,Steph Routh,Jamie Dunphy,,
Jamie Dunphy,Timur Ender,Terrence Hayes,Candace Avalos,,
Steph Routh,Jamie Dunphy,Timur Ender,Candace Avalos,Cayle Tern,David Linn
Noah Ernst,,,,,
Candace Avalos,Cayle Tern,Timur Ender,,,
Candace Avalos,Timur Ender,David Linn,Thomas Shervey,Cayle Tern,Loretta Smith
Jamie Dunphy,Candace Avalos,Steph Routh,,,
Terrence Hayes,,,,,
Jamie Dunphy,Peggy Sue Owens,David Linn,Candace Avalos,Joe Furi,Terrence Hayes
Peggy Sue Owens,Cayle Tern,Michael (Mike) Sands,Joe Allen,Loretta Smith,Steph Routh
,,,,,
Jamie Dunphy,Candace Avalos,Steph Routh,,,
David Linn,Terrence Hayes,Jamie Dunphy,,,
Candace Avalos,Terrence Hayes,Noah Ernst,,,
Jamie Dunphy,Michael (Mike) Sands,Steph Routh,David Linn,Thomas Shervey,Noah Ernst
Timur Ender,David Linn,Candace Avalos,Loretta Smith,Terrence Hayes,Steph Routh
David Linn,Peggy Sue Owens,Doug Clove,Joe Furi,Deian Salazar,Thomas Shervey
Timur Ender,Candace Avalos,David Linn,Steph Routh,Jamie Dunphy,Cayle Tern
David Linn,,,,,
Loretta Smith,Timur Ender,Terrence Hayes,Noah Ernst,Steph Routh,Jamie Dunphy
Candace Avalos,Cayle Tern,Timur Ender,,,
Loretta Smith,Deian Salazar,Terrence Hayes,Timur Ender,Jamie Dunphy,Candace Avalos
Steph Routh,Candace Avalos,Jamie Dunphy,Timur Ender,,
Candace Avalos,Cayle Tern,Timur Ender,,,
David Linn,Terrence Hayes,,,,
Steph Routh,Noah Ernst,Jamie Dunphy,Terrence Hayes,Joe Allen,Michael (Mike) Sands
Jamie Dunphy,Steph Routh,Candace Avalos,,,
Loretta Smith,,,,,
Steph Routh,Loretta Smith,Jamie Dunphy,Terrence Hayes,David Linn,Cayle Tern
Jamie Dunphy,Candace Avalos,Steph Routh,,,
Jamie Dunphy,Steph Routh,Noah Ernst,,,
Cayle Tern,Steph Routh,Candace Avalos,,,
Joe Allen,Steph Routh,David Linn,Jamie Dunphy,Terrence Hayes,Thomas Shervey
Terrence Hayes,Jamie Dunphy,Doug Clove,,,
Jamie Dunphy,Loretta Smith,Terrence Hayes,Timur Ender,Steph Routh,Candace Avalos
Terrence Hayes,Noah Ernst,Loretta Smith,,,
Deian Salazar,Joe Allen,,,,
Loretta Smith,,,,,
Candace Avalos,Loretta Smith,Steph Routh,,,
Loretta Smith,Terrence Hayes,,,,
Loretta Smith,Deian Salazar,Joe Furi,Doug Clove,,
Loretta Smith,Terrence Hayes,,,,
Candace Avalos,Timur Ender,Terrence Hayes,Loretta Smith,Steph Routh,Michael (Mike) Sands
Peggy Sue Owens,Loretta Smith,Candace Avalos,,,
Candace Avalos,Joe Furi,Steph Routh,,,
Candace Avalos,Steph Routh,Jamie Dunphy,Timur Ender,,
Thomas Shervey,Jamie Dunphy,Doug Clove,Joe Furi,Joe Allen,Noah Ernst
Timur Ender,Loretta Smith,Doug Clove,Noah Ernst,,
Loretta Smith,Terrence Hayes,Steph Routh,Candace Avalos,,
Deian Salazar,Loretta Smith,Steph Routh,Jamie Dunphy,Joe Allen,Candace Avalos
Jamie Dunphy,Candace Avalos,Michael (Mike) Sands,Steph Routh,Timur Ender,Joe Furi
Loretta Smith,Terrence Hayes,Candace Avalos,Steph Routh,Michael (Mike) Sands,Timur Ender
Candace Avalos,Steph Routh,Timur Ender,Jamie Dunphy,,
Loretta Smith,,,,,
Candace Avalos,Steph Routh,Timur Ender,,,
Jamie Dunphy,Steph Routh,Timur Ender,Candace Avalos,Loretta Smith,Terrence Hayes
Terrence Hayes,,,,,
Peggy Sue Owens,Timur Ender,,,,
Candace Avalos,Cayle Tern,Timur Ender,,,
Steph Routh,Timur Ender,Candace Avalos,Jamie Dunphy,Terrence Hayes,Deian Salazar
Cayle Tern,,,,,
Candace Avalos,Cayle Tern,Timur Ender,,,
Candace Avalos,Terrence Hayes,Loretta Smith,Timur Ender,Cayle Tern,Steph Routh
,,,,,
Noah Ernst,Jamie Dunphy,Peggy Sue Owens,Deian Salazar,Loretta Smith,Thomas Shervey
Cayle Tern,Jamie Dunphy,,,,
Loretta Smith,Terrence Hayes,Noah Ernst,Timur Ender,David Linn,Steph Routh
Steph Routh,Jamie Dunphy,Timur Ender,Noah Ernst,Loretta Smith,Candace Avalos
Candace Avalos,,,,,
Peggy Sue Owens,Michael (Mike) Sands,Thomas Shervey,David Linn,Jamie Dunphy,
Doug Clove,Noah Ernst,Joe Allen,Deian Salazar,Terrence Hayes,Loretta Smith
,,,,,
Loretta Smith,Michael (Mike) Sands,Candace Avalos,,,
Steph Routh,Candace Avalos,Timur Ender,Jamie Dunphy,David Linn,Cayle Tern
Candace Avalos,Jamie Dunphy,Timur Ender,,,
Terrence Hayes,Loretta Smith,David Linn,Candace Avalos,Doug Clove,Jamie Dunphy
Doug Clove,Steph Routh,Loretta Smith,Timur Ender,Candace Avalos,Jamie Dunphy
Joe Allen,Peggy Sue Owens,Joe Furi,Noah Ernst,Thomas Shervey,Doug Clove
Terrence Hayes,Jamie Dunphy,Loretta Smith,Candace Avalos,Steph Routh,
David Linn,Loretta Smith,Terrence Hayes,,,
Jamie Dunphy,Candace Avalos,Steph Routh,David Linn,Noah Ernst,
Michael (Mike) Sands,Timur Ender,Cayle Tern,,,
Terrence Hayes,David Linn,Michael (Mike) Sands,Loretta Smith,Jamie Dunphy,Candace Avalos
Jamie Dunphy,Loretta Smith,Joe Allen,Thomas Shervey,David Linn,
Timur Ender,Joe Allen,Candace Avalos,David Linn,Terrence Hayes,Michael (Mike) Sands
Loretta Smith,Doug Clove,Jamie Dunphy,,,
Candace Avalos,Jamie Dunphy,Steph Routh,Timur Ender,Loretta Smith,Cayle Tern
Steph Routh,Timur Ender,Candace Avalos,Jamie Dunphy,,
Peggy Sue Owens,Joe Allen,Joe Furi,Terrence Hayes,Noah Ernst,Doug Clove
Noah Ernst,Loretta Smith,Terrence Hayes,Joe Allen,Steph Routh,Doug Clove
Candace Avalos,Terrence Hayes,Doug Clove,Loretta Smith,Steph Routh,Jamie Dunphy
,,,,,
Candace Avalos,,,,,
Michael (Mike) Sands,Joe Furi,Steph Routh,Doug Clove,Jamie Dunphy,Peggy Sue Owens
Candace Avalos,Timur Ender,Steph Routh,Jamie Dunphy,Cayle Tern,David Linn
Steph Routh,,,,,
Steph Routh,Jamie Dunphy,Loretta Smith,,,
Candace Avalos,Jamie Dunphy,Timur Ender,Cayle Tern,Steph Routh,
Noah Ernst,Timur Ender,Deian Salazar,,,
Candace Avalos,,,,,
Peggy Sue Owens,Candace Avalos,Joe Allen,David Linn,,
Steph Routh,Loretta Smith,Michael (Mike) Sands,Doug Clove,David Linn,Candace Avalos
Jamie Dunphy,Candace Avalos,Terrence Hayes,Peggy Sue Owens,Steph Routh,Deian Salazar
Steph Routh,Jamie Dunphy,Terrence Hayes,Cayle Tern,Michael (Mike) Sands,Timur Ender
Candace Avalos,Jamie Dunphy,Steph Routh,Loretta Smith,Timur Ender,Terrence Hayes
Candace Avalos,,,,,
Candace Avalos,Steph Routh,Timur Ender,,,
Terrence Hayes,Noah Ernst,Doug Clove,,,
Candace Avalos,,,,,
Timur Ender,Candace Avalos,David Linn,Deian Salazar,,
Candace Avalos,Timur Ender,Steph Routh,Jamie Dunphy,Cayle Tern,David Linn
Candace Avalos,Jamie Dunphy,Michael (Mike) Sands,Terrence Hayes,Joe Allen,Timur Ender
Candace Avalos,Jamie Dunphy,Steph Routh,,,
Candace Avalos,Steph Routh,Jamie Dunphy,Cayle Tern,Timur Ender,David Linn
Steph Routh,Terrence Hayes,Loretta Smith,Jamie Dunphy,,
Timur Ender,Steph Routh,Michael (Mike) Sands,Candace Avalos,Loretta Smith,David Linn
Doug Clove,Joe Furi,,,,
Joe Allen,Jamie Dunphy,Loretta Smith,,,
Noah Ernst,Loretta Smith,Jamie Dunphy,,,
Candace Avalos,Deian Salazar,Loretta Smith,Terrence Hayes,Joe Furi,Peggy Sue Owens
Michael (Mike) Sands,Cayle Tern,Timur Ender,Joe Allen,Doug Clove,Noah Ernst
Terrence Hayes,Noah Ernst,Candace Avalos,Loretta Smith,Doug Clove,Michael (Mike) Sands
Noah Ernst,Jamie Dunphy,David Linn,Candace Avalos,Terrence Hayes,
,,,,,
Candace Avalos,Cayle Tern,Timur Ender,,,
Loretta Smith,Terrence Hayes,Steph Routh,Candace Avalos,Noah Ernst,
Write-in-120,,,,,
Deian Salazar,Timur Ender,Jamie Dunphy,Loretta Smith,Noah Ernst,Terrence Hayes
Steph Routh,Timur Ender,Cayle Tern,Noah Ernst,Candace Avalos,Deian Salazar
David Linn,Joe Allen,Thomas Shervey,,,
Candace Avalos,Cayle Tern,,,,
Noah Ernst,Candace Avalos,Joe Allen,Loretta Smith,Steph Routh,Thomas Shervey
Noah Ernst,,,,,
Jamie Dunphy,Candace Avalos,Steph Routh,Noah Ernst,David Linn,Loretta Smith
Write-in-122,,,,,
Doug Clove,,,,,
Timur Ender,Loretta Smith,Candace Avalos,Jamie Dunphy,Steph Routh,Terrence Hayes
Thomas Shervey,Timur Ender,Candace Avalos,Cayle Tern,Joe Allen,Joe Furi
Steph Routh,Loretta Smith,Timur Ender,Jamie Dunphy,Candace Avalos,Michael (Mike) Sands
Candace Avalos,,,,,
Michael (Mike) Sands,Thomas Shervey,Loretta Smith,Terrence Hayes,Timur Ender,
Loretta Smith,Terrence Hayes,,,,
Jamie Dunphy,Steph Routh,Timur Ender,,,
,,,,,
Jamie Dunphy,Steph Routh,,,,
Noah Ernst,Loretta Smith,Jamie Dunphy,Cayle Tern,Candace Avalos,Peggy Sue Owens
Timur Ender,Cayle Tern,Doug Clove,,,
Terrence Hayes,,,,,
Terrence Hayes,Noah Ernst,Candace Avalos,Steph Routh,,
Loretta Smith,Candace Avalos,Jamie Dunphy,Peggy Sue Owens,Cayle Tern,Michael (Mike) Sands
Jamie Dunphy,,,,,
Peggy Sue Owens,Candace Avalos,Cayle Tern,Deian Salazar,Loretta Smith,Jamie Dunphy
Timur Ender,Terrence Hayes,Deian Salazar,,,
Candace Avalos,Cayle Tern,Timur Ender,,,
Loretta Smith,Noah Ernst,David Linn,,,
David Linn,,,,,
Timur Ender,Candace Avalos,Cayle Tern,Terrence Hayes,Jamie Dunphy,
Deian Salazar,,,,,
Michael (Mike) Sands,Noah Ernst,David Linn,,,
Timur Ender,Loretta Smith,Michael (Mike) Sands,Thomas Shervey,,
Jamie Dunphy,Steph Routh,Noah Ernst,,,
Candace Avalos,Jamie Dunphy,Timur Ender,,,
Steph Routh,Candace Avalos,Loretta Smith,Timur Ender,Jamie Dunphy,
David Linn,Terrence Hayes,Timur Ender,Noah Ernst,Doug Clove,Deian Salazar
Jamie Dunphy,Candace Avalos,Joe Allen,Terrence Hayes,Timur Ender,Deian Salazar
Jamie Dunphy,Candace Avalos,Steph Routh,David Linn,Noah Ernst,Loretta Smith
Cayle Tern,Timur Ender,Joe Furi,Candace Avalos,,
Terrence Hayes,Noah Ernst,Steph Routh,David Linn,Loretta Smith,Jamie Dunphy
Noah Ernst,Terrence Hayes,Steph Routh,David Linn,Cayle Tern,
Candace Avalos,Steph Routh,Timur Ender,Jamie Dunphy,,
Candace Avalos,Timur Ender,Steph Routh,David Linn,Jamie Dunphy,Cayle Tern
Candace Avalos,Jamie Dunphy,Steph Routh,Timur Ender,,
Timur Ender,Loretta Smith,Terrence Hayes,,,
Candace Avalos,Steph Routh,Timur Ender,Loretta Smith,Jamie Dunphy,
Jamie Dunphy,Steph Routh,Candace Avalos,,,
Loretta Smith,Candace Avalos,Noah Ernst,,,
Timur Ender,David Linn,Michael (Mike) Sands,Doug Clove,Joe Allen,Noah Ernst
Doug Clove,Michael (Mike) Sands,Jamie Dunphy,Loretta Smith,Deian Salazar,Cayle Tern
Candace Avalos,David Linn,Cayle Tern,Loretta Smith,Terrence Hayes,Deian Salazar
Candace Avalos,Steph Routh,Timur Ender,Jamie Dunphy,,
Thomas Shervey,Michael (Mike) Sands,Doug Clove,Noah Ernst,,
,,,,,
Terrence Hayes,Noah Ernst,Jamie Dunphy,,,
Steph Routh,,,,,
Joe Allen,Noah Ernst,Joe Furi,Jamie Dunphy,Terrence Hayes,Loretta Smith
,,,,,
Noah Ernst,Jamie Dunphy,Terrence Hayes,Michael (Mike) Sands,Doug Clove,Joe Allen
Timur Ender,Cayle Tern,Michael (Mike) Sands,Thomas Shervey,Jamie Dunphy,Joe Allen
Noah Ernst,Loretta Smith,Jamie Dunphy,Terrence Hayes,Doug Clove,
Doug Clove,Michael (Mike) Sands,Deian Salazar,Loretta Smith,Thomas Shervey,David Linn
Candace Avalos,Steph Routh,Cayle Tern,Jamie Dunphy,Timur Ender,
Noah Ernst,Michael (Mike) Sands,Joe Furi,,,
Candace Avalos,,,,,
Candace Avalos,Terrence Hayes,Doug Clove,Steph Routh,Cayle Tern,Timur Ender
Loretta Smith,,,,,
Cayle Tern,Steph Routh,Timur Ender,Candace Avalos,Jamie Dunphy,
Loretta Smith,Terrence Hayes,Noah Ernst,,,
Candace Avalos,Timur Ender,Steph Routh,Jamie Dunphy,Cayle Tern,David Linn
Peggy Sue Owens,Loretta Smith,Noah Ernst,Deian Salazar,Joe Allen,Jamie Dunphy
Candace Avalos,,,,,
Candace Avalos,Timur Ender,Steph Routh,Cayle Tern,Terrence Hayes,
Timur Ender,Candace Avalos,Jamie Dunphy,David Linn,Steph Routh,Terrence Hayes
Terrence Hayes,Noah Ernst,Peggy Sue Owens,,,
Candace Avalos,Timur Ender,Cayle Tern,Jamie Dunphy,Steph Routh,David Linn
Terrence Hayes,Deian Salazar,Steph Routh,Doug Clove,Noah Ernst,Michael (Mike) Sands
Candace Avalos,,,,,
Doug Clove,,,,,
Loretta Smith,Candace Avalos,Peggy Sue Owens,,,
Michael (Mike) Sands,David Linn,Peggy Sue Owens,,,
Candace Avalos,Steph Routh,Terrence Hayes,,,
Candace Avalos,Timur Ender,Cayle Tern,Loretta Smith,,
Timur Ender,Candace Avalos,Cayle Tern,Loretta Smith,Doug Clove,Michael (Mike) Sands
Terrence Hayes,Candace Avalos,Loretta Smith,Timur Ender,Steph Routh,
Candace Avalos,Terrence Hayes,Timur Ender,Steph Routh,,
Cayle Tern,Candace Avalos,Deian Salazar,,,
Loretta Smith,Timur Ender,Cayle Tern,Joe Allen,,
Joe Furi,David Linn,Terrence Hayes,Doug Clove,Noah Ernst,Steph Routh
Candace Avalos,Timur Ender,Terrence Hayes,,,
Terrence Hayes,Candace Avalos,Jamie Dunphy,,,
Timur Ender,Jamie Dunphy,,,,
Cayle Tern,Terrence Hayes,Steph Routh,Loretta Smith,,
Peggy Sue Owens,Candace Avalos,Cayle Tern,Deian Salazar,Loretta Smith,Jamie Dunphy
Steph Routh,David Linn,Thomas Shervey,Terrence Hayes,,
Candace Avalos,Steph Routh,Jamie Dunphy,,,
Timur Ender,David Linn,Terrence Hayes,Steph Routh,Jamie Dunphy,
Loretta Smith,Noah Ernst,Joe Allen,,,
Doug Clove,Noah Ernst,Terrence Hayes,,,
Peggy Sue Owens,David Linn,Loretta Smith,Deian Salazar,Michael (Mike) Sands,
Loretta Smith,Michael (Mike) Sands,Timur Ender,Steph Routh,Jamie Dunphy,Noah Ernst
Candace Avalos,Cayle Tern,Loretta Smith,Terrence Hayes,,
Terrence Hayes,Jamie Dunphy,Deian Salazar,Candace Avalos,,
Candace Avalos,Timur Ender,Steph Routh,Jamie Dunphy,Cayle Tern,David Linn
David Linn,Candace Avalos,Cayle Tern,Steph Routh,Jamie Dunphy,Thomas Shervey
Noah Ernst,Doug Clove,Joe Allen,Timur Ender,Thomas Shervey,Terrence Hayes
David Linn,,,,,
Loretta Smith,Candace Avalos,Steph Routh,Terrence Hayes,Timur Ender,Jamie Dunphy
Candace Avalos,Timur Ender,Cayle Tern,,,
Candace Avalos,Jamie Dunphy,Timur Ender,Cayle Tern,Steph Routh,
Jamie Dunphy,Steph Routh,Candace Avalos,,,
Candace Avalos,Terrence Hayes,Noah Ernst,Steph Routh,Loretta Smith,
Jamie Dunphy,Steph Routh,Candace Avalos,,,
Terrence Hayes,Noah Ernst,Joe Furi,Loretta Smith,Doug Clove,Write-in-120
Loretta Smith,Terrence Hayes,Jamie Dunphy,Timur Ender,Steph Routh,Candace Avalos
Jamie Dunphy,Candace Avalos,Timur Ender,Steph Routh,,
Timur Ender,Michael (Mike) Sands,Candace Avalos,Write-in-120,Write-in-121,Write-in-122
Loretta Smith,,,,,
Noah Ernst,Joe Furi,,,,
Loretta Smith,Candace Avalos,Terrence Hayes,Steph Routh,,
Noah Ernst,Terrence Hayes,Joe Furi,Loretta Smith,Doug Clove,
Doug Clove,Candace Avalos,Cayle Tern,Deian Salazar,Thomas Shervey,Jamie Dunphy
Noah Ernst,Thomas Shervey,,,,
Terrence Hayes,Noah Ernst,Loretta Smith,Steph Routh,,
Jamie Dunphy,Candace Avalos,Steph Routh,,,
Jamie Dunphy,Candace Avalos,Steph Routh,Noah Ernst,David Linn,Loretta Smith
Candace Avalos,Steph Routh,Noah Ernst,,,
Jamie Dunphy,Candace Avalos,Steph Routh,Noah Ernst,David Linn,Loretta Smith
Peggy Sue Owens,,,,,
Loretta Smith,Timur Ender,Cayle Tern,Candace Avalos,David Linn,
Noah Ernst,Doug Clove,Joe Allen,Write-in-120,Write-in-121,Write-in-122
Timur Ender,Cayle Tern,Candace Avalos,,,
Noah Ernst,Doug Clove,Terrence Hayes,,,
Candace Avalos,Jamie Dunphy,Steph Routh,Loretta Smith,Peggy Sue Owens,Noah Ernst
Candace Avalos,Terrence Hayes,David Linn,Joe Allen,,
Loretta Smith,Terrence Hayes,Candace Avalos,Noah Ernst,Doug Clove,Deian Salazar
Steph Routh,Noah Ernst,Timur Ender,Jamie Dunphy,Cayle Tern,Loretta Smith
Timur Ender,Jamie Dunphy,Candace Avalos,Steph Routh,David Linn,Terrence Hayes
Loretta Smith,Peggy Sue Owens,David Linn,Jamie Dunphy,Joe Furi,Noah Ernst
Steph Routh,,,,,
Steph Routh,Timur Ender,Terrence Hayes,Loretta Smith,Jamie Dunphy,Candace Avalos
Steph Routh,Terrence Hayes,Timur Ender,David Linn,Candace Avalos,Loretta Smith
Noah Ernst,Doug Clove,Thomas Shervey,,,
David Linn,Candace Avalos,Noah Ernst,Jamie Dunphy,,
Peggy Sue Owens,Joe Allen,David Linn,Loretta Smith,Terrence Hayes,Jamie Dunphy
Jamie Dunphy,Steph Routh,Candace Avalos,,,
Jamie Dunphy,Candace Avalos,David Linn,Noah Ernst,Cayle Tern,Terrence Hayes
Candace Avalos,Cayle Tern,Doug Clove,Jamie Dunphy,Timur Ender,Steph Routh
Jamie Dunphy,,,,,
Candace Avalos,Timur Ender,Steph Routh,Loretta Smith,Terrence Hayes,Jamie Dunphy
Candace Avalos,Noah Ernst,Terrence Hayes,Jamie Dunphy,Cayle Tern,Timur Ender
Doug Clove,Timur Ender,Noah Ernst,Loretta Smith,Thomas Shervey,
Timur Ender,Terrence Hayes,Steph Routh,Candace Avalos,Loretta Smith,Cayle Tern
Timur Ender,Noah Ernst,Candace Avalos,Joe Allen,,
Doug Clove,Noah Ernst,Terrence Hayes,,,
Candace Avalos,Jamie Dunphy,Noah Ernst,Steph Routh,,
Terrence Hayes,Noah Ernst,Doug Clove,,,
Timur Ender,Noah Ernst,Joe Allen,Cayle Tern,David Linn,Doug Clove
Cayle Tern,,,,,
Loretta Smith,,,,,
Terrence Hayes,Loretta Smith,Joe Allen,Candace Avalos,Deian Salazar,Peggy Sue Owens
Loretta Smith,Terrence Hayes,Steph Routh,,,
Loretta Smith,Terrence Hayes,Deian Salazar,,,
Loretta Smith,Terrence Hayes,Candace Avalos,Write-in-120,Write-in-121,Write-in-122
Candace Avalos,Loretta Smith,Terrence Hayes,Jamie Dunphy,Steph Routh,Timur Ender
Steph Routh,Timur Ender,Candace Avalos,Loretta Smith,Jamie Dunphy,
Timur Ender,Steph Routh,David Linn,Candace Avalos,Jamie Dunphy,Loretta Smith
Peggy Sue Owens,Joe Allen,Michael (Mike) Sands,Loretta Smith,David Linn,Steph Routh
Terrence Hayes,Noah Ernst,Doug Clove,,,
Doug Clove,Noah Ernst,Joe Allen,Thomas Shervey,Write-in-122,Peggy Sue Owens
Candace Avalos,Loretta Smith,Terrence Hayes,Timur Ender,,
Terrence Hayes,Noah Ernst,Timur Ender,Cayle Tern,Peggy Sue Owens,Loretta Smith
Timur Ender,Candace Avalos,David Linn,Cayle Tern,Joe Furi,Terrence Hayes
Candace Avalos,Steph Routh,Cayle Tern,Michael (Mike) Sands,Jamie Dunphy,Timur Ender
Noah Ernst,Joe Furi,Terrence Hayes,Doug Clove,,
Timur Ender,,,,,
Timur Ender,Joe Allen,Candace Avalos,David Linn,Michael (Mike) Sands,Steph Routh
Deian Salazar,Noah Ernst,Doug Clove,Terrence Hayes,Loretta Smith,Jamie Dunphy
Loretta Smith,Joe Allen,Steph Routh,Thomas Shervey,Doug Clove,
Doug Clove,Jamie Dunphy,,,,
Jamie Dunphy,Timur Ender,Candace Avalos,Steph Routh,,
Steph Routh,Candace Avalos,Joe Allen,Michael (Mike) Sands,,
Candace Avalos,Cayle Tern,Timur Ender,,,
Candace Avalos,Jamie Dunphy,Steph Routh,Timur Ender,,
Jamie Dunphy,Steph Routh,Candace Avalos,Terrence Hayes,Timur Ender,Doug Clove
Doug Clove,Loretta Smith,Jamie Dunphy,David Linn,Noah Ernst,
Noah Ernst,Joe Allen,Timur Ender,,,
Cayle Tern,Candace Avalos,Terrence Hayes,Timur Ender,,
Candace Avalos,Steph Routh,Timur Ender,Jamie Dunphy,,
Terrence Hayes,,,,,
Candace Avalos,Thomas Shervey,,,,
Joe Allen,Timur Ender,Steph Routh,Jamie Dunphy,Noah Ernst,David Linn
Noah Ernst,Doug Clove,Terrence Hayes,,,
Terrence Hayes,Jamie Dunphy,Candace Avalos,Noah Ernst,Loretta Smith,Cayle Tern
Loretta Smith,Thomas Shervey,Jamie Dunphy,,,
Loretta Smith,Joe Furi,Joe Allen,Peggy Sue Owens,Candace Avalos,Cayle Tern
Jamie Dunphy,Loretta Smith,Timur Ender,Candace Avalos,Steph Routh,Joe Allen
Timur Ender,Noah Ernst,Cayle Tern,,,
Deian Salazar,,,,,
Steph Routh,Loretta Smith,Terrence Hayes,Michael (Mike) Sands,Candace Avalos,Cayle Tern
David Linn,Steph Routh,Loretta Smith,Candace Avalos,,
Noah Ernst,Loretta Smith,Deian Salazar,,,
Loretta Smith,Timur Ender,Steph Routh,Terrence Hayes,David Linn,Cayle Tern
Doug Clove,Joe Allen,Noah Ernst,,,
Candace Avalos,Jamie Dunphy,Steph Routh,Timur Ender,,
Jamie Dunphy,Candace Avalos,Steph Routh,Noah Ernst,David Linn,Loretta Smith
Candace Avalos,Jamie Dunphy,Noah Ernst,,,
Terrence Hayes,Steph Routh,Candace Avalos,Timur Ender,,
Jamie Dunphy,Candace Avalos,Steph Routh,Noah Ernst,David Linn,Thomas Shervey
Timur Ender,Steph Routh,Cayle Tern,David Linn,Candace Avalos,Jamie Dunphy
Jamie Dunphy,Candace Avalos,Steph Routh,,,
Jamie Dunphy,Timur Ender,Terrence Hayes,Loretta Smith,Candace Avalos,Cayle Tern
Candace Avalos,,,,,
Loretta Smith,Michael (Mike) Sands,David Linn,Thomas Shervey,Terrence Hayes,
Terrence Hayes,Jamie Dunphy,Deian Salazar,Candace Avalos,,
Noah Ernst,Steph Routh,Terrence Hayes,Doug Clove,,
Steph Routh,Peggy Sue Owens,Joe Allen,Joe Furi,Loretta Smith,Noah Ernst
Cayle Tern,Jamie Dunphy,Timur Ender,Michael (Mike) Sands,Candace Avalos,Loretta Smith
Loretta Smith,Steph Routh,Terrence Hayes,,,
Steph Routh,Michael (Mike) Sands,Joe Allen,,,
Noah Ernst,Timur Ender,Candace Avalos,Terrence Hayes,Jamie Dunphy,Doug Clove
Candace Avalos,Loretta Smith,Cayle Tern,David Linn,Joe Furi,Terrence Hayes
Loretta Smith,Michael (Mike) Sands,Joe Furi,Steph Routh,,
Terrence Hayes,Noah Ernst,Joe Furi,Loretta Smith,Doug Clove,Write-in-120
Noah Ernst,Deian Salazar,Terrence Hayes,Doug Clove,David Linn,
Jamie Dunphy,Candace Avalos,Cayle Tern,Steph Routh,David Linn,Joe Allen
Candace Avalos,Loretta Smith,Steph Routh,Terrence Hayes,Jamie Dunphy,Timur Ender
Candace Avalos,,,,,
Candace Avalos,Timur Ender,Jamie Dunphy,Steph Routh,Cayle Tern,David Linn
Loretta Smith,Timur Ender,Michael (Mike) Sands,Candace Avalos,Cayle Tern,Jamie Dunphy
Timur Ender,Doug Clove,Deian Salazar,Loretta Smith,Terrence Hayes,Thomas Shervey
Candace Avalos,Timur Ender,Steph Routh,Jamie Dunphy,Cayle Tern,David Linn
Timur Ender,Candace Avalos,Cayle Tern,Michael (Mike) Sands,Thomas Shervey,Write-in-120
Steph Routh,Jamie Dunphy,Loretta Smith,Terrence Hayes,,
Candace Avalos,Jamie Dunphy,Timur Ender,Loretta Smith,Thomas Shervey,Terrence Hayes
Timur Ender,Steph Routh,Candace Avalos,Michael (Mike) Sands,David Linn,Cayle Tern
Steph Routh,Jamie Dunphy,,,,
Jamie Dunphy,Steph Routh,Timur Ender,Candace Avalos,Terrence Hayes,Cayle Tern
Steph Routh,Candace Avalos,Timur Ender,,,
Jamie Dunphy,Steph Routh,Candace Avalos,,,
,,,,,
,,,,,
,,,,,
Joe Allen,Noah Ernst,Loretta Smith,Steph Routh,,
Noah Ernst,Terrence Hayes,,,,
Loretta Smith,Terrence Hayes,Joe Allen,Noah Ernst,,
,,,,,
Timur Ender,Candace Avalos,David Linn,Joe Allen,Steph Routh,
Loretta Smith,Terrence Hayes,,,,
Steph Routh,,,,,
Loretta Smith,Terrence Hayes,David Linn,,,
Noah Ernst,Doug Clove,Terrence Hayes,,,
Jamie Dunphy,Candace Avalos,,,,
Candace Avalos,,,,,
Loretta Smith,Steph Routh,Terrence Hayes,Deian Salazar,Jamie Dunphy,Candace Avalos
Doug Clove,,,,,
Steph Routh,Timur Ender,Candace Avalos,Jamie Dunphy,,
Noah Ernst,Jamie Dunphy,Candace Avalos,Steph Routh,David Linn,Loretta Smith
Terrence Hayes,Noah Ernst,Candace Avalos,,,
Jamie Dunphy,Candace Avalos,Timur Ender,Steph Routh,Cayle Tern,David Linn
Candace Avalos,Timur Ender,Cayle Tern,Steph Routh,Jamie Dunphy,
Doug Clove,Deian Salazar,Joe Allen,David Linn,Michael (Mike) Sands,Joe Furi
Terrence Hayes,Loretta Smith,Michael (Mike) Sands,Peggy Sue Owens,Doug Clove,Joe Allen
Candace Avalos,Steph Routh,Timur Ender,,,
Jamie Dunphy,Candace Avalos,Steph Routh,Timur Ender,,
Michael (Mike) Sands,Deian Salazar,Loretta Smith,David Linn,Joe Allen,Steph Routh
Terrence Hayes,,,,,
David Linn,Loretta Smith,,,,
Candace Avalos,Cayle Tern,Timur Ender,Jamie Dunphy,Steph Routh,David Linn
Loretta Smith,Candace Avalos,David Linn,,,
Terrence Hayes,David Linn,Michael (Mike) Sands,Jamie Dunphy,Thomas Shervey,Doug Clove
Terrence Hayes,,,,,
Terrence Hayes,Loretta Smith,David Linn,Doug Clove,,
Jamie Dunphy,Steph Routh,David Linn,Timur Ender,Candace Avalos,Terrence Hayes
Candace Avalos,Cayle Tern,Timur Ender,,,
Jamie Dunphy,Candace Avalos,Steph Routh,,,
Loretta Smith,Steph Routh,Terrence Hayes,,,
David Linn,Doug Clove,Thomas Shervey,,,
Steph Routh,Candace Avalos,Loretta Smith,Peggy Sue Owens,,
Candace Avalos,Steph Routh,Timur Ender,Cayle Tern,David Linn,Jamie Dunphy
Steph Routh,Thomas Shervey,Loretta Smith,Terrence Hayes,,
Steph Routh,,,,,
Noah Ernst,Loretta Smith,Terrence Hayes,David Linn,,
Candace Avalos,Steph Routh,Doug Clove,Terrence Hayes,Joe Allen,Loretta Smith
Joe Allen,Candace Avalos,Doug Clove,,,
Steph Routh,Candace Avalos,Jamie Dunphy,,,
Loretta Smith,Terrence Hayes,Candace Avalos,David Linn,,
Steph Routh,Loretta Smith,Candace Avalos,,,
Loretta Smith,,,,,
Jamie Dunphy,Candace Avalos,Steph Routh,,,
Michael (Mike) Sands,Noah Ernst,Terrence Hayes,Doug Clove,,
Peggy Sue Owens,Joe Allen,Doug Clove,Deian Salazar,Terrence Hayes,Write-in-122
Timur Ender,David Linn,,,,
Doug Clove,Peggy Sue Owens,Joe Allen,David Linn,Loretta Smith,Jamie Dunphy
Jamie Dunphy,,,,,
Doug Clove,Peggy Sue Owens,David Linn,Timur Ender,Candace Avalos,Loretta Smith
Jamie Dunphy,Candace Avalos,Steph Routh,,,
Terrence Hayes,Jamie Dunphy,Steph Routh,,,
Loretta Smith,Candace Avalos,Cayle Tern,,,
Timur Ender,Jamie Dunphy,Candace Avalos,,,
Timur Ender,Noah Ernst,Loretta Smith,Steph Routh,,
Loretta Smith,,,,,
Terrence Hayes,Steph Routh,David Linn,Michael (Mike) Sands,Jamie Dunphy,Candace Avalos
Joe Furi,,,,,
Steph Routh,Timur Ender,Candace Avalos,,,
Candace Avalos,Deian Salazar,David Linn,Joe Furi,Loretta Smith,Peggy Sue Owens
Joe Allen,Michael (Mike) Sands,Jamie Dunphy,David Linn,Loretta Smith,Terrence Hayes
,,,,,
Doug Clove,Loretta Smith,Thomas Shervey,,,
Noah Ernst,Loretta Smith,Terrence Hayes,,,
Timur Ender,Candace Avalos,Loretta Smith,Steph Routh,Deian Salazar,
Doug Clove,Noah Ernst,Michael (Mike) Sands,Candace Avalos,Thomas Shervey,Jamie Dunphy
Steph Routh,Loretta Smith,Timur Ender,Candace Avalos,Cayle Tern,
Candace Avalos,Cayle Tern,Jamie Dunphy,Steph Routh,Timur Ender,David Linn
Noah Ernst,Terrence Hayes,Joe Furi,Loretta Smith,Doug Clove,
Michael (Mike) Sands,Jamie Dunphy,Candace Avalos,Timur Ender,Joe Allen,Steph Routh
Cayle Tern,Candace Avalos,Timur Ender,Steph Routh,,
Terrence Hayes,,,,,
Noah Ernst,Doug Clove,Terrence Hayes,,,
Noah Ernst,Candace Avalos,Joe Furi,Peggy Sue Owens,Steph Routh,Loretta Smith
Michael (Mike) Sands,Joe Allen,Timur Ender,Steph Routh,Deian Salazar,Candace Avalos
Peggy Sue Owens,Joe Allen,Joe Furi,,,
Peggy Sue Owens,,,,,
Cayle Tern,,,,,
Steph Routh,Terrence Hayes,Candace Avalos,Doug Clove,Cayle Tern,Timur Ender
Timur Ender,,,,,
Loretta Smith,,,,,
Noah Ernst,Doug Clove,Loretta Smith,Joe Allen,David Linn,Deian Salazar
Noah Ernst,Timur Ender,David Linn,Joe Furi,Jamie Dunphy,Candace Avalos
Jamie Dunphy,Steph Routh,Candace Avalos,,,
Candace Avalos,Timur Ender,Jamie Dunphy,,,
Jamie Dunphy,,,,,
Joe Allen,,,,,
Jamie Dunphy,Candace Avalos,Noah Ernst,Steph Routh,Loretta Smith,David Linn
Loretta Smith,,,,,
Candace Avalos,,,,,
Candace Avalos,Steph Routh,Timur Ender,Jamie Dunphy,Loretta Smith,
Jamie Dunphy,Candace Avalos,Steph Routh,,,
Steph Routh,Jamie Dunphy,Candace Avalos,Loretta Smith,Timur Ender,
Steph Routh,Terrence Hayes,Timur Ender,Candace Avalos,,
Michael (Mike) Sands,Noah Ernst,David Linn,Doug Clove,Terrence Hayes,Peggy Sue Owens
Candace Avalos,Loretta Smith,Jamie Dunphy,Steph Routh,,
Candace Avalos,Loretta Smith,Deian Salazar,Joe Allen,Terrence Hayes,
Steph Routh,Timur Ender,Doug Clove,Noah Ernst,,
Steph Routh,Jamie Dunphy,Loretta Smith,Terrence Hayes,,
David Linn,Noah Ernst,Joe Furi,Loretta Smith,Terrence Hayes,Steph Routh
Candace Avalos,Timur Ender,Steph Routh,Jamie Dunphy,Cayle Tern,David Linn
Timur Ender,Noah Ernst,Joe Furi,Steph Routh,,
Michael (Mike) Sands,,,,,
Doug Clove,,,,,
Candace Avalos,Doug Clove,Steph Routh,Terrence Hayes,Timur Ender,Jamie Dunphy
Peggy Sue Owens,Loretta Smith,,,,
Candace Avalos,Jamie Dunphy,Terrence Hayes,Thomas Shervey,Deian Salazar,Timur Ender
Noah Ernst,Doug Clove,Terrence Hayes,Loretta Smith,,
Loretta Smith,Jamie Dunphy,Steph Routh,Terrence Hayes,Timur Ender,Candace Avalos
Steph Routh,Candace Avalos,Timur Ender,Loretta Smith,Jamie Dunphy,
Noah Ernst,David Linn,Michael (Mike) Sands,Joe Furi,Thomas Shervey,Terrence Hayes
Noah Ernst,,,,,
Timur Ender,Candace Avalos,Steph Routh,Cayle Tern,Terrence Hayes,
Steph Routh,Michael (Mike) Sands,,,,
Peggy Sue Owens,Write-in-122,Jamie Dunphy,Candace Avalos,Joe Furi,Loretta Smith
Timur Ender,Terrence Hayes,Joe Allen,Steph Routh,Candace Avalos,Noah Ernst
Peggy Sue Owens,Loretta Smith,Steph Routh,Candace Avalos,Noah Ernst,Doug Clove
Candace Avalos,Timur Ender,Jamie Dunphy,,,
Loretta Smith,Jamie Dunphy,Candace Avalos,Timur Ender,Steph Routh,Noah Ernst
Thomas Shervey,,,,,
Loretta Smith,Candace Avalos,Terrence Hayes,Cayle Tern,Timur Ender,
Jamie Dunphy,Steph Routh,Candace Avalos,,,
Noah Ernst,Jamie Dunphy,Steph Routh,,,
Candace Avalos,Joe Allen,Steph Routh,David Linn,Noah Ernst,Timur Ender
Joe Furi,Michael (Mike) Sands,,,,
Joe Furi,Joe Allen,Terrence Hayes,Write-in-121,Jamie Dunphy,Thomas Shervey
Candace Avalos,Steph Routh,Terrence Hayes,Timur Ender,Loretta Smith,Jamie Dunphy
Timur Ender,Noah Ernst,Candace Avalos,Deian Salazar,Loretta Smith,Joe Allen
Timur Ender,Candace Avalos,Noah Ernst,David Linn,,
Steph Routh,Candace Avalos,Timur Ender,,,
Jamie Dunphy,Steph Routh,Candace Avalos,Noah Ernst,Terrence Hayes,
Jamie Dunphy,Michael (Mike) Sands,Steph Routh,Loretta Smith,,
Michael (Mike) Sands,Loretta Smith,Noah Ernst,Candace Avalos,Joe Allen,
Jamie Dunphy,Steph Routh,Candace Avalos,Timur Ender,Loretta Smith,Michael (Mike) Sands
Loretta Smith,Steph Routh,Candace Avalos,Terrence Hayes,Jamie Dunphy,Timur Ender
Loretta Smith,Timur Ender,Terrence Hayes,Steph Routh,Jamie Dunphy,Candace Avalos
Candace Avalos,Steph Routh,,,,
,,,,,
Noah Ernst,,,,,
Jamie Dunphy,Candace Avalos,Timur Ender,Steph Routh,Loretta Smith,
Noah Ernst,Terrence Hayes,Loretta Smith,,,
Loretta Smith,Terrence Hayes,Steph Routh,,,
Terrence Hayes,Loretta Smith,Deian Salazar,Noah Ernst,Doug Clove,
Terrence Hayes,Steph Routh,Thomas Shervey,,,
Jamie Dunphy,Steph Routh,Noah Ernst,Timur Ender,David Linn,Cayle Tern
Loretta Smith,Timur Ender,,,,
Joe Furi,Candace Avalos,,,,
Candace Avalos,Steph Routh,Timur Ender,Jamie Dunphy,Cayle Tern,
Joe Allen,Timur Ender,Doug Clove,Joe Furi,Deian Salazar,Jamie Dunphy
Jamie Dunphy,Candace Avalos,Steph Routh,Noah Ernst,David Linn,Loretta Smith
Steph Routh,Timur Ender,Candace Avalos,Loretta Smith,Jamie Dunphy,Michael (Mike) Sands
Timur Ender,Steph Routh,Jamie Dunphy,Candace Avalos,,
David Linn,Doug Clove,Terrence Hayes,Jamie Dunphy,,
Cayle Tern,Timur Ender,Steph Routh,Loretta Smith,Doug Clove,David Linn
Loretta Smith,Noah Ernst,,,,
Loretta Smith,Timur Ender,Candace Avalos,,,
Candace Avalos,Steph Routh,Loretta Smith,Timur Ender,Jamie Dunphy,Cayle Tern
Joe Allen,Noah Ernst,Doug Clove,,,
,,,,,
Terrence Hayes,Noah Ernst,Steph Routh,Candace Avalos,,
Candace Avalos,Steph Routh,Timur Ender,,,
Steph Routh,Candace Avalos,Timur Ender,Jamie Dunphy,Noah Ernst,David Linn
Peggy Sue Owens,Cayle Tern,Candace Avalos,Loretta Smith,Deian Salazar,
Terrence Hayes,Noah Ernst,Peggy Sue Owens,Doug Clove,,
Loretta Smith,Timur Ender,Candace Avalos,Steph Routh,Terrence Hayes,
Cayle Tern,Candace Avalos,Steph Routh,Loretta Smith,Terrence Hayes,Jamie Dunphy
Loretta Smith,David Linn,Steph Routh,Candace Avalos,Noah Ernst,Peggy Sue Owens
Loretta Smith,Terrence Hayes,Steph Routh,Candace Avalos,Timur Ender,Michael (Mike) Sands
Timur Ender,Candace Avalos,Cayle Tern,,,
Michael (Mike) Sands,Deian Salazar,Terrence Hayes,Loretta Smith,David Linn,
Terrence Hayes,Loretta Smith,Michael (Mike) Sands,Noah Ernst,Jamie Dunphy,
Terrence Hayes,Deian Salazar,Cayle Tern,,,
Doug Clove,Noah Ernst,David Linn,Candace Avalos,Terrence Hayes,Timur Ender
Michael (Mike) Sands,,,,,
Loretta Smith,Timur Ender,Steph Routh,Noah Ernst,Terrence Hayes,Candace Avalos
Cayle Tern,Candace Avalos,Terrence Hayes,Steph Routh,Timur Ender,Loretta Smith
Timur Ender,Loretta Smith,Peggy Sue Owens,,,
Write-in-122,,,,,
Noah Ernst,Doug Clove,Terrence Hayes,Thomas Shervey,David Linn,Joe Allen
Candace Avalos,Steph Routh,Timur Ender,Jamie Dunphy,Cayle Tern,Loretta Smith
Loretta Smith,Candace Avalos,Michael (Mike) Sands,Joe Allen,Noah Ernst,Peggy Sue Owens
Jamie Dunphy,Steph Routh,Doug Clove,Joe Allen,David Linn,Peggy Sue Owens
David Linn,,,,,
Terrence Hayes,Noah Ernst,Cayle Tern,Michael (Mike) Sands,Steph Routh,
Jamie Dunphy,Steph Routh,Candace Avalos,,,
Loretta Smith,Jamie Dunphy,Timur Ender,Steph Routh,Michael (Mike) Sands,Noah Ernst
Candace Avalos,Steph Routh,Timur Ender,Jamie Dunphy,,
Candace Avalos,Timur Ender,Steph Routh,Jamie Dunphy,Cayle Tern,David Linn
Steph Routh,Jamie Dunphy,David Linn,Joe Allen,Joe Furi,Michael (Mike) Sands
Jamie Dunphy,Terrence Hayes,Noah Ernst,,,
,,,,,
Terrence Hayes,Timur Ender,Steph Routh,Candace Avalos,Cayle Tern,Loretta Smith
Doug Clove,Timur Ender,David Linn,Thomas Shervey,Deian Salazar,Noah Ernst
Michael (Mike) Sands,David Linn,Timur Ender,Loretta Smith,Steph Routh,
Timur Ender,Steph Routh,Candace Avalos,Jamie Dunphy,Peggy Sue Owens,Joe Furi
Jamie Dunphy,Steph Routh,Candace Avalos,,,
Noah Ernst,Timur Ender,Joe Furi,Doug Clove,Terrence Hayes,Thomas Shervey
Candace Avalos,Loretta Smith,,,,
Peggy Sue Owens,Candace Avalos,Loretta Smith,Steph Routh,Timur Ender,Joe Allen
Noah Ernst,,,,,
,,,,,
Noah Ernst,Deian Salazar,,,,
Candace Avalos,Timur Ender,David Linn,Jamie Dunphy,Terrence Hayes,Cayle Tern
Jamie Dunphy,David Linn,Candace Avalos,Timur Ender,,
Terrence Hayes,Loretta Smith,Noah Ernst,Candace Avalos,Joe Allen,Cayle Tern
Steph Routh,Doug Clove,Michael (Mike) Sands,David Linn,Joe Allen,Noah Ernst
Candace Avalos,Cayle Tern,Timur Ender,Steph Routh,Jamie Dunphy,David Linn
Terrence Hayes,Loretta Smith,Candace Avalos,,,
David Linn,Timur Ender,Jamie Dunphy,,,
Candace Avalos,Michael (Mike) Sands,Peggy Sue Owens,Joe Allen,Jamie Dunphy,
Jamie Dunphy,Steph Routh,Terrence Hayes,Candace Avalos,,
Noah Ernst,Terrence Hayes,Joe Furi,Loretta Smith,Doug Clove,
David Linn,,,,,
Loretta Smith,Terrence Hayes,Jamie Dunphy,Timur Ender,Steph Routh,
Doug Clove,Jamie Dunphy,Timur Ender,,,
Jamie Dunphy,Candace Avalos,Steph Routh,Noah Ernst,David Linn,Loretta Smith
Jamie Dunphy,Terrence Hayes,Doug Clove,Loretta Smith,,
Loretta Smith,Terrence Hayes,Deian Salazar,David Linn,Candace Avalos,Thomas Shervey
Loretta Smith,Terrence Hayes,Candace Avalos,Cayle Tern,,
Terrence Hayes,Loretta Smith,Noah Ernst,,,
Terrence Hayes,,,,,
Deian Salazar,Doug Clove,David Linn,Noah Ernst,Jamie Dunphy,Candace Avalos
Terrence Hayes,Joe Allen,Peggy Sue Owens,Write-in-120,Write-in-121,Write-in-122
Doug Clove,Noah Ernst,David Linn,,,
David Linn,Michael (Mike) Sands,Thomas Shervey,Steph Routh,Doug Clove,Joe Allen
Loretta Smith,Timur Ender,Jamie Dunphy,Candace Avalos,Steph Routh,Deian Salazar
Candace Avalos,Steph Routh,Timur Ender,Jamie Dunphy,Loretta Smith,David Linn
Jamie Dunphy,Candace Avalos,Steph Routh,,,
David Linn,Loretta Smith,Terrence Hayes,,,
Steph Routh,Loretta Smith,Terrence Hayes,Candace Avalos,Cayle Tern,Timur Ender
Candace Avalos,Steph Routh,Jamie Dunphy,Noah Ernst,Timur Ender,Loretta Smith
Timur Ender,Candace Avalos,Loretta Smith,Terrence Hayes,Joe Furi,Deian Salazar
Jamie Dunphy,,,,,
Candace Avalos,Steph Routh,Timur Ender,Jamie Dunphy,,
Peggy Sue Owens,Candace Avalos,Doug Clove,Loretta Smith,Noah Ernst,Terrence Hayes
Noah Ernst,,,,,
Candace Avalos,Timur Ender,Jamie Dunphy,Steph Routh,Loretta Smith,Noah Ernst
Doug Clove,Terrence Hayes,Steph Routh,Noah Ernst,Thomas Shervey,Candace Avalos
Steph Routh,Loretta Smith,Michael (Mike) Sands,Timur Ender,Candace Avalos,Doug Clove
Steph Routh,Loretta Smith,Candace Avalos,Timur Ender,,
Jamie Dunphy,David Linn,Timur Ender,Steph Routh,,
Steph Routh,Joe Furi,Doug Clove,Candace Avalos,Cayle Tern,David Linn
Cayle Tern,Loretta Smith,Candace Avalos,Steph Routh,Write-in-122,Peggy Sue Owens
Noah Ernst,Terrence Hayes,Joe Allen,David Linn,,
Candace Avalos,Cayle Tern,Jamie Dunphy,,,
Timur Ender,Deian Salazar,,,,
Jamie Dunphy,Peggy Sue Owens,David Linn,Thomas Shervey,Joe Furi,Noah Ernst
Loretta Smith,,,,,
Loretta Smith,Terrence Hayes,Candace Avalos,Noah Ernst,Timur Ender,Steph Routh
Loretta Smith,Candace Avalos,,,,
Candace Avalos,Timur Ender,Steph Routh,Jamie Dunphy,Cayle Tern,David Linn
Jamie Dunphy,Candace Avalos,Steph Routh,Noah Ernst,David Linn,Loretta Smith
Joe Furi,Joe Allen,Noah Ernst,Peggy Sue Owens,Thomas Shervey,Loretta Smith
Peggy Sue Owens,Loretta Smith,Cayle Tern,Candace Avalos,Terrence Hayes,Write-in-120
Peggy Sue Owens,David Linn,Michael (Mike) Sands,Terrence Hayes,Steph Routh,Noah Ernst
Candace Avalos,Cayle Tern,Timur Ender,Terrence Hayes,Doug Clove,Joe Allen
Timur Ender,Candace Avalos,Cayle Tern,Joe Furi,David Linn,Steph Routh
Loretta Smith,Timur Ender,Doug Clove,Michael (Mike) Sands,,
Deian Salazar,Terrence Hayes,,,,
Candace Avalos,Steph Routh,Deian Salazar,Cayle Tern,Timur Ender,
Jamie Dunphy,Loretta Smith,Terrence Hayes,,,
Jamie Dunphy,Steph Routh,Terrence Hayes,,,
Jamie Dunphy,,,,,
,,,,,
Noah Ernst,Joe Furi,Loretta Smith,Terrence Hayes,Doug Clove,Steph Routh
Loretta Smith,Timur Ender,Candace Avalos,Steph Routh,Terrence Hayes,
Loretta Smith,Steph Routh,Timur Ender,Terrence Hayes,Cayle Tern,
Jamie Dunphy,Candace Avalos,Steph Routh,Timur Ender,Terrence Hayes,Loretta Smith
Jamie Dunphy,Candace Avalos,Steph Routh,Timur Ender,,
Loretta Smith,,,,,
Jamie Dunphy,Candace Avalos,Steph Routh,David Linn,Loretta Smith,Deian Salazar
Peggy Sue Owens,Doug Clove,Michael (Mike) Sands,Loretta Smith,David Linn,Joe Allen
Doug Clove,Loretta Smith,Jamie Dunphy,Joe Allen,Peggy Sue Owens,Thomas Shervey
Loretta Smith,Steph Routh,Terrence Hayes,David Linn,Candace Avalos,
Doug Clove,Loretta Smith,Steph Routh,Terrence Hayes,,
Candace Avalos,Steph Routh,Timur Ender,Jamie Dunphy,Loretta Smith,Cayle Tern
Candace Avalos,Cayle Tern,Timur Ender,,,
Loretta Smith,Terrence Hayes,Timur Ender,Steph Routh,Candace Avalos,Noah Ernst
Candace Avalos,Cayle Tern,Noah Ernst,Deian Salazar,Timur Ender,Loretta Smith
Terrence Hayes,Thomas Shervey,Loretta Smith,Candace Avalos,Deian Salazar,Cayle Tern
Steph Routh,,,,,
Peggy Sue Owens,Joe Allen,Loretta Smith,Michael (Mike) Sands,Terrence Hayes,Candace Avalos
Cayle Tern,Timur Ender,Jamie Dunphy,Candace Avalos,Loretta Smith,Deian Salazar
Joe Furi,Candace Avalos,Steph Routh,Timur Ender,Loretta Smith,Noah Ernst
Jamie Dunphy,David Linn,Peggy Sue Owens,Doug Clove,Candace Avalos,Loretta Smith
Candace Avalos,Timur Ender,Terrence Hayes,Thomas Shervey,Steph Routh,Cayle Tern
Noah Ernst,Terrence Hayes,Loretta Smith,,,
Noah Ernst,Terrence Hayes,Loretta Smith,,,
Terrence Hayes,Steph Routh,Jamie Dunphy,,,
Steph Routh,Candace Avalos,Timur Ender,Jamie Dunphy,Cayle Tern,Loretta Smith
Doug Clove,,,,,
Steph Routh,Joe Allen,Doug Clove,David Linn,Michael (Mike) Sands,Terrence Hayes
Timur Ender,Candace Avalos,Steph Routh,Jamie Dunphy,Loretta Smith,Terrence Hayes
Doug Clove,Terrence Hayes,,,,
Candace Avalos,Loretta Smith,Steph Routh,Terrence Hayes,Write-in-120,David Linn
,,,,,
Jamie Dunphy,Candace Avalos,,,,
Loretta Smith,,,,,
Michael (Mike) Sands,Loretta Smith,,,,
Steph Routh,Loretta Smith,Joe Furi,Noah Ernst,Timur Ender,David Linn
Noah Ernst,Terrence Hayes,Joe Furi,Loretta Smith,Doug Clove,
Timur Ender,Jamie Dunphy,Candace Avalos,Steph Routh,,
Terrence Hayes,Loretta Smith,Steph Routh,Jamie Dunphy,Cayle Tern,Timur Ender
Jamie Dunphy,Terrence Hayes,Loretta Smith,Michael (Mike) Sands,Timur Ender,Noah Ernst
Loretta Smith,Deian Salazar,Steph Routh,,,
Jamie Dunphy,Candace Avalos,Steph Routh,Timur Ender,Loretta Smith,
Jamie Dunphy,Steph Routh,Timur Ender,,,
Jamie Dunphy,Steph Routh,Candace Avalos,,,
Timur Ender,Terrence Hayes,Noah Ernst,Jamie Dunphy,Loretta Smith,Candace Avalos
Terrence Hayes,Candace Avalos,Loretta Smith,,,
Jamie Dunphy,Steph Routh,Timur Ender,,,
Michael (Mike) Sands,Terrence Hayes,Deian Salazar,,,
Steph Routh,,,,,
Timur Ender,Candace Avalos,Steph Routh,Jamie Dunphy,Cayle Tern,David Linn
Write-in-122,,,,,
Noah Ernst,Loretta Smith,Doug Clove,David Linn,Terrence Hayes,
Loretta Smith,,,,,
Noah Ernst,Joe Allen,Joe Furi,Terrence Hayes,Deian Salazar,
Steph Routh,Noah Ernst,Timur Ender,Joe Allen,David Linn,Doug Clove
Deian Salazar,Candace Avalos,Loretta Smith,Terrence Hayes,Noah Ernst,Jamie Dunphy
Steph Routh,Candace Avalos,Timur Ender,Loretta Smith,Terrence Hayes,
Jamie Dunphy,Candace Avalos,Terrence Hayes,Deian Salazar,Cayle Tern,Loretta Smith
Timur Ender,Michael (Mike) Sands,Steph Routh,,,
Timur Ender,David Linn,Loretta Smith,,,
Steph Routh,Jamie Dunphy,Candace Avalos,,,
Candace Avalos,Timur Ender,Steph Routh,Jamie Dunphy,,
Timur Ender,Candace Avalos,Steph Routh,Cayle Tern,Jamie Dunphy,Write-in-120
Loretta Smith,Candace Avalos,Doug Clove,Deian Salazar,Terrence Hayes,Jamie Dunphy
Steph Routh,Jamie Dunphy,Candace Avalos,Terrence Hayes,Noah Ernst,
Terrence Hayes,Candace Avalos,Loretta Smith,Cayle Tern,Deian Salazar,Steph Routh
Candace Avalos,Noah Ernst,Steph Routh,Loretta Smith,Terrence Hayes,
Jamie Dunphy,Steph Routh,Candace Avalos,David Linn,Timur Ender,
Candace Avalos,Steph Routh,Timur Ender,Jamie Dunphy,Cayle Tern,David Linn
Candace Avalos,Jamie Dunphy,Steph Routh,Timur Ender,,
Noah Ernst,Terrence Hayes,Joe Furi,Loretta Smith,Doug Clove,
Noah Ernst,David Linn,Michael (Mike) Sands,Peggy Sue Owens,Thomas Shervey,Terrence Hayes
Timur Ender,Candace Avalos,Terrence Hayes,Deian Salazar,Cayle Tern,Thomas Shervey
David Linn,Timur Ender,Candace Avalos,Terrence Hayes,Loretta Smith,Steph Routh
Candace Avalos,Cayle Tern,Timur Ender,,,
Noah Ernst,Jamie Dunphy,Terrence Hayes,,,
David Linn,Candace Avalos,Cayle Tern,Deian Salazar,Loretta Smith,Terrence Hayes
Candace Avalos,Loretta Smith,Jamie Dunphy,Cayle Tern,Joe Furi,Deian Salazar
Candace Avalos,Cayle Tern,Jamie Dunphy,,,
Loretta Smith,Terrence Hayes,Steph Routh,Timur Ender,Cayle Tern,Joe Allen
Timur Ender,Candace Avalos,Loretta Smith,Terrence Hayes,Jamie Dunphy,
Candace Avalos,Timur Ender,Steph Routh,Jamie Dunphy,Cayle Tern,David Linn
Timur Ender,Jamie Dunphy,Loretta Smith,Candace Avalos,Cayle Tern,David Linn
Deian Salazar,,,,,
Candace Avalos,Steph Routh,Jamie Dunphy,,,
Candace Avalos,,,,,
Deian Salazar,Joe Allen,Joe Furi,Steph Routh,Loretta Smith,Noah Ernst
Terrence Hayes,Loretta Smith,Candace Avalos,,,
Loretta Smith,Candace Avalos,Timur Ender,Deian Salazar,Steph Routh,David Linn
Timur Ender,Deian Salazar,Doug Clove,Steph Routh,Loretta Smith,
Thomas Shervey,,,,,
Steph Routh,Loretta Smith,Candace Avalos,,,
Jamie Dunphy,Loretta Smith,,,,
Terrence Hayes,,,,,
Loretta Smith,Timur Ender,Noah Ernst,Candace Avalos,Michael (Mike) Sands,Terrence Hayes
,,,,,
Timur Ender,Candace Avalos,Cayle Tern,Steph Routh,Jamie Dunphy,David Linn
Joe Allen,,,,,
Steph Routh,Jamie Dunphy,Candace Avalos,Timur Ender,,
Cayle Tern,Candace Avalos,Jamie Dunphy,Michael (Mike) Sands,,
Candace Avalos,,,,,
Loretta Smith,,,,,
Noah Ernst,Terrence Hayes,Steph Routh,,,
Jamie Dunphy,Candace Avalos,Noah Ernst,,,
Loretta Smith,Terrence Hayes,,,,
Jamie Dunphy,Steph Routh,Candace Avalos,,,
Candace Avalos,David Linn,Timur Ender,Cayle Tern,Thomas Shervey,
Steph Routh,,,,,
Noah Ernst,Timur Ender,Candace Avalos,Loretta Smith,Jamie Dunphy,Terrence Hayes
Candace Avalos,Deian Salazar,Cayle Tern,Timur Ender,,
Cayle Tern,,,,,
Doug Clove,Thomas Shervey,Michael (Mike) Sands,Deian Salazar,Noah Ernst,Joe Furi
Candace Avalos,Timur Ender,Steph Routh,Jamie Dunphy,Cayle Tern,David Linn
Candace Avalos,Loretta Smith,Steph Routh,Timur Ender,David Linn,Thomas Shervey
Timur Ender,Thomas Shervey,Doug Clove,David Linn,Candace Avalos,Cayle Tern
Candace Avalos,,,,,
Michael (Mike) Sands,,,,,
Noah Ernst,Peggy Sue Owens,Candace Avalos,David Linn,Cayle Tern,Doug Clove
Terrence Hayes,Candace Avalos,Timur Ender,Jamie Dunphy,,
Steph Routh,Timur Ender,Candace Avalos,Jamie Dunphy,Terrence Hayes,Loretta Smith
Timur Ender,Jamie Dunphy,Steph Routh,Cayle Tern,Loretta Smith,Michael (Mike) Sands
David Linn,,,,,
Doug Clove,Terrence Hayes,,,,
Deian Salazar,Candace Avalos,,,,
Candace Avalos,Steph Routh,Jamie Dunphy,,,
Steph Routh,Timur Ender,Loretta Smith,Candace Avalos,Terrence Hayes,Noah Ernst
Steph Routh,Loretta Smith,Candace Avalos,Terrence Hayes,Jamie Dunphy,Michael (Mike) Sands
Loretta Smith,Steph Routh,,,,
Loretta Smith,,,,,
Candace Avalos,David Linn,Jamie Dunphy,,,
Candace Avalos,Timur Ender,Steph Routh,Jamie Dunphy,Cayle Tern,David Linn
Michael (Mike) Sands,,,,,
Steph Routh,Jamie Dunphy,Loretta Smith,Noah Ernst,,
Terrence Hayes,Loretta Smith,Candace Avalos,,,
,,,,,
Jamie Dunphy,Steph Routh,Candace Avalos,Timur Ender,,
Jamie Dunphy,Steph Routh,,,,
Timur Ender,,,,,
Steph Routh,Cayle Tern,Timur Ender,Candace Avalos,Michael (Mike) Sands,
Candace Avalos,Timur Ender,Steph Routh,,,
Candace Avalos,Peggy Sue Owens,Loretta Smith,David Linn,Michael (Mike) Sands,Terrence Hayes
Jamie Dunphy,Noah Ernst,Doug Clove,Loretta Smith,Terrence Hayes,Deian Salazar
Jamie Dunphy,Timur Ender,Noah Ernst,Cayle Tern,Michael (Mike) Sands,Loretta Smith
Joe Allen,,,,,
Timur Ender,Jamie Dunphy,Noah Ernst,,,
Loretta Smith,Noah Ernst,,,,
Candace Avalos,Cayle Tern,Timur Ender,Terrence Hayes,,
Peggy Sue Owens,Terrence Hayes,Michael (Mike) Sands,,,
Loretta Smith,Candace Avalos,Steph Routh,Terrence Hayes,Michael (Mike) Sands,
Joe Allen,David Linn,Loretta Smith,Terrence Hayes,Steph Routh,Peggy Sue Owens
Terrence Hayes,Noah Ernst,Peggy Sue Owens,Doug Clove,,
Jamie Dunphy,,,,,
Loretta Smith,Terrence Hayes,,,,
Jamie Dunphy,,,,,
Timur Ender,Doug Clove,Loretta Smith,Terrence Hayes,,
Jamie Dunphy,Candace Avalos,Steph Routh,Noah Ernst,David Linn,Loretta Smith
David Linn,Noah Ernst,Loretta Smith,,,
Doug Clove,Thomas Shervey,Steph Routh,Jamie Dunphy,Deian Salazar,Noah Ernst
Michael (Mike) Sands,Joe Furi,Thomas Shervey,Timur Ender,,
Timur Ender,Noah Ernst,Jamie Dunphy,,,
Candace Avalos,Jamie Dunphy,Steph Routh,Terrence Hayes,Timur Ender,Loretta Smith
Noah Ernst,,,,,
Candace Avalos,Terrence Hayes,Cayle Tern,Steph Routh,Timur Ender,Thomas Shervey
David Linn,Joe Furi,Thomas Shervey,,,
Noah Ernst,Deian Salazar,Terrence Hayes,,,
Noah Ernst,Jamie Dunphy,Steph Routh,,,
Deian Salazar,,,,,
Noah Ernst,,,,,
Terrence Hayes,Loretta Smith,Timur Ender,,,
Doug Clove,Terrence Hayes,Steph Routh,Noah Ernst,Deian Salazar,Cayle Tern
Michael (Mike) Sands,Steph Routh,Loretta Smith,Candace Avalos,Timur Ender,Cayle Tern
Loretta Smith,Terrence Hayes,Noah Ernst,Michael (Mike) Sands,Joe Furi,Timur Ender
Candace Avalos,Timur Ender,Steph Routh,Jamie Dunphy,Cayle Tern,David Linn
David Linn,,,,,
Loretta Smith,Candace Avalos,Deian Salazar,Jamie Dunphy,Steph Routh,Terrence Hayes
Michael (Mike) Sands,Steph Routh,Thomas Shervey,Jamie Dunphy,,
Michael (Mike) Sands,David Linn,Deian Salazar,Joe Allen,,
Terrence Hayes,Loretta Smith,Candace Avalos,Timur Ender,Steph Routh,
Candace Avalos,Timur Ender,Steph Routh,Cayle Tern,David Linn,Jamie Dunphy
Noah Ernst,,,,,
Timur Ender,Steph Routh,Candace Avalos,Joe Allen,Doug Clove,Deian Salazar
Terrence Hayes,Deian Salazar,David Linn,Jamie Dunphy,,
Loretta Smith,Terrence Hayes,Jamie Dunphy,Timur Ender,Steph Routh,Candace Avalos
Noah Ernst,Candace Avalos,Joe Allen,,,
Loretta Smith,,,,,
Cayle Tern,Jamie Dunphy,Deian Salazar,Michael (Mike) Sands,Joe Allen,Loretta Smith
Jamie Dunphy,,,,,
Terrence Hayes,Noah Ernst,Loretta Smith,,,
Candace Avalos,Steph Routh,Timur Ender,,,
Michael (Mike) Sands,Terrence Hayes,Candace Avalos,Doug Clove,Thomas Shervey,Jamie Dunphy
Doug Clove,,,,,
Candace Avalos,Terrence Hayes,Cayle Tern,Timur Ender,,
Jamie Dunphy,Candace Avalos,Steph Routh,,,
Candace Avalos,Steph Routh,Timur Ender,Noah Ernst,,
Jamie Dunphy,Steph Routh,Candace Avalos,Loretta Smith,,
Write-in-120,Write-in-121,Write-in-122,,,
Jamie Dunphy,,,,,
Loretta Smith,Terrence Hayes,Jamie Dunphy,Deian Salazar,Candace Avalos,Steph Routh
Terrence Hayes,,,,,
Jamie Dunphy,Steph Routh,Thomas Shervey,,,
Doug Clove,,,,,
Jamie Dunphy,Terrence Hayes,Thomas Shervey,,,
Jamie Dunphy,,,,,
Candace Avalos,Loretta Smith,Terrence Hayes,Noah Ernst,Michael (Mike) Sands,Peggy Sue Owens
Candace Avalos,Steph Routh,Cayle Tern,David Linn,Terrence Hayes,
Candace Avalos,Steph Routh,Timur Ender,Jamie Dunphy,Cayle Tern,Deian Salazar
Steph Routh,Jamie Dunphy,Candace Avalos,,,
Steph Routh,Timur Ender,Cayle Tern,Terrence Hayes,Candace Avalos,David Linn
Noah Ernst,Terrence Hayes,Joe Furi,Loretta Smith,Doug Clove,
Noah Ernst,Cayle Tern,Candace Avalos,Doug Clove,Steph Routh,
Candace Avalos,Cayle Tern,Timur Ender,,,
Steph Routh,Jamie Dunphy,Loretta Smith,,,
Doug Clove,Michael (Mike) Sands,Deian Salazar,Joe Furi,,
Steph Routh,Jamie Dunphy,Candace Avalos,,,
Timur Ender,Candace Avalos,Steph Routh,,,
Loretta Smith,Candace Avalos,Jamie Dunphy,Timur Ender,Steph Routh,David Linn
Candace Avalos,Steph Routh,Doug Clove,Cayle Tern,Jamie Dunphy,Timur Ender
Timur Ender,Steph Routh,Jamie Dunphy,Candace Avalos,,
Terrence Hayes,Noah Ernst,Doug Clove,Deian Salazar,,
Loretta Smith,Noah Ernst,Terrence Hayes,Thomas Shervey,Doug Clove,Michael (Mike) Sands
Noah Ernst,Steph Routh,Jamie Dunphy,,,
Terrence Hayes,Loretta Smith,Noah Ernst,Timur Ender,,
Thomas Shervey,Steph Routh,Jamie Dunphy,Candace Avalos,,
Terrence Hayes,Doug Clove,Loretta Smith,,,
Steph Routh,Timur Ender,Jamie Dunphy,Michael (Mike) Sands,Loretta Smith,Candace Avalos
Loretta Smith,Terrence Hayes,Candace Avalos,Jamie Dunphy,Steph Routh,
Steph Routh,David Linn,Michael (Mike) Sands,Deian Salazar,Thomas Shervey,Jamie Dunphy
Noah Ernst,Doug Clove,,,,
Loretta Smith,Cayle Tern,Terrence Hayes,Steph Routh,David Linn,Noah Ernst
Terrence Hayes,Loretta Smith,Noah Ernst,,,
Terrence Hayes,Steph Routh,Jamie Dunphy,David Linn,,
Peggy Sue Owens,Timur Ender,Noah Ernst,Candace Avalos,Joe Allen,David Linn
Noah Ernst,Jamie Dunphy,,,,
Candace Avalos,Cayle Tern,Timur Ender,Jamie Dunphy,Steph Routh,David Linn
Candace Avalos,Cayle Tern,Loretta Smith,,,
Loretta Smith,Terrence Hayes,Noah Ernst,,,
Loretta Smith,,,,,
David Linn,Deian Salazar,Steph Routh,Terrence Hayes,,
Doug Clove,Loretta Smith,Terrence Hayes,Deian Salazar,Noah Ernst,Steph Routh
Noah Ernst,,,,,
Candace Avalos,Steph Routh,Timur Ender,Jamie Dunphy,,
Candace Avalos,Timur Ender,Jamie Dunphy,Steph Routh,,
Loretta Smith,Doug Clove,Deian Salazar,,,
Noah Ernst,Doug Clove,Loretta Smith,,,
Candace Avalos,Jamie Dunphy,Steph Routh,Timur Ender,Terrence Hayes,Deian Salazar
Jamie Dunphy,Candace Avalos,Steph Routh,,,
Noah Ernst,,,,,
Loretta Smith,Terrence Hayes,Steph Routh,Jamie Dunphy,Deian Salazar,Joe Furi
Timur Ender,Loretta Smith,Terrence Hayes,Candace Avalos,Noah Ernst,Michael (Mike) Sands
Jamie Dunphy,Candace Avalos,Steph Routh,Loretta Smith,Timur Ender,Cayle Tern
Timur Ender,Terrence Hayes,,,,
Candace Avalos,Cayle Tern,Timur Ender,,,
Noah Ernst,Terrence Hayes,Joe Furi,Loretta Smith,Doug Clove,
Thomas Shervey,Joe Furi,Joe Allen,Jamie Dunphy,Steph Routh,David Linn
Jamie Dunphy,Candace Avalos,Steph Routh,Noah Ernst,,
Candace Avalos,Timur Ender,Steph Routh,Cayle Tern,Jamie Dunphy,Loretta Smith
David Linn,Doug Clove,Joe Allen,Loretta Smith,Terrence Hayes,Steph Routh
Candace Avalos,Steph Routh,Timur Ender,David Linn,Michael (Mike) Sands,
Terrence Hayes,Joe Furi,Joe Allen,Noah Ernst,Steph Routh,Jamie Dunphy
Joe Allen,David Linn,,,,
Candace Avalos,Cayle Tern,David Linn,Deian Salazar,Doug Clove,Michael (Mike) Sands
Candace Avalos,Timur Ender,Steph Routh,Jamie Dunphy,,
Loretta Smith,Terrence Hayes,Michael (Mike) Sands,,,
Loretta Smith,Steph Routh,Jamie Dunphy,Candace Avalos,Terrence Hayes,
Loretta Smith,Michael (Mike) Sands,David Linn,Cayle Tern,Steph Routh,Candace Avalos
Timur Ender,,,,,
Candace Avalos,Steph Routh,Timur Ender,,,
Doug Clove,Terrence Hayes,Deian Salazar,Noah Ernst,Joe Allen,Joe Furi
Jamie Dunphy,Steph Routh,Candace Avalos,,,
Timur Ender,Candace Avalos,Steph Routh,Loretta Smith,Jamie Dunphy,
Candace Avalos,Jamie Dunphy,,,,
Noah Ernst,Candace Avalos,Steph Routh,Jamie Dunphy,Terrence Hayes,
Jamie Dunphy,,,,,
Peggy Sue Owens,Timur Ender,Noah Ernst,Candace Avalos,Joe Allen,
Loretta Smith,Terrence Hayes,Timur Ender,,,
Terrence Hayes,Timur Ender,Loretta Smith,Joe Allen,Thomas Shervey,Candace Avalos
David Linn,Jamie Dunphy,Candace Avalos,Terrence Hayes,Timur Ender,Loretta Smith
Noah Ernst,Terrence Hayes,Loretta Smith,Michael (Mike) Sands,Steph Routh,
Loretta Smith,,,,,
Joe Allen,David Linn,Terrence Hayes,Doug Clove,Joe Furi,Noah Ernst
Candace Avalos,Cayle Tern,Jamie Dunphy,Michael (Mike) Sands,Joe Furi,Terrence Hayes
Timur Ender,David Linn,Loretta Smith,Steph Routh,,
Jamie Dunphy,Steph Routh,Loretta Smith,,,
David Linn,Steph Routh,Candace Avalos,Cayle Tern,Jamie Dunphy,Timur Ender
Noah Ernst,Deian Salazar,Doug Clove,David Linn,Terrence Hayes,Steph Routh
Loretta Smith,,,,,
Candace Avalos,Steph Routh,Timur Ender,,,
Jamie Dunphy,Steph Routh,Candace Avalos,David Linn,Timur Ender,
Candace Avalos,Cayle Tern,Steph Routh,,,
Peggy Sue Owens,Candace Avalos,Joe Allen,Noah Ernst,,
Terrence Hayes,Noah Ernst,Loretta Smith,,,
Loretta Smith,Terrence Hayes,Joe Allen,Cayle Tern,,
Candace Avalos,Timur Ender,Cayle Tern,Loretta Smith,,
Timur Ender,Candace Avalos,Joe Allen,Cayle Tern,Michael (Mike) Sands,Loretta Smith
Candace Avalos,Timur Ender,Jamie Dunphy,Steph Routh,Cayle Tern,David Linn
Deian Salazar,Joe Furi,Doug Clove,Joe Allen,Loretta Smith,Terrence Hayes
Loretta Smith,,,,,
Thomas Shervey,Michael (Mike) Sands,Doug Clove,Terrence Hayes,Steph Routh,Deian Salazar
Loretta Smith,Jamie Dunphy,,,,
Noah Ernst,Deian Salazar,Terrence Hayes,Doug Clove,David Linn,
Candace Avalos,Noah Ernst,Steph Routh,Jamie Dunphy,,
Noah Ernst,Doug Clove,Joe Allen,Deian Salazar,,
Candace Avalos,Terrence Hayes,Loretta Smith,Steph Routh,Jamie Dunphy,Deian Salazar
Joe Allen,Doug Clove,David Linn,Michael (Mike) Sands,Terrence Hayes,Peggy Sue Owens
Candace Avalos,Steph Routh,Timur Ender,Jamie Dunphy,Loretta Smith,Noah Ernst
Loretta Smith,Jamie Dunphy,Candace Avalos,Terrence Hayes,,
Candace Avalos,Timur Ender,Steph Routh,Jamie Dunphy,,
Timur Ender,Candace Avalos,Steph Routh,Cayle Tern,Loretta Smith,Joe Allen
Cayle Tern,Timur Ender,Michael (Mike) Sands,,,
Michael (Mike) Sands,Doug Clove,Jamie Dunphy,Steph Routh,,
Timur Ender,,,,,
Candace Avalos,Cayle Tern,Timur Ender,,,
Noah Ernst,Loretta Smith,Terrence Hayes,,,
Candace Avalos,Timur Ender,Loretta Smith,Steph Routh,,
Candace Avalos,David Linn,Steph Routh,Terrence Hayes,Timur Ender,Cayle Tern
Doug Clove,Terrence Hayes,Thomas Shervey,Jamie Dunphy,Michael (Mike) Sands,Joe Furi
Deian Salazar,Noah Ernst,Loretta Smith,Terrence Hayes,,
Candace Avalos,Timur Ender,Steph Routh,Jamie Dunphy,Cayle Tern,David Linn
Jamie Dunphy,Loretta Smith,Terrence Hayes,Steph Routh,Deian Salazar,
Steph Routh,Jamie Dunphy,Noah Ernst,Terrence Hayes,Loretta Smith,David Linn
Noah Ernst,Doug Clove,Terrence Hayes,Steph Routh,,
Candace Avalos,Jamie Dunphy,Loretta Smith,Timur Ender,Steph Routh,
Candace Avalos,Loretta Smith,Terrence Hayes,Deian Salazar,,
Candace Avalos,Cayle Tern,Timur Ender,,,
Candace Avalos,Steph Routh,Jamie Dunphy,Timur Ender,Cayle Tern,David Linn
David Linn,,,,,
Steph Routh,Peggy Sue Owens,,,,
Candace Avalos,Timur Ender,Jamie Dunphy,Steph Routh,David Linn,Thomas Shervey
Loretta Smith,Terrence Hayes,Timur Ender,Candace Avalos,,
Candace Avalos,Loretta Smith,Terrence Hayes,Timur Ender,Steph Routh,Jamie Dunphy
Noah Ernst,,,,,
Candace Avalos,Steph Routh,Timur Ender,Jamie Dunphy,Peggy Sue Owens,
Jamie Dunphy,,,,,
Candace Avalos,Peggy Sue Owens,Cayle Tern,Loretta Smith,Michael (Mike) Sands,Noah Ernst
Candace Avalos,Timur Ender,Cayle Tern,Terrence Hayes,,
Candace Avalos,Cayle Tern,Timur Ender,,,
Jamie Dunphy,Steph Routh,Candace Avalos,Timur Ender,,
Candace Avalos,Peggy Sue Owens,Steph Routh,Jamie Dunphy,Cayle Tern,David Linn
Loretta Smith,Steph Routh,Candace Avalos,Cayle Tern,Joe Furi,Terrence Hayes
Candace Avalos,Timur Ender,Jamie Dunphy,Steph Routh,,
Candace Avalos,David Linn,Jamie Dunphy,,,
Loretta Smith,Steph Routh,Jamie Dunphy,,,
Michael (Mike) Sands,Jamie Dunphy,Thomas Shervey,,,
Timur Ender,Noah Ernst,Candace Avalos,Cayle Tern,Michael (Mike) Sands,Jamie Dunphy
Timur Ender,Terrence Hayes,Thomas Shervey,Cayle Tern,Deian Salazar,Loretta Smith
Loretta Smith,Steph Routh,Timur Ender,David Linn,Candace Avalos,
Jamie Dunphy,Terrence Hayes,Candace Avalos,Loretta Smith,Noah Ernst,Steph Routh
Noah Ernst,Timur Ender,David Linn,Michael (Mike) Sands,Thomas Shervey,Steph Routh
Steph Routh,Loretta Smith,Thomas Shervey,,,
Terrence Hayes,Timur Ender,Cayle Tern,Doug Clove,Michael (Mike) Sands,Deian Salazar
Noah Ernst,Timur Ender,Candace Avalos,Deian Salazar,Loretta Smith,Terrence Hayes
Thomas Shervey,Joe Furi,David Linn,Candace Avalos,,
David Linn,Terrence Hayes,Candace Avalos,Timur Ender,Doug Clove,Michael (Mike) Sands
Joe Allen,Cayle Tern,Doug Clove,Timur Ender,Jamie Dunphy,Terrence Hayes
Joe Allen,David Linn,Doug Clove,Michael (Mike) Sands,Terrence Hayes,Steph Routh
Candace Avalos,Jamie Dunphy,Loretta Smith,Steph Routh,Timur Ender,Deian Salazar
Timur Ender,Loretta Smith,Michael (Mike) Sands,Thomas Shervey,,
Candace Avalos,Terrence Hayes,Noah Ernst,Timur Ender,Jamie Dunphy,Steph Routh
Steph Routh,,,,,
Loretta Smith,Thomas Shervey,Timur Ender,Jamie Dunphy,Candace Avalos,
Steph Routh,Candace Avalos,Timur Ender,Thomas Shervey,Cayle Tern,Terrence Hayes
Terrence Hayes,Noah Ernst,Steph Routh,,,
Steph Routh,Jamie Dunphy,Candace Avalos,Noah Ernst,David Linn,Terrence Hayes
Jamie Dunphy,Joe Furi,Joe Allen,Loretta Smith,Noah Ernst,Terrence Hayes
Jamie Dunphy,Candace Avalos,,,,
Steph Routh,Cayle Tern,Jamie Dunphy,,,
Jamie Dunphy,Candace Avalos,Steph Routh,Noah Ernst,David Linn,Loretta Smith
Joe Allen,Joe Furi,Thomas Shervey,,,
Jamie Dunphy,Steph Routh,Joe Allen,Timur Ender,,
Terrence Hayes,,,,,
Michael (Mike) Sands,Loretta Smith,Jamie Dunphy,Steph Routh,Terrence Hayes,Deian Salazar
Candace Avalos,Joe Furi,Jamie Dunphy,Peggy Sue Owens,Loretta Smith,David Linn
Terrence Hayes,Loretta Smith,Steph Routh,Cayle Tern,Jamie Dunphy,Timur Ender
Steph Routh,Candace Avalos,Jamie Dunphy,,,
,,,,,
Terrence Hayes,Loretta Smith,Noah Ernst,,,
Candace Avalos,Steph Routh,Jamie Dunphy,,,
Jamie Dunphy,Steph Routh,Candace Avalos,,,
Steph Routh,,,,,
Loretta Smith,Deian Salazar,Timur Ender,David Linn,Steph Routh,Terrence Hayes
Timur Ender,Jamie Dunphy,,,,
Loretta Smith,Joe Allen,David Linn,,,
Timur Ender,Candace Avalos,Deian Salazar,,,
,,,,,
Jamie Dunphy,Steph Routh,David Linn,Terrence Hayes,Candace Avalos,Loretta Smith
Loretta Smith,Jamie Dunphy,Steph Routh,Terrence Hayes,Candace Avalos,David Linn
Noah Ernst,Doug Clove,Deian Salazar,,,
Candace Avalos,Timur Ender,Cayle Tern,Steph Routh,Write-in-120,Joe Furi
Steph Routh,Candace Avalos,Jamie Dunphy,,,
Candace Avalos,Noah Ernst,Steph Routh,Jamie Dunphy,Loretta Smith,Terrence Hayes
Timur Ender,,,,,
Doug Clove,Michael (Mike) Sands,Terrence Hayes,Noah Ernst,Joe Allen,Thomas Shervey
Loretta Smith,Terrence Hayes,David Linn,Peggy Sue Owens,Candace Avalos,
Jamie Dunphy,,,,,
Jamie Dunphy,Steph Routh,Timur Ender,,,
,,,,,
Candace Avalos,Jamie Dunphy,Steph Routh,Loretta Smith,Peggy Sue Owens,Deian Salazar
Jamie Dunphy,Terrence Hayes,Doug Clove,Loretta Smith,,
Candace Avalos,Loretta Smith,Steph Routh,Cayle Tern,Peggy Sue Owens,Terrence Hayes
,,,,,
Candace Avalos,Steph Routh,Timur Ender,,,
Peggy Sue Owens,,,,,
Doug Clove,Joe Furi,Timur Ender,Peggy Sue Owens,Joe Allen,Loretta Smith
Thomas Shervey,Jamie Dunphy,,,,
Jamie Dunphy,Steph Routh,Timur Ender,,,
Candace Avalos,Steph Routh,Timur Ender,Jamie Dunphy,,
Candace Avalos,Timur Ender,Terrence Hayes,David Linn,Steph Routh,Jamie Dunphy
Peggy Sue Owens,Timur Ender,Noah Ernst,Candace Avalos,Joe Allen,David Linn
Doug Clove,,,,,
Jamie Dunphy,Steph Routh,Timur Ender,Candace Avalos,David Linn,Cayle Tern
Candace Avalos,Steph Routh,Jamie Dunphy,,,
Michael (Mike) Sands,David Linn,,,,
Candace Avalos,Steph Routh,Timur Ender,Jamie Dunphy,,
Jamie Dunphy,Candace Avalos,Steph Routh,,,
Jamie Dunphy,Steph Routh,Candace Avalos,Thomas Shervey,Timur Ender,
Joe Allen,Thomas Shervey,Doug Clove,Terrence Hayes,David Linn,Candace Avalos
Loretta Smith,David Linn,Timur Ender,Jamie Dunphy,Terrence Hayes,Steph Routh
Noah Ernst,,,,,
Loretta Smith,Terrence Hayes,,,,
Candace Avalos,Deian Salazar,Thomas Shervey,Doug Clove,Joe Allen,Peggy Sue Owens
Noah Ernst,Doug Clove,Deian Salazar,,,
Noah Ernst,Terrence Hayes,Candace Avalos,Loretta Smith,Steph Routh,Deian Salazar
Joe Allen,David Linn,Terrence Hayes,Cayle Tern,Joe Furi,
Timur Ender,Candace Avalos,Steph Routh,Jamie Dunphy,Michael (Mike) Sands,
Steph Routh,Jamie Dunphy,Candace Avalos,Timur Ender,Loretta Smith,Peggy Sue Owens
Loretta Smith,Candace Avalos,Timur Ender,Noah Ernst,Steph Routh,Terrence Hayes
Candace Avalos,Steph Routh,Timur Ender,Jamie Dunphy,Loretta Smith,Cayle Tern
Loretta Smith,,,,,
Steph Routh,Jamie Dunphy,,,,
Doug Clove,Terrence Hayes,Deian Salazar,,,
Candace Avalos,Steph Routh,Timur Ender,David Linn,Jamie Dunphy,Cayle Tern
Deian Salazar,,,,,
Noah Ernst,Timur Ender,Doug Clove,David Linn,Thomas Shervey,Michael (Mike) Sands
Loretta Smith,Terrence Hayes,Candace Avalos,Timur Ender,Steph Routh,Michael (Mike) Sands
Peggy Sue Owens,Loretta Smith,,,,
Jamie Dunphy,Loretta Smith,,,,
Candace Avalos,Timur Ender,Steph Routh,,,
Terrence Hayes,Noah Ernst,Loretta Smith,,,
Steph Routh,Cayle Tern,,,,
Terrence Hayes,Noah Ernst,Joe Furi,Loretta Smith,Doug Clove,Write-in-120
Terrence Hayes,Noah Ernst,Doug Clove,,,
Jamie Dunphy,Thomas Shervey,Deian Salazar,Cayle Tern,Timur Ender,Terrence Hayes
Jamie Dunphy,Timur Ender,Candace Avalos,Steph Routh,,
Candace Avalos,Steph Routh,Noah Ernst,,,
Jamie Dunphy,Candace Avalos,,,,
Jamie Dunphy,David Linn,Candace Avalos,,,
Candace Avalos,Cayle Tern,Timur Ender,Jamie Dunphy,Steph Routh,Joe Allen
Steph Routh,Candace Avalos,Timur Ender,Jamie Dunphy,,
Candace Avalos,Terrence Hayes,Loretta Smith,Joe Furi,Michael (Mike) Sands,Noah Ernst
Timur Ender,Terrence Hayes,Steph Routh,Candace Avalos,Jamie Dunphy,David Linn
Peggy Sue Owens,Candace Avalos,Deian Salazar,Loretta Smith,Jamie Dunphy,Steph Routh
Noah Ernst,Steph Routh,Jamie Dunphy,,,
Terrence Hayes,Noah Ernst,,,,
Jamie Dunphy,Steph Routh,Loretta Smith,Timur Ender,Candace Avalos,
Jamie Dunphy,Steph Routh,Terrence Hayes,Timur Ender,Cayle Tern,
Loretta Smith,Candace Avalos,Noah Ernst,Steph Routh,Timur Ender,
Jamie Dunphy,Candace Avalos,Timur Ender,Noah Ernst,,
Steph Routh,Loretta Smith,Cayle Tern,Terrence Hayes,Candace Avalos,Jamie Dunphy
Candace Avalos,Steph Routh,Loretta Smith,David Linn,,
Terrence Hayes,Steph Routh,Noah Ernst,Loretta Smith,Jamie Dunphy,David Linn
,,,,,
Candace Avalos,Jamie Dunphy,Steph Routh,Timur Ender,Cayle Tern,
Terrence Hayes,Joe Furi,David Linn,Peggy Sue Owens,Michael (Mike) Sands,Doug Clove
Timur Ender,Candace Avalos,,,,
Timur Ender,Candace Avalos,Cayle Tern,Jamie Dunphy,Steph Routh,David Linn
Candace Avalos,Steph Routh,Jamie Dunphy,,,
Candace Avalos,Terrence Hayes,Cayle Tern,,,
Steph Routh,Jamie Dunphy,Candace Avalos,Timur Ender,,
Loretta Smith,Doug Clove,Candace Avalos,Joe Allen,,
Candace Avalos,Steph Routh,Timur Ender,,,
Jamie Dunphy,Loretta Smith,Candace Avalos,,,
Terrence Hayes,Loretta Smith,Candace Avalos,Timur Ender,Steph Routh,
Terrence Hayes,,,,,
Candace Avalos,Timur Ender,Jamie Dunphy,Steph Routh,Cayle Tern,
,,,,,
Noah Ernst,Deian Salazar,Terrence Hayes,,,
Loretta Smith,Michael (Mike) Sands,,,,
Steph Routh,Thomas Shervey,Loretta Smith,Terrence Hayes,,
Candace Avalos,Jamie Dunphy,Steph Routh,Timur Ender,Loretta Smith,David Linn
Jamie Dunphy,Michael (Mike) Sands,Candace Avalos,Steph Routh,Timur Ender,Loretta Smith
Terrence Hayes,,,,,
Doug Clove,Loretta Smith,Steph Routh,Terrence Hayes,,
Jamie Dunphy,Candace Avalos,,,,
Steph Routh,Jamie Dunphy,Candace Avalos,,,
Cayle Tern,Peggy Sue Owens,Candace Avalos,Michael (Mike) Sands,Loretta Smith,
Deian Salazar,,,,,
Noah Ernst,,,,,
Loretta Smith,Candace Avalos,Terrence Hayes,Steph Routh,Jamie Dunphy,David Linn
Candace Avalos,Terrence Hayes,Loretta Smith,Cayle Tern,Deian Salazar,Steph Routh
Noah Ernst,Michael (Mike) Sands,Joe Furi,,,
Terrence Hayes,Steph Routh,Loretta Smith,Joe Furi,Thomas Shervey,Candace Avalos
Cayle Tern,Joe Allen,Deian Salazar,Joe Furi,Steph Routh,Timur Ender
Cayle Tern,,,,,
Candace Avalos,Loretta Smith,Cayle Tern,David Linn,Steph Routh,Jamie Dunphy
Candace Avalos,Steph Routh,Jamie Dunphy,Timur Ender,,
Jamie Dunphy,Candace Avalos,Steph Routh,,,
Loretta Smith,,,,,
Candace Avalos,Timur Ender,,,,
Steph Routh,Terrence Hayes,Jamie Dunphy,,,
Candace Avalos,Timur Ender,Steph Routh,Jamie Dunphy,Cayle Tern,David Linn
Candace Avalos,Cayle Tern,Michael (Mike) Sands,Steph Routh,,
Noah Ernst,Joe Allen,Joe Furi,Cayle Tern,Steph Routh,Deian Salazar
Joe Allen,Thomas Shervey,Doug Clove,Timur Ender,,
Noah Ernst,Joe Allen,Doug Clove,Michael (Mike) Sands,Terrence Hayes,Jamie Dunphy
Timur Ender,Steph Routh,Candace Avalos,Jamie Dunphy,Cayle Tern,David Linn
Timur Ender,Doug Clove,Thomas Shervey,Steph Routh,Deian Salazar,David Linn
Thomas Shervey,,,,,
Noah Ernst,,,,,
Terrence Hayes,Steph Routh,Loretta Smith,Thomas Shervey,Jamie Dunphy,Michael (Mike) Sands
Timur Ender,Loretta Smith,Steph Routh,Terrence Hayes,Jamie Dunphy,
Candace Avalos,Timur Ender,Cayle Tern,Steph Routh,David Linn,Jamie Dunphy
Steph Routh,Jamie Dunphy,Candace Avalos,Timur Ender,Cayle Tern,David Linn
Noah Ernst,,,,,
Jamie Dunphy,Candace Avalos,Peggy Sue Owens,,,
David Linn,Deian Salazar,Terrence Hayes,Noah Ernst,Cayle Tern,Michael (Mike) Sands
Candace Avalos,Cayle Tern,Doug Clove,,,
Loretta Smith,,,,,
,,,,,
Terrence Hayes,Loretta Smith,Deian Salazar,Jamie Dunphy,Doug Clove,Cayle Tern
Doug Clove,Terrence Hayes,Loretta Smith,Joe Allen,,
Joe Allen,,,,,
Candace Avalos,Terrence Hayes,Loretta Smith,Timur Ender,Jamie Dunphy,Steph Routh
Terrence Hayes,Deian Salazar,Noah Ernst,,,
Jamie Dunphy,Loretta Smith,Steph Routh,Candace Avalos,Timur Ender,Terrence Hayes
Timur Ender,Candace Avalos,Cayle Tern,Loretta Smith,,
Joe Allen,Michael (Mike) Sands,Jamie Dunphy,Peggy Sue Owens,Noah Ernst,Joe Furi
Michael (Mike) Sands,Jamie Dunphy,Steph Routh,Terrence Hayes,Joe Furi,Cayle Tern
Candace Avalos,Timur Ender,Joe Furi,David Linn,Steph Routh,Cayle Tern
Jamie Dunphy,Loretta Smith,Candace Avalos,Steph Routh,David Linn,Terrence Hayes
Timur Ender,Joe Furi,Steph Routh,Michael (Mike) Sands,,
Terrence Hayes,Noah Ernst,Candace Avalos,,,
Steph Routh,Timur Ender,,,,
Candace Avalos,Timur Ender,Steph Routh,,,
Loretta Smith,,,,,
Candace Avalos,Jamie Dunphy,Steph Routh,,,
Timur Ender,,,,,
Jamie Dunphy,,,,,
Timur Ender,Doug Clove,Deian Salazar,Loretta Smith,Terrence Hayes,Thomas Shervey
Jamie Dunphy,Timur Ender,,,,
Jamie Dunphy,Candace Avalos,Steph Routh,,,
Candace Avalos,Terrence Hayes,Deian Salazar,Cayle Tern,Thomas Shervey,Steph Routh
Steph Routh,Candace Avalos,Jamie Dunphy,,,
Candace Avalos,Cayle Tern,Jamie Dunphy,Timur Ender,David Linn,
Candace Avalos,Steph Routh,Jamie Dunphy,Peggy Sue Owens,Cayle Tern,
Terrence Hayes,Noah Ernst,Steph Routh,,,
Noah Ernst,Doug Clove,Jamie Dunphy,Joe Furi,Timur Ender,
Timur Ender,Terrence Hayes,Doug Clove,Candace Avalos,,
Jamie Dunphy,Steph Routh,Candace Avalos,Cayle Tern,Deian Salazar,Loretta Smith
Noah Ernst,,,,,
Timur Ender,Steph Routh,Jamie Dunphy,,,
Michael (Mike) Sands,Peggy Sue Owens,Jamie Dunphy,David Linn,Candace Avalos,Doug Clove
David Linn,Noah Ernst,Peggy Sue Owens,Joe Allen,Loretta Smith,Joe Furi
Noah Ernst,Loretta Smith,Thomas Shervey,Doug Clove,Terrence Hayes,Deian Salazar
Loretta Smith,Terrence Hayes,Steph Routh,Candace Avalos,Timur Ender,Jamie Dunphy
Joe Furi,Deian Salazar,Loretta Smith,Candace Avalos,Jamie Dunphy,Peggy Sue Owens
Jamie Dunphy,,,,,
Michael (Mike) Sands,Steph Routh,,,,
David Linn,Cayle Tern,Doug Clove,Loretta Smith,Jamie Dunphy,Timur Ender
Loretta Smith,,,,,
Candace Avalos,Terrence Hayes,Jamie Dunphy,Loretta Smith,,
Noah Ernst,Doug Clove,Jamie Dunphy,Thomas Shervey,Michael (Mike) Sands,Joe Allen
Steph Routh,Candace Avalos,David Linn,Loretta Smith,Terrence Hayes,Jamie Dunphy
Noah Ernst,Terrence Hayes,Candace Avalos,David Linn,Deian Salazar,Jamie Dunphy
Candace Avalos,Steph Routh,Jamie Dunphy,Cayle Tern,Loretta Smith,Terrence Hayes
Noah Ernst,Timur Ender,David Linn,Steph Routh,Terrence Hayes,Jamie Dunphy
Terrence Hayes,Loretta Smith,Candace Avalos,Michael (Mike) Sands,Deian Salazar,Steph Routh
Joe Allen,David Linn,Doug Clove,Thomas Shervey,Steph Routh,
,,,,,
,,,,,
Deian Salazar,,,,,
Noah Ernst,Candace Avalos,,,,
Candace Avalos,Loretta Smith,Timur Ender,Steph Routh,Terrence Hayes,Jamie Dunphy
Timur Ender,Michael (Mike) Sands,Doug Clove,,,
Timur Ender,Noah Ernst,Terrence Hayes,Loretta Smith,Thomas Shervey,Steph Routh
Doug Clove,,,,,
Timur Ender,Doug Clove,Terrence Hayes,,,
Steph Routh,Timur Ender,Jamie Dunphy,Cayle Tern,David Linn,Candace Avalos
Candace Avalos,Cayle Tern,Timur Ender,Jamie Dunphy,Steph Routh,David Linn
Thomas Shervey,Terrence Hayes,David Linn,Timur Ender,Candace Avalos,Jamie Dunphy
Candace Avalos,Jamie Dunphy,Steph Routh,Timur Ender,Terrence Hayes,
Steph Routh,Terrence Hayes,Timur Ender,,,
Doug Clove,Loretta Smith,,,,
Jamie Dunphy,Steph Routh,Candace Avalos,,,
Jamie Dunphy,Candace Avalos,Steph Routh,David Linn,Noah Ernst,Timur Ender
Doug Clove,Thomas Shervey,Joe Allen,,,
Candace Avalos,Jamie Dunphy,Timur Ender,,,
Joe Furi,Doug Clove,Loretta Smith,Terrence Hayes,Steph Routh,Candace Avalos
Timur Ender,Peggy Sue Owens,Joe Furi,Noah Ernst,David Linn,Doug Clove
Candace Avalos,Doug Clove,Thomas Shervey,Loretta Smith,Steph Routh,Terrence Hayes
Candace Avalos,Jamie Dunphy,Steph Routh,,,
Jamie Dunphy,Candace Avalos,Steph Routh,,,
Jamie Dunphy,Candace Avalos,Steph Routh,David Linn,Loretta Smith,
Candace Avalos,Steph Routh,Jamie Dunphy,,,
Peggy Sue Owens,Jamie Dunphy,,,,
Noah Ernst,Joe Allen,Deian Salazar,Michael (Mike) Sands,Loretta Smith,Steph Routh
Candace Avalos,Jamie Dunphy,,,,
Loretta Smith,Terrence Hayes,Doug Clove,Deian Salazar,Noah Ernst,Thomas Shervey
Steph Routh,Terrence Hayes,Deian Salazar,Timur Ender,Joe Furi,Loretta Smith
Loretta Smith,Candace Avalos,Terrence Hayes,Jamie Dunphy,,
Loretta Smith,Terrence Hayes,Steph Routh,Jamie Dunphy,,
Loretta Smith,Candace Avalos,,,,
Deian Salazar,Michael (Mike) Sands,Peggy Sue Owens,Terrence Hayes,Loretta Smith,Doug Clove
Doug Clove,,,,,
Loretta Smith,,,,,
Terrence Hayes,Loretta Smith,Jamie Dunphy,Steph Routh,,
Timur Ender,Steph Routh,Candace Avalos,Joe Allen,Doug Clove,Deian Salazar
Loretta Smith,Jamie Dunphy,Steph Routh,Candace Avalos,,
Loretta Smith,Deian Salazar,Michael (Mike) Sands,Candace Avalos,Peggy Sue Owens,Noah Ernst
Candace Avalos,,,,,
Candace Avalos,Jamie Dunphy,Steph Routh,Timur Ender,Cayle Tern,David Linn
Loretta Smith,Terrence Hayes,Jamie Dunphy,,,
Noah Ernst,Doug Clove,Deian Salazar,,,
Michael (Mike) Sands,Loretta Smith,Jamie Dunphy,,,
Timur Ender,Joe Allen,Joe Furi,,,
Candace Avalos,Timur Ender,Steph Routh,Jamie Dunphy,Cayle Tern,David Linn
Michael (Mike) Sands,,,,,
Steph Routh,Candace Avalos,Jamie Dunphy,Terrence Hayes,David Linn,Deian Salazar
Jamie Dunphy,Candace Avalos,Steph Routh,Noah Ernst,David Linn,Loretta Smith
Steph Routh,Timur Ender,Jamie Dunphy,,,
Steph Routh,Jamie Dunphy,,,,
David Linn,Cayle Tern,Jamie Dunphy,,,
Loretta Smith,Timur Ender,Candace Avalos,,,
Candace Avalos,David Linn,Steph Routh,Terrence Hayes,Jamie Dunphy,Thomas Shervey
Candace Avalos,,,,,
Jamie Dunphy,Candace Avalos,Steph Routh,Noah Ernst,David Linn,Loretta Smith
Candace Avalos,Loretta Smith,Terrence Hayes,David Linn,Cayle Tern,Jamie Dunphy
Steph Routh,,,,,
Timur Ender,Joe Allen,Joe Furi,Jamie Dunphy,Steph Routh,Cayle Tern
Jamie Dunphy,,,,,
Timur Ender,Cayle Tern,Jamie Dunphy,,,
Noah Ernst,Doug Clove,,,,
Peggy Sue Owens,Timur Ender,Noah Ernst,Candace Avalos,Joe Allen,David Linn
Candace Avalos,Steph Routh,Timur Ender,,,
Terrence Hayes,Steph Routh,Loretta Smith,Michael (Mike) Sands,Cayle Tern,Candace Avalos
Noah Ernst,Terrence Hayes,Joe Allen,Doug Clove,Steph Routh,Thomas Shervey
Cayle Tern,Timur Ender,Steph Routh,Loretta Smith,Doug Clove,David Linn
Jamie Dunphy,Steph Routh,Thomas Shervey,Candace Avalos,David Linn,
Loretta Smith,,,,,
Timur Ender,Steph Routh,Thomas Shervey,Michael (Mike) Sands,Jamie Dunphy,Terrence Hayes
Jamie Dunphy,Candace Avalos,Michael (Mike) Sands,,,
Jamie Dunphy,,,,,
Terrence Hayes,Doug Clove,Loretta Smith,,,
Steph Routh,,,,,
Joe Allen,,,,,
David Linn,Cayle Tern,,,,
Candace Avalos,Timur Ender,Steph Routh,Jamie Dunphy,,
Terrence Hayes,Steph Routh,Loretta Smith,,,
Timur Ender,Steph Routh,,,,
Noah Ernst,Doug Clove,Loretta Smith,Deian Salazar,Terrence Hayes,Steph Routh
Jamie Dunphy,Candace Avalos,Timur Ender,Steph Routh,,
Timur Ender,Noah Ernst,Michael (Mike) Sands,Deian Salazar,Steph Routh,Terrence Hayes
Joe Allen,Michael (Mike) Sands,Steph Routh,,,
Loretta Smith,Candace Avalos,Noah Ernst,Doug Clove,Joe Furi,Jamie Dunphy
Peggy Sue Owens,Joe Allen,David Linn,Doug Clove,Michael (Mike) Sands,Thomas Shervey
Jamie Dunphy,Candace Avalos,Steph Routh,Noah Ernst,David Linn,Loretta Smith
Loretta Smith,Terrence Hayes,Peggy Sue Owens,,,
Write-in-122,Steph Routh,,,,
Candace Avalos,Steph Routh,Deian Salazar,Jamie Dunphy,Terrence Hayes,Timur Ender
Jamie Dunphy,Candace Avalos,Timur Ender,Steph Routh,David Linn,Cayle Tern
Candace Avalos,Cayle Tern,,,,
Jamie Dunphy,David Linn,Noah Ernst,Timur Ender,,
David Linn,Michael (Mike) Sands,Thomas Shervey,Timur Ender,Doug Clove,Steph Routh
Candace Avalos,Steph Routh,David Linn,Timur Ender,Jamie Dunphy,
Joe Furi,,,,,
Candace Avalos,Terrence Hayes,David Linn,Noah Ernst,Steph Routh,Michael (Mike) Sands
Candace Avalos,Doug Clove,Loretta Smith,Noah Ernst,David Linn,Michael (Mike) Sands
Peggy Sue Owens,Joe Allen,Cayle Tern,Thomas Shervey,Steph Routh,
Loretta Smith,Peggy Sue Owens,Candace Avalos,Cayle Tern,Jamie Dunphy,Deian Salazar
,,,,,
Jamie Dunphy,Candace Avalos,David Linn,,,
Terrence Hayes,Noah Ernst,Candace Avalos,Loretta Smith,Steph Routh,Peggy Sue Owens
Candace Avalos,Timur Ender,Steph Routh,Jamie Dunphy,Cayle Tern,David Linn
Jamie Dunphy,,,,,
Terrence Hayes,Thomas Shervey,Steph Routh,Timur Ender,Candace Avalos,Deian Salazar
Timur Ender,Candace Avalos,David Linn,Steph Routh,Cayle Tern,Joe Allen
Timur Ender,Candace Avalos,Write-in-120,,,
Terrence Hayes,Joe Allen,Loretta Smith,,,
Loretta Smith,,,,,
Candace Avalos,Timur Ender,Cayle Tern,Steph Routh,David Linn,Jamie Dunphy
Jamie Dunphy,Terrence Hayes,Noah Ernst,Timur Ender,Loretta Smith,Candace Avalos
Jamie Dunphy,Timur Ender,Peggy Sue Owens,Terrence Hayes,,
David Linn,,,,,
Steph Routh,Doug Clove,Peggy Sue Owens,,,
Steph Routh,Jamie Dunphy,Terrence Hayes,,,
Candace Avalos,Cayle Tern,Timur Ender,Jamie Dunphy,Steph Routh,David Linn
Terrence Hayes,Loretta Smith,Noah Ernst,,,
Terrence Hayes,Steph Routh,,,,
Candace Avalos,Steph Routh,Timur Ender,Jamie Dunphy,Cayle Tern,
Noah Ernst,Loretta Smith,,,,
Jamie Dunphy,David Linn,Cayle Tern,Deian Salazar,Loretta Smith,Steph Routh
Joe Allen,,,,,
Terrence Hayes,Loretta Smith,Michael (Mike) Sands,Candace Avalos,,
Joe Furi,Candace Avalos,,,,
Joe Allen,David Linn,Doug Clove,Joe Furi,Michael (Mike) Sands,Thomas Shervey
Noah Ernst,Cayle Tern,Deian Salazar,Terrence Hayes,Loretta Smith,David Linn
Noah Ernst,Terrence Hayes,Joe Furi,Loretta Smith,Doug Clove,
Loretta Smith,Steph Routh,Jamie Dunphy,Timur Ender,Cayle Tern,David Linn
Candace Avalos,Steph Routh,Timur Ender,Jamie Dunphy,,
Steph Routh,Candace Avalos,Jamie Dunphy,Loretta Smith,Terrence Hayes,Cayle Tern
Loretta Smith,,,,,
Michael (Mike) Sands,Timur Ender,Candace Avalos,David Linn,Steph Routh,Cayle Tern
Steph Routh,Cayle Tern,Candace Avalos,David Linn,Terrence Hayes,Jamie Dunphy
Jamie Dunphy,Candace Avalos,Steph Routh,,,
Timur Ender,Candace Avalos,Joe Allen,,,
Doug Clove,Timur Ender,Steph Routh,Jamie Dunphy,Cayle Tern,Joe Furi
David Linn,Joe Furi,Deian Salazar,Cayle Tern,Timur Ender,Steph Routh
Loretta Smith,,,,,
Noah Ernst,Terrence Hayes,Jamie Dunphy,,,
Steph Routh,,,,,
Joe Allen,Noah Ernst,Doug Clove,,,
Terrence Hayes,Noah Ernst,Candace Avalos,,,
Terrence Hayes,Jamie Dunphy,Steph Routh,Candace Avalos,Noah Ernst,
Candace Avalos,Joe Allen,Loretta Smith,Jamie Dunphy,Michael (Mike) Sands,Cayle Tern
Joe Allen,,,,,
Loretta Smith,Peggy Sue Owens,Doug Clove,Joe Furi,Timur Ender,Steph Routh
Noah Ernst,Doug Clove,Terrence Hayes,David Linn,Candace Avalos,Timur Ender
Candace Avalos,Steph Routh,Timur Ender,Loretta Smith,Cayle Tern,Peggy Sue Owens
Doug Clove,Noah Ernst,,,,
Jamie Dunphy,Michael (Mike) Sands,Doug Clove,Timur Ender,Candace Avalos,David Linn
Jamie Dunphy,Candace Avalos,,,,
Michael (Mike) Sands,Candace Avalos,Doug Clove,David Linn,Joe Allen,Timur Ender
,,,,,
Steph Routh,Jamie Dunphy,Candace Avalos,,,
Noah Ernst,Timur Ender,Terrence Hayes,Doug Clove,Steph Routh,Jamie Dunphy
Jamie Dunphy,Steph Routh,Terrence Hayes,Loretta Smith,,
Loretta Smith,Terrence Hayes,Candace Avalos,Timur Ender,,
Candace Avalos,David Linn,Deian Salazar,Terrence Hayes,Steph Routh,
Candace Avalos,Timur Ender,Cayle Tern,Doug Clove,Steph Routh,Jamie Dunphy
Jamie Dunphy,Candace Avalos,David Linn,Timur Ender,Steph Routh,
Timur Ender,Jamie Dunphy,Loretta Smith,Candace Avalos,Terrence Hayes,
Jamie Dunphy,Noah Ernst,Doug Clove,,,
Candace Avalos,Terrence Hayes,Loretta Smith,David Linn,Timur Ender,Deian Salazar
Candace Avalos,Jamie Dunphy,Noah Ernst,Terrence Hayes,Thomas Shervey,Timur Ender
Loretta Smith,,,,,
Candace Avalos,Steph Routh,Loretta Smith,Terrence Hayes,Jamie Dunphy,Michael (Mike) Sands
Candace Avalos,Steph Routh,Timur Ender,,,
Timur Ender,Candace Avalos,Steph Routh,Cayle Tern,,
Candace Avalos,Timur Ender,Steph Routh,,,
Candace Avalos,Steph Routh,Terrence Hayes,Noah Ernst,Loretta Smith,
Steph Routh,Loretta Smith,Candace Avalos,Timur Ender,Jamie Dunphy,Michael (Mike) Sands
Doug Clove,,,,,
Jamie Dunphy,,,,,
David Linn,,,,,
Steph Routh,Timur Ender,Candace Avalos,,,
Loretta Smith,Terrence Hayes,Noah Ernst,Peggy Sue Owens,Michael (Mike) Sands,Joe Allen
Terrence Hayes,Peggy Sue Owens,Noah Ernst,Michael (Mike) Sands,Jamie Dunphy,Loretta Smith
Steph Routh,Doug Clove,Joe Furi,Michael (Mike) Sands,Noah Ernst,Timur Ender
Deian Salazar,Noah Ernst,Loretta Smith,Joe Allen,Terrence Hayes,Doug Clove
Candace Avalos,Steph Routh,Loretta Smith,Cayle Tern,Timur Ender,Jamie Dunphy
Terrence Hayes,Noah Ernst,Joe Furi,Loretta Smith,Doug Clove,Write-in-120
Jamie Dunphy,Candace Avalos,Steph Routh,,,
Terrence Hayes,Loretta Smith,David Linn,Noah Ernst,Candace Avalos,Deian Salazar
Terrence Hayes,Loretta Smith,,,,
Timur Ender,Michael (Mike) Sands,Loretta Smith,Steph Routh,David Linn,Candace Avalos
Jamie Dunphy,Candace Avalos,Steph Routh,Loretta Smith,Timur Ender,David Linn
Candace Avalos,Steph Routh,Timur Ender,Jamie Dunphy,,
Jamie Dunphy,Terrence Hayes,Steph Routh,Candace Avalos,,
Steph Routh,David Linn,Timur Ender,Jamie Dunphy,Candace Avalos,Noah Ernst
Candace Avalos,Timur Ender,Cayle Tern,Steph Routh,Jamie Dunphy,
Candace Avalos,Steph Routh,Terrence Hayes,Timur Ender,,
Michael (Mike) Sands,Peggy Sue Owens,Candace Avalos,Loretta Smith,Steph Routh,Thomas Shervey
Candace Avalos,Jamie Dunphy,Steph Routh,,,
Terrence Hayes,,,,,
Joe Allen,David Linn,Cayle Tern,Doug Clove,Joe Furi,Michael (Mike) Sands
Deian Salazar,Loretta Smith,Steph Routh,Jamie Dunphy,Joe Furi,David Linn
Noah Ernst,Doug Clove,Terrence Hayes,,,
Steph Routh,Loretta Smith,Candace Avalos,Terrence Hayes,David Linn,Cayle Tern
Jamie Dunphy,Candace Avalos,Steph Routh,Noah Ernst,David Linn,Loretta Smith
Jamie Dunphy,,,,,
Deian Salazar,Doug Clove,Joe Allen,,,
Candace Avalos,Cayle Tern,Steph Routh,Jamie Dunphy,Timur Ender,
Loretta Smith,Jamie Dunphy,Noah Ernst,Terrence Hayes,David Linn,Steph Routh
Jamie Dunphy,Candace Avalos,Timur Ender,Steph Routh,,
Loretta Smith,Terrence Hayes,Jamie Dunphy,,,
Terrence Hayes,Noah Ernst,,,,
Loretta Smith,Jamie Dunphy,,,,
Jamie Dunphy,Steph Routh,Candace Avalos,,,
Loretta Smith,Candace Avalos,Terrence Hayes,Doug Clove,Timur Ender,Peggy Sue Owens
Steph Routh,Loretta Smith,,,,
Terrence Hayes,Steph Routh,Loretta Smith,Cayle Tern,Timur Ender,
Loretta Smith,Michael (Mike) Sands,David Linn,Peggy Sue Owens,Terrence Hayes,Deian Salazar
Noah Ernst,Joe Furi,David Linn,Loretta Smith,Cayle Tern,Doug Clove
Steph Routh,Timur Ender,Candace Avalos,Jamie Dunphy,,
Candace Avalos,Steph Routh,Timur Ender,Cayle Tern,Loretta Smith,
Deian Salazar,Michael (Mike) Sands,Thomas Shervey,Steph Routh,Jamie Dunphy,Terrence Hayes
Steph Routh,Loretta Smith,Candace Avalos,,,
Candace Avalos,Cayle Tern,Michael (Mike) Sands,Timur Ender,Steph Routh,Jamie Dunphy
Noah Ernst,Joe Allen,David Linn,,,
Loretta Smith,Jamie Dunphy,Steph Routh,,,
Noah Ernst,Michael (Mike) Sands,,,,
Steph Routh,Joe Allen,Doug Clove,Jamie Dunphy,Michael (Mike) Sands,David Linn
Loretta Smith,,,,,
Loretta Smith,Terrence Hayes,,,,
Cayle Tern,Peggy Sue Owens,Timur Ender,Loretta Smith,Jamie Dunphy,Write-in-120
Jamie Dunphy,Steph Routh,Timur Ender,,,
Candace Avalos,Timur Ender,Cayle Tern,Loretta Smith,Steph Routh,
Thomas Shervey,,,,,
Timur Ender,Steph Routh,Candace Avalos,Doug Clove,,
Terrence Hayes,Timur Ender,,,,
Noah Ernst,Terrence Hayes,Timur Ender,Steph Routh,,
Candace Avalos,Terrence Hayes,Michael (Mike) Sands,Noah Ernst,David Linn,Steph Routh
Steph Routh,Noah Ernst,Doug Clove,Deian Salazar,,
Timur Ender,Michael (Mike) Sands,Noah Ernst,,,
Candace Avalos,Jamie Dunphy,Cayle Tern,Terrence Hayes,,
Timur Ender,Candace Avalos,Cayle Tern,Joe Furi,Thomas Shervey,Michael (Mike) Sands
Loretta Smith,Terrence Hayes,,,,
Timur Ender,Noah Ernst,Candace Avalos,Cayle Tern,Joe Furi,Deian Salazar
Timur Ender,Candace Avalos,Michael (Mike) Sands,Jamie Dunphy,,
Loretta Smith,Deian Salazar,Timur Ender,Doug Clove,Jamie Dunphy,Terrence Hayes
Candace Avalos,Steph Routh,Noah Ernst,Timur Ender,Cayle Tern,Terrence Hayes
Candace Avalos,Steph Routh,Timur Ender,Jamie Dunphy,,
Doug Clove,Noah Ernst,Thomas Shervey,Joe Allen,Loretta Smith,
Jamie Dunphy,,,,,
Noah Ernst,Joe Allen,Doug Clove,Joe Furi,Thomas Shervey,Steph Routh
Candace Avalos,Terrence Hayes,David Linn,,,
Candace Avalos,Jamie Dunphy,Timur Ender,Cayle Tern,Steph Routh,David Linn
Noah Ernst,David Linn,Deian Salazar,Jamie Dunphy,Michael (Mike) Sands,Steph Routh
Cayle Tern,Doug Clove,Noah Ernst,Michael (Mike) Sands,Deian Salazar,Joe Allen
Jamie Dunphy,,,,,
Loretta Smith,Terrence Hayes,,,,
Jamie Dunphy,Candace Avalos,Steph Routh,,,
Joe Furi,Candace Avalos,Timur Ender,,,
Steph Routh,Candace Avalos,Loretta Smith,Noah Ernst,,
Loretta Smith,,,,,
Deian Salazar,Doug Clove,Joe Furi,Candace Avalos,David Linn,Steph Routh
Noah Ernst,Joe Allen,Joe Furi,,,
Write-in-122,Write-in-121,Write-in-120,,,
Candace Avalos,Timur Ender,Cayle Tern,Steph Routh,Jamie Dunphy,Noah Ernst
Noah Ernst,David Linn,Doug Clove,Jamie Dunphy,,
Candace Avalos,Steph Routh,Jamie Dunphy,Cayle Tern,Timur Ender,David Linn
Doug Clove,Noah Ernst,,,,
Steph Routh,Timur Ender,Candace Avalos,Jamie Dunphy,David Linn,Cayle Tern
Deian Salazar,Jamie Dunphy,Candace Avalos,,,
Loretta Smith,Candace Avalos,Timur Ender,Steph Routh,Jamie Dunphy,
Timur Ender,Noah Ernst,,,,
Jamie Dunphy,Terrence Hayes,Timur Ender,Candace Avalos,Cayle Tern,Loretta Smith
Loretta Smith,Timur Ender,Candace Avalos,David Linn,,
Candace Avalos,Steph Routh,Timur Ender,,,
Candace Avalos,Terrence Hayes,Loretta Smith,Timur Ender,Jamie Dunphy,Cayle Tern
Timur Ender,Cayle Tern,David Linn,Candace Avalos,Joe Furi,Steph Routh
Noah Ernst,Deian Salazar,Thomas Shervey,Loretta Smith,Candace Avalos,
Candace Avalos,Cayle Tern,Terrence Hayes,Timur Ender,Michael (Mike) Sands,Loretta Smith
Timur Ender,Candace Avalos,Loretta Smith,Terrence Hayes,Steph Routh,Michael (Mike) Sands
Peggy Sue Owens,Candace Avalos,Loretta Smith,,,
Peggy Sue Owens,David Linn,Noah Ernst,Thomas Shervey,Michael (Mike) Sands,Jamie Dunphy
Candace Avalos,Jamie Dunphy,Steph Routh,,,
Terrence Hayes,Jamie Dunphy,Steph Routh,Loretta Smith,Candace Avalos,David Linn
Steph Routh,Candace Avalos,Jamie Dunphy,Thomas Shervey,Terrence Hayes,Timur Ender
Loretta Smith,Peggy Sue Owens,,,,
Steph Routh,,,,,
Terrence Hayes,Noah Ernst,Joe Furi,Loretta Smith,Doug Clove,Write-in-120
Michael (Mike) Sands,Timur Ender,Thomas Shervey,Cayle Tern,David Linn,Joe Allen
Candace Avalos,Timur Ender,Cayle Tern,Jamie Dunphy,Deian Salazar,Steph Routh
Joe Allen,,,,,
Steph Routh,Terrence Hayes,Candace Avalos,Joe Furi,Doug Clove,Loretta Smith
Jamie Dunphy,,,,,
Steph Routh,Candace Avalos,Timur Ender,Jamie Dunphy,David Linn,Cayle Tern
Loretta Smith,Noah Ernst,Timur Ender,Terrence Hayes,David Linn,Candace Avalos
Loretta Smith,Jamie Dunphy,Timur Ender,David Linn,Terrence Hayes,Steph Routh
Candace Avalos,Steph Routh,Jamie Dunphy,Timur Ender,,
Candace Avalos,Timur Ender,Deian Salazar,Jamie Dunphy,Terrence Hayes,Steph Routh
Doug Clove,Joe Furi,Timur Ender,David Linn,Deian Salazar,Steph Routh
Doug Clove,Loretta Smith,,,,
Joe Allen,Noah Ernst,Joe Furi,Jamie Dunphy,Terrence Hayes,Loretta Smith
Loretta Smith,Steph Routh,Michael (Mike) Sands,Doug Clove,,
Jamie Dunphy,Candace Avalos,Cayle Tern,Timur Ender,,
Jamie Dunphy,Candace Avalos,Steph Routh,Noah Ernst,Timur Ender,Loretta Smith
Timur Ender,Noah Ernst,,,,
Jamie Dunphy,Terrence Hayes,Steph Routh,Candace Avalos,Timur Ender,Deian Salazar
Michael (Mike) Sands,,,,,
Timur Ender,Candace Avalos,Steph Routh,Jamie Dunphy,Loretta Smith,Cayle Tern
Loretta Smith,Jamie Dunphy,Steph Routh,Timur Ender,Candace Avalos,
Steph Routh,Timur Ender,Deian Salazar,Doug Clove,Loretta Smith,
Terrence Hayes,Loretta Smith,Noah Ernst,,,
Candace Avalos,Joe Furi,Thomas Shervey,Jamie Dunphy,Michael (Mike) Sands,
Doug Clove,Noah Ernst,Terrence Hayes,,,
Candace Avalos,Cayle Tern,Timur Ender,Terrence Hayes,Steph Routh,
Candace Avalos,Timur Ender,Steph Routh,Jamie Dunphy,,
Loretta Smith,,,,,
Thomas Shervey,Joe Allen,Loretta Smith,,,
Terrence Hayes,Noah Ernst,Loretta Smith,,,
Doug Clove,Loretta Smith,Jamie Dunphy,Steph Routh,Terrence Hayes,David Linn
Steph Routh,Loretta Smith,,,,
Candace Avalos,Cayle Tern,Steph Routh,,,
Noah Ernst,Doug Clove,David Linn,Deian Salazar,Steph Routh,Thomas Shervey
Peggy Sue Owens,,,,,
Candace Avalos,Steph Routh,,,,
Steph Routh,Candace Avalos,Jamie Dunphy,,,
Noah Ernst,Doug Clove,Thomas Shervey,Terrence Hayes,Jamie Dunphy,Joe Allen
Candace Avalos,Timur Ender,Steph Routh,,,
Loretta Smith,,,,,
Candace Avalos,Cayle Tern,Steph Routh,Timur Ender,Thomas Shervey,Jamie Dunphy
Loretta Smith,Steph Routh,Jamie Dunphy,,,
Noah Ernst,Steph Routh,Loretta Smith,Terrence Hayes,Michael (Mike) Sands,David Linn
Terrence Hayes,Loretta Smith,Doug Clove,Noah Ernst,Thomas Shervey,David Linn
Candace Avalos,Cayle Tern,Timur Ender,,,
Steph Routh,Candace Avalos,Timur Ender,Michael (Mike) Sands,,
Candace Avalos,Timur Ender,Steph Routh,Jamie Dunphy,Deian Salazar,Cayle Tern
Jamie Dunphy,Doug Clove,Timur Ender,,,
Steph Routh,Noah Ernst,Candace Avalos,Terrence Hayes,Jamie Dunphy,Loretta Smith
Steph Routh,Candace Avalos,Timur Ender,Jamie Dunphy,,
Jamie Dunphy,Candace Avalos,Doug Clove,Timur Ender,Steph Routh,
Steph Routh,Deian Salazar,,,,
Loretta Smith,,,,,
Peggy Sue Owens,Loretta Smith,Deian Salazar,Cayle Tern,Candace Avalos,Terrence Hayes
Noah Ernst,,,,,
Timur Ender,Steph Routh,Candace Avalos,Terrence Hayes,Loretta Smith,Deian Salazar
Terrence Hayes,,,,,
Terrence Hayes,Jamie Dunphy,Timur Ender,Candace Avalos,Loretta Smith,Thomas Shervey
Terrence Hayes,Noah Ernst,Loretta Smith,Michael (Mike) Sands,David Linn,Steph Routh
Candace Avalos,Timur Ender,Steph Routh,Loretta Smith,Jamie Dunphy,David Linn
Peggy Sue Owens,Loretta Smith,,,,
Noah Ernst,,,,,
Candace Avalos,Jamie Dunphy,,,,
Noah Ernst,,,,,
Peggy Sue Owens,Candace Avalos,,,,
Doug Clove,Noah Ernst,Joe Furi,,,
Michael (Mike) Sands,,,,,
Jamie Dunphy,Candace Avalos,Steph Routh,Noah Ernst,David Linn,
Timur Ender,,,,,
Candace Avalos,Timur Ender,Jamie Dunphy,Doug Clove,Steph Routh,David Linn
Jamie Dunphy,Steph Routh,David Linn,Terrence Hayes,Peggy Sue Owens,
Loretta Smith,Steph Routh,Terrence Hayes,Candace Avalos,Peggy Sue Owens,David Linn
Candace Avalos,Steph Routh,,,,
Candace Avalos,Steph Routh,Terrence Hayes,Timur Ender,Jamie Dunphy,Loretta Smith
Jamie Dunphy,Steph Routh,Terrence Hayes,Cayle Tern,Candace Avalos,Timur Ender
Deian Salazar,Loretta Smith,Terrence Hayes,Doug Clove,Noah Ernst,Joe Allen
Noah Ernst,Steph Routh,Timur Ender,Peggy Sue Owens,Thomas Shervey,Cayle Tern
Terrence Hayes,Joe Allen,Deian Salazar,Jamie Dunphy,Doug Clove,Timur Ender
Loretta Smith,Jamie Dunphy,Peggy Sue Owens,Joe Furi,Timur Ender,David Linn
Noah Ernst,,,,,
Peggy Sue Owens,Timur Ender,Doug Clove,Joe Allen,Steph Routh,Deian Salazar
Loretta Smith,Steph Routh,Timur Ender,Terrence Hayes,David Linn,
Timur Ender,Terrence Hayes,Loretta Smith,,,
Jamie Dunphy,Steph Routh,Candace Avalos,,,
Jamie Dunphy,,,,,
Loretta Smith,,,,,
Michael (Mike) Sands,Terrence Hayes,Joe Allen,Noah Ernst,Peggy Sue Owens,Timur Ender
Steph Routh,Jamie Dunphy,Timur Ender,Candace Avalos,,
Timur Ender,Candace Avalos,Loretta Smith,Jamie Dunphy,,
Cayle Tern,Peggy Sue Owens,Loretta Smith,Steph Routh,Joe Allen,
Candace Avalos,David Linn,Steph Routh,Jamie Dunphy,Timur Ender,Cayle Tern
Loretta Smith,Terrence Hayes,Deian Salazar,,,
Candace Avalos,,,,,
Peggy Sue Owens,David Linn,Michael (Mike) Sands,Jamie Dunphy,Loretta Smith,Joe Allen
Loretta Smith,Terrence Hayes,Michael (Mike) Sands,Steph Routh,Jamie Dunphy,Timur Ender
Doug Clove,Noah Ernst,Deian Salazar,Loretta Smith,Terrence Hayes,Steph Routh
Loretta Smith,,,,,
Loretta Smith,,,,,
Noah Ernst,,,,,
Noah Ernst,Doug Clove,Write-in-120,,,
Noah Ernst,Terrence Hayes,Joe Furi,Loretta Smith,Doug Clove,
Noah Ernst,Loretta Smith,,,,
Terrence Hayes,Loretta Smith,Timur Ender,Candace Avalos,Steph Routh,Peggy Sue Owens
Doug Clove,Deian Salazar,Terrence Hayes,Noah Ernst,Candace Avalos,David Linn
David Linn,Timur Ender,Joe Allen,Doug Clove,Noah Ernst,Michael (Mike) Sands
Timur Ender,Candace Avalos,Michael (Mike) Sands,Thomas Shervey,Terrence Hayes,Steph Routh
Doug Clove,Noah Ernst,Timur Ender,Thomas Shervey,Write-in-120,Write-in-121
Jamie Dunphy,Timur Ender,Steph Routh,Loretta Smith,Cayle Tern,Candace Avalos
Candace Avalos,Timur Ender,Steph Routh,,,
Jamie Dunphy,Terrence Hayes,Loretta Smith,Steph Routh,Cayle Tern,Candace Avalos
Timur Ender,Candace Avalos,Cayle Tern,Steph Routh,David Linn,Michael (Mike) Sands
Thomas Shervey,Michael (Mike) Sands,David Linn,Doug Clove,Noah Ernst,Timur Ender
Terrence Hayes,Loretta Smith,Noah Ernst,,,
Candace Avalos,David Linn,Noah Ernst,Peggy Sue Owens,Joe Furi,Loretta Smith
Doug Clove,,,,,
Jamie Dunphy,,,,,
Candace Avalos,Cayle Tern,Deian Salazar,Joe Furi,Steph Routh,Joe Allen
Jamie Dunphy,Steph Routh,Candace Avalos,,,
Terrence Hayes,Doug Clove,Steph Routh,,,
Noah Ernst,,,,,
Terrence Hayes,Noah Ernst,Loretta Smith,Steph Routh,Candace Avalos,Peggy Sue Owens
Candace Avalos,Steph Routh,Jamie Dunphy,Timur Ender,Cayle Tern,
Candace Avalos,Cayle Tern,Timur Ender,,,
Steph Routh,Jamie Dunphy,,,,
Timur Ender,Steph Routh,Cayle Tern,Noah Ernst,,
Noah Ernst,Terrence Hayes,,,,
Candace Avalos,Terrence Hayes,David Linn,,,
Jamie Dunphy,Candace Avalos,Cayle Tern,,,
Candace Avalos,Timur Ender,Cayle Tern,,,
David Linn,Loretta Smith,,,,
Terrence Hayes,Noah Ernst,Doug Clove,,,
Jamie Dunphy,Candace Avalos,Steph Routh,Timur Ender,Noah Ernst,David Linn
Candace Avalos,Cayle Tern,Jamie Dunphy,Timur Ender,,
Jamie Dunphy,,,,,
Loretta Smith,Terrence Hayes,Noah Ernst,Steph Routh,Timur Ender,
Joe Allen,David Linn,Michael (Mike) Sands,Loretta Smith,Thomas Shervey,Jamie Dunphy
Steph Routh,Candace Avalos,Jamie Dunphy,Timur Ender,Cayle Tern,
Candace Avalos,Michael (Mike) Sands,,,,
Deian Salazar,David Linn,Noah Ernst,Joe Furi,Terrence Hayes,Jamie Dunphy
Terrence Hayes,Timur Ender,Steph Routh,Jamie Dunphy,,
Terrence Hayes,Candace Avalos,,,,
Loretta Smith,Steph Routh,Terrence Hayes,Candace Avalos,Jamie Dunphy,Timur Ender
Steph Routh,Loretta Smith,Noah Ernst,Timur Ender,Jamie Dunphy,Candace Avalos
Doug Clove,Loretta Smith,Steph Routh,Joe Furi,Jamie Dunphy,Thomas Shervey
Michael (Mike) Sands,,,,,
Steph Routh,Terrence Hayes,Thomas Shervey,Loretta Smith,Deian Salazar,Michael (Mike) Sands
Doug Clove,Terrence Hayes,,,,
Terrence Hayes,Joe Allen,,,,
Loretta Smith,Candace Avalos,David Linn,Terrence Hayes,Steph Routh,Thomas Shervey
Candace Avalos,Steph Routh,Jamie Dunphy,,,
Loretta Smith,David Linn,Michael (Mike) Sands,Candace Avalos,Noah Ernst,
Michael (Mike) Sands,Loretta Smith,Noah Ernst,,,
Jamie Dunphy,Steph Routh,Candace Avalos,,,
Terrence Hayes,,,,,
Jamie Dunphy,Candace Avalos,Steph Routh,Noah Ernst,David Linn,Loretta Smith
Candace Avalos,Steph Routh,Jamie Dunphy,Timur Ender,Michael (Mike) Sands,Loretta Smith
Jamie Dunphy,Doug Clove,Michael (Mike) Sands,Joe Allen,Timur Ender,Thomas Shervey
Jamie Dunphy,Steph Routh,Candace Avalos,Timur Ender,Loretta Smith,Doug Clove
Loretta Smith,Steph Routh,Terrence Hayes,Timur Ender,Noah Ernst,David Linn
Michael (Mike) Sands,Loretta Smith,Candace Avalos,Peggy Sue Owens,Joe Allen,Thomas Shervey
Noah Ernst,Joe Allen,Cayle Tern,Joe Furi,Michael (Mike) Sands,Deian Salazar
Candace Avalos,Thomas Shervey,Timur Ender,Jamie Dunphy,Michael (Mike) Sands,Steph Routh
Candace Avalos,David Linn,,,,
Loretta Smith,,,,,
Deian Salazar,Steph Routh,Jamie Dunphy,Thomas Shervey,Joe Allen,Terrence Hayes
Timur Ender,Steph Routh,Candace Avalos,,,
Candace Avalos,Steph Routh,Timur Ender,David Linn,Cayle Tern,Loretta Smith
Terrence Hayes,Candace Avalos,Loretta Smith,Timur Ender,Deian Salazar,Cayle Tern
Loretta Smith,,,,,
,,,,,
Jamie Dunphy,Candace Avalos,Steph Routh,,,
Noah Ernst,Candace Avalos,Timur Ender,Steph Routh,Jamie Dunphy,Terrence Hayes
Deian Salazar,,,,,
Steph Routh,Timur Ender,Jamie Dunphy,Loretta Smith,,
Jamie Dunphy,Cayle Tern,,,,
Jamie Dunphy,Timur Ender,Steph Routh,Loretta Smith,Candace Avalos,
Loretta Smith,,,,,
Michael (Mike) Sands,Cayle Tern,Candace Avalos,Joe Furi,Steph Routh,Jamie Dunphy
Noah Ernst,Terrence Hayes,Loretta Smith,,,
Steph Routh,Jamie Dunphy,Loretta Smith,Candace Avalos,Cayle Tern,Deian Salazar
Candace Avalos,Loretta Smith,Cayle Tern,Steph Routh,Terrence Hayes,Timur Ender
Doug Clove,Noah Ernst,Loretta Smith,,,
Jamie Dunphy,Timur Ender,Steph Routh,,,
Terrence Hayes,Noah Ernst,Loretta Smith,Jamie Dunphy,,
Candace Avalos,Timur Ender,Cayle Tern,Jamie Dunphy,Steph Routh,
Loretta Smith,Terrence Hayes,Candace Avalos,Timur Ender,Joe Allen,Cayle Tern
Candace Avalos,Terrence Hayes,Steph Routh,,,
Jamie Dunphy,,,,,
Jamie Dunphy,Steph Routh,Candace Avalos,Deian Salazar,Noah Ernst,Michael (Mike) Sands
Candace Avalos,Jamie Dunphy,Steph Routh,,,
Doug Clove,Write-in-120,,,,
Jamie Dunphy,Steph Routh,Candace Avalos,Timur Ender,Loretta Smith,
Joe Furi,Candace Avalos,Timur Ender,,,
Jamie Dunphy,Thomas Shervey,Loretta Smith,Steph Routh,,
Jamie Dunphy,Timur Ender,Candace Avalos,Loretta Smith,,
Loretta Smith,,,,,
Loretta Smith,,,,,
Timur Ender,Candace Avalos,Steph Routh,Cayle Tern,Jamie Dunphy,David Linn
Jamie Dunphy,Candace Avalos,Steph Routh,David Linn,,
Terrence Hayes,Loretta Smith,Joe Allen,David Linn,Candace Avalos,Peggy Sue Owens
Candace Avalos,Steph Routh,Loretta Smith,,,
Loretta Smith,Deian Salazar,Noah Ernst,David Linn,,
Terrence Hayes,Loretta Smith,Candace Avalos,Cayle Tern,Joe Furi,Jamie Dunphy
Jamie Dunphy,Candace Avalos,Steph Routh,Noah Ernst,David Linn,Loretta Smith
Noah Ernst,,,,,
Doug Clove,Loretta Smith,,,,
Jamie Dunphy,Steph Routh,Candace Avalos,Timur Ender,Loretta Smith,
Steph Routh,Candace Avalos,Timur Ender,Loretta Smith,Jamie Dunphy,Cayle Tern
Thomas Shervey,Doug Clove,David Linn,Peggy Sue Owens,,
Candace Avalos,Steph Routh,,,,
Joe Allen,Doug Clove,Joe Furi,Deian Salazar,Terrence Hayes,Candace Avalos
Terrence Hayes,,,,,
Jamie Dunphy,Candace Avalos,Steph Routh,,,
Terrence Hayes,,,,,
Peggy Sue Owens,David Linn,Terrence Hayes,,,
Noah Ernst,David Linn,Candace Avalos,Peggy Sue Owens,Thomas Shervey,Timur Ender
David Linn,Cayle Tern,Loretta Smith,Steph Routh,Timur Ender,Terrence Hayes
Loretta Smith,,,,,
Jamie Dunphy,Thomas Shervey,Doug Clove,Deian Salazar,David Linn,Joe Furi
Candace Avalos,Deian Salazar,Loretta Smith,Terrence Hayes,Doug Clove,Timur Ender
Timur Ender,Jamie Dunphy,Candace Avalos,,,
Steph Routh,Candace Avalos,Loretta Smith,Terrence Hayes,Jamie Dunphy,Timur Ender
Michael (Mike) Sands,,,,,
Candace Avalos,Steph Routh,Timur Ender,Jamie Dunphy,,
Timur Ender,Candace Avalos,Steph Routh,Jamie Dunphy,Cayle Tern,
Thomas Shervey,Peggy Sue Owens,David Linn,Michael (Mike) Sands,Loretta Smith,Deian Salazar
Candace Avalos,David Linn,Loretta Smith,,,
Thomas Shervey,Terrence Hayes,Noah Ernst,Candace Avalos,Cayle Tern,Deian Salazar
Jamie Dunphy,Noah Ernst,Steph Routh,Terrence Hayes,,
Jamie Dunphy,Timur Ender,Steph Routh,David Linn,Candace Avalos,
Jamie Dunphy,Candace Avalos,Timur Ender,Loretta Smith,,
Loretta Smith,Terrence Hayes,Candace Avalos,Noah Ernst,Steph Routh,Jamie Dunphy
Michael (Mike) Sands,Loretta Smith,Candace Avalos,Steph Routh,David Linn,Cayle Tern
Terrence Hayes,Noah Ernst,David Linn,Doug Clove,,
Jamie Dunphy,,,,,
Peggy Sue Owens,Timur Ender,Noah Ernst,Candace Avalos,Joe Allen,David Linn
Jamie Dunphy,Noah Ernst,Timur Ender,Candace Avalos,Steph Routh,
Jamie Dunphy,,,,,
,,,,,
Jamie Dunphy,Candace Avalos,Steph Routh,Loretta Smith,,
Loretta Smith,,,,,
Candace Avalos,Cayle Tern,Timur Ender,Jamie Dunphy,Steph Routh,David Linn
Steph Routh,Candace Avalos,Noah Ernst,,,
Steph Routh,Timur Ender,Jamie Dunphy,,,
Timur Ender,Michael (Mike) Sands,Terrence Hayes,Candace Avalos,,
Timur Ender,Steph Routh,Noah Ernst,Loretta Smith,,
Doug Clove,Joe Allen,Deian Salazar,Thomas Shervey,Steph Routh,
Jamie Dunphy,Candace Avalos,Steph Routh,Noah Ernst,David Linn,Loretta Smith
Timur Ender,,,,,
Jamie Dunphy,Joe Allen,Peggy Sue Owens,Loretta Smith,Steph Routh,Doug Clove
Loretta Smith,Terrence Hayes,,,,
Candace Avalos,Timur Ender,Cayle Tern,Jamie Dunphy,Steph Routh,David Linn
Steph Routh,Timur Ender,Jamie Dunphy,Candace Avalos,Cayle Tern,David Linn
Michael (Mike) Sands,Jamie Dunphy,Steph Routh,Cayle Tern,Timur Ender,Thomas Shervey
Timur Ender,,,,,
Jamie Dunphy,,,,,
Terrence Hayes,Noah Ernst,Doug Clove,Jamie Dunphy,Joe Furi,Cayle Tern
Noah Ernst,Terrence Hayes,Loretta Smith,,,
Loretta Smith,Candace Avalos,Michael (Mike) Sands,Steph Routh,Jamie Dunphy,Doug Clove
Jamie Dunphy,Candace Avalos,Steph Routh,Noah Ernst,David Linn,Loretta Smith
Jamie Dunphy,Candace Avalos,Steph Routh,,,
Candace Avalos,Cayle Tern,Timur Ender,,,
Loretta Smith,Terrence Hayes,,,,
Peggy Sue Owens,,,,,
Loretta Smith,,,,,
,,,,,
Noah Ernst,Terrence Hayes,Candace Avalos,Steph Routh,David Linn,Joe Furi
Terrence Hayes,Loretta Smith,Peggy Sue Owens,Cayle Tern,Write-in-120,Deian Salazar
,,,,,
Candace Avalos,Timur Ender,Steph Routh,Cayle Tern,Jamie Dunphy,David Linn
Jamie Dunphy,Candace Avalos,Steph Routh,Timur Ender,Cayle Tern,
Loretta Smith,Candace Avalos,Jamie Dunphy,Timur Ender,Steph Routh,David Linn
Loretta Smith,Timur Ender,David Linn,Terrence Hayes,Jamie Dunphy,
Noah Ernst,Joe Furi,Deian Salazar,Doug Clove,Steph Routh,
Candace Avalos,Cayle Tern,Timur Ender,,,
Candace Avalos,Steph Routh,Timur Ender,Jamie Dunphy,Cayle Tern,David Linn
Joe Allen,David Linn,Michael (Mike) Sands,,,
Candace Avalos,Michael (Mike) Sands,Steph Routh,Loretta Smith,Timur Ender,Cayle Tern
Steph Routh,Timur Ender,Loretta Smith,Joe Furi,Terrence Hayes,Jamie Dunphy
Jamie Dunphy,Steph Routh,Candace Avalos,Timur Ender,Loretta Smith,David Linn
Terrence Hayes,Peggy Sue Owens,Jamie Dunphy,Michael (Mike) Sands,Joe Allen,Noah Ernst
Terrence Hayes,Thomas Shervey,Peggy Sue Owens,Cayle Tern,Loretta Smith,Steph Routh
Candace Avalos,Steph Routh,Jamie Dunphy,,,
Joe Furi,David Linn,Terrence Hayes,Noah Ernst,Steph Routh,Cayle Tern
Timur Ender,Candace Avalos,David Linn,Cayle Tern,Steph Routh,Jamie Dunphy
Timur Ender,Candace Avalos,Loretta Smith,,,
Candace Avalos,Steph Routh,Timur Ender,Jamie Dunphy,,
Jamie Dunphy,Candace Avalos,Timur Ender,Steph Routh,,
Candace Avalos,Steph Routh,Jamie Dunphy,Timur Ender,Cayle Tern,
Steph Routh,Terrence Hayes,Loretta Smith,David Linn,Noah Ernst,Jamie Dunphy
Noah Ernst,Deian Salazar,Doug Clove,Joe Furi,Terrence Hayes,Loretta Smith
Candace Avalos,Timur Ender,Steph Routh,Jamie Dunphy,,
Deian Salazar,Candace Avalos,Loretta Smith,Terrence Hayes,Noah Ernst,Jamie Dunphy
Jamie Dunphy,Thomas Shervey,Joe Furi,,,
Steph Routh,Candace Avalos,Jamie Dunphy,Timur Ender,David Linn,Thomas Shervey
Peggy Sue Owens,Doug Clove,Loretta Smith,David Linn,Joe Furi,Jamie Dunphy
Noah Ernst,Joe Allen,Doug Clove,Terrence Hayes,,
Loretta Smith,Jamie Dunphy,Terrence Hayes,,,
Loretta Smith,Terrence Hayes,,,,
Loretta Smith,Candace Avalos,Terrence Hayes,Doug Clove,Peggy Sue Owens,David Linn
Candace Avalos,Timur Ender,Terrence Hayes,Steph Routh,,
Steph Routh,Thomas Shervey,Terrence Hayes,Doug Clove,Deian Salazar,Michael (Mike) Sands
Loretta Smith,Steph Routh,,,,
Loretta Smith,Jamie Dunphy,Steph Routh,Noah Ernst,Terrence Hayes,David Linn
Terrence Hayes,Deian Salazar,Noah Ernst,,,
Terrence Hayes,David Linn,Cayle Tern,,,
Jamie Dunphy,Candace Avalos,Cayle Tern,,,
Noah Ernst,Terrence Hayes,David Linn,Doug Clove,,
David Linn,Deian Salazar,Doug Clove,Joe Allen,Candace Avalos,Steph Routh
Jamie Dunphy,Steph Routh,Doug Clove,Joe Allen,Candace Avalos,Thomas Shervey
Candace Avalos,Peggy Sue Owens,Deian Salazar,Jamie Dunphy,Doug Clove,David Linn
Loretta Smith,Peggy Sue Owens,Candace Avalos,Cayle Tern,Jamie Dunphy,Joe Allen
Steph Routh,Jamie Dunphy,Terrence Hayes,,,
Thomas Shervey,,,,,
Terrence Hayes,Loretta Smith,Doug Clove,Joe Allen,Peggy Sue Owens,Jamie Dunphy
Timur Ender,Terrence Hayes,Steph Routh,,,
Terrence Hayes,,,,,
Timur Ender,Michael (Mike) Sands,Candace Avalos,,,
Timur Ender,Steph Routh,Candace Avalos,Loretta Smith,,
Noah Ernst,Terrence Hayes,Timur Ender,Candace Avalos,Joe Furi,Deian Salazar
Loretta Smith,Deian Salazar,Cayle Tern,David Linn,Peggy Sue Owens,Timur Ender
Timur Ender,Jamie Dunphy,Candace Avalos,Cayle Tern,Steph Routh,
Jamie Dunphy,Timur Ender,,,,
Noah Ernst,Joe Allen,Joe Furi,David Linn,,
Cayle Tern,Timur Ender,Doug Clove,Steph Routh,Terrence Hayes,Thomas Shervey
Jamie Dunphy,Steph Routh,Terrence Hayes,Deian Salazar,Candace Avalos,Timur Ender
Noah Ernst,Terrence Hayes,Candace Avalos,Joe Furi,David Linn,Thomas Shervey
Doug Clove,,,,,
Loretta Smith,,,,,
Doug Clove,,,,,
,,,,,
Steph Routh,Timur Ender,Candace Avalos,Jamie Dunphy,Terrence Hayes,
Steph Routh,Candace Avalos,Timur Ender,Jamie Dunphy,Cayle Tern,
Terrence Hayes,Timur Ender,Steph Routh,Jamie Dunphy,,
Terrence Hayes,Noah Ernst,Candace Avalos,,,
Terrence Hayes,Timur Ender,Deian Salazar,Loretta Smith,Candace Avalos,Cayle Tern
Candace Avalos,Timur Ender,Loretta Smith,Steph Routh,Jamie Dunphy,Deian Salazar
Jamie Dunphy,Steph Routh,Timur Ender,Candace Avalos,Noah Ernst,Loretta Smith
Timur Ender,Loretta Smith,Steph Routh,,,
Candace Avalos,Cayle Tern,Timur Ender,,,
Steph Routh,,,,,
Cayle Tern,Steph Routh,Jamie Dunphy,Candace Avalos,David Linn,Noah Ernst
Candace Avalos,Steph Routh,Jamie Dunphy,,,
Candace Avalos,Jamie Dunphy,Steph Routh,,,
Thomas Shervey,Michael (Mike) Sands,Doug Clove,Noah Ernst,,
Joe Furi,Deian Salazar,Doug Clove,,,
Jamie Dunphy,Candace Avalos,Steph Routh,Noah Ernst,David Linn,Loretta Smith
Jamie Dunphy,Loretta Smith,Candace Avalos,,,
Terrence Hayes,Loretta Smith,,,,
Terrence Hayes,Loretta Smith,David Linn,Steph Routh,Candace Avalos,Noah Ernst
Loretta Smith,Peggy Sue Owens,Joe Allen,Thomas Shervey,Cayle Tern,
Jamie Dunphy,,,,,
,,,,,
Steph Routh,Peggy Sue Owens,Cayle Tern,Loretta Smith,Candace Avalos,Joe Furi
Cayle Tern,Candace Avalos,Jamie Dunphy,Michael (Mike) Sands,Timur Ender,Steph Routh
Candace Avalos,Loretta Smith,Noah Ernst,Cayle Tern,Doug Clove,
,,,,,
Steph Routh,Timur Ender,Loretta Smith,,,
Terrence Hayes,Steph Routh,Deian Salazar,,,
Joe Furi,David Linn,Doug Clove,,,
Steph Routh,Candace Avalos,Timur Ender,,,
Noah Ernst,,,,,
Timur Ender,Candace Avalos,Thomas Shervey,Joe Allen,Terrence Hayes,Jamie Dunphy
Steph Routh,Candace Avalos,Terrence Hayes,Loretta Smith,Timur Ender,Jamie Dunphy
Steph Routh,Candace Avalos,,,,
Candace Avalos,Terrence Hayes,David Linn,Jamie Dunphy,Loretta Smith,Joe Furi
Candace Avalos,Loretta Smith,,,,
Candace Avalos,Timur Ender,Cayle Tern,Steph Routh,Jamie Dunphy,David Linn
Loretta Smith,Steph Routh,,,,
Jamie Dunphy,,,,,
Loretta Smith,Timur Ender,Candace Avalos,Steph Routh,Jamie Dunphy,Terrence Hayes
Timur Ender,Steph Routh,Candace Avalos,Jamie Dunphy,Doug Clove,Loretta Smith
Terrence Hayes,Noah Ernst,Candace Avalos,,,
Loretta Smith,Noah Ernst,Terrence Hayes,Steph Routh,Timur Ender,Michael (Mike) Sands
Timur Ender,Candace Avalos,Jamie Dunphy,Loretta Smith,Steph Routh,Cayle Tern
Candace Avalos,Steph Routh,Timur Ender,Cayle Tern,,
Steph Routh,Loretta Smith,Candace Avalos,David Linn,Timur Ender,Jamie Dunphy
Timur Ender,Noah Ernst,Candace Avalos,Cayle Tern,Loretta Smith,Terrence Hayes
Steph Routh,Candace Avalos,Loretta Smith,Jamie Dunphy,Timur Ender,Noah Ernst
Candace Avalos,Peggy Sue Owens,Deian Salazar,Loretta Smith,Steph Routh,Joe Furi
Steph Routh,Timur Ender,Candace Avalos,Jamie Dunphy,Terrence Hayes,Loretta Smith
Joe Allen,Thomas Shervey,Doug Clove,Terrence Hayes,David Linn,Candace Avalos
Candace Avalos,Jamie Dunphy,Steph Routh,Timur Ender,,
Candace Avalos,,,,,
Noah Ernst,Steph Routh,Loretta Smith,Terrence Hayes,,
Steph Routh,Candace Avalos,Timur Ender,Jamie Dunphy,,
Deian Salazar,Terrence Hayes,Jamie Dunphy,Noah Ernst,Cayle Tern,Thomas Shervey
Timur Ender,Candace Avalos,David Linn,Cayle Tern,Jamie Dunphy,Steph Routh
Doug Clove,Timur Ender,Noah Ernst,,,
Timur Ender,Terrence Hayes,Joe Allen,Candace Avalos,Steph Routh,Michael (Mike) Sands
Noah Ernst,Doug Clove,Terrence Hayes,,,
Jamie Dunphy,Candace Avalos,Steph Routh,,,
Jamie Dunphy,Doug Clove,Timur Ender,Cayle Tern,Joe Allen,Loretta Smith
Loretta Smith,Timur Ender,Jamie Dunphy,,,
Timur Ender,Cayle Tern,Candace Avalos,,,
Jamie Dunphy,Steph Routh,Doug Clove,David Linn,,
Doug Clove,,,,,
Terrence Hayes,Noah Ernst,Loretta Smith,,,
Jamie Dunphy,,,,,
Steph Routh,Loretta Smith,Joe Allen,Peggy Sue Owens,Michael (Mike) Sands,Candace Avalos
Loretta Smith,David Linn,Candace Avalos,Terrence Hayes,Jamie Dunphy,Deian Salazar
Loretta Smith,Candace Avalos,Terrence Hayes,Cayle Tern,Timur Ender,
David Linn,,,,,
Jamie Dunphy,Joe Allen,Loretta Smith,Terrence Hayes,David Linn,Noah Ernst
Timur Ender,Deian Salazar,Michael (Mike) Sands,Jamie Dunphy,Terrence Hayes,Thomas Shervey
Noah Ernst,Loretta Smith,Jamie Dunphy,Candace Avalos,Steph Routh,David Linn
Timur Ender,Candace Avalos,David Linn,Loretta Smith,Terrence Hayes,Steph Routh
Loretta Smith,Noah Ernst,Joe Allen,Joe Furi,Michael (Mike) Sands,Peggy Sue Owens
Terrence Hayes,Loretta Smith,Steph Routh,,,
David Linn,Loretta Smith,Deian Salazar,Joe Allen,Michael (Mike) Sands,Terrence Hayes
Loretta Smith,Candace Avalos,Steph Routh,Timur Ender,,
Jamie Dunphy,Candace Avalos,Steph Routh,Noah Ernst,David Linn,Loretta Smith
Noah Ernst,Terrence Hayes,Joe Furi,Loretta Smith,Doug Clove,Write-in-120
Candace Avalos,Steph Routh,Jamie Dunphy,Cayle Tern,Timur Ender,Michael (Mike) Sands
Candace Avalos,Cayle Tern,Michael (Mike) Sands,Loretta Smith,Terrence Hayes,Jamie Dunphy
Jamie Dunphy,,,,,
Noah Ernst,Terrence Hayes,Jamie Dunphy,Loretta Smith,Steph Routh,
Candace Avalos,Terrence Hayes,David Linn,,,
Terrence Hayes,,,,,
Cayle Tern,Candace Avalos,Loretta Smith,Terrence Hayes,Timur Ender,Jamie Dunphy
Candace Avalos,Loretta Smith,Timur Ender,Steph Routh,Jamie Dunphy,
Joe Allen,Timur Ender,Noah Ernst,Candace Avalos,Doug Clove,David Linn
Loretta Smith,Steph Routh,Candace Avalos,Michael (Mike) Sands,Terrence Hayes,David Linn
Terrence Hayes,Jamie Dunphy,Loretta Smith,,,
Loretta Smith,Thomas Shervey,Terrence Hayes,Steph Routh,Jamie Dunphy,Deian Salazar
Candace Avalos,Loretta Smith,Joe Allen,Steph Routh,David Linn,Michael (Mike) Sands
Jamie Dunphy,Loretta Smith,Joe Furi,,,
Joe Allen,Michael (Mike) Sands,Jamie Dunphy,David Linn,Loretta Smith,Terrence Hayes
Candace Avalos,Cayle Tern,Timur Ender,David Linn,Terrence Hayes,
Jamie Dunphy,,,,,
Loretta Smith,Jamie Dunphy,Terrence Hayes,Doug Clove,Deian Salazar,Candace Avalos
Jamie Dunphy,Candace Avalos,Steph Routh,Noah Ernst,David Linn,Loretta Smith
Timur Ender,,,,,
Cayle Tern,Timur Ender,Doug Clove,Steph Routh,Terrence Hayes,Thomas Shervey
Candace Avalos,Jamie Dunphy,Timur Ender,Steph Routh,Cayle Tern,
Write-in-120,Doug Clove,,,,
Loretta Smith,Joe Furi,Candace Avalos,Peggy Sue Owens,Jamie Dunphy,Noah Ernst
Steph Routh,Loretta Smith,Timur Ender,Candace Avalos,Terrence Hayes,Jamie Dunphy
Timur Ender,,,,,
Terrence Hayes,Jamie Dunphy,Cayle Tern,Noah Ernst,Peggy Sue Owens,Doug Clove
Doug Clove,,,,,
Terrence Hayes,Noah Ernst,Joe Allen,,,
Candace Avalos,Terrence Hayes,Noah Ernst,Deian Salazar,Loretta Smith,Joe Furi
Timur Ender,Candace Avalos,Peggy Sue Owens,Joe Furi,,
Noah Ernst,Joe Furi,Michael (Mike) Sands,,,
David Linn,Joe Allen,Cayle Tern,Noah Ernst,Jamie Dunphy,Loretta Smith
Candace Avalos,Steph Routh,Timur Ender,Loretta Smith,Terrence Hayes,Jamie Dunphy
Steph Routh,Timur Ender,,,,
Candace Avalos,Cayle Tern,Steph Routh,Terrence Hayes,,
Steph Routh,Candace Avalos,Timur Ender,,,
Steph Routh,Candace Avalos,Terrence Hayes,,,
Candace Avalos,David Linn,Timur Ender,,,
Candace Avalos,Cayle Tern,Steph Routh,Doug Clove,David Linn,Joe Furi
Doug Clove,Candace Avalos,Terrence Hayes,Timur Ender,Deian Salazar,Loretta Smith
Steph Routh,,,,,
Write-in-120,Write-in-121,Write-in-122,Candace Avalos,Steph Routh,Timur Ender
Write-in-120,,,,,
Michael (Mike) Sands,Peggy Sue Owens,Noah Ernst,Thomas Shervey,Terrence Hayes,Joe Allen
Loretta Smith,,,,,
Terrence Hayes,Noah Ernst,Candace Avalos,Steph Routh,,
Terrence Hayes,Loretta Smith,Jamie Dunphy,Noah Ernst,Cayle Tern,
Timur Ender,Joe Furi,Loretta Smith,Thomas Shervey,Steph Routh,Terrence Hayes
Joe Allen,Deian Salazar,Timur Ender,Steph Routh,Doug Clove,Jamie Dunphy
David Linn,Joe Allen,Peggy Sue Owens,Timur Ender,Noah Ernst,Doug Clove
Jamie Dunphy,Terrence Hayes,Steph Routh,,,
Terrence Hayes,Timur Ender,Steph Routh,Candace Avalos,David Linn,Jamie Dunphy
Peggy Sue Owens,Timur Ender,Noah Ernst,,,
Candace Avalos,Cayle Tern,Jamie Dunphy,Timur Ender,David Linn,Steph Routh
Jamie Dunphy,Steph Routh,Candace Avalos,,,
Terrence Hayes,David Linn,,,,
Jamie Dunphy,Candace Avalos,Steph Routh,,,
Steph Routh,Terrence Hayes,Michael (Mike) Sands,Loretta Smith,,
Candace Avalos,Michael (Mike) Sands,Steph Routh,Jamie Dunphy,Timur Ender,David Linn
Candace Avalos,,,,,
Noah Ernst,Candace Avalos,,,,
Steph Routh,Candace Avalos,Jamie Dunphy,Timur Ender,,
Steph Routh,Timur Ender,Loretta Smith,Candace Avalos,Jamie Dunphy,Cayle Tern
Doug Clove,,,,,
Candace Avalos,Terrence Hayes,Steph Routh,,,
Loretta Smith,Michael (Mike) Sands,,,,
Michael (Mike) Sands,Terrence Hayes,,,,
Deian Salazar,Doug Clove,Joe Furi,Candace Avalos,David Linn,Steph Routh
Timur Ender,Noah Ernst,Candace Avalos,Jamie Dunphy,Terrence Hayes,Steph Routh
Loretta Smith,Terrence Hayes,Noah Ernst,Steph Routh,Timur Ender,Candace Avalos
Loretta Smith,Terrence Hayes,,,,
Candace Avalos,Timur Ender,Cayle Tern,Joe Allen,Terrence Hayes,Steph Routh
Jamie Dunphy,Joe Allen,Timur Ender,Noah Ernst,David Linn,Joe Furi
,,,,,
Candace Avalos,Steph Routh,Timur Ender,Jamie Dunphy,,
David Linn,Doug Clove,Jamie Dunphy,,,
Candace Avalos,Steph Routh,Timur Ender,,,
Timur Ender,Steph Routh,Loretta Smith,,,
Loretta Smith,Timur Ender,Terrence Hayes,,,
Doug Clove,David Linn,Joe Allen,Terrence Hayes,Deian Salazar,Thomas Shervey
Cayle Tern,Joe Furi,Deian Salazar,Loretta Smith,,
Jamie Dunphy,Candace Avalos,Steph Routh,,,
Steph Routh,David Linn,Michael (Mike) Sands,,,
Jamie Dunphy,Candace Avalos,Timur Ender,Noah Ernst,,
Peggy Sue Owens,Noah Ernst,Candace Avalos,Deian Salazar,Steph Routh,Terrence Hayes
Candace Avalos,Steph Routh,Terrence Hayes,,,
Jamie Dunphy,Steph Routh,Terrence Hayes,,,
Noah Ernst,,,,,
Terrence Hayes,Thomas Shervey,Loretta Smith,Deian Salazar,Michael (Mike) Sands,Joe Furi
Peggy Sue Owens,Candace Avalos,Deian Salazar,Loretta Smith,Joe Allen,Noah Ernst
Doug Clove,Jamie Dunphy,Joe Allen,,,
Noah Ernst,Terrence Hayes,Joe Furi,Loretta Smith,Doug Clove,
Candace Avalos,Jamie Dunphy,Steph Routh,,,
Steph Routh,Candace Avalos,Timur Ender,David Linn,Cayle Tern,Jamie Dunphy
Doug Clove,Deian Salazar,,,,
Michael (Mike) Sands,Joe Allen,Timur Ender,Doug Clove,Jamie Dunphy,Noah Ernst
Loretta Smith,Joe Allen,Candace Avalos,Terrence Hayes,Noah Ernst,Steph Routh
Steph Routh,Jamie Dunphy,,,,
Terrence Hayes,Noah Ernst,Doug Clove,,,
Terrence Hayes,Candace Avalos,Peggy Sue Owens,Loretta Smith,Cayle Tern,Timur Ender
Candace Avalos,Cayle Tern,Steph Routh,Loretta Smith,,
David Linn,Noah Ernst,Timur Ender,,,
Steph Routh,Candace Avalos,Jamie Dunphy,,,
Loretta Smith,Terrence Hayes,Michael (Mike) Sands,,,
Candace Avalos,Jamie Dunphy,Steph Routh,Timur Ender,David Linn,Loretta Smith
Loretta Smith,Jamie Dunphy,Terrence Hayes,Candace Avalos,Peggy Sue Owens,David Linn
Jamie Dunphy,Deian Salazar,Candace Avalos,Cayle Tern,Michael (Mike) Sands,Steph Routh
Terrence Hayes,Loretta Smith,Doug Clove,Joe Allen,Peggy Sue Owens,Jamie Dunphy
,,,,,
Loretta Smith,Steph Routh,Timur Ender,Terrence Hayes,Candace Avalos,Joe Allen
Timur Ender,Noah Ernst,Peggy Sue Owens,Michael (Mike) Sands,Jamie Dunphy,Write-in-122
Loretta Smith,Terrence Hayes,,,,
Terrence Hayes,Loretta Smith,Candace Avalos,,,
Jamie Dunphy,Candace Avalos,Steph Routh,,,
Thomas Shervey,Jamie Dunphy,Steph Routh,,,
Doug Clove,Noah Ernst,,,,
Candace Avalos,Timur Ender,Steph Routh,Cayle Tern,Jamie Dunphy,
Loretta Smith,,,,,
Loretta Smith,Steph Routh,Jamie Dunphy,Joe Furi,Timur Ender,Michael (Mike) Sands
Noah Ernst,Terrence Hayes,Loretta Smith,,,
Loretta Smith,,,,,
Timur Ender,Jamie Dunphy,Loretta Smith,,,
Candace Avalos,Terrence Hayes,Steph Routh,,,
Loretta Smith,David Linn,Candace Avalos,Deian Salazar,Peggy Sue Owens,Jamie Dunphy
Noah Ernst,Terrence Hayes,Loretta Smith,,,
Noah Ernst,David Linn,Michael (Mike) Sands,Terrence Hayes,Thomas Shervey,Jamie Dunphy
Joe Furi,Deian Salazar,David Linn,,,
Timur Ender,Steph Routh,Jamie Dunphy,,,
Loretta Smith,,,,,
Loretta Smith,Doug Clove,Jamie Dunphy,,,
Loretta Smith,Candace Avalos,Joe Furi,Joe Allen,Doug Clove,Deian Salazar
Terrence Hayes,Noah Ernst,Doug Clove,,,
David Linn,Doug Clove,Candace Avalos,Peggy Sue Owens,Joe Furi,Timur Ender
Loretta Smith,Terrence Hayes,,,,
Candace Avalos,,,,,
Loretta Smith,Timur Ender,,,,
Loretta Smith,Candace Avalos,Doug Clove,Peggy Sue Owens,Cayle Tern,Terrence Hayes
Candace Avalos,Cayle Tern,Timur Ender,Jamie Dunphy,Steph Routh,
Candace Avalos,,,,,
Peggy Sue Owens,Candace Avalos,Loretta Smith,,,
Loretta Smith,,,,,
Timur Ender,,,,,
Timur Ender,Candace Avalos,Cayle Tern,Loretta Smith,Jamie Dunphy,Steph Routh
Terrence Hayes,,,,,
Terrence Hayes,Thomas Shervey,Doug Clove,Candace Avalos,David Linn,Deian Salazar
Noah Ernst,,,,,
Candace Avalos,Cayle Tern,Timur Ender,,,
Steph Routh,Doug Clove,Timur Ender,Joe Allen,,
Peggy Sue Owens,Deian Salazar,Terrence Hayes,Loretta Smith,Jamie Dunphy,Noah Ernst
Peggy Sue Owens,Steph Routh,Deian Salazar,Cayle Tern,Joe Allen,Loretta Smith
Candace Avalos,Cayle Tern,Timur Ender,Deian Salazar,Terrence Hayes,
Joe Furi,Joe Allen,Jamie Dunphy,David Linn,Noah Ernst,Peggy Sue Owens
Candace Avalos,Steph Routh,Timur Ender,,,
Candace Avalos,Loretta Smith,Terrence Hayes,David Linn,Timur Ender,Jamie Dunphy
Steph Routh,Terrence Hayes,Loretta Smith,Timur Ender,Michael (Mike) Sands,Jamie Dunphy
Noah Ernst,David Linn,Doug Clove,Joe Furi,Joe Allen,Michael (Mike) Sands
Jamie Dunphy,Steph Routh,Candace Avalos,,,
Steph Routh,Timur Ender,Jamie Dunphy,Candace Avalos,,
Timur Ender,Cayle Tern,Joe Furi,Candace Avalos,,
Loretta Smith,Steph Routh,Terrence Hayes,Candace Avalos,Cayle Tern,Deian Salazar
Candace Avalos,Steph Routh,Jamie Dunphy,Timur Ender,Cayle Tern,David Linn
Candace Avalos,Timur Ender,Steph Routh,,,
Loretta Smith,Terrence Hayes,Candace Avalos,David Linn,Joe Furi,Noah Ernst
Steph Routh,Terrence Hayes,Candace Avalos,Loretta Smith,,
Loretta Smith,Cayle Tern,Noah Ernst,Michael (Mike) Sands,Terrence Hayes,David Linn
Peggy Sue Owens,Timur Ender,Noah Ernst,Candace Avalos,Joe Allen,David Linn
Terrence Hayes,Loretta Smith,Steph Routh,,,
Candace Avalos,Timur Ender,Steph Routh,Jamie Dunphy,,
Loretta Smith,Timur Ender,Jamie Dunphy,,,
Candace Avalos,David Linn,Jamie Dunphy,,,
Candace Avalos,Cayle Tern,Timur Ender,Steph Routh,,
Jamie Dunphy,Joe Allen,Michael (Mike) Sands,Noah Ernst,Doug Clove,
Loretta Smith,Steph Routh,Jamie Dunphy,Cayle Tern,Michael (Mike) Sands,Peggy Sue Owens
Candace Avalos,Jamie Dunphy,Steph Routh,Timur Ender,Cayle Tern,Loretta Smith
Jamie Dunphy,Candace Avalos,Steph Routh,Noah Ernst,David Linn,Loretta Smith
David Linn,,,,,
Candace Avalos,Jamie Dunphy,,,,
Doug Clove,Michael (Mike) Sands,,,,
Terrence Hayes,,,,,
Loretta Smith,,,,,
Michael (Mike) Sands,Cayle Tern,Timur Ender,Steph Routh,Loretta Smith,
Deian Salazar,Noah Ernst,Joe Allen,Terrence Hayes,Doug Clove,
Loretta Smith,Terrence Hayes,David Linn,Jamie Dunphy,Timur Ender,Steph Routh
Jamie Dunphy,Noah Ernst,Joe Allen,Thomas Shervey,Terrence Hayes,Timur Ender
Candace Avalos,Cayle Tern,Timur Ender,Peggy Sue Owens,Steph Routh,Loretta Smith
Peggy Sue Owens,Noah Ernst,Joe Furi,Thomas Shervey,Joe Allen,Steph Routh
Jamie Dunphy,Candace Avalos,Timur Ender,,,
Terrence Hayes,Noah Ernst,Candace Avalos,Cayle Tern,Deian Salazar,Joe Allen
Jamie Dunphy,Steph Routh,Noah Ernst,,,
Loretta Smith,Jamie Dunphy,Doug Clove,David Linn,Candace Avalos,Deian Salazar
Noah Ernst,Joe Allen,Doug Clove,Terrence Hayes,David Linn,Steph Routh
Terrence Hayes,Candace Avalos,Steph Routh,,,
Candace Avalos,Cayle Tern,Timur Ender,,,
Timur Ender,Candace Avalos,,,,
Thomas Shervey,,,,,
Joe Allen,Candace Avalos,Terrence Hayes,Noah Ernst,Jamie Dunphy,
Steph Routh,Loretta Smith,Timur Ender,Jamie Dunphy,Michael (Mike) Sands,Terrence Hayes
Noah Ernst,,,,,
Candace Avalos,Timur Ender,Steph Routh,Jamie Dunphy,Joe Furi,Michael (Mike) Sands
Candace Avalos,Timur Ender,Steph Routh,Cayle Tern,Jamie Dunphy,David Linn
Doug Clove,Deian Salazar,Joe Allen,Noah Ernst,Cayle Tern,Candace Avalos
Noah Ernst,Doug Clove,Jamie Dunphy,,,
Candace Avalos,Timur Ender,Steph Routh,Jamie Dunphy,,
Cayle Tern,Steph Routh,Michael (Mike) Sands,Candace Avalos,Thomas Shervey,Timur Ender
Candace Avalos,Steph Routh,,,,
Jamie Dunphy,Loretta Smith,Candace Avalos,,,
Noah Ernst,Joe Furi,Deian Salazar,,,
Candace Avalos,Steph Routh,Timur Ender,,,
Loretta Smith,Steph Routh,Terrence Hayes,Doug Clove,Michael (Mike) Sands,Candace Avalos
Peggy Sue Owens,Timur Ender,Noah Ernst,Candace Avalos,Joe Allen,David Linn
Jamie Dunphy,Timur Ender,Peggy Sue Owens,Noah Ernst,Candace Avalos,Joe Allen
Candace Avalos,Cayle Tern,Timur Ender,,,
Noah Ernst,Joe Allen,,,,
Terrence Hayes,Noah Ernst,Loretta Smith,Steph Routh,Timur Ender,
Candace Avalos,Joe Allen,Michael (Mike) Sands,Deian Salazar,Loretta Smith,Steph Routh
Candace Avalos,Cayle Tern,Steph Routh,Doug Clove,David Linn,Joe Furi
Timur Ender,Terrence Hayes,Jamie Dunphy,,,
Steph Routh,Cayle Tern,Candace Avalos,Timur Ender,Joe Furi,
Loretta Smith,Joe Allen,,,,
Deian Salazar,Terrence Hayes,Joe Furi,,,
Terrence Hayes,Noah Ernst,Joe Furi,Loretta Smith,Doug Clove,Write-in-120
Loretta Smith,Terrence Hayes,Timur Ender,,,
Joe Allen,Deian Salazar,Loretta Smith,Terrence Hayes,Joe Furi,
Loretta Smith,,,,,
Noah Ernst,Joe Allen,Doug Clove,,,
Jamie Dunphy,Terrence Hayes,,,,
Deian Salazar,Doug Clove,,,,
Timur Ender,Steph Routh,Jamie Dunphy,Terrence Hayes,,
Loretta Smith,Terrence Hayes,Candace Avalos,Jamie Dunphy,Steph Routh,
Candace Avalos,Loretta Smith,Steph Routh,Jamie Dunphy,Timur Ender,Write-in-120
Jamie Dunphy,Candace Avalos,Steph Routh,Noah Ernst,David Linn,Loretta Smith
Loretta Smith,,,,,
Noah Ernst,Timur Ender,Cayle Tern,Candace Avalos,Doug Clove,Joe Allen
Terrence Hayes,Deian Salazar,Jamie Dunphy,,,
Steph Routh,Candace Avalos,,,,
Cayle Tern,Candace Avalos,Terrence Hayes,Loretta Smith,,
Deian Salazar,Noah Ernst,,,,
Timur Ender,Loretta Smith,Candace Avalos,,,
Terrence Hayes,Noah Ernst,Michael (Mike) Sands,Steph Routh,David Linn,Timur Ender
Doug Clove,Terrence Hayes,Loretta Smith,Noah Ernst,Candace Avalos,
Noah Ernst,Terrence Hayes,,,,
Steph Routh,Loretta Smith,,,,
Joe Allen,Joe Furi,Peggy Sue Owens,Cayle Tern,Candace Avalos,Michael (Mike) Sands
Deian Salazar,,,,,
Timur Ender,Candace Avalos,Steph Routh,Terrence Hayes,Cayle Tern,
Candace Avalos,Terrence Hayes,Steph Routh,Jamie Dunphy,Timur Ender,Loretta Smith
Candace Avalos,Timur Ender,Steph Routh,Loretta Smith,,
Candace Avalos,Timur Ender,Write-in-120,,,
Candace Avalos,Timur Ender,Steph Routh,Jamie Dunphy,,
Jamie Dunphy,Timur Ender,Steph Routh,,,
Noah Ernst,,,,,
Loretta Smith,Candace Avalos,Steph Routh,,,
Jamie Dunphy,Loretta Smith,Thomas Shervey,David Linn,Noah Ernst,
Candace Avalos,Cayle Tern,Jamie Dunphy,,,
Candace Avalos,Timur Ender,Steph Routh,Cayle Tern,,
Jamie Dunphy,,,,,
Noah Ernst,Terrence Hayes,,,,
Jamie Dunphy,Candace Avalos,Steph Routh,,,
,,,,,
Noah Ernst,Doug Clove,Loretta Smith,Joe Allen,David Linn,Deian Salazar
Noah Ernst,Doug Clove,Steph Routh,Terrence Hayes,Jamie Dunphy,Thomas Shervey
Timur Ender,Michael (Mike) Sands,Loretta Smith,Jamie Dunphy,Steph Routh,Cayle Tern
Peggy Sue Owens,Noah Ernst,Doug Clove,Deian Salazar,Jamie Dunphy,Timur Ender
Steph Routh,Timur Ender,,,,
Terrence Hayes,,,,,
Terrence Hayes,Loretta Smith,,,,
Candace Avalos,Timur Ender,Steph Routh,,,
Doug Clove,,,,,
Loretta Smith,Steph Routh,Candace Avalos,Timur Ender,,
Candace Avalos,Cayle Tern,Steph Routh,Jamie Dunphy,Timur Ender,
Loretta Smith,Terrence Hayes,Noah Ernst,,,
Jamie Dunphy,Candace Avalos,Steph Routh,David Linn,,
Noah Ernst,Terrence Hayes,,,,
Timur Ender,David Linn,Terrence Hayes,Doug Clove,,
Candace Avalos,Timur Ender,Steph Routh,Cayle Tern,Jamie Dunphy,David Linn
Timur Ender,Candace Avalos,Deian Salazar,Thomas Shervey,,
Jamie Dunphy,Candace Avalos,Steph Routh,Noah Ernst,David Linn,Loretta Smith
Loretta Smith,Steph Routh,David Linn,Timur Ender,Joe Furi,Doug Clove
Loretta Smith,Steph Routh,Candace Avalos,Timur Ender,Deian Salazar,Terrence Hayes
Terrence Hayes,,,,,
Joe Allen,,,,,
Steph Routh,Doug Clove,Terrence Hayes,Jamie Dunphy,Loretta Smith,Candace Avalos
Doug Clove,Joe Allen,David Linn,Thomas Shervey,Jamie Dunphy,Noah Ernst
Timur Ender,Candace Avalos,Cayle Tern,Joe Furi,David Linn,Steph Routh
Noah Ernst,Doug Clove,Joe Allen,,,
Doug Clove,Noah Ernst,Joe Allen,,,
Jamie Dunphy,Candace Avalos,Steph Routh,Noah Ernst,David Linn,Loretta Smith
Jamie Dunphy,Candace Avalos,Loretta Smith,,,
Terrence Hayes,Joe Allen,,,,
Terrence Hayes,Candace Avalos,Noah Ernst,Joe Furi,Timur Ender,Cayle Tern
Jamie Dunphy,Candace Avalos,Noah Ernst,Joe Allen,Cayle Tern,Doug Clove
Steph Routh,Candace Avalos,Jamie Dunphy,Terrence Hayes,,
Terrence Hayes,Timur Ender,David Linn,,,
Steph Routh,Candace Avalos,Timur Ender,David Linn,Jamie Dunphy,Cayle Tern
Candace Avalos,Timur Ender,Steph Routh,Jamie Dunphy,,
Terrence Hayes,Candace Avalos,Cayle Tern,,,
Timur Ender,Noah Ernst,Candace Avalos,Terrence Hayes,,
Doug Clove,Terrence Hayes,Loretta Smith,,,
Noah Ernst,Doug Clove,Joe Furi,,,
Timur Ender,Steph Routh,Jamie Dunphy,Candace Avalos,Cayle Tern,
Loretta Smith,Terrence Hayes,Candace Avalos,,,
Noah Ernst,Joe Allen,David Linn,Joe Furi,Michael (Mike) Sands,Doug Clove
Steph Routh,Loretta Smith,Timur Ender,,,
Peggy Sue Owens,Loretta Smith,Candace Avalos,,,
Cayle Tern,David Linn,Candace Avalos,Peggy Sue Owens,Deian Salazar,Loretta Smith
Jamie Dunphy,Steph Routh,Timur Ender,Candace Avalos,David Linn,Loretta Smith
Doug Clove,,,,,
Doug Clove,Joe Furi,,,,
Loretta Smith,Steph Routh,Michael (Mike) Sands,Candace Avalos,Cayle Tern,Timur Ender
Peggy Sue Owens,Candace Avalos,Michael (Mike) Sands,Loretta Smith,Joe Allen,Cayle Tern
Noah Ernst,Terrence Hayes,Joe Furi,Loretta Smith,Doug Clove,
Timur Ender,Loretta Smith,David Linn,Cayle Tern,Deian Salazar,Steph Routh
Terrence Hayes,Steph Routh,Thomas Shervey,,,
Jamie Dunphy,Noah Ernst,Loretta Smith,Steph Routh,Timur Ender,Candace Avalos
Terrence Hayes,Candace Avalos,Loretta Smith,Deian Salazar,Steph Routh,Peggy Sue Owens
Timur Ender,,,,,
Terrence Hayes,Michael (Mike) Sands,,,,
Loretta Smith,,,,,
Timur Ender,Steph Routh,Loretta Smith,Jamie Dunphy,Doug Clove,Michael (Mike) Sands
Jamie Dunphy,Candace Avalos,Steph Routh,,,
Noah Ernst,Doug Clove,Terrence Hayes,Joe Furi,,
Jamie Dunphy,Candace Avalos,Steph Routh,Timur Ender,,
Loretta Smith,Noah Ernst,Terrence Hayes,Peggy Sue Owens,,
Candace Avalos,Joe Furi,Timur Ender,Noah Ernst,Doug Clove,Michael (Mike) Sands
Candace Avalos,Steph Routh,Loretta Smith,Terrence Hayes,Jamie Dunphy,
Candace Avalos,Deian Salazar,,,,
Loretta Smith,Jamie Dunphy,,,,
Terrence Hayes,Jamie Dunphy,Candace Avalos,Noah Ernst,David Linn,Loretta Smith
Terrence Hayes,Loretta Smith,Jamie Dunphy,Candace Avalos,Cayle Tern,
Michael (Mike) Sands,Candace Avalos,Steph Routh,Timur Ender,Cayle Tern,Thomas Shervey
Jamie Dunphy,Noah Ernst,Timur Ender,,,
Jamie Dunphy,Candace Avalos,Steph Routh,Noah Ernst,David Linn,Loretta Smith
Doug Clove,,,,,
Candace Avalos,,,,,
Steph Routh,Candace Avalos,Doug Clove,,,
Jamie Dunphy,Candace Avalos,Noah Ernst,Timur Ender,Loretta Smith,David Linn
Steph Routh,Timur Ender,Cayle Tern,Noah Ernst,Candace Avalos,Deian Salazar
Loretta Smith,Peggy Sue Owens,Terrence Hayes,Steph Routh,Joe Allen,Candace Avalos
Terrence Hayes,Steph Routh,Doug Clove,David Linn,Timur Ender,Jamie Dunphy
Jamie Dunphy,Candace Avalos,Steph Routh,Noah Ernst,David Linn,Loretta Smith
Peggy Sue Owens,Cayle Tern,Candace Avalos,Loretta Smith,Deian Salazar,
Steph Routh,Candace Avalos,Jamie Dunphy,Deian Salazar,Timur Ender,David Linn
Steph Routh,Jamie Dunphy,Terrence Hayes,Candace Avalos,Loretta Smith,Deian Salazar
Steph Routh,Terrence Hayes,,,,
Loretta Smith,Terrence Hayes,Candace Avalos,Noah Ernst,Steph Routh,Peggy Sue Owens
Candace Avalos,Steph Routh,Jamie Dunphy,Loretta Smith,Timur Ender,
Terrence Hayes,Noah Ernst,Timur Ender,Joe Furi,David Linn,Loretta Smith
Jamie Dunphy,Candace Avalos,Steph Routh,Noah Ernst,David Linn,
Candace Avalos,Timur Ender,Cayle Tern,,,
Jamie Dunphy,Timur Ender,Noah Ernst,Cayle Tern,,
Peggy Sue Owens,Loretta Smith,Jamie Dunphy,Cayle Tern,Candace Avalos,
Timur Ender,Candace Avalos,Steph Routh,Thomas Shervey,David Linn,Jamie Dunphy
David Linn,Doug Clove,Joe Allen,Cayle Tern,Timur Ender,Peggy Sue Owens
Loretta Smith,Steph Routh,Jamie Dunphy,,,
Candace Avalos,Timur Ender,Jamie Dunphy,Steph Routh,Cayle Tern,Loretta Smith
Terrence Hayes,Noah Ernst,Joe Furi,Loretta Smith,Doug Clove,Write-in-120
Terrence Hayes,Jamie Dunphy,Timur Ender,Joe Allen,Steph Routh,Loretta Smith
Noah Ernst,,,,,
Terrence Hayes,Noah Ernst,Candace Avalos,Loretta Smith,Steph Routh,Timur Ender
Timur Ender,Cayle Tern,Doug Clove,Steph Routh,Terrence Hayes,Thomas Shervey
Candace Avalos,Michael (Mike) Sands,,,,
Loretta Smith,Doug Clove,Michael (Mike) Sands,Thomas Shervey,David Linn,Candace Avalos
Loretta Smith,Jamie Dunphy,Candace Avalos,Steph Routh,Timur Ender,Doug Clove
Candace Avalos,Steph Routh,Timur Ender,Jamie Dunphy,,
Loretta Smith,Doug Clove,Terrence Hayes,,,
Peggy Sue Owens,Noah Ernst,Joe Allen,,,
Noah Ernst,,,,,
Noah Ernst,Terrence Hayes,Joe Furi,Loretta Smith,Doug Clove,
,,,,,
Jamie Dunphy,Steph Routh,Candace Avalos,Cayle Tern,Timur Ender,David Linn
Joe Allen,David Linn,Loretta Smith,Jamie Dunphy,Michael (Mike) Sands,Peggy Sue Owens
,,,,,
Terrence Hayes,Timur Ender,Noah Ernst,Steph Routh,Deian Salazar,
Candace Avalos,Timur Ender,Jamie Dunphy,Steph Routh,Cayle Tern,David Linn
Terrence Hayes,Noah Ernst,Joe Furi,Loretta Smith,Doug Clove,Write-in-120
Doug Clove,Terrence Hayes,David Linn,,,
Timur Ender,David Linn,Noah Ernst,Michael (Mike) Sands,Cayle Tern,Deian Salazar
Doug Clove,,,,,
Noah Ernst,Doug Clove,Terrence Hayes,Loretta Smith,,
Doug Clove,David Linn,Joe Allen,,,
Steph Routh,Timur Ender,Candace Avalos,Loretta Smith,Jamie Dunphy,Michael (Mike) Sands
Candace Avalos,Steph Routh,Timur Ender,Jamie Dunphy,,
Doug Clove,Loretta Smith,Steph Routh,Jamie Dunphy,David Linn,Joe Allen
Jamie Dunphy,Candace Avalos,Steph Routh,Noah Ernst,David Linn,Loretta Smith
Timur Ender,Terrence Hayes,Jamie Dunphy,,,
Timur Ender,Candace Avalos,Jamie Dunphy,,,
Loretta Smith,Peggy Sue Owens,Noah Ernst,Terrence Hayes,Cayle Tern,Doug Clove
Noah Ernst,,,,,
Candace Avalos,Loretta Smith,Jamie Dunphy,Peggy Sue Owens,Noah Ernst,Cayle Tern
Jamie Dunphy,Doug Clove,Michael (Mike) Sands,Candace Avalos,Noah Ernst,Timur Ender
Steph Routh,Candace Avalos,Jamie Dunphy,Timur Ender,,
Jamie Dunphy,Timur Ender,,,,
Doug Clove,David Linn,Noah Ernst,Michael (Mike) Sands,,
Jamie Dunphy,Candace Avalos,Steph Routh,,,
Candace Avalos,Deian Salazar,Loretta Smith,,,
Steph Routh,Candace Avalos,Jamie Dunphy,,,
Candace Avalos,Steph Routh,,,,
Candace Avalos,David Linn,Noah Ernst,Deian Salazar,Steph Routh,Jamie Dunphy
Loretta Smith,Terrence Hayes,Candace Avalos,,,
Terrence Hayes,,,,,
Timur Ender,Deian Salazar,Steph Routh,Loretta Smith,Jamie Dunphy,Candace Avalos
Candace Avalos,Steph Routh,Jamie Dunphy,,,
Noah Ernst,Jamie Dunphy,Thomas Shervey,Deian Salazar,Doug Clove,Cayle Tern
Noah Ernst,,,,,
Terrence Hayes,Timur Ender,David Linn,Doug Clove,Thomas Shervey,Steph Routh
Candace Avalos,Steph Routh,Cayle Tern,Terrence Hayes,Timur Ender,Doug Clove
,,,,,
Candace Avalos,Cayle Tern,Timur Ender,Jamie Dunphy,David Linn,Steph Routh
Candace Avalos,Timur Ender,Steph Routh,,,
Joe Allen,Deian Salazar,,,,
Terrence Hayes,,,,,
Terrence Hayes,Steph Routh,Deian Salazar,Loretta Smith,Candace Avalos,Timur Ender
Terrence Hayes,Michael (Mike) Sands,Peggy Sue Owens,,,
Loretta Smith,,,,,
Candace Avalos,Timur Ender,Steph Routh,Jamie Dunphy,,
Joe Allen,Loretta Smith,Terrence Hayes,,,
Candace Avalos,,,,,
Candace Avalos,Cayle Tern,David Linn,Joe Furi,Terrence Hayes,Loretta Smith
Jamie Dunphy,,,,,
Candace Avalos,,,,,
Jamie Dunphy,Steph Routh,Candace Avalos,Loretta Smith,,
Timur Ender,Loretta Smith,,,,
Loretta Smith,Jamie Dunphy,Deian Salazar,David Linn,Joe Allen,Candace Avalos
Candace Avalos,Deian Salazar,Terrence Hayes,Peggy Sue Owens,David Linn,Loretta Smith
Loretta Smith,Noah Ernst,,,,
Loretta Smith,Doug Clove,Joe Allen,Peggy Sue Owens,Deian Salazar,Terrence Hayes
Terrence Hayes,Jamie Dunphy,Steph Routh,,,
Candace Avalos,Jamie Dunphy,Steph Routh,Timur Ender,Cayle Tern,
David Linn,Terrence Hayes,Noah Ernst,Doug Clove,Joe Allen,Loretta Smith
Steph Routh,Terrence Hayes,Jamie Dunphy,Loretta Smith,Candace Avalos,Joe Allen
Cayle Tern,Candace Avalos,Jamie Dunphy,Steph Routh,Joe Furi,Timur Ender
Loretta Smith,Steph Routh,Timur Ender,Jamie Dunphy,,
Jamie Dunphy,Candace Avalos,Steph Routh,,,
Terrence Hayes,Thomas Shervey,Loretta Smith,Deian Salazar,Michael (Mike) Sands,Joe Furi
Deian Salazar,Cayle Tern,Candace Avalos,Peggy Sue Owens,Timur Ender,Steph Routh
Terrence Hayes,Noah Ernst,Doug Clove,,,
Loretta Smith,,,,,
Candace Avalos,Noah Ernst,Terrence Hayes,Loretta Smith,Timur Ender,Steph Routh
Loretta Smith,Terrence Hayes,Noah Ernst,,,
Doug Clove,,,,,
Timur Ender,Loretta Smith,Steph Routh,,,
Jamie Dunphy,Candace Avalos,Steph Routh,Noah Ernst,David Linn,Loretta Smith
Terrence Hayes,Jamie Dunphy,Doug Clove,,,
Candace Avalos,David Linn,Steph Routh,Terrence Hayes,Jamie Dunphy,Thomas Shervey
Terrence Hayes,Loretta Smith,Timur Ender,David Linn,Steph Routh,Jamie Dunphy
Noah Ernst,Doug Clove,Joe Allen,,,
Terrence Hayes,Noah Ernst,Joe Furi,Loretta Smith,Doug Clove,Write-in-120
Cayle Tern,Candace Avalos,Timur Ender,Steph Routh,,
Candace Avalos,Joe Allen,Cayle Tern,Terrence Hayes,Loretta Smith,Timur Ender
Noah Ernst,Jamie Dunphy,Doug Clove,Joe Furi,Terrence Hayes,
Candace Avalos,Loretta Smith,,,,
Steph Routh,Jamie Dunphy,,,,
Terrence Hayes,Michael (Mike) Sands,Candace Avalos,Joe Furi,,
Candace Avalos,Jamie Dunphy,Steph Routh,,,
Thomas Shervey,Michael (Mike) Sands,Timur Ender,Doug Clove,Cayle Tern,Joe Furi
Candace Avalos,,,,,
Noah Ernst,Jamie Dunphy,Loretta Smith,Candace Avalos,Michael (Mike) Sands,Timur Ender
Deian Salazar,,,,,
Jamie Dunphy,Timur Ender,Candace Avalos,Cayle Tern,Steph Routh,
Steph Routh,Candace Avalos,Loretta Smith,Terrence Hayes,,
Timur Ender,Candace Avalos,Steph Routh,,,
Timur Ender,Jamie Dunphy,Steph Routh,Candace Avalos,Cayle Tern,Terrence Hayes
Thomas Shervey,Steph Routh,,,,
Timur Ender,Terrence Hayes,Steph Routh,Candace Avalos,Jamie Dunphy,David Linn
Jamie Dunphy,Candace Avalos,Steph Routh,,,
Steph Routh,Candace Avalos,Jamie Dunphy,Timur Ender,,
Candace Avalos,Steph Routh,Timur Ender,Jamie Dunphy,,
Noah Ernst,Jamie Dunphy,Candace Avalos,Steph Routh,,
Loretta Smith,Steph Routh,Terrence Hayes,,,
Jamie Dunphy,Candace Avalos,Steph Routh,Noah Ernst,David Linn,Loretta Smith
Loretta Smith,Peggy Sue Owens,Doug Clove,Joe Furi,Timur Ender,Steph Routh
Noah Ernst,Terrence Hayes,Joe Furi,Loretta Smith,Doug Clove,
,,,,,
Steph Routh,Jamie Dunphy,Loretta Smith,,,
Peggy Sue Owens,Candace Avalos,Loretta Smith,Cayle Tern,Steph Routh,Doug Clove
Candace Avalos,Cayle Tern,Joe Furi,Timur Ender,,
David Linn,Steph Routh,Candace Avalos,Timur Ender,Michael (Mike) Sands,Doug Clove
Candace Avalos,Cayle Tern,Timur Ender,,,
Timur Ender,David Linn,Joe Furi,Thomas Shervey,Terrence Hayes,Jamie Dunphy
Steph Routh,Terrence Hayes,Noah Ernst,Doug Clove,Deian Salazar,Thomas Shervey
Timur Ender,Steph Routh,Candace Avalos,Jamie Dunphy,,
Terrence Hayes,Jamie Dunphy,Timur Ender,Thomas Shervey,Noah Ernst,Steph Routh
Joe Allen,Deian Salazar,Timur Ender,Terrence Hayes,Doug Clove,Steph Routh
Loretta Smith,Terrence Hayes,Steph Routh,,,
Steph Routh,Candace Avalos,Timur Ender,Jamie Dunphy,,
Terrence Hayes,Joe Allen,Thomas Shervey,,,
Terrence Hayes,Joe Furi,Jamie Dunphy,Write-in-120,,
Peggy Sue Owens,Timur Ender,Noah Ernst,Candace Avalos,Joe Allen,David Linn
Jamie Dunphy,Candace Avalos,Steph Routh,Noah Ernst,Joe Allen,Loretta Smith
Terrence Hayes,Candace Avalos,Deian Salazar,Loretta Smith,Jamie Dunphy,David Linn
Jamie Dunphy,Candace Avalos,,,,
,,,,,
David Linn,Noah Ernst,Cayle Tern,Deian Salazar,Steph Routh,Candace Avalos
Jamie Dunphy,Candace Avalos,Steph Routh,,,
Terrence Hayes,Noah Ernst,Joe Furi,Loretta Smith,Doug Clove,
Terrence Hayes,Steph Routh,Candace Avalos,Jamie Dunphy,Noah Ernst,
Candace Avalos,Jamie Dunphy,Cayle Tern,Timur Ender,Steph Routh,Loretta Smith
Loretta Smith,Timur Ender,Candace Avalos,Steph Routh,Jamie Dunphy,Terrence Hayes
Terrence Hayes,Noah Ernst,Doug Clove,,,
Steph Routh,,,,,
Candace Avalos,Steph Routh,,,,
Jamie Dunphy,Candace Avalos,Steph Routh,Noah Ernst,David Linn,Loretta Smith
Loretta Smith,Candace Avalos,Steph Routh,Timur Ender,Jamie Dunphy,Cayle Tern
Timur Ender,Candace Avalos,Cayle Tern,Steph Routh,Jamie Dunphy,David Linn
Candace Avalos,Loretta Smith,Terrence Hayes,Joe Allen,Steph Routh,Peggy Sue Owens
Steph Routh,Loretta Smith,Candace Avalos,,,
Loretta Smith,Terrence Hayes,Timur Ender,David Linn,Michael (Mike) Sands,Steph Routh
Timur Ender,Terrence Hayes,Candace Avalos,Steph Routh,Jamie Dunphy,
Candace Avalos,Steph Routh,Jamie Dunphy,Timur Ender,,
Loretta Smith,Joe Allen,Terrence Hayes,,,
Terrence Hayes,Noah Ernst,Candace Avalos,Steph Routh,,
Noah Ernst,Terrence Hayes,Loretta Smith,Michael (Mike) Sands,,
Candace Avalos,,,,,
Jamie Dunphy,Candace Avalos,Loretta Smith,Timur Ender,Joe Allen,Doug Clove
Candace Avalos,Jamie Dunphy,Cayle Tern,,,
Candace Avalos,Steph Routh,Timur Ender,Jamie Dunphy,,
Candace Avalos,David Linn,Cayle Tern,,,
Loretta Smith,Candace Avalos,Terrence Hayes,,,
Steph Routh,Candace Avalos,Jamie Dunphy,,,
Steph Routh,Deian Salazar,,,,
Deian Salazar,Terrence Hayes,Joe Furi,Doug Clove,Loretta Smith,Write-in-120
Candace Avalos,Loretta Smith,Jamie Dunphy,Terrence Hayes,Timur Ender,Steph Routh
Candace Avalos,Timur Ender,Cayle Tern,Deian Salazar,,
Candace Avalos,Timur Ender,Steph Routh,Jamie Dunphy,Cayle Tern,David Linn
Timur Ender,Jamie Dunphy,,,,
Candace Avalos,Jamie Dunphy,Timur Ender,Terrence Hayes,Steph Routh,Loretta Smith
Doug Clove,Loretta Smith,Jamie Dunphy,Steph Routh,Terrence Hayes,David Linn
Candace Avalos,Jamie Dunphy,Timur Ender,,,
Noah Ernst,Doug Clove,Deian Salazar,Loretta Smith,Terrence Hayes,Jamie Dunphy
Candace Avalos,Steph Routh,Terrence Hayes,Timur Ender,Jamie Dunphy,
Terrence Hayes,Loretta Smith,Steph Routh,Timur Ender,Candace Avalos,Noah Ernst
Timur Ender,Loretta Smith,Jamie Dunphy,Terrence Hayes,Steph Routh,
Loretta Smith,Doug Clove,,,,
Noah Ernst,David Linn,Doug Clove,Michael (Mike) Sands,Thomas Shervey,Jamie Dunphy
Noah Ernst,Loretta Smith,David Linn,Timur Ender,Peggy Sue Owens,Joe Allen
Doug Clove,Deian Salazar,,,,
Loretta Smith,Terrence Hayes,Joe Allen,Michael (Mike) Sands,Jamie Dunphy,Candace Avalos
Joe Allen,Deian Salazar,Timur Ender,Terrence Hayes,Doug Clove,Steph Routh
Deian Salazar,Doug Clove,Jamie Dunphy,Steph Routh,,
Doug Clove,Noah Ernst,Joe Allen,Deian Salazar,Terrence Hayes,Loretta Smith
Joe Allen,Terrence Hayes,Joe Furi,,,
Candace Avalos,Peggy Sue Owens,Noah Ernst,Jamie Dunphy,Doug Clove,Michael (Mike) Sands
Terrence Hayes,Candace Avalos,Loretta Smith,Timur Ender,Steph Routh,Peggy Sue Owens
David Linn,Peggy Sue Owens,Deian Salazar,Loretta Smith,Cayle Tern,Write-in-120
Loretta Smith,David Linn,Cayle Tern,Timur Ender,Michael (Mike) Sands,Candace Avalos
Doug Clove,Noah Ernst,Terrence Hayes,Candace Avalos,Cayle Tern,Timur Ender
Noah Ernst,,,,,
Steph Routh,Terrence Hayes,Timur Ender,David Linn,Candace Avalos,Jamie Dunphy
Candace Avalos,Cayle Tern,Doug Clove,Jamie Dunphy,Timur Ender,Terrence Hayes
Noah Ernst,Michael (Mike) Sands,,,,
Candace Avalos,Joe Allen,David Linn,Noah Ernst,Timur Ender,Peggy Sue Owens
Jamie Dunphy,Candace Avalos,Steph Routh,,,
Candace Avalos,Steph Routh,Jamie Dunphy,,,
Candace Avalos,Terrence Hayes,David Linn,,,
Terrence Hayes,,,,,
Terrence Hayes,Steph Routh,Timur Ender,Thomas Shervey,Candace Avalos,Deian Salazar
Joe Furi,Noah Ernst,,,,
Steph Routh,Candace Avalos,Cayle Tern,Timur Ender,David Linn,Jamie Dunphy
Terrence Hayes,Noah Ernst,Loretta Smith,,,
Terrence Hayes,Joe Allen,,,,
Loretta Smith,Terrence Hayes,Noah Ernst,Candace Avalos,Jamie Dunphy,Peggy Sue Owens
Doug Clove,,,,,
Steph Routh,Jamie Dunphy,Timur Ender,,,
Candace Avalos,Cayle Tern,Timur Ender,,,
Michael (Mike) Sands,Deian Salazar,Doug Clove,Candace Avalos,Loretta Smith,
Loretta Smith,,,,,
Loretta Smith,Timur Ender,David Linn,Cayle Tern,Terrence Hayes,Steph Routh
Steph Routh,Loretta Smith,Timur Ender,Candace Avalos,Terrence Hayes,Doug Clove
Noah Ernst,Loretta Smith,Thomas Shervey,,,
Candace Avalos,Timur Ender,Steph Routh,Michael (Mike) Sands,Cayle Tern,
Jamie Dunphy,Loretta Smith,Doug Clove,Joe Allen,Peggy Sue Owens,Timur Ender
Michael (Mike) Sands,Timur Ender,Cayle Tern,Candace Avalos,,
Cayle Tern,,,,,
Jamie Dunphy,Candace Avalos,Cayle Tern,Thomas Shervey,Deian Salazar,Michael (Mike) Sands
Candace Avalos,,,,,
Timur Ender,,,,,
Candace Avalos,Steph Routh,Timur Ender,Jamie Dunphy,Loretta Smith,Terrence Hayes
Candace Avalos,Steph Routh,Timur Ender,Jamie Dunphy,,
Terrence Hayes,Noah Ernst,Doug Clove,Loretta Smith,,
Jamie Dunphy,Candace Avalos,,,,
Loretta Smith,,,,,
Noah Ernst,Michael (Mike) Sands,Terrence Hayes,Steph Routh,Jamie Dunphy,
Noah Ernst,,,,,
Jamie Dunphy,,,,,
Joe Furi,Cayle Tern,Deian Salazar,Thomas Shervey,David Linn,
Candace Avalos,Noah Ernst,Cayle Tern,Terrence Hayes,Joe Allen,Steph Routh
Joe Furi,,,,,
Candace Avalos,Joe Furi,Cayle Tern,Loretta Smith,Jamie Dunphy,Peggy Sue Owens
Noah Ernst,,,,,
Candace Avalos,Timur Ender,Joe Allen,Michael (Mike) Sands,Terrence Hayes,Steph Routh
Candace Avalos,Timur Ender,Terrence Hayes,,,
Noah Ernst,Jamie Dunphy,Timur Ender,Candace Avalos,Terrence Hayes,Steph Routh
Deian Salazar,Loretta Smith,Doug Clove,Terrence Hayes,Jamie Dunphy,Candace Avalos
Candace Avalos,Noah Ernst,David Linn,Joe Allen,Doug Clove,Michael (Mike) Sands
Candace Avalos,Cayle Tern,Timur Ender,,,
Jamie Dunphy,Deian Salazar,,,,
Terrence Hayes,Thomas Shervey,,,,
Candace Avalos,Timur Ender,Cayle Tern,,,
Noah Ernst,Loretta Smith,Terrence Hayes,Deian Salazar,,
Deian Salazar,Steph Routh,Terrence Hayes,,,
Steph Routh,,,,,
Terrence Hayes,Noah Ernst,Doug Clove,,,
Candace Avalos,Jamie Dunphy,Cayle Tern,Steph Routh,,
Steph Routh,Thomas Shervey,Terrence Hayes,Candace Avalos,Joe Allen,David Linn
Timur Ender,Loretta Smith,Candace Avalos,David Linn,Terrence Hayes,Steph Routh
Candace Avalos,Peggy Sue Owens,Cayle Tern,Deian Salazar,Jamie Dunphy,Loretta Smith
Noah Ernst,Terrence Hayes,Joe Furi,Loretta Smith,Doug Clove,
Peggy Sue Owens,Candace Avalos,David Linn,Loretta Smith,Jamie Dunphy,
Steph Routh,Terrence Hayes,Loretta Smith,Candace Avalos,David Linn,Deian Salazar
Loretta Smith,David Linn,,,,
Candace Avalos,Steph Routh,Jamie Dunphy,,,
Timur Ender,Candace Avalos,Loretta Smith,Steph Routh,Jamie Dunphy,Michael (Mike) Sands
Candace Avalos,Loretta Smith,Steph Routh,Jamie Dunphy,Timur Ender,Noah Ernst
Jamie Dunphy,Candace Avalos,Steph Routh,Timur Ender,David Linn,Loretta Smith
Loretta Smith,Steph Routh,,,,
Timur Ender,Candace Avalos,Deian Salazar,,,
Terrence Hayes,Noah Ernst,Joe Furi,Loretta Smith,Doug Clove,Write-in-120
Candace Avalos,Cayle Tern,Timur Ender,,,
Timur Ender,,,,,
Noah Ernst,,,,,
Loretta Smith,,,,,
Candace Avalos,Timur Ender,Loretta Smith,Terrence Hayes,Jamie Dunphy,Steph Routh
Steph Routh,Loretta Smith,Doug Clove,Joe Furi,Noah Ernst,
Timur Ender,Candace Avalos,Joe Furi,David Linn,Cayle Tern,Loretta Smith
Steph Routh,,,,,
Candace Avalos,Terrence Hayes,Timur Ender,Steph Routh,Jamie Dunphy,Cayle Tern
David Linn,Loretta Smith,Joe Allen,Terrence Hayes,Steph Routh,Jamie Dunphy
Candace Avalos,,,,,
Steph Routh,,,,,
Terrence Hayes,Noah Ernst,,,,
Steph Routh,Deian Salazar,,,,
Loretta Smith,Cayle Tern,Deian Salazar,Joe Furi,Candace Avalos,
Loretta Smith,Steph Routh,Jamie Dunphy,Doug Clove,David Linn,Timur Ender
Steph Routh,,,,,
Terrence Hayes,,,,,
Loretta Smith,Steph Routh,,,,
Candace Avalos,Cayle Tern,David Linn,,,
Steph Routh,Jamie Dunphy,Loretta Smith,Joe Allen,Terrence Hayes,David Linn
Steph Routh,Candace Avalos,Timur Ender,Loretta Smith,Jamie Dunphy,Terrence Hayes
Timur Ender,Terrence Hayes,Joe Allen,,,
David Linn,Peggy Sue Owens,Doug Clove,Terrence Hayes,Jamie Dunphy,Steph Routh
Steph Routh,,,,,
Noah Ernst,Terrence Hayes,Deian Salazar,Candace Avalos,Jamie Dunphy,Timur Ender
Jamie Dunphy,Candace Avalos,Cayle Tern,Timur Ender,David Linn,
Loretta Smith,Candace Avalos,Jamie Dunphy,David Linn,Steph Routh,
Steph Routh,David Linn,Timur Ender,Cayle Tern,Joe Furi,Joe Allen
Candace Avalos,Steph Routh,Jamie Dunphy,Timur Ender,,
Candace Avalos,Timur Ender,Thomas Shervey,,,
Loretta Smith,,,,,
David Linn,Jamie Dunphy,Candace Avalos,Loretta Smith,,
Michael (Mike) Sands,Loretta Smith,,,,
Loretta Smith,Terrence Hayes,Candace Avalos,Cayle Tern,Steph Routh,Jamie Dunphy
Doug Clove,Thomas Shervey,Steph Routh,Loretta Smith,Jamie Dunphy,Timur Ender
Terrence Hayes,Thomas Shervey,Loretta Smith,Michael (Mike) Sands,Joe Furi,Doug Clove
,,,,,
Steph Routh,Timur Ender,Candace Avalos,Jamie Dunphy,David Linn,Cayle Tern
Candace Avalos,Cayle Tern,Timur Ender,,,
Loretta Smith,Steph Routh,Terrence Hayes,Candace Avalos,Cayle Tern,Noah Ernst
Loretta Smith,Terrence Hayes,Jamie Dunphy,Deian Salazar,Cayle Tern,David Linn
Jamie Dunphy,Steph Routh,Candace Avalos,Timur Ender,Loretta Smith,Joe Allen
Steph Routh,Jamie Dunphy,Timur Ender,Candace Avalos,,
,,,,,
Steph Routh,Jamie Dunphy,Candace Avalos,,,
Terrence Hayes,,,,,
Michael (Mike) Sands,Timur Ender,Cayle Tern,Loretta Smith,Terrence Hayes,
Cayle Tern,Timur Ender,Thomas Shervey,Terrence Hayes,,
Jamie Dunphy,Steph Routh,Candace Avalos,Timur Ender,,
Steph Routh,Michael (Mike) Sands,Timur Ender,Candace Avalos,Deian Salazar,Loretta Smith
Michael (Mike) Sands,Jamie Dunphy,Doug Clove,Joe Allen,Cayle Tern,Steph Routh
Loretta Smith,Peggy Sue Owens,Candace Avalos,,,
Doug Clove,Jamie Dunphy,Loretta Smith,,,
Loretta Smith,Candace Avalos,,,,
Candace Avalos,Timur Ender,Doug Clove,Joe Furi,Steph Routh,Loretta Smith
Peggy Sue Owens,,,,,
Noah Ernst,Terrence Hayes,Steph Routh,Loretta Smith,,
Jamie Dunphy,,,,,
Terrence Hayes,Noah Ernst,Doug Clove,,,
Jamie Dunphy,Candace Avalos,Steph Routh,Noah Ernst,David Linn,Loretta Smith
Candace Avalos,Joe Allen,Michael (Mike) Sands,Thomas Shervey,Loretta Smith,Terrence Hayes
Loretta Smith,Candace Avalos,Terrence Hayes,Steph Routh,Cayle Tern,Jamie Dunphy
Steph Routh,,,,,
Noah Ernst,,,,,
Candace Avalos,Jamie Dunphy,Loretta Smith,Thomas Shervey,Timur Ender,Noah Ernst
Jamie Dunphy,,,,,
Timur Ender,Jamie Dunphy,Candace Avalos,,,
David Linn,Noah Ernst,Timur Ender,Joe Allen,Jamie Dunphy,Loretta Smith
Steph Routh,Candace Avalos,Jamie Dunphy,,,
Jamie Dunphy,Loretta Smith,Steph Routh,Terrence Hayes,Noah Ernst,Joe Allen
Jamie Dunphy,Noah Ernst,David Linn,Loretta Smith,Steph Routh,Candace Avalos
Candace Avalos,Loretta Smith,Terrence Hayes,Michael (Mike) Sands,,
Candace Avalos,Cayle Tern,Timur Ender,,,
David Linn,Steph Routh,Cayle Tern,Jamie Dunphy,,
Candace Avalos,,,,,
Cayle Tern,Timur Ender,Michael (Mike) Sands,Joe Furi,Candace Avalos,Terrence Hayes
Candace Avalos,Jamie Dunphy,Steph Routh,David Linn,Cayle Tern,
Loretta Smith,Jamie Dunphy,Candace Avalos,,,
Jamie Dunphy,Candace Avalos,Timur Ender,Steph Routh,Noah Ernst,
Loretta Smith,Noah Ernst,David Linn,Michael (Mike) Sands,Steph Routh,Peggy Sue Owens
Steph Routh,Jamie Dunphy,Candace Avalos,,,
Joe Allen,,,,,
Jamie Dunphy,Timur Ender,Cayle Tern,Steph Routh,Joe Allen,
Terrence Hayes,Jamie Dunphy,Deian Salazar,Candace Avalos,Michael (Mike) Sands,Loretta Smith
Noah Ernst,,,,,
Loretta Smith,Terrence Hayes,Jamie Dunphy,Timur Ender,Steph Routh,
Steph Routh,Jamie Dunphy,Timur Ender,Loretta Smith,Candace Avalos,Noah Ernst
Joe Allen,Peggy Sue Owens,Joe Furi,Thomas Shervey,Jamie Dunphy,David Linn
Loretta Smith,,,,,
Jamie Dunphy,,,,,
Joe Allen,Candace Avalos,Cayle Tern,Joe Furi,Jamie Dunphy,
David Linn,Loretta Smith,Steph Routh,Jamie Dunphy,Michael (Mike) Sands,Deian Salazar
Loretta Smith,,,,,
Loretta Smith,Terrence Hayes,Noah Ernst,Jamie Dunphy,,
Terrence Hayes,Steph Routh,Loretta Smith,Timur Ender,Noah Ernst,Joe Allen
Timur Ender,David Linn,Cayle Tern,Jamie Dunphy,Steph Routh,Loretta Smith
Cayle Tern,,,,,
David Linn,Doug Clove,Loretta Smith,Terrence Hayes,Deian Salazar,Steph Routh
Doug Clove,Joe Allen,Noah Ernst,,,
Timur Ender,Candace Avalos,Steph Routh,,,
Candace Avalos,David Linn,Timur Ender,Loretta Smith,Steph Routh,Jamie Dunphy
,,,,,
Jamie Dunphy,Terrence Hayes,Deian Salazar,Joe Allen,Candace Avalos,Timur Ender
Joe Furi,,,,,
Steph Routh,Candace Avalos,,,,
Jamie Dunphy,Candace Avalos,Steph Routh,,,
Candace Avalos,,,,,
Noah Ernst,Loretta Smith,Terrence Hayes,,,
Loretta Smith,,,,,
Candace Avalos,Cayle Tern,Timur Ender,Loretta Smith,,
Loretta Smith,Timur Ender,Candace Avalos,Deian Salazar,Steph Routh,
Candace Avalos,Jamie Dunphy,Noah Ernst,Steph Routh,Terrence Hayes,
Jamie Dunphy,Candace Avalos,Steph Routh,,,
Doug Clove,Noah Ernst,Timur Ender,Deian Salazar,Loretta Smith,
Michael (Mike) Sands,Candace Avalos,Cayle Tern,Joe Allen,,
Peggy Sue Owens,Candace Avalos,Joe Allen,Doug Clove,Loretta Smith,David Linn
Candace Avalos,Cayle Tern,Timur Ender,Steph Routh,,
Loretta Smith,Steph Routh,Peggy Sue Owens,Michael (Mike) Sands,Jamie Dunphy,Noah Ernst
Candace Avalos,Cayle Tern,Timur Ender,Jamie Dunphy,Steph Routh,David Linn
Loretta Smith,Terrence Hayes,Noah Ernst,Steph Routh,Jamie Dunphy,
Joe Furi,Loretta Smith,Candace Avalos,Peggy Sue Owens,Jamie Dunphy,David Linn
,,,,,
David Linn,Candace Avalos,Jamie Dunphy,,,
Terrence Hayes,Candace Avalos,Noah Ernst,,,
Doug Clove,,,,,
Steph Routh,Noah Ernst,Doug Clove,,,
Timur Ender,Candace Avalos,Jamie Dunphy,Steph Routh,,
David Linn,,,,,
Loretta Smith,,,,,
Candace Avalos,Steph Routh,Timur Ender,,,
Steph Routh,Terrence Hayes,Jamie Dunphy,Candace Avalos,Timur Ender,Loretta Smith
Terrence Hayes,Steph Routh,Loretta Smith,Deian Salazar,David Linn,Candace Avalos
Terrence Hayes,Noah Ernst,Doug Clove,,,
Peggy Sue Owens,Candace Avalos,Cayle Tern,Loretta Smith,Jamie Dunphy,
Jamie Dunphy,Candace Avalos,Steph Routh,,,
Terrence Hayes,Noah Ernst,Loretta Smith,Timur Ender,Steph Routh,
David Linn,Jamie Dunphy,Thomas Shervey,Terrence Hayes,Loretta Smith,Peggy Sue Owens
Steph Routh,Candace Avalos,Jamie Dunphy,Loretta Smith,Timur Ender,Terrence Hayes
Terrence Hayes,Doug Clove,Deian Salazar,Noah Ernst,Joe Allen,Candace Avalos
Loretta Smith,Peggy Sue Owens,Michael (Mike) Sands,Steph Routh,Candace Avalos,Joe Allen
Noah Ernst,David Linn,Joe Furi,Deian Salazar,Joe Allen,Terrence Hayes
,,,,,
Noah Ernst,Doug Clove,Joe Furi,,,
Candace Avalos,Timur Ender,Michael (Mike) Sands,Cayle Tern,Loretta Smith,Terrence Hayes
Loretta Smith,David Linn,Timur Ender,Michael (Mike) Sands,Jamie Dunphy,Terrence Hayes
Timur Ender,Candace Avalos,Michael (Mike) Sands,Deian Salazar,Jamie Dunphy,Terrence Hayes
Candace Avalos,Steph Routh,Timur Ender,Jamie Dunphy,Doug Clove,
Loretta Smith,David Linn,Terrence Hayes,Joe Allen,Michael (Mike) Sands,Cayle Tern
Candace Avalos,Timur Ender,Steph Routh,Jamie Dunphy,Cayle Tern,David Linn
Terrence Hayes,,,,,
Deian Salazar,Doug Clove,Noah Ernst,Joe Allen,Thomas Shervey,Steph Routh
Terrence Hayes,Jamie Dunphy,Candace Avalos,Steph Routh,Timur Ender,Cayle Tern
Jamie Dunphy,Candace Avalos,Steph Routh,Noah Ernst,Loretta Smith,
Loretta Smith,Terrence Hayes,Steph Routh,,,
Jamie Dunphy,Steph Routh,Candace Avalos,Timur Ender,Loretta Smith,Cayle Tern
Steph Routh,Candace Avalos,Timur Ender,,,
Noah Ernst,Doug Clove,Timur Ender,Terrence Hayes,Steph Routh,Candace Avalos
Loretta Smith,Jamie Dunphy,,,,
Jamie Dunphy,Candace Avalos,Steph Routh,Thomas Shervey,Timur Ender,Noah Ernst
Timur Ender,Candace Avalos,Deian Salazar,,,
Candace Avalos,Timur Ender,Terrence Hayes,,,
Steph Routh,Doug Clove,Cayle Tern,,,
Doug Clove,,,,,
Candace Avalos,Timur Ender,,,,
Michael (Mike) Sands,Jamie Dunphy,Steph Routh,Loretta Smith,Terrence Hayes,Timur Ender
Loretta Smith,Timur Ender,Steph Routh,,,
Candace Avalos,Michael (Mike) Sands,David Linn,Cayle Tern,Doug Clove,Steph Routh
Steph Routh,Noah Ernst,Jamie Dunphy,,,
Timur Ender,Jamie Dunphy,Loretta Smith,Steph Routh,Candace Avalos,Terrence Hayes
Timur Ender,Steph Routh,Candace Avalos,Joe Allen,Loretta Smith,
Steph Routh,Jamie Dunphy,Noah Ernst,Terrence Hayes,,
Loretta Smith,,,,,
Loretta Smith,Candace Avalos,Terrence Hayes,Jamie Dunphy,Cayle Tern,Steph Routh
Candace Avalos,Loretta Smith,Terrence Hayes,Timur Ender,Doug Clove,Steph Routh
Steph Routh,Candace Avalos,Timur Ender,Jamie Dunphy,,
Michael (Mike) Sands,Steph Routh,Terrence Hayes,Loretta Smith,Candace Avalos,Timur Ender
Loretta Smith,,,,,
Deian Salazar,Joe Allen,Steph Routh,,,
Jamie Dunphy,,,,,
Noah Ernst,,,,,
Loretta Smith,Steph Routh,Terrence Hayes,David Linn,Candace Avalos,
Loretta Smith,Timur Ender,Candace Avalos,Jamie Dunphy,Steph Routh,Terrence Hayes
Loretta Smith,Joe Allen,Doug Clove,Timur Ender,,
Noah Ernst,Terrence Hayes,Doug Clove,,,
Candace Avalos,Cayle Tern,Steph Routh,Timur Ender,,
Jamie Dunphy,Candace Avalos,Steph Routh,Loretta Smith,,
Michael (Mike) Sands,Loretta Smith,Deian Salazar,Doug Clove,Candace Avalos,Write-in-120
Candace Avalos,David Linn,Cayle Tern,Noah Ernst,Terrence Hayes,Peggy Sue Owens
Candace Avalos,Michael (Mike) Sands,Loretta Smith,Steph Routh,Deian Salazar,David Linn
Joe Furi,Noah Ernst,Deian Salazar,Terrence Hayes,,
Joe Allen,David Linn,Doug Clove,Joe Furi,Michael (Mike) Sands,Thomas Shervey
Candace Avalos,Steph Routh,Noah Ernst,Terrence Hayes,Loretta Smith,
Peggy Sue Owens,Candace Avalos,Cayle Tern,Deian Salazar,Loretta Smith,Jamie Dunphy
Doug Clove,Noah Ernst,Joe Allen,Joe Furi,Candace Avalos,Timur Ender
Terrence Hayes,,,,,
Steph Routh,David Linn,Cayle Tern,Candace Avalos,Timur Ender,Jamie Dunphy
Doug Clove,Timur Ender,David Linn,,,
Noah Ernst,Timur Ender,David Linn,Candace Avalos,Doug Clove,Joe Furi
Candace Avalos,Jamie Dunphy,Steph Routh,,,
Loretta Smith,,,,,
Michael (Mike) Sands,Candace Avalos,David Linn,Joe Allen,Steph Routh,Peggy Sue Owens
David Linn,Cayle Tern,Jamie Dunphy,Steph Routh,Timur Ender,Candace Avalos
Candace Avalos,Timur Ender,,,,
Terrence Hayes,Doug Clove,Candace Avalos,,,
Candace Avalos,Steph Routh,Jamie Dunphy,,,
Steph Routh,Candace Avalos,,,,
Jamie Dunphy,Candace Avalos,Steph Routh,Terrence Hayes,Noah Ernst,
Timur Ender,Noah Ernst,Thomas Shervey,,,
Candace Avalos,,,,,
Joe Allen,Timur Ender,Steph Routh,Terrence Hayes,Candace Avalos,Joe Furi
Loretta Smith,Terrence Hayes,,,,
Loretta Smith,Joe Furi,Doug Clove,,,
Candace Avalos,Jamie Dunphy,Steph Routh,Terrence Hayes,Timur Ender,
Noah Ernst,Doug Clove,Deian Salazar,Terrence Hayes,Joe Allen,Steph Routh
Peggy Sue Owens,Timur Ender,Steph Routh,Candace Avalos,Jamie Dunphy,
Noah Ernst,Jamie Dunphy,Candace Avalos,Terrence Hayes,Deian Salazar,Loretta Smith
,,,,,
Terrence Hayes,Loretta Smith,Timur Ender,,,
Terrence Hayes,Deian Salazar,,,,
Noah Ernst,Deian Salazar,Loretta Smith,Doug Clove,,
Loretta Smith,Timur Ender,Michael (Mike) Sands,Candace Avalos,Cayle Tern,Deian Salazar
Loretta Smith,Deian Salazar,Candace Avalos,Peggy Sue Owens,,
Timur Ender,Candace Avalos,Cayle Tern,Loretta Smith,Steph Routh,Jamie Dunphy
Steph Routh,,,,,
Candace Avalos,Steph Routh,Noah Ernst,Jamie Dunphy,Cayle Tern,Loretta Smith
Timur Ender,Noah Ernst,Candace Avalos,David Linn,Terrence Hayes,Loretta Smith
Candace Avalos,Steph Routh,Jamie Dunphy,Loretta Smith,Terrence Hayes,Cayle Tern
Jamie Dunphy,Loretta Smith,Terrence Hayes,,,
Loretta Smith,Steph Routh,David Linn,,,
Loretta Smith,Timur Ender,David Linn,Joe Furi,Jamie Dunphy,Doug Clove
Thomas Shervey,Terrence Hayes,,,,
Jamie Dunphy,Candace Avalos,Steph Routh,,,
Timur Ender,,,,,
Terrence Hayes,Noah Ernst,Loretta Smith,,,
Jamie Dunphy,Candace Avalos,Cayle Tern,,,
Steph Routh,Timur Ender,Jamie Dunphy,Cayle Tern,Candace Avalos,David Linn
Terrence Hayes,Noah Ernst,Joe Furi,Loretta Smith,Doug Clove,Write-in-120
Steph Routh,Jamie Dunphy,Candace Avalos,Loretta Smith,Terrence Hayes,Cayle Tern
Loretta Smith,Terrence Hayes,Candace Avalos,Cayle Tern,Jamie Dunphy,Timur Ender
Candace Avalos,Cayle Tern,Timur Ender,,,
Loretta Smith,Doug Clove,Candace Avalos,Terrence Hayes,Steph Routh,Cayle Tern
Steph Routh,Timur Ender,Terrence Hayes,Noah Ernst,Jamie Dunphy,Candace Avalos
Jamie Dunphy,Candace Avalos,Steph Routh,Noah Ernst,David Linn,Loretta Smith
Cayle Tern,Candace Avalos,David Linn,,,
Steph Routh,Candace Avalos,Jamie Dunphy,Terrence Hayes,,
Thomas Shervey,Candace Avalos,Cayle Tern,Peggy Sue Owens,Michael (Mike) Sands,
Jamie Dunphy,Candace Avalos,Steph Routh,Timur Ender,,
,,,,,
Candace Avalos,Cayle Tern,Timur Ender,,,
Loretta Smith,Terrence Hayes,Noah Ernst,Steph Routh,Jamie Dunphy,
Steph Routh,Candace Avalos,Timur Ender,Noah Ernst,Terrence Hayes,Loretta Smith
Candace Avalos,Steph Routh,Loretta Smith,Timur Ender,Jamie Dunphy,Cayle Tern
Candace Avalos,Cayle Tern,Timur Ender,,,
Candace Avalos,Jamie Dunphy,Timur Ender,David Linn,Steph Routh,
Jamie Dunphy,Steph Routh,Terrence Hayes,,,
Loretta Smith,Steph Routh,Michael (Mike) Sands,,,
Noah Ernst,,,,,
Jamie Dunphy,Candace Avalos,Loretta Smith,Terrence Hayes,,
Terrence Hayes,Timur Ender,Jamie Dunphy,Joe Furi,Deian Salazar,
Candace Avalos,Loretta Smith,Timur Ender,Steph Routh,Jamie Dunphy,Terrence Hayes
Noah Ernst,Doug Clove,,,,
Terrence Hayes,,,,,
Loretta Smith,Candace Avalos,Steph Routh,Terrence Hayes,Timur Ender,Jamie Dunphy
Timur Ender,Candace Avalos,Steph Routh,,,
Loretta Smith,Terrence Hayes,Jamie Dunphy,,,
Noah Ernst,David Linn,Terrence Hayes,Loretta Smith,Cayle Tern,Deian Salazar
Noah Ernst,Timur Ender,Doug Clove,Terrence Hayes,,
Loretta Smith,Terrence Hayes,,,,
Candace Avalos,Terrence Hayes,Jamie Dunphy,,,
Deian Salazar,,,,,
Candace Avalos,Cayle Tern,Timur Ender,Jamie Dunphy,Steph Routh,David Linn
,,,,,
Loretta Smith,,,,,
Doug Clove,Steph Routh,Loretta Smith,Candace Avalos,,
Joe Allen,Doug Clove,Joe Furi,Deian Salazar,Terrence Hayes,Noah Ernst
Loretta Smith,David Linn,Jamie Dunphy,Steph Routh,Terrence Hayes,Timur Ender
Peggy Sue Owens,Timur Ender,Noah Ernst,Candace Avalos,Joe Allen,David Linn
Loretta Smith,Timur Ender,David Linn,Michael (Mike) Sands,Jamie Dunphy,
Steph Routh,Loretta Smith,Timur Ender,Candace Avalos,Terrence Hayes,Doug Clove
Noah Ernst,David Linn,,,,
Terrence Hayes,Timur Ender,Candace Avalos,,,
Loretta Smith,Candace Avalos,Joe Allen,Noah Ernst,Timur Ender,Deian Salazar
Terrence Hayes,Steph Routh,Candace Avalos,Noah Ernst,Peggy Sue Owens,Michael (Mike) Sands
Jamie Dunphy,Candace Avalos,Steph Routh,Noah Ernst,David Linn,Loretta Smith
Jamie Dunphy,,,,,
Noah Ernst,,,,,
Steph Routh,Candace Avalos,Timur Ender,Jamie Dunphy,,
Joe Furi,,,,,
Jamie Dunphy,Candace Avalos,Steph Routh,,,
Timur Ender,Cayle Tern,Candace Avalos,Doug Clove,Deian Salazar,
Loretta Smith,,,,,
Loretta Smith,Jamie Dunphy,Candace Avalos,Steph Routh,Timur Ender,Doug Clove
Candace Avalos,Cayle Tern,Deian Salazar,Loretta Smith,,
Jamie Dunphy,Timur Ender,Noah Ernst,David Linn,Thomas Shervey,Michael (Mike) Sands
Doug Clove,Terrence Hayes,Loretta Smith,Jamie Dunphy,Joe Allen,Candace Avalos
,,,,,
Jamie Dunphy,Loretta Smith,Candace Avalos,Steph Routh,Terrence Hayes,Timur Ender
Deian Salazar,Doug Clove,Joe Allen,Noah Ernst,Timur Ender,Terrence Hayes
Steph Routh,Candace Avalos,Jamie Dunphy,Terrence Hayes,Deian Salazar,Loretta Smith
Timur Ender,Steph Routh,Jamie Dunphy,Deian Salazar,,
Thomas Shervey,Jamie Dunphy,Joe Allen,David Linn,Noah Ernst,Timur Ender
Terrence Hayes,Steph Routh,,,,
Jamie Dunphy,Doug Clove,David Linn,Steph Routh,Terrence Hayes,Joe Furi
Terrence Hayes,Loretta Smith,Michael (Mike) Sands,Joe Allen,Noah Ernst,David Linn
Candace Avalos,,,,,
Timur Ender,Cayle Tern,Steph Routh,Jamie Dunphy,Doug Clove,Deian Salazar
Candace Avalos,Steph Routh,Cayle Tern,,,
Timur Ender,Steph Routh,Thomas Shervey,Michael (Mike) Sands,Candace Avalos,David Linn
Candace Avalos,Timur Ender,Cayle Tern,Doug Clove,Steph Routh,Jamie Dunphy
Jamie Dunphy,Steph Routh,Terrence Hayes,Timur Ender,Doug Clove,
Timur Ender,Candace Avalos,David Linn,,,
Terrence Hayes,Loretta Smith,,,,
Candace Avalos,Loretta Smith,Terrence Hayes,Cayle Tern,,
Candace Avalos,Timur Ender,Cayle Tern,Noah Ernst,,
Terrence Hayes,Timur Ender,Cayle Tern,Michael (Mike) Sands,Noah Ernst,Peggy Sue Owens
Candace Avalos,Loretta Smith,Terrence Hayes,Timur Ender,,
Terrence Hayes,Timur Ender,Deian Salazar,,,
Terrence Hayes,Noah Ernst,Loretta Smith,,,
Noah Ernst,,,,,
Terrence Hayes,Noah Ernst,Deian Salazar,Steph Routh,,
Jamie Dunphy,Candace Avalos,Steph Routh,Noah Ernst,David Linn,Loretta Smith
Michael (Mike) Sands,Loretta Smith,,,,
Timur Ender,Jamie Dunphy,Cayle Tern,Doug Clove,,
Noah Ernst,Joe Allen,Timur Ender,,,
Loretta Smith,Michael (Mike) Sands,Timur Ender,Joe Allen,Thomas Shervey,David Linn
Loretta Smith,,,,,
Terrence Hayes,Jamie Dunphy,Steph Routh,,,
Noah Ernst,Michael (Mike) Sands,Deian Salazar,Doug Clove,Thomas Shervey,Jamie Dunphy
Peggy Sue Owens,,,,,
Steph Routh,Deian Salazar,Doug Clove,Timur Ender,Candace Avalos,Michael (Mike) Sands
Candace Avalos,Jamie Dunphy,Steph Routh,Thomas Shervey,Terrence Hayes,Cayle Tern
Candace Avalos,,,,,
Loretta Smith,Candace Avalos,Jamie Dunphy,,,
Noah Ernst,Steph Routh,Cayle Tern,Michael (Mike) Sands,Timur Ender,Deian Salazar
Candace Avalos,Timur Ender,Jamie Dunphy,,,
Candace Avalos,Jamie Dunphy,Terrence Hayes,Timur Ender,Doug Clove,Noah Ernst
,,,,,
Noah Ernst,Joe Allen,David Linn,,,
Noah Ernst,,,,,
Terrence Hayes,Noah Ernst,Michael (Mike) Sands,Loretta Smith,Deian Salazar,Steph Routh
Terrence Hayes,,,,,
,,,,,
Jamie Dunphy,Steph Routh,Loretta Smith,Timur Ender,Terrence Hayes,Candace Avalos
Jamie Dunphy,Noah Ernst,Cayle Tern,Loretta Smith,Steph Routh,Terrence Hayes
Doug Clove,Terrence Hayes,Noah Ernst,,,
Doug Clove,,,,,
Doug Clove,Joe Furi,Terrence Hayes,David Linn,Joe Allen,Deian Salazar
Steph Routh,Candace Avalos,Timur Ender,Jamie Dunphy,,
Timur Ender,Loretta Smith,Joe Furi,Steph Routh,Candace Avalos,Michael (Mike) Sands
Write-in-120,,,,,
Noah Ernst,Loretta Smith,Terrence Hayes,Jamie Dunphy,Steph Routh,Timur Ender
Noah Ernst,,,,,
Terrence Hayes,Steph Routh,Deian Salazar,,,
Joe Allen,David Linn,Doug Clove,Thomas Shervey,Noah Ernst,Loretta Smith
Candace Avalos,Cayle Tern,Joe Furi,Timur Ender,,
Timur Ender,Candace Avalos,Cayle Tern,Deian Salazar,Terrence Hayes,Loretta Smith
Jamie Dunphy,Steph Routh,,,,
Candace Avalos,Joe Furi,Joe Allen,Cayle Tern,Michael (Mike) Sands,Peggy Sue Owens
Steph Routh,Candace Avalos,Jamie Dunphy,Timur Ender,David Linn,Cayle Tern
,,,,,
Cayle Tern,Candace Avalos,Jamie Dunphy,Steph Routh,Thomas Shervey,David Linn
Jamie Dunphy,Candace Avalos,Steph Routh,Timur Ender,,
Terrence Hayes,Noah Ernst,Steph Routh,Doug Clove,Timur Ender,David Linn
Timur Ender,David Linn,Deian Salazar,Loretta Smith,Terrence Hayes,Jamie Dunphy
Candace Avalos,Steph Routh,Jamie Dunphy,Timur Ender,Cayle Tern,
Jamie Dunphy,Candace Avalos,Steph Routh,,,
Candace Avalos,Timur Ender,Loretta Smith,Terrence Hayes,Cayle Tern,Steph Routh
Loretta Smith,Peggy Sue Owens,Noah Ernst,Candace Avalos,Terrence Hayes,Steph Routh
Candace Avalos,Timur Ender,Steph Routh,Jamie Dunphy,Cayle Tern,David Linn
Candace Avalos,Timur Ender,Cayle Tern,Steph Routh,,
Jamie Dunphy,Steph Routh,Candace Avalos,Noah Ernst,Loretta Smith,
Noah Ernst,Terrence Hayes,Joe Furi,Loretta Smith,Doug Clove,
Peggy Sue Owens,Loretta Smith,Cayle Tern,Candace Avalos,Steph Routh,Jamie Dunphy
Thomas Shervey,Cayle Tern,Steph Routh,,,
Peggy Sue Owens,Noah Ernst,Joe Allen,,,
Noah Ernst,Joe Allen,Doug Clove,Terrence Hayes,Jamie Dunphy,Candace Avalos
Terrence Hayes,,,,,
Joe Allen,Noah Ernst,Doug Clove,,,
David Linn,Doug Clove,Michael (Mike) Sands,Joe Furi,,
Jamie Dunphy,Candace Avalos,Loretta Smith,Steph Routh,,
Noah Ernst,,,,,
Jamie Dunphy,Candace Avalos,,,,
Peggy Sue Owens,Timur Ender,Candace Avalos,Cayle Tern,Joe Furi,Deian Salazar
,,,,,
Doug Clove,Thomas Shervey,Steph Routh,Jamie Dunphy,,
Loretta Smith,Peggy Sue Owens,Joe Furi,,,
Jamie Dunphy,Candace Avalos,Steph Routh,Noah Ernst,David Linn,Loretta Smith
Candace Avalos,Timur Ender,,,,
Noah Ernst,Terrence Hayes,Loretta Smith,,,
Candace Avalos,Timur Ender,Steph Routh,Jamie Dunphy,Cayle Tern,David Linn
Timur Ender,Joe Allen,Terrence Hayes,,,
Steph Routh,Terrence Hayes,Noah Ernst,Doug Clove,Loretta Smith,Thomas Shervey
Cayle Tern,Noah Ernst,Doug Clove,Steph Routh,Deian Salazar,Thomas Shervey
Loretta Smith,Timur Ender,Terrence Hayes,Steph Routh,Jamie Dunphy,Candace Avalos
Jamie Dunphy,Timur Ender,Terrence Hayes,Steph Routh,Candace Avalos,
Timur Ender,Candace Avalos,Jamie Dunphy,Doug Clove,,
Steph Routh,Candace Avalos,Jamie Dunphy,Timur Ender,Cayle Tern,
Peggy Sue Owens,Candace Avalos,Loretta Smith,David Linn,Joe Allen,Jamie Dunphy
Steph Routh,Joe Allen,Doug Clove,Jamie Dunphy,Michael (Mike) Sands,David Linn
Steph Routh,Loretta Smith,Terrence Hayes,Candace Avalos,Noah Ernst,
Candace Avalos,Doug Clove,Deian Salazar,,,
Jamie Dunphy,Candace Avalos,Steph Routh,Noah Ernst,David Linn,Timur Ender
Jamie Dunphy,Loretta Smith,Candace Avalos,Peggy Sue Owens,Deian Salazar,Michael (Mike) Sands
Candace Avalos,Terrence Hayes,Steph Routh,,,
Jamie Dunphy,Steph Routh,Candace Avalos,Timur Ender,Loretta Smith,
Timur Ender,Candace Avalos,Jamie Dunphy,,,
Noah Ernst,Peggy Sue Owens,Candace Avalos,Timur Ender,David Linn,Joe Allen
Candace Avalos,Timur Ender,Steph Routh,Cayle Tern,David Linn,Jamie Dunphy
Steph Routh,Jamie Dunphy,Candace Avalos,,,
Timur Ender,Candace Avalos,Jamie Dunphy,,,
Jamie Dunphy,Steph Routh,Candace Avalos,Timur Ender,Loretta Smith,Cayle Tern
Terrence Hayes,Steph Routh,Jamie Dunphy,,,
Noah Ernst,Terrence Hayes,Steph Routh,,,
Timur Ender,Noah Ernst,David Linn,Loretta Smith,Candace Avalos,Steph Routh
Jamie Dunphy,Candace Avalos,Steph Routh,Noah Ernst,David Linn,Loretta Smith
Loretta Smith,Terrence Hayes,Steph Routh,Cayle Tern,Timur Ender,Jamie Dunphy
Loretta Smith,Candace Avalos,Noah Ernst,,,
Candace Avalos,Cayle Tern,Steph Routh,Jamie Dunphy,Timur Ender,David Linn
Noah Ernst,Joe Allen,Cayle Tern,David Linn,Joe Furi,Loretta Smith
Cayle Tern,Timur Ender,Steph Routh,Candace Avalos,Jamie Dunphy,Terrence Hayes
Terrence Hayes,Timur Ender,Joe Furi,Joe Allen,Jamie Dunphy,Loretta Smith
Noah Ernst,Joe Furi,Terrence Hayes,,,
Candace Avalos,Jamie Dunphy,Steph Routh,,,
Noah Ernst,Terrence Hayes,,,,
Timur Ender,Candace Avalos,Cayle Tern,,,
Noah Ernst,Terrence Hayes,Jamie Dunphy,Candace Avalos,Steph Routh,
Candace Avalos,David Linn,Timur Ender,Peggy Sue Owens,Doug Clove,Steph Routh
Candace Avalos,Timur Ender,Steph Routh,Jamie Dunphy,Cayle Tern,David Linn
Candace Avalos,Timur Ender,Cayle Tern,Steph Routh,Jamie Dunphy,David Linn
Noah Ernst,,,,,
Terrence Hayes,,,,,
David Linn,Doug Clove,Joe Furi,Thomas Shervey,Cayle Tern,Noah Ernst
Steph Routh,Loretta Smith,Terrence Hayes,Noah Ernst,Joe Furi,Deian Salazar
Timur Ender,,,,,
Loretta Smith,Steph Routh,Timur Ender,Terrence Hayes,David Linn,
Loretta Smith,Jamie Dunphy,Steph Routh,,,
Timur Ender,Candace Avalos,Steph Routh,Jamie Dunphy,Cayle Tern,David Linn
Steph Routh,,,,,
Candace Avalos,Timur Ender,Steph Routh,Jamie Dunphy,Cayle Tern,David Linn
Noah Ernst,,,,,
Steph Routh,Jamie Dunphy,Noah Ernst,Terrence Hayes,,
Steph Routh,Loretta Smith,Terrence Hayes,David Linn,Candace Avalos,
Candace Avalos,Steph Routh,Jamie Dunphy,Noah Ernst,Loretta Smith,David Linn
David Linn,Loretta Smith,Doug Clove,,,
Terrence Hayes,Loretta Smith,Noah Ernst,,,
Terrence Hayes,Steph Routh,Noah Ernst,Loretta Smith,Candace Avalos,Jamie Dunphy
Peggy Sue Owens,Candace Avalos,,,,
Doug Clove,,,,,
Jamie Dunphy,Candace Avalos,Steph Routh,Noah Ernst,Terrence Hayes,David Linn
Candace Avalos,Steph Routh,Jamie Dunphy,Michael (Mike) Sands,Timur Ender,David Linn
Timur Ender,Joe Allen,Jamie Dunphy,,,
Candace Avalos,Steph Routh,Timur Ender,Jamie Dunphy,,
Jamie Dunphy,Candace Avalos,Cayle Tern,,,
Candace Avalos,,,,,
Candace Avalos,Joe Allen,David Linn,Cayle Tern,Doug Clove,Joe Furi
Steph Routh,Timur Ender,Michael (Mike) Sands,Terrence Hayes,Peggy Sue Owens,Loretta Smith
Doug Clove,Timur Ender,Joe Furi,Steph Routh,Terrence Hayes,Loretta Smith
Steph Routh,Candace Avalos,,,,
,,,,,
Terrence Hayes,Timur Ender,Loretta Smith,Jamie Dunphy,David Linn,Steph Routh
Candace Avalos,,,,,
Candace Avalos,Timur Ender,Jamie Dunphy,David Linn,Cayle Tern,
Timur Ender,Doug Clove,Terrence Hayes,Jamie Dunphy,,
Michael (Mike) Sands,,,,,
Timur Ender,Candace Avalos,Noah Ernst,Steph Routh,David Linn,Cayle Tern
Michael (Mike) Sands,Deian Salazar,Joe Allen,Joe Furi,David Linn,Thomas Shervey
Terrence Hayes,Noah Ernst,Doug Clove,Steph Routh,Joe Furi,
Noah Ernst,Doug Clove,Loretta Smith,Terrence Hayes,Jamie Dunphy,Timur Ender
Deian Salazar,Peggy Sue Owens,Joe Allen,Joe Furi,Thomas Shervey,Steph Routh
Jamie Dunphy,Doug Clove,Timur Ender,Cayle Tern,Joe Allen,Loretta Smith
Loretta Smith,David Linn,Timur Ender,Candace Avalos,,
Peggy Sue Owens,Timur Ender,Candace Avalos,Cayle Tern,Deian Salazar,Jamie Dunphy
Steph Routh,Terrence Hayes,Loretta Smith,,,
Joe Allen,David Linn,Cayle Tern,Doug Clove,Joe Furi,Michael (Mike) Sands
Michael (Mike) Sands,David Linn,Doug Clove,Steph Routh,Noah Ernst,Thomas Shervey
Michael (Mike) Sands,Loretta Smith,Steph Routh,,,
Candace Avalos,Timur Ender,Cayle Tern,,,
Loretta Smith,Jamie Dunphy,Candace Avalos,Timur Ender,Noah Ernst,Michael (Mike) Sands
Jamie Dunphy,Candace Avalos,Steph Routh,,,
Cayle Tern,Steph Routh,Michael (Mike) Sands,Write-in-120,David Linn,Thomas Shervey
Terrence Hayes,Loretta Smith,Joe Furi,Candace Avalos,,
Jamie Dunphy,Peggy Sue Owens,Joe Allen,Doug Clove,Terrence Hayes,Michael (Mike) Sands
Loretta Smith,Thomas Shervey,Cayle Tern,Joe Allen,Noah Ernst,David Linn
Candace Avalos,Timur Ender,Steph Routh,,,
Candace Avalos,Timur Ender,Cayle Tern,Steph Routh,David Linn,Deian Salazar
Jamie Dunphy,Candace Avalos,Steph Routh,Noah Ernst,David Linn,Loretta Smith
Doug Clove,David Linn,Loretta Smith,Joe Furi,Joe Allen,Noah Ernst
Candace Avalos,Steph Routh,Loretta Smith,Jamie Dunphy,Terrence Hayes,Doug Clove
Peggy Sue Owens,Michael (Mike) Sands,Noah Ernst,Joe Furi,Cayle Tern,Thomas Shervey
Steph Routh,Timur Ender,Jamie Dunphy,Michael (Mike) Sands,Loretta Smith,Candace Avalos
Candace Avalos,Jamie Dunphy,Steph Routh,Timur Ender,David Linn,Cayle Tern
Candace Avalos,Steph Routh,Jamie Dunphy,Timur Ender,,
Candace Avalos,Steph Routh,Michael (Mike) Sands,,,
Timur Ender,Loretta Smith,Steph Routh,Terrence Hayes,Jamie Dunphy,Deian Salazar
Loretta Smith,,,,,
Steph Routh,Candace Avalos,Jamie Dunphy,Timur Ender,,
Cayle Tern,Timur Ender,Candace Avalos,David Linn,Steph Routh,
Steph Routh,Terrence Hayes,Loretta Smith,David Linn,Noah Ernst,Jamie Dunphy
Jamie Dunphy,Candace Avalos,Steph Routh,Noah Ernst,Loretta Smith,David Linn
Timur Ender,,,,,
Loretta Smith,Terrence Hayes,Timur Ender,Candace Avalos,Jamie Dunphy,Steph Routh
Jamie Dunphy,Steph Routh,Candace Avalos,,,
Candace Avalos,Loretta Smith,Steph Routh,Jamie Dunphy,Noah Ernst,David Linn
Jamie Dunphy,Steph Routh,,,,
Steph Routh,,,,,
Candace Avalos,Cayle Tern,Jamie Dunphy,Deian Salazar,Loretta Smith,Peggy Sue Owens
Loretta Smith,Terrence Hayes,Deian Salazar,Candace Avalos,Jamie Dunphy,
Jamie Dunphy,Candace Avalos,Timur Ender,,,
Joe Allen,David Linn,Joe Furi,Thomas Shervey,,
Loretta Smith,,,,,
Steph Routh,David Linn,Candace Avalos,Timur Ender,,
Loretta Smith,,,,,
Joe Allen,Timur Ender,Peggy Sue Owens,Loretta Smith,Deian Salazar,Doug Clove
Terrence Hayes,Steph Routh,,,,
Joe Furi,Timur Ender,,,,
Candace Avalos,Jamie Dunphy,Steph Routh,Loretta Smith,,
Jamie Dunphy,Noah Ernst,Steph Routh,,,
Timur Ender,Candace Avalos,David Linn,Steph Routh,,
Jamie Dunphy,Timur Ender,Candace Avalos,Noah Ernst,,
David Linn,Thomas Shervey,Jamie Dunphy,Michael (Mike) Sands,Timur Ender,Doug Clove
Jamie Dunphy,Steph Routh,David Linn,Terrence Hayes,Thomas Shervey,Candace Avalos
Loretta Smith,Peggy Sue Owens,,,,
Candace Avalos,David Linn,Jamie Dunphy,Steph Routh,,
Terrence Hayes,Steph Routh,,,,
Terrence Hayes,Loretta Smith,David Linn,Cayle Tern,Steph Routh,
Candace Avalos,Joe Allen,Cayle Tern,Doug Clove,Joe Furi,Steph Routh
Loretta Smith,Terrence Hayes,Deian Salazar,David Linn,Candace Avalos,Thomas Shervey
Loretta Smith,Terrence Hayes,Noah Ernst,Candace Avalos,Doug Clove,Peggy Sue Owens
Loretta Smith,Jamie Dunphy,Joe Allen,,,
Loretta Smith,,,,,
Steph Routh,Jamie Dunphy,Terrence Hayes,Deian Salazar,Candace Avalos,Timur Ender
Jamie Dunphy,Candace Avalos,,,,
Candace Avalos,Cayle Tern,Timur Ender,,,
Noah Ernst,Cayle Tern,Joe Furi,Michael (Mike) Sands,David Linn,Thomas Shervey
Candace Avalos,Steph Routh,Timur Ender,,,
Jamie Dunphy,Candace Avalos,Steph Routh,Noah Ernst,David Linn,Loretta Smith
Jamie Dunphy,Steph Routh,Candace Avalos,Noah Ernst,,
Terrence Hayes,Timur Ender,Loretta Smith,Steph Routh,Cayle Tern,Candace Avalos
Loretta Smith,Cayle Tern,Candace Avalos,Peggy Sue Owens,Deian Salazar,Steph Routh
Terrence Hayes,Jamie Dunphy,Loretta Smith,,,
Timur Ender,Doug Clove,Michael (Mike) Sands,Joe Allen,,
Jamie Dunphy,Candace Avalos,Steph Routh,Timur Ender,Cayle Tern,
Timur Ender,Peggy Sue Owens,Joe Allen,Doug Clove,,
Noah Ernst,Joe Allen,Terrence Hayes,,,
Michael (Mike) Sands,Joe Allen,David Linn,Terrence Hayes,Joe Furi,Jamie Dunphy
Joe Allen,Noah Ernst,David Linn,Doug Clove,Michael (Mike) Sands,Joe Furi
Doug Clove,Thomas Shervey,,,,
Candace Avalos,Steph Routh,Loretta Smith,Timur Ender,,
Loretta Smith,Candace Avalos,Timur Ender,Terrence Hayes,Steph Routh,Deian Salazar
Terrence Hayes,Noah Ernst,Candace Avalos,,,
Loretta Smith,Steph Routh,Terrence Hayes,Michael (Mike) Sands,Cayle Tern,David Linn
Jamie Dunphy,Steph Routh,Doug Clove,Timur Ender,Terrence Hayes,Loretta Smith
David Linn,Doug Clove,Michael (Mike) Sands,Noah Ernst,Thomas Shervey,Terrence Hayes
Steph Routh,Terrence Hayes,Noah Ernst,,,
Candace Avalos,,,,,
Candace Avalos,Cayle Tern,Steph Routh,Timur Ender,,
Doug Clove,Noah Ernst,Terrence Hayes,Jamie Dunphy,Loretta Smith,
Candace Avalos,Jamie Dunphy,Cayle Tern,Loretta Smith,Joe Furi,Peggy Sue Owens
Candace Avalos,Jamie Dunphy,Steph Routh,Timur Ender,Cayle Tern,David Linn
Jamie Dunphy,Timur Ender,Steph Routh,Noah Ernst,David Linn,Loretta Smith
Candace Avalos,Timur Ender,Cayle Tern,Steph Routh,Jamie Dunphy,David Linn
Candace Avalos,Timur Ender,Cayle Tern,Jamie Dunphy,Loretta Smith,Michael (Mike) Sands
Noah Ernst,,,,,
Steph Routh,Timur Ender,Jamie Dunphy,Candace Avalos,,
Doug Clove,Thomas Shervey,,,,
Candace Avalos,Steph Routh,Cayle Tern,Timur Ender,David Linn,Noah Ernst
David Linn,,,,,
Jamie Dunphy,Terrence Hayes,Loretta Smith,,,
Timur Ender,,,,,
Peggy Sue Owens,,,,,
Deian Salazar,Michael (Mike) Sands,Joe Furi,Doug Clove,Cayle Tern,David Linn
Loretta Smith,Deian Salazar,Cayle Tern,David Linn,Peggy Sue Owens,Timur Ender
Loretta Smith,Terrence Hayes,Michael (Mike) Sands,Candace Avalos,Deian Salazar,
Steph Routh,Candace Avalos,Timur Ender,Jamie Dunphy,David Linn,Loretta Smith
Doug Clove,,,,,
Timur Ender,Noah Ernst,David Linn,Deian Salazar,Terrence Hayes,Jamie Dunphy
Candace Avalos,Timur Ender,David Linn,Terrence Hayes,Jamie Dunphy,Steph Routh
Steph Routh,Candace Avalos,Timur Ender,,,
Terrence Hayes,Candace Avalos,Loretta Smith,,,
Timur Ender,Noah Ernst,David Linn,Cayle Tern,Doug Clove,Terrence Hayes
Loretta Smith,Michael (Mike) Sands,Joe Allen,Timur Ender,,
Steph Routh,Candace Avalos,,,,
Timur Ender,Steph Routh,Michael (Mike) Sands,Candace Avalos,Loretta Smith,David Linn
Jamie Dunphy,Noah Ernst,Joe Allen,Thomas Shervey,Terrence Hayes,Timur Ender
Timur Ender,Michael (Mike) Sands,Terrence Hayes,Steph Routh,,
David Linn,Steph Routh,Doug Clove,Joe Allen,Noah Ernst,Joe Furi
Noah Ernst,Terrence Hayes,Timur Ender,Candace Avalos,Jamie Dunphy,Loretta Smith
Candace Avalos,Steph Routh,Cayle Tern,Loretta Smith,,
Candace Avalos,Steph Routh,Noah Ernst,Loretta Smith,Terrence Hayes,Jamie Dunphy
Terrence Hayes,Loretta Smith,Doug Clove,Peggy Sue Owens,Candace Avalos,Michael (Mike) Sands
Doug Clove,Timur Ender,Terrence Hayes,Thomas Shervey,Candace Avalos,
Peggy Sue Owens,Candace Avalos,Steph Routh,Jamie Dunphy,,
Jamie Dunphy,,,,,
Jamie Dunphy,Candace Avalos,Steph Routh,,,
Terrence Hayes,Loretta Smith,Timur Ender,Jamie Dunphy,Doug Clove,Michael (Mike) Sands
Candace Avalos,Jamie Dunphy,Timur Ender,Steph Routh,Cayle Tern,
Loretta Smith,Terrence Hayes,Candace Avalos,,,
Noah Ernst,Timur Ender,Thomas Shervey,,,
David Linn,Cayle Tern,Michael (Mike) Sands,Steph Routh,Jamie Dunphy,Candace Avalos
Joe Allen,,,,,
Terrence Hayes,Noah Ernst,Doug Clove,,,
Peggy Sue Owens,Deian Salazar,Terrence Hayes,Noah Ernst,Joe Allen,Joe Furi
David Linn,Joe Allen,Timur Ender,Deian Salazar,Loretta Smith,Steph Routh
Loretta Smith,Terrence Hayes,Candace Avalos,,,
Terrence Hayes,Candace Avalos,Cayle Tern,Deian Salazar,,
Noah Ernst,Loretta Smith,,,,
Terrence Hayes,Candace Avalos,Jamie Dunphy,Doug Clove,Michael (Mike) Sands,Noah Ernst
Noah Ernst,,,,,
Loretta Smith,Terrence Hayes,Steph Routh,Jamie Dunphy,David Linn,Candace Avalos
Deian Salazar,Joe Furi,Michael (Mike) Sands,Noah Ernst,Timur Ender,Joe Allen
Cayle Tern,Doug Clove,Noah Ernst,Joe Allen,Timur Ender,David Linn
Candace Avalos,Terrence Hayes,Steph Routh,Timur Ender,Loretta Smith,
Timur Ender,Steph Routh,Loretta Smith,,,
Steph Routh,Terrence Hayes,Michael (Mike) Sands,Loretta Smith,,
Noah Ernst,,,,,
Jamie Dunphy,Steph Routh,Candace Avalos,Timur Ender,Loretta Smith,
Noah Ernst,Doug Clove,Terrence Hayes,Joe Furi,,
Candace Avalos,Timur Ender,Steph Routh,Jamie Dunphy,Cayle Tern,
Noah Ernst,,,,,
Timur Ender,Doug Clove,Michael (Mike) Sands,Steph Routh,Jamie Dunphy,Thomas Shervey
Noah Ernst,Steph Routh,Doug Clove,,,
Candace Avalos,Cayle Tern,,,,
Jamie Dunphy,Steph Routh,Candace Avalos,Timur Ender,Loretta Smith,Cayle Tern
Candace Avalos,Jamie Dunphy,Timur Ender,Steph Routh,,
Noah Ernst,Terrence Hayes,Loretta Smith,,,
Steph Routh,Terrence Hayes,Jamie Dunphy,Deian Salazar,Candace Avalos,Timur Ender
Terrence Hayes,Noah Ernst,Joe Furi,Loretta Smith,,
Loretta Smith,Terrence Hayes,Joe Allen,Michael (Mike) Sands,Jamie Dunphy,Candace Avalos
Michael (Mike) Sands,,,,,
Steph Routh,Candace Avalos,Jamie Dunphy,David Linn,Cayle Tern,Terrence Hayes
Doug Clove,Terrence Hayes,Loretta Smith,Timur Ender,Candace Avalos,Steph Routh
David Linn,Noah Ernst,Cayle Tern,Terrence Hayes,,
Jamie Dunphy,Write-in-120,Loretta Smith,Joe Allen,Candace Avalos,Noah Ernst
Steph Routh,Candace Avalos,Jamie Dunphy,Timur Ender,Loretta Smith,
Steph Routh,,,,,
Loretta Smith,,,,,
Candace Avalos,Timur Ender,Steph Routh,Jamie Dunphy,Cayle Tern,David Linn
Timur Ender,David Linn,Steph Routh,Candace Avalos,Cayle Tern,Jamie Dunphy
Timur Ender,Cayle Tern,Jamie Dunphy,Steph Routh,Deian Salazar,Loretta Smith
Joe Furi,Terrence Hayes,Loretta Smith,Steph Routh,David Linn,Doug Clove
Steph Routh,Timur Ender,Candace Avalos,Deian Salazar,Terrence Hayes,Jamie Dunphy
Terrence Hayes,Noah Ernst,Doug Clove,,,
Loretta Smith,,,,,
Candace Avalos,Jamie Dunphy,Steph Routh,,,
Joe Allen,Candace Avalos,Noah Ernst,Timur Ender,Loretta Smith,Peggy Sue Owens
Cayle Tern,Terrence Hayes,,,,
Timur Ender,,,,,
Joe Allen,Timur Ender,Noah Ernst,,,
Timur Ender,Noah Ernst,Michael (Mike) Sands,Loretta Smith,Jamie Dunphy,
Timur Ender,Candace Avalos,Doug Clove,Steph Routh,Terrence Hayes,Noah Ernst
Timur Ender,Noah Ernst,,,,
Jamie Dunphy,Candace Avalos,Steph Routh,Noah Ernst,David Linn,Loretta Smith
Joe Allen,Candace Avalos,Doug Clove,Loretta Smith,Jamie Dunphy,Timur Ender
Candace Avalos,Timur Ender,Steph Routh,Jamie Dunphy,Cayle Tern,David Linn
Steph Routh,,,,,
Jamie Dunphy,Steph Routh,Noah Ernst,Candace Avalos,David Linn,
Candace Avalos,Steph Routh,Jamie Dunphy,Cayle Tern,Timur Ender,
Joe Allen,Cayle Tern,Loretta Smith,Terrence Hayes,Steph Routh,David Linn
Candace Avalos,Steph Routh,Timur Ender,Jamie Dunphy,,
Candace Avalos,Jamie Dunphy,,,,
Noah Ernst,Jamie Dunphy,,,,
Jamie Dunphy,Noah Ernst,Steph Routh,,,
Michael (Mike) Sands,Terrence Hayes,Doug Clove,Joe Allen,Jamie Dunphy,Loretta Smith
Noah Ernst,Joe Furi,Loretta Smith,Deian Salazar,Cayle Tern,Candace Avalos
Noah Ernst,Joe Allen,Loretta Smith,Michael (Mike) Sands,Steph Routh,David Linn
Terrence Hayes,Doug Clove,Steph Routh,Loretta Smith,Noah Ernst,David Linn
Jamie Dunphy,Steph Routh,Candace Avalos,,,
Terrence Hayes,Joe Furi,David Linn,Peggy Sue Owens,Michael (Mike) Sands,Doug Clove
Terrence Hayes,,,,,
Write-in-120,Timur Ender,Candace Avalos,Jamie Dunphy,,
Timur Ender,Steph Routh,Jamie Dunphy,Joe Furi,Loretta Smith,
Noah Ernst,Doug Clove,Thomas Shervey,,,
Candace Avalos,Timur Ender,Steph Routh,Jamie Dunphy,Cayle Tern,David Linn
Loretta Smith,Steph Routh,Jamie Dunphy,Terrence Hayes,Timur Ender,Candace Avalos
Timur Ender,Joe Furi,Terrence Hayes,Steph Routh,,
Loretta Smith,Candace Avalos,David Linn,Steph Routh,Timur Ender,Jamie Dunphy
Jamie Dunphy,Candace Avalos,Steph Routh,,,
Terrence Hayes,Deian Salazar,Candace Avalos,Steph Routh,Noah Ernst,Jamie Dunphy
Steph Routh,Jamie Dunphy,David Linn,,,
Timur Ender,Candace Avalos,Steph Routh,Jamie Dunphy,,
Candace Avalos,Timur Ender,Cayle Tern,,,
Loretta Smith,,,,,
Jamie Dunphy,Candace Avalos,Steph Routh,Cayle Tern,Timur Ender,Michael (Mike) Sands
Noah Ernst,Doug Clove,Deian Salazar,Loretta Smith,Joe Furi,Joe Allen
Steph Routh,Loretta Smith,Terrence Hayes,,,
Candace Avalos,Steph Routh,Timur Ender,Jamie Dunphy,Cayle Tern,David Linn
Loretta Smith,Michael (Mike) Sands,Timur Ender,Steph Routh,,
Candace Avalos,Steph Routh,Timur Ender,Terrence Hayes,Loretta Smith,Jamie Dunphy
Candace Avalos,Cayle Tern,Jamie Dunphy,Steph Routh,,
Jamie Dunphy,Steph Routh,Terrence Hayes,Timur Ender,David Linn,Candace Avalos
Jamie Dunphy,Candace Avalos,Steph Routh,,,
Noah Ernst,,,,,
Terrence Hayes,Loretta Smith,Steph Routh,,,
Noah Ernst,Loretta Smith,Terrence Hayes,Steph Routh,,
Loretta Smith,Terrence Hayes,Steph Routh,Timur Ender,Michael (Mike) Sands,Candace Avalos
,,,,,
Terrence Hayes,Noah Ernst,Joe Furi,Loretta Smith,Doug Clove,Write-in-122
Noah Ernst,Loretta Smith,,,,
Loretta Smith,Steph Routh,Terrence Hayes,Candace Avalos,Jamie Dunphy,Timur Ender
Joe Allen,,,,,
Candace Avalos,Loretta Smith,Terrence Hayes,Steph Routh,Jamie Dunphy,
Noah Ernst,Terrence Hayes,Joe Allen,David Linn,,
Timur Ender,Candace Avalos,Cayle Tern,Terrence Hayes,Jamie Dunphy,
Steph Routh,Jamie Dunphy,Candace Avalos,Loretta Smith,Timur Ender,David Linn
Candace Avalos,Loretta Smith,Doug Clove,Deian Salazar,Peggy Sue Owens,Terrence Hayes
Loretta Smith,Steph Routh,,,,
Noah Ernst,Thomas Shervey,Steph Routh,Loretta Smith,Candace Avalos,Doug Clove
Jamie Dunphy,Candace Avalos,Steph Routh,,,
Doug Clove,Noah Ernst,Cayle Tern,,,
Timur Ender,David Linn,Michael (Mike) Sands,Deian Salazar,Thomas Shervey,Steph Routh
Doug Clove,Terrence Hayes,Noah Ernst,,,
Jamie Dunphy,Candace Avalos,Steph Routh,Noah Ernst,David Linn,Loretta Smith
Terrence Hayes,,,,,
Candace Avalos,Jamie Dunphy,Terrence Hayes,Cayle Tern,,
Timur Ender,,,,,
Candace Avalos,Steph Routh,Jamie Dunphy,Timur Ender,,
Timur Ender,Peggy Sue Owens,Michael (Mike) Sands,,,
Loretta Smith,Terrence Hayes,Steph Routh,Thomas Shervey,Candace Avalos,Peggy Sue Owens
Candace Avalos,Cayle Tern,Timur Ender,,,
Doug Clove,Loretta Smith,Joe Furi,Terrence Hayes,Noah Ernst,
Loretta Smith,Terrence Hayes,Candace Avalos,,,
Noah Ernst,Terrence Hayes,Loretta Smith,Michael (Mike) Sands,,
Noah Ernst,,,,,
Joe Allen,Loretta Smith,,,,
Steph Routh,Candace Avalos,Timur Ender,Noah Ernst,,
Michael (Mike) Sands,Doug Clove,Noah Ernst,,,
Noah Ernst,,,,,
Timur Ender,Candace Avalos,Steph Routh,Loretta Smith,Jamie Dunphy,
Steph Routh,Candace Avalos,Jamie Dunphy,Timur Ender,David Linn,Noah Ernst
Michael (Mike) Sands,David Linn,Peggy Sue Owens,Thomas Shervey,Steph Routh,Timur Ender
Jamie Dunphy,Candace Avalos,Steph Routh,,,
Michael (Mike) Sands,,,,,
Terrence Hayes,Candace Avalos,Loretta Smith,,,
Steph Routh,Loretta Smith,Timur Ender,David Linn,,
Jamie Dunphy,Candace Avalos,Steph Routh,Noah Ernst,David Linn,Loretta Smith
Jamie Dunphy,Steph Routh,Terrence Hayes,Thomas Shervey,Loretta Smith,
Timur Ender,Loretta Smith,David Linn,Terrence Hayes,Steph Routh,Jamie Dunphy
Candace Avalos,Timur Ender,Joe Allen,Loretta Smith,Doug Clove,David Linn
Terrence Hayes,Noah Ernst,Loretta Smith,,,
Noah Ernst,Terrence Hayes,Loretta Smith,,,
Candace Avalos,Loretta Smith,Jamie Dunphy,,,
Steph Routh,Loretta Smith,Peggy Sue Owens,Noah Ernst,Michael (Mike) Sands,Joe Allen
Candace Avalos,Timur Ender,,,,
Doug Clove,Timur Ender,Noah Ernst,Joe Allen,Loretta Smith,Terrence Hayes
Loretta Smith,Terrence Hayes,Jamie Dunphy,Candace Avalos,Cayle Tern,
Noah Ernst,,,,,
Loretta Smith,Doug Clove,Jamie Dunphy,,,
Joe Allen,David Linn,Doug Clove,Joe Furi,Michael (Mike) Sands,Terrence Hayes
Jamie Dunphy,Steph Routh,David Linn,Candace Avalos,Timur Ender,
Deian Salazar,,,,,
Steph Routh,Noah Ernst,Candace Avalos,Terrence Hayes,Jamie Dunphy,Loretta Smith
Noah Ernst,Doug Clove,Michael (Mike) Sands,,,
Joe Allen,Thomas Shervey,David Linn,Timur Ender,Loretta Smith,Doug Clove
Loretta Smith,Jamie Dunphy,Terrence Hayes,Timur Ender,Steph Routh,Candace Avalos
David Linn,Doug Clove,Terrence Hayes,Steph Routh,,
Terrence Hayes,Timur Ender,Loretta Smith,Noah Ernst,Cayle Tern,Deian Salazar
Candace Avalos,Terrence Hayes,Loretta Smith,Jamie Dunphy,,
Jamie Dunphy,Candace Avalos,Peggy Sue Owens,,,
Terrence Hayes,,,,,
Candace Avalos,Terrence Hayes,David Linn,Joe Allen,,
Jamie Dunphy,Cayle Tern,Candace Avalos,Timur Ender,,
Candace Avalos,Timur Ender,Steph Routh,Terrence Hayes,Jamie Dunphy,Loretta Smith
Doug Clove,,,,,
Candace Avalos,Jamie Dunphy,Cayle Tern,,,
Peggy Sue Owens,Candace Avalos,Jamie Dunphy,Loretta Smith,Steph Routh,Cayle Tern
Candace Avalos,Cayle Tern,Timur Ender,,,
Candace Avalos,Cayle Tern,Steph Routh,Terrence Hayes,Jamie Dunphy,Timur Ender
Doug Clove,,,,,
Steph Routh,David Linn,Timur Ender,Candace Avalos,Cayle Tern,Jamie Dunphy
Loretta Smith,Doug Clove,Deian Salazar,Steph Routh,Jamie Dunphy,Candace Avalos
Candace Avalos,Peggy Sue Owens,Deian Salazar,Cayle Tern,David Linn,Loretta Smith
Loretta Smith,Doug Clove,Terrence Hayes,,,
Terrence Hayes,Timur Ender,Candace Avalos,David Linn,Jamie Dunphy,Thomas Shervey
Noah Ernst,,,,,
Thomas Shervey,Timur Ender,Candace Avalos,Noah Ernst,David Linn,Doug Clove
Jamie Dunphy,Loretta Smith,Doug Clove,Joe Allen,Cayle Tern,Noah Ernst
Candace Avalos,Jamie Dunphy,Steph Routh,,,
Loretta Smith,Timur Ender,Deian Salazar,David Linn,Terrence Hayes,Cayle Tern
Loretta Smith,Candace Avalos,Steph Routh,,,
Jamie Dunphy,Doug Clove,Timur Ender,,,
David Linn,,,,,
,,,,,
Candace Avalos,Timur Ender,Terrence Hayes,Jamie Dunphy,Loretta Smith,Cayle Tern
Noah Ernst,,,,,
Timur Ender,Candace Avalos,Loretta Smith,Jamie Dunphy,Terrence Hayes,Steph Routh
Candace Avalos,Timur Ender,Steph Routh,Jamie Dunphy,,
Timur Ender,Joe Allen,Michael (Mike) Sands,Jamie Dunphy,,
Noah Ernst,Doug Clove,Deian Salazar,,,
Steph Routh,Loretta Smith,Timur Ender,Candace Avalos,Deian Salazar,Jamie Dunphy
Cayle Tern,Loretta Smith,Candace Avalos,Terrence Hayes,Steph Routh,Timur Ender
Loretta Smith,Terrence Hayes,Steph Routh,Jamie Dunphy,Doug Clove,Candace Avalos
Timur Ender,Noah Ernst,Candace Avalos,Cayle Tern,Terrence Hayes,Steph Routh
Candace Avalos,Loretta Smith,David Linn,Jamie Dunphy,,
Doug Clove,Timur Ender,Thomas Shervey,,,
David Linn,Steph Routh,Deian Salazar,Terrence Hayes,Joe Furi,Loretta Smith
Noah Ernst,Loretta Smith,Terrence Hayes,,,
Loretta Smith,Steph Routh,Joe Furi,Terrence Hayes,,
Candace Avalos,Loretta Smith,Timur Ender,Cayle Tern,,
Loretta Smith,Steph Routh,Timur Ender,,,
Steph Routh,Doug Clove,Joe Furi,Michael (Mike) Sands,Noah Ernst,Timur Ender
Jamie Dunphy,Candace Avalos,Steph Routh,,,
Candace Avalos,Loretta Smith,Terrence Hayes,Steph Routh,,
Candace Avalos,Steph Routh,Timur Ender,Jamie Dunphy,,
Steph Routh,Jamie Dunphy,Loretta Smith,Noah Ernst,,
Doug Clove,David Linn,Noah Ernst,Deian Salazar,Candace Avalos,
Terrence Hayes,Noah Ernst,Joe Furi,Doug Clove,David Linn,Joe Allen
Steph Routh,Jamie Dunphy,Terrence Hayes,,,
Joe Allen,Loretta Smith,Terrence Hayes,,,
Noah Ernst,Peggy Sue Owens,Candace Avalos,Loretta Smith,Steph Routh,David Linn
Steph Routh,Candace Avalos,Jamie Dunphy,,,
Terrence Hayes,Loretta Smith,Jamie Dunphy,,,
Timur Ender,Candace Avalos,,,,
Loretta Smith,David Linn,Timur Ender,Candace Avalos,,
Steph Routh,Timur Ender,Jamie Dunphy,David Linn,Candace Avalos,Loretta Smith
Noah Ernst,,,,,
Jamie Dunphy,Loretta Smith,Steph Routh,Terrence Hayes,David Linn,Candace Avalos
Joe Allen,Cayle Tern,Loretta Smith,Terrence Hayes,Steph Routh,David Linn
Loretta Smith,Doug Clove,Terrence Hayes,Michael (Mike) Sands,David Linn,
Jamie Dunphy,Timur Ender,Steph Routh,Candace Avalos,David Linn,Michael (Mike) Sands
Loretta Smith,Timur Ender,Terrence Hayes,,,
Timur Ender,Doug Clove,Loretta Smith,Terrence Hayes,Jamie Dunphy,
Steph Routh,Jamie Dunphy,Joe Furi,Peggy Sue Owens,Noah Ernst,David Linn
Noah Ernst,Deian Salazar,Thomas Shervey,,,
,,,,,
Noah Ernst,Candace Avalos,Joe Allen,David Linn,Cayle Tern,Doug Clove
Loretta Smith,Peggy Sue Owens,Candace Avalos,Jamie Dunphy,Deian Salazar,Cayle Tern
,,,,,
Steph Routh,Michael (Mike) Sands,Timur Ender,Candace Avalos,Deian Salazar,Loretta Smith
Terrence Hayes,Noah Ernst,Joe Furi,Loretta Smith,Doug Clove,
Noah Ernst,Terrence Hayes,Loretta Smith,,,
Noah Ernst,,,,,
Noah Ernst,Loretta Smith,Terrence Hayes,Timur Ender,Cayle Tern,David Linn
,,,,,
Noah Ernst,Doug Clove,Joe Furi,Deian Salazar,Jamie Dunphy,Loretta Smith
Joe Allen,Doug Clove,Michael (Mike) Sands,Thomas Shervey,Timur Ender,Candace Avalos
Peggy Sue Owens,Candace Avalos,Cayle Tern,Deian Salazar,Loretta Smith,Jamie Dunphy
David Linn,Steph Routh,Jamie Dunphy,Timur Ender,Candace Avalos,Noah Ernst
Steph Routh,Jamie Dunphy,Candace Avalos,,,
Steph Routh,Candace Avalos,Jamie Dunphy,Timur Ender,,
Terrence Hayes,Candace Avalos,Noah Ernst,Timur Ender,Steph Routh,David Linn
Michael (Mike) Sands,David Linn,Noah Ernst,Thomas Shervey,Jamie Dunphy,Doug Clove
Terrence Hayes,,,,,
Candace Avalos,David Linn,Timur Ender,Noah Ernst,Doug Clove,Joe Furi
Joe Allen,,,,,
Noah Ernst,David Linn,Candace Avalos,Cayle Tern,Timur Ender,Terrence Hayes
Steph Routh,Cayle Tern,Terrence Hayes,Candace Avalos,Timur Ender,Jamie Dunphy
Candace Avalos,Steph Routh,,,,
Peggy Sue Owens,Loretta Smith,Candace Avalos,David Linn,Joe Allen,Michael (Mike) Sands
Doug Clove,Thomas Shervey,Joe Allen,,,
Loretta Smith,Thomas Shervey,Jamie Dunphy,Terrence Hayes,,
Loretta Smith,Joe Allen,Michael (Mike) Sands,Jamie Dunphy,Doug Clove,Noah Ernst
Jamie Dunphy,Candace Avalos,Steph Routh,Noah Ernst,Loretta Smith,Terrence Hayes
Terrence Hayes,Noah Ernst,,,,
Steph Routh,Candace Avalos,Jamie Dunphy,,,
Steph Routh,Candace Avalos,Jamie Dunphy,,,
Candace Avalos,,,,,
Candace Avalos,Cayle Tern,Jamie Dunphy,David Linn,Timur Ender,Steph Routh
Candace Avalos,,,,,
Jamie Dunphy,Steph Routh,,,,
Jamie Dunphy,Candace Avalos,Steph Routh,,,
Noah Ernst,Doug Clove,Steph Routh,Joe Allen,Thomas Shervey,Michael (Mike) Sands
David Linn,,,,,
Loretta Smith,Candace Avalos,Cayle Tern,Peggy Sue Owens,Steph Routh,Jamie Dunphy
Candace Avalos,Timur Ender,David Linn,Jamie Dunphy,Steph Routh,Cayle Tern
Timur Ender,,,,,
Loretta Smith,Terrence Hayes,Candace Avalos,Timur Ender,,
Terrence Hayes,,,,,
Loretta Smith,,,,,
Jamie Dunphy,Candace Avalos,,,,
Loretta Smith,Terrence Hayes,Jamie Dunphy,,,
Timur Ender,Jamie Dunphy,Candace Avalos,Steph Routh,David Linn,Cayle Tern
Steph Routh,Loretta Smith,Terrence Hayes,Timur Ender,Jamie Dunphy,Michael (Mike) Sands
David Linn,Doug Clove,Timur Ender,Terrence Hayes,Deian Salazar,Candace Avalos
Noah Ernst,Candace Avalos,Cayle Tern,Joe Furi,Thomas Shervey,Jamie Dunphy
Timur Ender,Loretta Smith,Steph Routh,,,
Loretta Smith,Jamie Dunphy,,,,
Timur Ender,Cayle Tern,Jamie Dunphy,Candace Avalos,Joe Allen,Doug Clove
Timur Ender,Loretta Smith,,,,
Jamie Dunphy,Candace Avalos,,,,
Candace Avalos,Joe Allen,Cayle Tern,Doug Clove,Joe Furi,Steph Routh
Joe Allen,Michael (Mike) Sands,Peggy Sue Owens,Steph Routh,David Linn,Doug Clove
Deian Salazar,Cayle Tern,Steph Routh,Joe Furi,Candace Avalos,Timur Ender
Candace Avalos,Steph Routh,Timur Ender,Cayle Tern,Jamie Dunphy,Loretta Smith
Jamie Dunphy,,,,,
Terrence Hayes,Loretta Smith,Timur Ender,,,
Doug Clove,Joe Furi,Jamie Dunphy,,,
Candace Avalos,Jamie Dunphy,Steph Routh,,,
Candace Avalos,Timur Ender,Steph Routh,,,
Deian Salazar,Terrence Hayes,Timur Ender,Steph Routh,,
Noah Ernst,Jamie Dunphy,Doug Clove,,,
Steph Routh,Jamie Dunphy,Candace Avalos,,,
Terrence Hayes,Peggy Sue Owens,Noah Ernst,Michael (Mike) Sands,Jamie Dunphy,Loretta Smith
Doug Clove,Joe Allen,,,,
Michael (Mike) Sands,,,,,
Candace Avalos,Doug Clove,Cayle Tern,Timur Ender,Jamie Dunphy,
Noah Ernst,,,,,
Jamie Dunphy,Candace Avalos,Steph Routh,Timur Ender,,
Timur Ender,Steph Routh,David Linn,Candace Avalos,,
Noah Ernst,Terrence Hayes,,,,
Michael (Mike) Sands,Terrence Hayes,David Linn,Peggy Sue Owens,Steph Routh,Doug Clove
David Linn,,,,,
Terrence Hayes,,,,,
Noah Ernst,Doug Clove,Terrence Hayes,,,
Jamie Dunphy,Candace Avalos,Steph Routh,Cayle Tern,Timur Ender,David Linn
Terrence Hayes,Thomas Shervey,Doug Clove,Noah Ernst,,
Candace Avalos,Steph Routh,Jamie Dunphy,Terrence Hayes,Timur Ender,Cayle Tern
Jamie Dunphy,Steph Routh,,,,
Candace Avalos,Timur Ender,Jamie Dunphy,Steph Routh,Cayle Tern,Loretta Smith
Doug Clove,,,,,
Jamie Dunphy,Candace Avalos,Steph Routh,Noah Ernst,David Linn,Loretta Smith
Thomas Shervey,Joe Furi,Loretta Smith,Cayle Tern,Doug Clove,Peggy Sue Owens
Timur Ender,Loretta Smith,Michael (Mike) Sands,Jamie Dunphy,,
David Linn,Joe Allen,Michael (Mike) Sands,Loretta Smith,Peggy Sue Owens,Doug Clove
Noah Ernst,Terrence Hayes,Joe Furi,Loretta Smith,Doug Clove,
Steph Routh,Terrence Hayes,Jamie Dunphy,David Linn,Timur Ender,Candace Avalos
Terrence Hayes,Noah Ernst,David Linn,Timur Ender,Doug Clove,Steph Routh
Noah Ernst,Terrence Hayes,Steph Routh,Candace Avalos,Loretta Smith,
Peggy Sue Owens,Candace Avalos,Deian Salazar,Doug Clove,Terrence Hayes,Jamie Dunphy
Noah Ernst,Terrence Hayes,Joe Furi,Loretta Smith,Doug Clove,
Noah Ernst,Doug Clove,David Linn,Terrence Hayes,Steph Routh,Candace Avalos
David Linn,Loretta Smith,Candace Avalos,Jamie Dunphy,Cayle Tern,Terrence Hayes
Loretta Smith,Jamie Dunphy,Steph Routh,Candace Avalos,Terrence Hayes,Timur Ender
Steph Routh,Doug Clove,Candace Avalos,,,
Candace Avalos,Timur Ender,Steph Routh,,,
Candace Avalos,Terrence Hayes,Steph Routh,Jamie Dunphy,Timur Ender,
Peggy Sue Owens,,,,,
Timur Ender,Jamie Dunphy,Thomas Shervey,,,
Doug Clove,Loretta Smith,David Linn,,,
Candace Avalos,Cayle Tern,Timur Ender,Jamie Dunphy,Steph Routh,David Linn
Candace Avalos,Timur Ender,Steph Routh,Jamie Dunphy,Cayle Tern,Terrence Hayes
Noah Ernst,Doug Clove,Cayle Tern,,,
David Linn,,,,,
Jamie Dunphy,Candace Avalos,Steph Routh,Noah Ernst,David Linn,Loretta Smith
Terrence Hayes,Jamie Dunphy,Thomas Shervey,Steph Routh,Candace Avalos,David Linn
Terrence Hayes,Noah Ernst,Doug Clove,,,
Peggy Sue Owens,Loretta Smith,Candace Avalos,Cayle Tern,Doug Clove,Jamie Dunphy
Candace Avalos,Cayle Tern,Timur Ender,Steph Routh,,
Terrence Hayes,Steph Routh,Jamie Dunphy,,,
Terrence Hayes,Candace Avalos,Noah Ernst,Steph Routh,Jamie Dunphy,Timur Ender
Loretta Smith,Candace Avalos,Terrence Hayes,,,
Noah Ernst,David Linn,Jamie Dunphy,Terrence Hayes,Steph Routh,Loretta Smith
Doug Clove,Michael (Mike) Sands,Loretta Smith,Steph Routh,,
Peggy Sue Owens,Noah Ernst,David Linn,Timur Ender,Cayle Tern,Deian Salazar
Michael (Mike) Sands,David Linn,Loretta Smith,Jamie Dunphy,Noah Ernst,Candace Avalos
Loretta Smith,Doug Clove,Candace Avalos,Terrence Hayes,Michael (Mike) Sands,Steph Routh
Peggy Sue Owens,Candace Avalos,Deian Salazar,Steph Routh,,
Candace Avalos,Terrence Hayes,Loretta Smith,Steph Routh,Peggy Sue Owens,Timur Ender
Candace Avalos,Cayle Tern,Timur Ender,Steph Routh,Jamie Dunphy,David Linn
Loretta Smith,Peggy Sue Owens,Doug Clove,Joe Allen,Candace Avalos,Noah Ernst
Noah Ernst,Jamie Dunphy,Joe Furi,,,
Candace Avalos,Loretta Smith,Steph Routh,Cayle Tern,Terrence Hayes,Deian Salazar
Timur Ender,Steph Routh,Jamie Dunphy,Candace Avalos,Cayle Tern,
Jamie Dunphy,Candace Avalos,Steph Routh,Noah Ernst,David Linn,Loretta Smith
Loretta Smith,Peggy Sue Owens,Terrence Hayes,Deian Salazar,Joe Allen,Noah Ernst
Jamie Dunphy,Loretta Smith,Timur Ender,Terrence Hayes,Steph Routh,
Jamie Dunphy,Steph Routh,Candace Avalos,Timur Ender,Loretta Smith,
Steph Routh,Loretta Smith,Jamie Dunphy,Candace Avalos,,
Doug Clove,David Linn,Loretta Smith,Terrence Hayes,Steph Routh,Jamie Dunphy
Jamie Dunphy,,,,,
Jamie Dunphy,Loretta Smith,Noah Ernst,David Linn,,
Steph Routh,Candace Avalos,Timur Ender,David Linn,Cayle Tern,Loretta Smith
Terrence Hayes,Noah Ernst,Joe Furi,Loretta Smith,Doug Clove,
Jamie Dunphy,Michael (Mike) Sands,Joe Furi,,,
Loretta Smith,Noah Ernst,Terrence Hayes,Joe Furi,,
Timur Ender,Terrence Hayes,Noah Ernst,Loretta Smith,Candace Avalos,Peggy Sue Owens
Noah Ernst,,,,,
Jamie Dunphy,Candace Avalos,Steph Routh,,,
David Linn,Deian Salazar,Steph Routh,Terrence Hayes,,
Noah Ernst,,,,,
Loretta Smith,Deian Salazar,,,,
Loretta Smith,Candace Avalos,Timur Ender,,,
Candace Avalos,David Linn,Joe Furi,Loretta Smith,Steph Routh,Jamie Dunphy
Cayle Tern,Noah Ernst,,,,
Loretta Smith,Jamie Dunphy,Candace Avalos,,,
Jamie Dunphy,Steph Routh,Candace Avalos,,,
Loretta Smith,Terrence Hayes,Jamie Dunphy,Cayle Tern,Candace Avalos,
Jamie Dunphy,Candace Avalos,David Linn,Timur Ender,Steph Routh,Deian Salazar
Loretta Smith,Timur Ender,Steph Routh,Candace Avalos,Terrence Hayes,Peggy Sue Owens
Loretta Smith,Candace Avalos,Jamie Dunphy,David Linn,Steph Routh,Timur Ender
Candace Avalos,,,,,
David Linn,,,,,
Timur Ender,Peggy Sue Owens,Joe Allen,Steph Routh,Cayle Tern,
Jamie Dunphy,Candace Avalos,Deian Salazar,Steph Routh,Doug Clove,Timur Ender
Terrence Hayes,Steph Routh,Jamie Dunphy,Noah Ernst,,
Loretta Smith,Terrence Hayes,Candace Avalos,,,
Terrence Hayes,,,,,
Jamie Dunphy,Candace Avalos,Steph Routh,David Linn,,
Noah Ernst,Terrence Hayes,Joe Furi,Loretta Smith,Doug Clove,
Jamie Dunphy,Doug Clove,Michael (Mike) Sands,Joe Allen,Candace Avalos,Joe Furi
Candace Avalos,Terrence Hayes,Thomas Shervey,Timur Ender,,
Noah Ernst,Doug Clove,,,,
Candace Avalos,Jamie Dunphy,Steph Routh,,,
Jamie Dunphy,Candace Avalos,Steph Routh,,,
Timur Ender,Steph Routh,Candace Avalos,Cayle Tern,David Linn,
Timur Ender,Noah Ernst,Michael (Mike) Sands,Loretta Smith,Steph Routh,
Loretta Smith,Terrence Hayes,Steph Routh,Candace Avalos,,
Terrence Hayes,Loretta Smith,Noah Ernst,Doug Clove,,
Candace Avalos,,,,,
Terrence Hayes,Joe Furi,Noah Ernst,Peggy Sue Owens,,
Timur Ender,Loretta Smith,Steph Routh,Jamie Dunphy,Candace Avalos,Cayle Tern
Loretta Smith,Peggy Sue Owens,Jamie Dunphy,,,
Timur Ender,,,,,
Timur Ender,Steph Routh,Candace Avalos,Cayle Tern,Jamie Dunphy,Joe Allen
Jamie Dunphy,Steph Routh,Candace Avalos,,,
Steph Routh,Doug Clove,Terrence Hayes,,,
Noah Ernst,Joe Allen,Cayle Tern,Joe Furi,Thomas Shervey,Steph Routh
Candace Avalos,Steph Routh,Timur Ender,Jamie Dunphy,,
Timur Ender,Candace Avalos,Steph Routh,Jamie Dunphy,David Linn,
Candace Avalos,Steph Routh,Timur Ender,Jamie Dunphy,,
Timur Ender,Candace Avalos,Cayle Tern,Steph Routh,Jamie Dunphy,David Linn
Michael (Mike) Sands,Doug Clove,Loretta Smith,,,
Candace Avalos,Steph Routh,Timur Ender,Cayle Tern,Jamie Dunphy,
Jamie Dunphy,Candace Avalos,Steph Routh,Noah Ernst,David Linn,Loretta Smith
Loretta Smith,,,,,
Steph Routh,Candace Avalos,Timur Ender,Jamie Dunphy,Noah Ernst,Terrence Hayes
Steph Routh,Candace Avalos,Cayle Tern,Jamie Dunphy,,
Doug Clove,,,,,
Jamie Dunphy,Candace Avalos,Steph Routh,Noah Ernst,Loretta Smith,David Linn
Jamie Dunphy,Steph Routh,,,,
Jamie Dunphy,Loretta Smith,Steph Routh,Terrence Hayes,Deian Salazar,Timur Ender
Jamie Dunphy,Steph Routh,Loretta Smith,Timur Ender,Candace Avalos,Peggy Sue Owens
Loretta Smith,Doug Clove,,,,
Steph Routh,Jamie Dunphy,Candace Avalos,Loretta Smith,,
David Linn,Candace Avalos,Steph Routh,Terrence Hayes,Jamie Dunphy,Loretta Smith
Timur Ender,Steph Routh,Candace Avalos,Jamie Dunphy,Loretta Smith,Joe Furi
Loretta Smith,Jamie Dunphy,,,,
Loretta Smith,Steph Routh,Thomas Shervey,Jamie Dunphy,Terrence Hayes,Cayle Tern
Doug Clove,Timur Ender,David Linn,Candace Avalos,Cayle Tern,Michael (Mike) Sands
Terrence Hayes,Loretta Smith,Jamie Dunphy,Noah Ernst,Deian Salazar,
Loretta Smith,,,,,
Peggy Sue Owens,Candace Avalos,Loretta Smith,Cayle Tern,Steph Routh,Write-in-120
Terrence Hayes,Loretta Smith,Joe Furi,Jamie Dunphy,Timur Ender,David Linn
Peggy Sue Owens,,,,,
Candace Avalos,,,,,
Jamie Dunphy,Thomas Shervey,Deian Salazar,Michael (Mike) Sands,Doug Clove,Timur Ender
Noah Ernst,Terrence Hayes,Loretta Smith,,,
Jamie Dunphy,,,,,
Steph Routh,Jamie Dunphy,Timur Ender,Candace Avalos,David Linn,Cayle Tern
Terrence Hayes,Noah Ernst,Joe Furi,Loretta Smith,Doug Clove,Write-in-120
Candace Avalos,Timur Ender,Steph Routh,,,
Candace Avalos,Steph Routh,Timur Ender,,,
Candace Avalos,Cayle Tern,Timur Ender,,,
Cayle Tern,Candace Avalos,Deian Salazar,,,
Jamie Dunphy,Steph Routh,Timur Ender,Noah Ernst,Candace Avalos,
Loretta Smith,,,,,
Loretta Smith,,,,,
Timur Ender,Joe Furi,Steph Routh,Michael (Mike) Sands,,
Candace Avalos,Cayle Tern,Joe Furi,,,
Timur Ender,Candace Avalos,Loretta Smith,Steph Routh,Doug Clove,Jamie Dunphy
Candace Avalos,Noah Ernst,Deian Salazar,Terrence Hayes,Timur Ender,Joe Furi
Joe Allen,Jamie Dunphy,Michael (Mike) Sands,Loretta Smith,Noah Ernst,Steph Routh
Loretta Smith,,,,,
Noah Ernst,,,,,
Doug Clove,Noah Ernst,,,,
Timur Ender,Candace Avalos,Cayle Tern,,,
Terrence Hayes,Noah Ernst,Doug Clove,,,
Jamie Dunphy,Steph Routh,,,,
David Linn,,,,,
Candace Avalos,Cayle Tern,,,,
Terrence Hayes,Joe Furi,,,,
Candace Avalos,,,,,
Jamie Dunphy,Candace Avalos,Terrence Hayes,Steph Routh,Timur Ender,Cayle Tern
Joe Furi,Doug Clove,Joe Allen,Thomas Shervey,,
Candace Avalos,Jamie Dunphy,Steph Routh,David Linn,Cayle Tern,
Loretta Smith,Terrence Hayes,Candace Avalos,Steph Routh,Jamie Dunphy,
Loretta Smith,,,,,
Doug Clove,Joe Furi,Thomas Shervey,Jamie Dunphy,,
Loretta Smith,Terrence Hayes,,,,
Jamie Dunphy,Candace Avalos,Timur Ender,,,
Terrence Hayes,Noah Ernst,Candace Avalos,,,
Loretta Smith,,,,,
Noah Ernst,Doug Clove,Deian Salazar,Joe Furi,,
Peggy Sue Owens,Steph Routh,Michael (Mike) Sands,,,
Candace Avalos,Loretta Smith,Steph Routh,Cayle Tern,David Linn,
David Linn,Thomas Shervey,Joe Allen,Loretta Smith,Joe Furi,
Candace Avalos,Cayle Tern,Timur Ender,,,
Deian Salazar,Loretta Smith,Thomas Shervey,Terrence Hayes,Steph Routh,Jamie Dunphy
Loretta Smith,Terrence Hayes,Steph Routh,Michael (Mike) Sands,David Linn,Jamie Dunphy
Candace Avalos,Loretta Smith,Peggy Sue Owens,Steph Routh,Deian Salazar,Jamie Dunphy
Candace Avalos,Cayle Tern,Timur Ender,Jamie Dunphy,Loretta Smith,Terrence Hayes
Doug Clove,Michael (Mike) Sands,Deian Salazar,Thomas Shervey,,
Candace Avalos,,,,,
Candace Avalos,Terrence Hayes,Steph Routh,Cayle Tern,Deian Salazar,David Linn
Jamie Dunphy,Timur Ender,Candace Avalos,Steph Routh,Loretta Smith,
Doug Clove,,,,,
Candace Avalos,Timur Ender,Steph Routh,,,
Michael (Mike) Sands,Doug Clove,,,,
Candace Avalos,Steph Routh,Timur Ender,Jamie Dunphy,,
Noah Ernst,Steph Routh,Joe Allen,,,
Timur Ender,Cayle Tern,Candace Avalos,,,
Candace Avalos,Steph Routh,Deian Salazar,,,
Candace Avalos,Timur Ender,Cayle Tern,Steph Routh,David Linn,Jamie Dunphy
Timur Ender,Joe Allen,Joe Furi,Jamie Dunphy,Steph Routh,Cayle Tern
Steph Routh,,,,,
Doug Clove,,,,,
Timur Ender,Cayle Tern,Candace Avalos,,,
Thomas Shervey,,,,,
Michael (Mike) Sands,Doug Clove,Loretta Smith,Terrence Hayes,Candace Avalos,Joe Allen
Michael (Mike) Sands,,,,,
Noah Ernst,Terrence Hayes,Jamie Dunphy,,,
Candace Avalos,Timur Ender,Noah Ernst,David Linn,Michael (Mike) Sands,Cayle Tern
Jamie Dunphy,Candace Avalos,Steph Routh,,,
Joe Allen,Cayle Tern,Timur Ender,Steph Routh,Michael (Mike) Sands,Loretta Smith
Loretta Smith,Deian Salazar,Candace Avalos,Peggy Sue Owens,Doug Clove,Jamie Dunphy
Candace Avalos,Timur Ender,Steph Routh,,,
Jamie Dunphy,Candace Avalos,Steph Routh,,,
Steph Routh,Noah Ernst,Joe Furi,Joe Allen,Loretta Smith,Timur Ender
Michael (Mike) Sands,,,,,
Jamie Dunphy,Noah Ernst,Steph Routh,Loretta Smith,David Linn,Candace Avalos
Candace Avalos,Peggy Sue Owens,Cayle Tern,Deian Salazar,Jamie Dunphy,Loretta Smith
Michael (Mike) Sands,,,,,
Noah Ernst,Joe Allen,Doug Clove,Thomas Shervey,Michael (Mike) Sands,Joe Furi
Steph Routh,Timur Ender,Joe Allen,Cayle Tern,David Linn,Doug Clove
Joe Allen,Noah Ernst,Peggy Sue Owens,Deian Salazar,Joe Furi,Jamie Dunphy
Candace Avalos,Loretta Smith,Terrence Hayes,Cayle Tern,Deian Salazar,Steph Routh
Doug Clove,Joe Furi,Terrence Hayes,David Linn,Joe Allen,Deian Salazar
Loretta Smith,Terrence Hayes,Timur Ender,Noah Ernst,Candace Avalos,Steph Routh
Candace Avalos,Doug Clove,Peggy Sue Owens,Joe Allen,Terrence Hayes,Deian Salazar
Candace Avalos,Steph Routh,Timur Ender,Jamie Dunphy,Loretta Smith,
Deian Salazar,Doug Clove,Terrence Hayes,Loretta Smith,Noah Ernst,Timur Ender
Jamie Dunphy,Timur Ender,Loretta Smith,Candace Avalos,Steph Routh,David Linn
Terrence Hayes,Loretta Smith,Candace Avalos,Timur Ender,Steph Routh,
Steph Routh,David Linn,Timur Ender,,,
Jamie Dunphy,Cayle Tern,Terrence Hayes,Loretta Smith,Steph Routh,
Loretta Smith,Noah Ernst,Steph Routh,Terrence Hayes,Jamie Dunphy,David Linn
Steph Routh,Jamie Dunphy,Terrence Hayes,Noah Ernst,Candace Avalos,
Steph Routh,Loretta Smith,Terrence Hayes,Noah Ernst,Joe Furi,Deian Salazar
Candace Avalos,Timur Ender,Steph Routh,Jamie Dunphy,Cayle Tern,David Linn
Loretta Smith,Terrence Hayes,Steph Routh,Jamie Dunphy,,
Candace Avalos,Timur Ender,Steph Routh,Cayle Tern,Jamie Dunphy,Loretta Smith
Candace Avalos,Timur Ender,Steph Routh,Jamie Dunphy,Cayle Tern,David Linn
Timur Ender,Noah Ernst,Joe Allen,Deian Salazar,Terrence Hayes,Steph Routh
Candace Avalos,Cayle Tern,Michael (Mike) Sands,Loretta Smith,Terrence Hayes,Deian Salazar
Noah Ernst,Doug Clove,Deian Salazar,Loretta Smith,Terrence Hayes,
Michael (Mike) Sands,Doug Clove,Jamie Dunphy,Loretta Smith,Candace Avalos,Joe Allen
Candace Avalos,Timur Ender,Cayle Tern,Jamie Dunphy,,
Timur Ender,Candace Avalos,Terrence Hayes,Loretta Smith,Steph Routh,Doug Clove
Loretta Smith,Candace Avalos,Terrence Hayes,Cayle Tern,Timur Ender,Jamie Dunphy
Steph Routh,Jamie Dunphy,Timur Ender,Candace Avalos,David Linn,Joe Allen
Timur Ender,,,,,
Loretta Smith,Noah Ernst,Terrence Hayes,Doug Clove,Timur Ender,Peggy Sue Owens
Steph Routh,Timur Ender,Candace Avalos,Cayle Tern,Jamie Dunphy,
Steph Routh,Loretta Smith,Terrence Hayes,Michael (Mike) Sands,Candace Avalos,Cayle Tern
Peggy Sue Owens,Cayle Tern,Michael (Mike) Sands,Joe Allen,Loretta Smith,Steph Routh
Steph Routh,Candace Avalos,Jamie Dunphy,Loretta Smith,David Linn,Cayle Tern
Joe Allen,Candace Avalos,Jamie Dunphy,Loretta Smith,,
Timur Ender,Steph Routh,Terrence Hayes,Loretta Smith,Jamie Dunphy,Candace Avalos
Joe Allen,,,,,
Candace Avalos,Doug Clove,Loretta Smith,Steph Routh,Jamie Dunphy,Terrence Hayes
Joe Furi,,,,,
Loretta Smith,Timur Ender,David Linn,Michael (Mike) Sands,Terrence Hayes,Steph Routh
,,,,,
Jamie Dunphy,Steph Routh,Candace Avalos,Timur Ender,Loretta Smith,Joe Allen
Jamie Dunphy,,,,,
Timur Ender,Candace Avalos,Jamie Dunphy,Deian Salazar,Cayle Tern,Loretta Smith
Doug Clove,Terrence Hayes,,,,
,,,,,
Timur Ender,Loretta Smith,Doug Clove,Noah Ernst,,
Loretta Smith,Candace Avalos,Jamie Dunphy,,,
Terrence Hayes,Loretta Smith,Steph Routh,Jamie Dunphy,Timur Ender,Candace Avalos
Doug Clove,Terrence Hayes,Steph Routh,Timur Ender,Loretta Smith,Candace Avalos
Steph Routh,Jamie Dunphy,Michael (Mike) Sands,Joe Allen,David Linn,Timur Ender
Noah Ernst,Doug Clove,Terrence Hayes,Deian Salazar,Thomas Shervey,Timur Ender
Loretta Smith,Candace Avalos,Noah Ernst,Steph Routh,Terrence Hayes,Timur Ender
Terrence Hayes,Steph Routh,,,,
Loretta Smith,Candace Avalos,Steph Routh,Timur Ender,Jamie Dunphy,
Jamie Dunphy,Loretta Smith,,,,
Steph Routh,Candace Avalos,,,,
Candace Avalos,Timur Ender,Steph Routh,Jamie Dunphy,David Linn,Cayle Tern
Jamie Dunphy,Cayle Tern,Candace Avalos,Timur Ender,Steph Routh,David Linn
Joe Furi,Noah Ernst,Candace Avalos,Timur Ender,Terrence Hayes,Doug Clove
Candace Avalos,Cayle Tern,Timur Ender,Jamie Dunphy,,
Candace Avalos,Timur Ender,David Linn,,,
Loretta Smith,Candace Avalos,Joe Furi,Jamie Dunphy,Michael (Mike) Sands,Timur Ender
Jamie Dunphy,Steph Routh,Candace Avalos,,,
Steph Routh,Timur Ender,Candace Avalos,Terrence Hayes,,
Loretta Smith,,,,,
Candace Avalos,Timur Ender,Cayle Tern,Jamie Dunphy,Deian Salazar,Noah Ernst
Noah Ernst,,,,,
Candace Avalos,Terrence Hayes,Cayle Tern,Thomas Shervey,Deian Salazar,
Doug Clove,Michael (Mike) Sands,Terrence Hayes,Loretta Smith,Steph Routh,David Linn
Timur Ender,David Linn,Terrence Hayes,,,
Candace Avalos,Timur Ender,Steph Routh,Loretta Smith,,
Terrence Hayes,Loretta Smith,,,,
Jamie Dunphy,Timur Ender,Terrence Hayes,Loretta Smith,Steph Routh,Deian Salazar
Terrence Hayes,Noah Ernst,Candace Avalos,,,
Noah Ernst,Joe Allen,Doug Clove,Loretta Smith,Terrence Hayes,David Linn
Steph Routh,Jamie Dunphy,Timur Ender,Candace Avalos,Loretta Smith,Noah Ernst
Noah Ernst,,,,,
Doug Clove,Candace Avalos,Loretta Smith,Jamie Dunphy,David Linn,Timur Ender
Terrence Hayes,Noah Ernst,Joe Furi,Loretta Smith,Doug Clove,Write-in-120
Noah Ernst,Terrence Hayes,Joe Furi,Doug Clove,,
Timur Ender,Noah Ernst,Candace Avalos,Terrence Hayes,Loretta Smith,
Steph Routh,Loretta Smith,Noah Ernst,Jamie Dunphy,Candace Avalos,David Linn
Terrence Hayes,Steph Routh,,,,
Terrence Hayes,Peggy Sue Owens,Deian Salazar,Loretta Smith,Noah Ernst,Jamie Dunphy
Noah Ernst,Doug Clove,Terrence Hayes,Loretta Smith,Joe Furi,
Deian Salazar,Doug Clove,Thomas Shervey,,,
Jamie Dunphy,Steph Routh,,,,
Steph Routh,Timur Ender,Terrence Hayes,,,
Candace Avalos,Terrence Hayes,Steph Routh,Peggy Sue Owens,Deian Salazar,Cayle Tern
Candace Avalos,Timur Ender,Steph Routh,Jamie Dunphy,,
Steph Routh,Candace Avalos,Jamie Dunphy,Terrence Hayes,,
Doug Clove,Noah Ernst,Joe Allen,,,
Steph Routh,Loretta Smith,Doug Clove,Cayle Tern,Candace Avalos,David Linn
Loretta Smith,Candace Avalos,,,,
Candace Avalos,Jamie Dunphy,Steph Routh,,,
Michael (Mike) Sands,Peggy Sue Owens,,,,
Terrence Hayes,Michael (Mike) Sands,Doug Clove,Joe Allen,Peggy Sue Owens,
Terrence Hayes,Noah Ernst,,,,
Candace Avalos,Cayle Tern,Timur Ender,,,
Steph Routh,,,,,
Steph Routh,Jamie Dunphy,Loretta Smith,Candace Avalos,Terrence Hayes,Timur Ender
Doug Clove,Noah Ernst,Jamie Dunphy,Terrence Hayes,Loretta Smith,Steph Routh
David Linn,Candace Avalos,Timur Ender,Cayle Tern,Deian Salazar,Steph Routh
Candace Avalos,Cayle Tern,Timur Ender,Jamie Dunphy,Steph Routh,
Peggy Sue Owens,Noah Ernst,Joe Allen,Cayle Tern,Joe Furi,Deian Salazar
Candace Avalos,Steph Routh,Jamie Dunphy,Terrence Hayes,Timur Ender,Loretta Smith
Jamie Dunphy,Candace Avalos,Steph Routh,,,
David Linn,Thomas Shervey,Candace Avalos,Jamie Dunphy,Timur Ender,Cayle Tern
Candace Avalos,Loretta Smith,Timur Ender,Steph Routh,Jamie Dunphy,Noah Ernst
Loretta Smith,Terrence Hayes,Jamie Dunphy,Joe Furi,,
Jamie Dunphy,Loretta Smith,Timur Ender,Candace Avalos,Noah Ernst,Deian Salazar
Candace Avalos,Cayle Tern,Jamie Dunphy,Michael (Mike) Sands,Loretta Smith,Steph Routh
Noah Ernst,Terrence Hayes,Loretta Smith,,,
Candace Avalos,Timur Ender,Cayle Tern,Jamie Dunphy,Joe Allen,Steph Routh
Terrence Hayes,,,,,
Peggy Sue Owens,Joe Allen,Doug Clove,Loretta Smith,Michael (Mike) Sands,Steph Routh
Doug Clove,Thomas Shervey,Steph Routh,Loretta Smith,Jamie Dunphy,Timur Ender
Steph Routh,Candace Avalos,Cayle Tern,Timur Ender,Joe Furi,
Candace Avalos,Joe Allen,Loretta Smith,Michael (Mike) Sands,Steph Routh,
Jamie Dunphy,Loretta Smith,Candace Avalos,,,
Candace Avalos,Write-in-120,Steph Routh,,,
Candace Avalos,Steph Routh,Timur Ender,Jamie Dunphy,,
Steph Routh,Jamie Dunphy,Timur Ender,Candace Avalos,Loretta Smith,Terrence Hayes
Cayle Tern,Noah Ernst,,,,
Peggy Sue Owens,Loretta Smith,Jamie Dunphy,Joe Furi,Thomas Shervey,Candace Avalos
Jamie Dunphy,Doug Clove,David Linn,Steph Routh,Terrence Hayes,Joe Furi
Terrence Hayes,Noah Ernst,Joe Furi,Loretta Smith,Doug Clove,Write-in-120
Noah Ernst,Joe Allen,Doug Clove,Loretta Smith,David Linn,Terrence Hayes
Candace Avalos,Cayle Tern,Timur Ender,Steph Routh,David Linn,Jamie Dunphy
Loretta Smith,Joe Furi,Joe Allen,Peggy Sue Owens,Doug Clove,Jamie Dunphy
David Linn,Joe Allen,Thomas Shervey,Joe Furi,Noah Ernst,Jamie Dunphy
Jamie Dunphy,Steph Routh,Loretta Smith,Thomas Shervey,Deian Salazar,Joe Allen
Cayle Tern,Peggy Sue Owens,Doug Clove,Jamie Dunphy,Thomas Shervey,Noah Ernst
